384.0,268.0,11.0,13.0
383.90551181102364,267.90551181102364,11.0,13.000000000000002
383.8110236220473,267.8110236220473,11.0,13.000000000000002
383.71653543307093,267.71653543307093,11.0,13.000000000000002
383.6220472440946,267.6220472440946,11.0,13.000000000000002
384.28346456692924,267.5275590551182,11.0,13.000000000000002
384.9448818897639,267.43307086614186,11.0,13.000000000000002
385.32283464566945,268.28346456692924,11.0,13.000000000000002
386.74015748031513,268.09448818897647,11.0,13.000000000000002
387.1181102362207,268.0000000000001,11.0,13.000000000000002
388.44094488188995,267.716535433071,11.0,13.000000000000002
389.38582677165374,267.43307086614186,11.0,13.000000000000002
390.6228703801733,268.1219463118582,10.793629318394025,12.756107376283849
390.90955086138007,267.1290188069139,10.591130351172279,12.516790415021784
391.46378113640276,267.5193605762792,10.392430461213264,12.28196327234295
392.6324983799507,267.6345713550053,10.19745837413842,12.051541714890863
393.86688384166035,268.01040413326484,10.006144152745739,11.825443089608601
394.4716138341611,268.0353814001483,10.0,11.603586294090857
395.82103150131155,267.9510427959514,10.0,11.603586294090858
397.15432277265893,267.3284357410664,10.20093,11.836737153498026
397.4820052282691,267.0374515217117,10.40589728649,12.074572713123263
397.6575289987809,266.4231183249205,10.40589728649,12.074572713123265
398.2550812337393,266.5650967859258,10.614982980667444,12.31718710264805
397.6284042400249,265.8488945073951,10.614982980667445,12.31718710264805
398.5236570881883,266.1174703618441,10.614982980667445,12.31718710264805
399.06080879708634,266.3860462162931,10.614982980667445,12.31718710264805
399.4017917946528,265.7251498871683,10.828269833697997,12.564676343101558
399.93227439631767,265.41627063355907,11.04584225946649,12.8171383848635
400.75289326040047,265.75329871194685,11.26778636798595,13.074673146430563
400.8297533195875,265.8120058831142,11.494189999477893,13.337382553961792
401.89609765461046,266.29670785357916,11.494189999477893,13.337382553961794
401.89609765461046,265.8120058831142,11.494189999477893,13.337382553961795
402.38079962507544,266.39364824767216,11.494189999477893,13.337382553961795
403.54408435419145,265.9089462772072,11.494189999477893,13.337382553961795
404.42742858987634,265.7432362189509,11.278547833595999,13.087160305916274
404.61767198620703,265.8383579171163,11.278547833596,13.087160305916274
404.8079153825377,265.93347961528167,11.278547833596003,13.087160305916274
405.57956552442,265.9611218349626,11.066951324146475,12.841632470223674
406.5234130058044,266.92161668715386,10.859324570686088,12.600710975149722
407.3476872549359,265.82258435497846,10.859324570686088,12.600710975149722
407.8972034210236,265.6394122996159,10.859324570686088,12.600710975149722
407.6224453379798,266.5552725764287,10.859324570686088,12.600710975149722
407.8972034210236,266.46368654874743,10.859324570686088,12.600710975149722
408.8130636978364,266.2805144933849,10.859324570686088,12.600710975149722
409.17940780856156,266.09734243802234,10.859324570686088,12.600710975149722
410.4616121960995,265.9141703826598,10.859324570686088,12.600710975149722
410.64478425146206,265.73099832729724,10.859324570686088,12.600710975149722
410.73637027914333,265.63941229961597,10.859324570686088,12.600710975149722
411.4690585005936,266.4636865487475,10.859324570686088,12.600710975149722
413.20919302653795,266.18892846570367,10.859324570686088,12.600710975149722
413.5755371372631,266.0973424380224,10.859324570686088,12.600710975149722
413.0260209711754,265.91417038265985,10.859324570686088,12.600710975149722
414.30822535871334,265.639412299616,10.859324570686088,12.600710975149722
415.13249960784486,266.46368654874755,10.859324570686088,12.600710975149722
415.5904297462513,266.1889284657037,10.859324570686088,12.600710975149722
415.77360180161384,265.9141703826599,10.859324570686088,12.600710975149722
415.9567738569764,265.6394122996161,10.859324570686088,12.600710975149722
417.14739221683305,266.28051449338506,10.859324570686088,12.600710975149722
417.69690838292075,266.0973424380225,10.859324570686088,12.600710975149722
417.9716664659646,265.91417038265996,10.859324570686088,12.600710975149722
419.2538708535025,265.63941229961614,10.859324570686088,12.600710975149722
419.447322618158,266.307129252643,10.655593096737633,12.364309401271399
419.5371904030249,266.307129252643,10.655593096737633,12.3643094012714
420.25613268196014,266.1273936829092,10.655593096737633,12.3643094012714
420.41868462051445,265.73357229390865,10.869695928830382,12.612745470071147
422.2521545858791,264.6334903146898,10.869695928830382,12.612745470071147
422.2521545858791,265.6418987956404,10.869695928830382,12.612745470071147
422.61884857895205,265.7335722939086,10.869695928830382,12.612745470071147
422.8938690737568,264.72516381295804,10.869695928830382,12.612745470071147
423.8208935835201,264.4767834962297,10.665769878131979,12.376118117381942
425.0903406709712,264.592877493117,10.465669678168108,12.143930123607383
424.7372766819142,265.2107394739668,10.465669678168108,12.143930123607383
426.07117370656584,264.9715914456817,10.269323552263877,11.916098202063367
426.68716519619215,264.99676019096654,10.076661070344514,11.692540628604863
427.0271058080474,265.16673049689416,10.076661070344514,11.692540628604863
426.94212065508356,264.6568195791113,10.076661070344514,11.692540628604863
427.96194249064934,264.99676019096654,10.076661070344514,11.692540628604863
427.7069870317579,264.9117750380027,10.076661070344514,11.692540628604863
429.02009486138735,264.93647159318573,10.0,11.47317721231116
429.35365785726316,264.7939233190739,10.0,11.257929266721089
430.4992254628411,264.81770190408923,10.0,11.0467195816079
430.33864322785706,264.57682855161323,10.0,11.0467195816079
430.90068105030105,260.08052597206114,10.0,11.0467195816079
431.14155440277705,260.50531403519125,10.0,10.839472395283673
430.82641529013404,260.66288359151275,10.0,10.839472395283675
430.27492184300877,260.7416683696735,10.0,10.839472395283675
430.7476305119733,260.82045314783426,10.0,10.839472395283675
429.54417861772276,260.7903391665758,10.20093,11.05726991412211
429.54417861772276,260.22776456161745,10.20093,11.05726991412211
428.7405006106394,260.54923576445077,10.20093,11.05726991412211
428.7405006106394,259.7455577573674,10.20093,11.05726991412211
428.7405006106394,259.9866611594924,10.20093,11.05726991412211
428.3386616070977,260.30813236232575,10.20093,11.05726991412211
427.43249995676933,260.51851670296685,10.40589728649,11.279443638506566
426.61267364748966,260.2725688101829,10.40589728649,11.279443638506567
426.262182907617,260.3232151415246,10.614982980667444,11.50608149953508
426.3458128155482,259.57054597014377,10.614982980667445,11.50608149953508
426.23916938903295,259.78946975408354,10.828269833697997,11.737273195105239
425.5566871196628,259.9600903214261,10.828269833697997,11.737273195105239
425.30075626864897,259.70415947041226,10.828269833697997,11.737273195105239
424.6801083537371,259.50093067158633,11.04584225946649,11.973110225414489
424.4821118762763,259.64171608930997,11.26778636798595,12.213685929173742
423.9250450358481,259.6965573034954,11.494189999477893,12.45909552054863
423.53789849324437,259.2997168375743,11.725142759137402,12.709436126843013
423.23534929227833,259.26440776464415,11.96073605259675,12.964806826939668
422.9526521113154,258.69901340271826,11.96073605259675,12.964806826939668
422.76418732400674,258.9817105836812,11.96073605259675,12.964806826939668
422.19879296208086,259.35864015829844,11.96073605259675,12.964806826939668
422.21675807986674,258.4437000109085,11.736341029716428,12.721574461324636
421.7544355676442,258.351235508464,11.736341029716428,12.721574461324638
420.7373260407545,258.16630650357496,11.736341029716428,12.721574461324638
420.829790543199,258.07384200113046,11.736341029716428,12.721574461324638
420.55239703586545,258.62862901579757,11.736341029716428,12.721574461324638
420.71188139304394,257.94603470330475,11.972159330026521,12.977189056976034
419.8629798678147,257.75738991992046,11.972159330026521,12.977189056976034
419.7686574761226,257.38010035315193,11.972159330026521,12.977189056976034
419.74270156910563,257.7213369817517,12.212715927444744,13.237939716697854
419.2616135115636,257.6251193702433,12.212715927444744,13.237939716697856
419.52378890703216,257.68455963189626,12.458106028574893,13.503929639425467
418.83673252319704,257.68455963189626,12.458106028574893,13.503929639425467
418.02451577714584,257.74519422672665,12.708426753007048,13.775264097670442
418.9256233014029,256.94420976072036,12.70842675300705,13.775264097670444
418.6443422816342,257.4739206592298,12.47000432653817,13.516826766657848
418.4478529767282,257.4739206592298,12.470004326538172,13.51682676665785
418.05487436691624,257.4739206592298,12.470004326538172,13.51682676665785
417.17067249483927,257.5721653116828,12.470004326538172,13.51682676665785
417.17067249483927,257.6704099641358,12.470004326538172,13.51682676665785
416.8759385374803,257.96514392149476,12.470004326538172,13.51682676665785
416.01046670806386,258.28842762426365,12.236054936311158,13.263237970931934
416.29967117017986,258.4812305990077,12.23605493631116,13.263237970931934
415.8360423821921,258.3164417487264,12.006494663822552,13.014406747262527
416.1378549353381,258.7223019084419,11.781241164961502,12.770243838977985
415.5058227202707,258.84209299595665,11.560213640472641,12.530661663948493
414.88564804329604,258.4131753660526,11.343332806973093,12.295574283170048
414.2600706721354,258.50254356193267,11.343332806973095,12.295574283170048
414.1707024762553,258.4131753660526,11.343332806973095,12.295574283170048
414.08133428037524,258.32380717017253,11.343332806973095,12.295574283170048
413.83026746608476,259.24345938970947,11.130520868513234,12.064897369937801
413.39180965736506,258.80500158098977,11.130520868513234,12.064897369937803
413.56719278085296,259.3311509514534,11.130520868513234,12.064897369937803
412.5148940399256,258.9803847044776,11.130520868513234,12.064897369937803
412.42720247818164,258.5419268957579,11.130520868513234,12.064897369937803
412.9533518486453,259.24345938970947,11.130520868513234,12.064897369937803
411.81336154597403,259.1557678279655,11.130520868513234,12.064897369937803
411.1118290520225,258.89269314273366,11.130520868513234,12.064897369937803
411.0241374902785,259.6819171984292,11.130520868513234,12.064897369937803
410.8487543667906,259.50653407494127,11.130520868513234,12.064897369937803
410.14722187283905,259.5942256366852,11.130520868513234,12.064897369937803
410.0595303110951,259.4188425131973,11.130520868513234,12.064897369937803
409.53338094063145,259.33115095145337,11.130520868513234,12.064897369937803
408.3692594217986,259.47301564525816,11.35416642432427,12.307317352791964
408.7270736149748,259.1152014520819,11.35416642432427,12.307317352791964
408.7270736149748,259.6519227418463,11.35416642432427,12.307317352791964
408.4757670156193,258.9622894195105,11.141151236682862,12.076420128170444
406.9835866969356,258.87451410664676,11.141151236682862,12.076420128170444
407.1591373226631,259.84004254814795,11.141151236682862,12.076420128170444
407.33468794839064,259.9278178610117,11.141151236682862,12.076420128170444
406.9835866969357,260.01559317387546,11.141151236682862,12.076420128170444
406.2813841940257,258.9622894195105,11.141151236682862,12.076420128170444
405.7547323168432,259.05006473237427,11.141151236682862,12.076420128170444
404.8769791882058,259.2256153581018,11.141151236682862,12.076420128170444
405.0525298139333,259.4011659838293,11.141151236682862,12.076420128170444
404.5258779367508,259.5767166095568,11.141151236682862,12.076420128170444
403.6239705450777,259.80649210619407,11.365010388481531,12.319071637805772
403.599330950435,259.77226753521,11.59336754221729,12.566598744224205
402.6859500604853,259.2242390012402,11.593367542217292,12.566598744224205
402.86862623847526,259.5895913572201,11.593367542217292,12.566598744224205
402.5694772934724,260.2853838238909,11.826313076243064,12.819099412791902
402.1036105673867,259.53999706215376,11.826313076243064,12.819099412791902
401.54457049608385,259.9126904430223,11.826313076243064,12.819099412791902
401.1718771152153,260.28538382389087,11.826313076243064,12.819099412791902
400.7060103891296,259.63317040737087,11.826313076243064,12.819099412791902
399.681103591741,260.0058637882394,11.826313076243064,12.819099412791902
399.189597156552,260.34294343207455,12.063939184884017,13.07667357729313
398.9733513142885,260.4016595854655,12.306339914925893,13.339423179481681
398.31314894962287,259.8481032694286,12.075461027987886,13.089162647319847
398.50342145327863,260.13351202491225,12.075461027987888,13.08916264731985
398.1918328304052,260.3825567596875,12.31809326642325,13.352163192392446
397.43395210519503,259.8284717615241,12.086993875198003,13.101663645217151
396.7411574425752,259.88730012393,12.329857843132357,13.3649153728405
396.2554548851128,260.08158114691497,12.329857843132359,13.364915372840501
396.4230045027692,260.1415915476067,12.577601676774417,13.633456617426987
395.92754272381967,260.835238038136,12.577601676774417,13.633456617426988
394.63934209855097,260.3397762591865,12.577601676774417,13.633456617426988
394.73843445434085,260.04249919181683,12.577601676774417,13.633456617426988
393.3238729538264,260.40099244885937,12.830323427265846,13.907393661240949
393.4249563723212,260.7042427043437,12.830323427265846,13.90739366124095
393.0206226983421,260.2999090303646,12.830323427265846,13.90739366124095
392.9195392798473,260.8053261228385,12.830323427265846,13.90739366124095
392.48738918005097,260.6656054924208,13.088123115889898,14.186834922076265
390.9406718657119,260.9749489552886,13.0881231158899,14.186834922076265
391.2500153285797,260.35626202955297,13.0881231158899,14.186834922076265
391.372788278051,260.9017993797116,12.842577216947252,13.92067612273987
390.2598087212965,261.1041592991215,12.842577216947252,13.920676122739872
389.34918908395196,261.3065192185314,12.842577216947252,13.920676122739872
388.74210932572225,261.9135989767611,12.842577216947252,13.920676122739872
388.94446924513215,261.4076991782363,12.842577216947252,13.920676122739872
388.6409293660173,262.01477893646603,12.842577216947252,13.920676122739872
387.73030972867275,261.81241901705613,12.842577216947252,13.920676122739872
387.4267698495579,261.5088791379413,12.842577216947252,13.920676122739872
386.2318999831134,262.34772155677894,12.601637997507364,13.659510720933884
386.5486729167916,261.58231887072384,12.365219031789422,13.403245035671771
385.67190098229577,262.55650990905247,12.365219031789424,13.403245035671773
385.18480546313145,262.7513481167182,12.365219031789424,13.403245035671773
385.0873863592986,262.9461863243839,12.365219031789424,13.403245035671773
384.1317679753097,262.09772423213445,12.133235515444191,13.151787143513275
383.84499369477277,262.5756813663627,12.133235515444193,13.151787143513275
383.9405851216184,262.5756813663627,12.133235515444193,13.151787143513275
382.38481716832786,262.82591764420795,12.377028616656013,13.416046002587887
381.50720785986056,262.63089335343744,12.377028616656013,13.416046002587887
381.31218356909005,263.21596622574896,12.377028616656013,13.416046002587887
381.01964713293427,263.1184540803637,12.377028616656013,13.416046002587887
380.6481889438205,262.75674237880156,12.144823541030926,13.164347951859597
380.33481052841927,262.91153492564763,12.38884948044086,13.428859195256312
378.9683366672424,263.301956028841,12.38884948044086,13.428859195256312
378.7462668151388,263.4598588223309,12.637778633051358,13.698685263066597
378.0493016049041,263.260725905121,12.637778633051358,13.698685263066597
377.75060222908917,263.4598588223309,12.637778633051358,13.698685263066597
376.82710511721245,263.5213678980454,12.891709519125259,13.973932946057396
376.31926987992387,263.11509970821453,12.89170951912526,13.973932946057397
375.202032357889,263.7245019929608,12.891709519125262,13.973932946057397
375.1740828456628,263.9903810654491,13.150742638493046,14.254711180742529
374.4203169048915,264.26160244614096,13.414980510328286,14.541131092497189
373.57479989406187,264.5786713252021,13.414980510328288,14.54113109249719
373.04635176229334,265.1071194569706,13.414980510328288,14.54113109249719
372.20083475146373,264.4729816988484,13.414980510328288,14.54113109249719
372.4122140041711,264.89574020426323,13.414980510328288,14.54113109249719
371.038248861573,264.4729816988484,13.414980510328288,14.54113109249719
370.40411110345076,265.318498709678,13.414980510328288,14.54113109249719
369.42382049092413,265.4894801152184,13.684527713722314,14.833306039538737
368.74727264316806,265.3404573060921,13.959490929074136,15.131351657791189
368.197374945126,265.7803754645258,13.959490929074137,15.131351657791189
367.2872741422482,265.2984197212706,14.239978980312024,15.435385906651188
367.2872741422482,265.6349877967639,14.239978980312024,15.43538590665119
366.80764411792916,265.9286736262438,14.526102877963435,15.745529115673532
365.7461589911412,265.42715543014896,14.817975863090354,16.06190403219476
365.4805471025162,265.14904641717305,15.115713452107428,16.38463586991365
364.40874778455697,265.86357929581254,15.115713452107428,16.38463586991365
363.8133037190241,265.86357929581254,15.115713452107428,16.38463586991365
363.0987708403846,266.1017569220257,15.115713452107428,16.38463586991365
361.9078827093188,266.33993454823883,15.115713452107428,16.38463586991365
362.5033267748517,265.8635792958125,15.115713452107428,16.38463586991365
361.66970508310567,266.6972009875585,15.115713452107428,16.38463586991365
360.9551722044662,266.6972009875585,15.115713452107428,16.38463586991365
359.40701763408066,266.6972009875585,15.115713452107428,16.38463586991365
359.28792882097406,267.05446742687826,15.115713452107428,16.38463586991365
359.16884000786746,267.411733866198,15.115713452107428,16.38463586991365
358.45430712922797,266.93537861377166,15.115713452107428,16.38463586991365
358.2161295030148,267.64991149241115,15.115713452107428,16.38463586991365
357.02524137194905,267.411733866198,15.115713452107428,16.38463586991365
357.14433018505565,267.17355623998486,15.115713452107428,16.38463586991365
356.54888611952276,268.0071779317309,15.115713452107428,16.38463586991365
356.0725308670964,267.8880891186243,15.115713452107428,16.38463586991365
354.88164273603064,267.8880891186243,15.115713452107428,16.38463586991365
354.84887153394067,267.84256968746377,15.419433482500622,16.713852358447827
354.241463210799,267.5996063582071,15.419433482500622,16.713852358447827
354.241463210799,268.57145967523377,15.419433482500622,16.713852358447827
353.39109155840066,268.6929413398621,15.419433482500622,16.713852358447827
351.8118299182324,268.08553301672043,15.419433482500622,16.713852358447827
351.2044215950907,268.93590466911877,15.419433482500622,16.713852358447827
351.69034825360404,268.81442300449044,15.419433482500622,16.713852358447827
350.5970132719491,268.57145967523377,15.419433482500622,16.713852358447827
349.76980172754793,269.5786153777901,15.130149937249563,16.40028425813196
349.76980172754793,268.7441975233485,15.130149937249563,16.40028425813196
349.2929915250099,269.5786153777901,15.130149937249563,16.40028425813196
348.81618132247183,269.5786153777901,15.130149937249563,16.40028425813196
348.4585736705683,269.2210077258865,15.130149937249563,16.40028425813196
347.7433583667612,270.1746281309626,15.130149937249563,16.40028425813196
347.14734561358864,270.53223578286617,15.130149937249563,16.40028425813196
345.47850990470545,269.4594128271555,15.130149937249563,16.40028425813196
345.836117556609,269.93622302969356,15.130149937249563,16.40028425813196
345.7169150059745,270.88984343476966,15.130149937249563,16.40028425813196
344.8824971515329,270.88984343476966,15.130149937249563,16.40028425813196
344.28648439836036,271.00904598540416,15.130149937249563,16.40028425813196
342.73685124011166,271.00904598540416,15.130149937249563,16.40028425813196
343.3000614925742,270.9634830802393,15.43416003993872,16.729815169730607
341.96248693024563,270.8418853927549,15.43416003993872,16.729815169730607
341.7192915552768,270.8418853927549,15.43416003993872,16.729815169730607
340.50331468043265,271.20667845520813,15.43416003993872,16.729815169730607
339.65213086804175,271.9362645801146,15.43416003993872,16.729815169730607
339.5305331805573,271.57147151766134,15.43416003993872,16.729815169730607
338.80094705565085,272.42265533005224,15.43416003993872,16.729815169730607
338.3145563057132,272.3010576425678,15.43416003993872,16.729815169730607
336.97698174338467,272.42265533005224,15.43416003993872,16.729815169730607
336.6121886809314,272.9090460799899,15.43416003993872,16.729815169730607
336.24739561847815,272.1794599550834,15.43416003993872,16.729815169730607
336.490590993447,273.0306437674743,15.43416003993872,16.729815169730607
334.75476176730837,272.4977746169184,15.744278617621209,17.065967345936006
334.38263891785124,272.3737336670993,15.74427861762121,17.065967345936006
333.3903113192989,273.2420203158326,15.74427861762121,17.065967345936006
333.26627036947986,273.1179793660135,15.74427861762121,17.065967345936006
332.3979837207466,273.2420203158326,15.74427861762121,17.065967345936006
330.90949232291814,273.6141431652897,15.74427861762121,17.065967345936006
330.6272764779672,273.07056707489164,16.060628407885073,17.4088738278179
329.8680766502247,273.8297669026341,16.060628407885073,17.4088738278179
329.58019024230106,273.2752687378517,16.383334614484706,17.758670329640246
329.0638872890468,274.3078746443602,16.383334614484706,17.758670329640246
328.41850859747905,274.69510185930085,16.383334614484706,17.758670329640246
326.8695997377164,273.9206474294195,16.383334614484706,17.758670329640246
326.18870161325776,273.8713106862663,16.712524956893546,18.11549529257371
325.79369384188726,274.5296569718838,16.712524956893546,18.11549529257371
325.1353475562698,274.9246647432543,16.712524956893546,18.11549529257371
323.9754265835217,275.75294317028806,16.39898175991982,17.77563100974114
323.32943151351293,275.1069481002793,16.39898175991982,17.77563100974114
322.1666403874972,275.75294317028806,16.39898175991982,17.77563100974114
322.6834364435042,275.3653461282828,16.39898175991982,17.77563100974114
321.52064531748846,276.52813725429854,16.39898175991982,17.77563100974114
320.3578541914727,276.78653528230205,16.39898175991982,17.77563100974114
319.3242620794587,276.26973922629503,16.39898175991982,17.77563100974114
318.0322719394412,277.56172936631253,16.39898175991982,17.77563100974114
318.54906799544824,277.56172936631253,16.39898175991982,17.77563100974114
317.4109082664961,278.37446848575115,16.09132093778904,17.44214291088145
317.181527324553,277.90420867969743,15.789432131437035,17.114911372591685
314.96610273940695,278.06475485813326,15.493207052242859,16.793819015720086
314.37905921556995,278.9546663627282,15.202539443185234,16.478750663261764
314.5216664167987,278.86969930533456,14.917325040727793,16.169593299044287
314.4265465396358,279.4914811988968,14.63746153741935,15.86623602718836
312.6967327995426,280.06808577892787,14.637461537419352,15.866236027188362
312.35077005152397,279.95276486292164,14.637461537419354,15.866236027188362
310.736277227437,280.4140485269465,14.637461537419354,15.866236027188362
310.9669190594494,280.87533219097133,14.637461537419354,15.866236027188362
310.39031447941835,280.4140485269465,14.637461537419354,15.866236027188362
308.77582165533136,281.1059740229838,14.637461537419354,15.866236027188362
308.1992170753003,281.7978995190211,14.637461537419354,15.866236027188362
306.5847242512133,281.33661585499624,14.637461537419354,15.866236027188362
306.9306869992319,281.7978995190211,14.637461537419354,15.866236027188362
306.4376689938776,281.75382029478016,14.93157205209072,16.185036307682658
305.9347447777416,282.53232180088725,15.23159212933338,16.510242242212925
304.2547201280192,282.7723253222762,15.231592129333382,16.510242242212925
303.8947148459358,282.2923182794983,15.231592129333382,16.510242242212925
303.53470956385246,283.0123288436651,15.231592129333382,16.510242242212925
302.2146901962134,283.13233060435954,15.231592129333382,16.510242242212925
302.0616660058861,283.446467498451,15.53764050998808,16.841982539585707
300.4702975769488,283.5688804545231,15.537640509988082,16.841982539585707
300.1030587087325,284.05853227881147,15.537640509988082,16.841982539585707
299.73581984051617,284.54818410309986,15.537640509988082,16.841982539585707
298.7565161919394,284.3033581909557,15.537640509988082,16.841982539585707
297.25387476976283,284.3789811255159,15.849838320755271,17.180388494753604
296.6295117717706,285.2530893227051,15.849838320755273,17.180388494753604
296.00514877377833,285.6277071215004,15.849838320755273,17.180388494753604
296.09565857228574,284.8307413504956,16.168309122134207,17.52559404077869
294.69446026012173,285.84979466843305,16.168309122134207,17.52559404077869
294.1498803482997,285.6737237879024,16.49317895732525,17.877735801840053
293.2402923365768,285.9336060769661,16.49317895732525,17.877735801840053
292.33070432485385,286.1934883660298,16.49317895732525,17.877735801840053
291.42111631313094,286.45337065509347,16.49317895732525,17.877735801840053
290.9013517350036,287.23301752228457,16.49317895732525,17.877735801840053
290.08594728994956,286.6635854159558,16.824576402114786,18.236953147306426
288.89297882240925,287.1937936237515,16.824576402114786,18.236953147306426
287.7960863519429,287.01057607395705,17.16263261576248,18.603388246895257
287.7588773836974,286.82367713393467,17.507481392910996,18.977186126940126
286.3795543460034,287.7892032603204,17.507481392910996,18.977186126940126
285.68989282715637,287.9271355640898,17.507481392910996,18.977186126940126
285.02652768036995,288.51894769521533,17.17902404125109,18.621155687305574
284.0791157616942,288.78963681483697,17.17902404125109,18.621155687305574
284.0791157616942,288.2482585755937,17.17902404125109,18.621155687305574
283.2670484028293,288.9249813746478,17.17902404125109,18.621155687305574
281.74101373969063,288.7379039340353,17.52420217131195,18.995310568530606
280.1105667698761,290.02060147432337,17.195431121612444,18.638940096771982
279.70414530198764,289.7496538290644,17.195431121612444,18.638940096771982
279.2977238340992,289.47870618380546,17.195431121612444,18.638940096771982
278.7558285435813,290.5624967648413,17.195431121612444,18.638940096771982
277.49928406378217,291.05260976630643,17.540938919139002,19.013452320136423
276.25552098045404,290.6380220718637,17.540938919139002,19.013452320136423
275.5645414897162,291.32900156260155,17.540938919139002,19.013452320136423
275.5645414897162,291.19080566445405,17.540938919139002,19.013452320136423
274.28274926168444,291.2761788120149,17.89338900484126,19.395489617604923
273.2959405833811,292.1220148219892,17.89338900484126,19.395489617604923
272.02718656841967,292.2629874903182,17.89338900484126,19.395489617604923
270.47648721680014,293.1088235002925,17.89338900484126,19.395489617604923
270.61745988512916,292.5449328269763,17.89338900484126,19.395489617604923
269.06676053350964,293.5317415052797,17.89338900484126,19.395489617604923
268.50286986019347,294.23660484692493,17.89338900484126,19.395489617604923
268.07995185520633,293.8136868419378,17.89338900484126,19.395489617604923
266.2473071669287,294.51855018358305,17.89338900484126,19.395489617604923
266.10633449859967,295.2234135252283,17.89338900484126,19.395489617604923
265.5424438252835,294.65952285191213,17.89338900484126,19.395489617604923
264.97855315196733,295.7873041985445,17.89338900484126,19.395489617604923
262.8639631270316,296.7741128768479,17.89338900484126,19.395489617604923
262.0181271170573,297.197030881835,17.89338900484126,19.395489617604923
261.7361817803992,296.06924953520263,17.89338900484126,19.395489617604923
260.8903457704249,296.7741128768479,17.89338900484126,19.395489617604923
259.90353709212155,297.61994888682216,17.89338900484126,19.395489617604923
258.7369624811811,297.5660647687079,18.252920870115535,19.78520319049146
256.9717269579678,298.37392934993113,18.61967680915877,20.182747278198004
256.53164282591746,297.78715050719734,18.61967680915877,20.182747278198004
256.266220302703,299.2967268720976,18.270353591487037,19.804099340699562
255.2190117425718,298.9538224126089,18.637459806200788,20.20202310875224
254.19116804715378,298.5133179717154,18.637459806200788,20.20202310875224
253.16332435173575,299.68799648076464,18.637459806200788,20.20202310875224
252.86965472447343,299.98166610802696,18.637459806200788,20.20202310875224
251.50773497548124,299.4850368556025,19.011942286086782,20.6079423590764
250.15966848560828,300.683318179934,19.011942286086782,20.607942359076404
249.4107426579011,301.8815995042655,19.011942286086782,20.607942359076404
248.362246499111,301.13267367655834,19.011942286086782,20.607942359076404
248.06267616802813,301.4322440076412,19.011942286086782,20.607942359076404
247.1639651747795,302.1811698353484,19.011942286086782,20.607942359076404
246.41503934707228,301.8815995042655,19.011942286086782,20.607942359076404
245.3665431882822,302.031384669807,19.011942286086782,20.607942359076404
243.8686915328678,302.9300956630556,19.011942286086782,20.607942359076404
242.96998053961917,302.63052533197276,19.011942286086782,20.607942359076404
242.07126954637053,303.82880665630427,19.011942286086782,20.607942359076404
241.1725585531219,303.5292363252214,19.011942286086782,20.607942359076404
239.97427722879038,304.42794731847005,19.011942286086782,20.607942359076404
238.62621073891742,305.17687314617723,19.011942286086782,20.607942359076404
237.98585176411592,304.67026512218393,19.393949242441124,21.022017744897326
236.91628817200728,305.2814443176746,19.393949242441124,21.022017744897326
235.84672457989865,305.5870339154199,19.393949242441124,21.022017744897326
234.806290849108,306.548204642999,19.03009992205983,20.627624278465746
233.45693686844518,307.44777396344085,19.03009992205983,20.627624278465746
234.05664974873977,307.2978457433672,19.03009992205983,20.627624278465746
232.70729576807696,308.19741506380905,19.03009992205983,20.627624278465746
230.60830068704593,307.8975586236618,19.03009992205983,20.627624278465746
229.40887492645678,308.49727150395637,19.03009992205983,20.627624278465746
228.80916204616219,309.2469126043246,19.03009992205983,20.627624278465746
228.2094491658676,308.94705616417735,19.03009992205983,20.627624278465746
227.45980806549937,309.096984384251,19.03009992205983,20.627624278465746
226.5602387450575,310.14648192476653,19.03009992205983,20.627624278465746
224.3113154439528,310.59626658498746,19.03009992205983,20.627624278465746
223.4117461235109,311.4958359054293,19.03009992205983,20.627624278465746
223.7116025636582,311.4958359054293,19.03009992205983,20.627624278465746
221.91246392277446,312.3954052258712,19.03009992205983,20.627624278465746
220.7130381621853,312.69526166601844,19.03009992205983,20.627624278465746
219.3636841815225,312.3954052258712,19.03009992205983,20.627624278465746
218.7227136224346,313.38759555914675,19.41247171979378,21.04209513309296
218.41683216683543,313.54053628694635,19.41247171979378,21.04209513309296
216.27566197764125,313.2346548313472,19.41247171979378,21.04209513309296
215.3159309415104,314.70560342838803,19.802526514059593,21.464893950602196
213.91180704892105,316.1097273209774,19.802526514059593,21.464893950602196
211.88362809295865,315.6416860234476,19.802526514059593,21.464893950602196
211.91337164048934,315.8430371505015,19.431011887311698,21.062191696494402
211.14793765999895,316.76155792709,19.431011887311698,21.062191696494402
209.9232432912143,316.6084711309919,19.431011887311698,21.062191696494402
208.39237533023348,316.45538433489384,19.431011887311698,21.062191696494402
206.05394652393446,317.9277377830939,19.82143920916345,21.485394314252066
205.85481043491959,317.0872336927475,20.219711387193172,21.917100342208332
205.05830769686236,317.88373643080473,20.219711387193172,21.917100342208332
203.26216489029645,318.46004902027397,20.625986048096046,22.357480639384324
200.77992669225978,317.9104318440012,21.04042398576044,22.806709497871474
199.78532761058398,319.23656395290226,21.04042398576044,22.806709497871477
200.11686063780922,318.24196487122646,21.04042398576044,22.806709497871477
197.96189596084503,319.4023304665149,21.04042398576044,22.806709497871477
196.75591425959627,320.49933496844557,21.463189224906326,23.26496471181221
195.18750624768302,320.7728952809803,21.894449086002368,23.732427647766652
193.2425943507479,321.5694370351325,22.334374251487414,24.209283316493227
192.74825813687568,321.4446101227626,21.915359702621743,23.75509365292806
192.60851550090024,322.35808313597295,21.504206273579,23.30942502849456
191.42257261634933,322.866344372209,21.504206273579,23.30942502849456
190.23662973179842,322.52750354805164,21.504206273579,23.30942502849456
187.01764190230307,323.8828668446813,21.504206273579,23.30942502849456
187.6953235506179,323.0357647842877,21.504206273579,23.30942502849456
186.84822149022438,324.3911280809174,21.504206273579,23.30942502849456
184.81517654528,325.40765055338954,21.504206273579,23.30942502849456
183.120972424493,325.57707096546824,21.504206273579,23.30942502849456
181.9350295399421,326.9324342620979,21.504206273579,23.30942502849456
181.5961887157847,326.0853322017043,21.504206273579,23.30942502849456
181.45906778735795,327.15108798623305,21.10076648211773,22.872117580224213
179.32961633312183,327.1993976335471,20.704895612906533,22.443014444333045
176.88277042156523,328.5043821197106,20.704895612906533,22.443014444333045
175.74090899617215,329.6462435451037,20.704895612906533,22.443014444333045
175.04352808008576,328.9314006181774,21.120919080456666,22.893961933563027
173.71232254064176,330.4290068500519,21.120919080456666,22.893961933563027
172.88031907848926,330.0962054651909,21.120919080456666,22.893961933563027
171.24803593751642,329.9781605589158,20.724670128931347,22.46444897639115
168.99326059788,332.3115130975546,20.335855192516206,22.04299409937656
169.3442363772088,332.037640332672,19.954334801868935,21.629446125110668
167.8021101012478,333.49821331158597,19.579972104227522,21.223656712419867
166.4431759875759,332.9259996369057,19.212632814320667,20.82548030315502
164.7781466719996,334.439662651066,19.212632814320667,20.825480303155025
163.14197487906804,332.9699864520776,18.85218516619915,20.434774069979216
162.57618491609992,333.607254122349,18.498499865970917,20.05139786513506
161.70174479115158,334.7731742889468,18.49849986597092,20.05139786513506
160.4178694931784,335.2527461780772,18.151450045422877,19.67521417017319
158.5860577564589,334.43626866426456,17.81091121651281,19.306088046623902
157.06925832451716,335.5996292261031,17.47676122671506,18.9438870875942
156.4070571765436,335.91502236038525,17.14888021520396,18.588481370272977
155.6221724927938,336.2244984132042,16.827150569859338,18.239743409327232
152.73085568831905,337.0584577246435,16.51145688507859,17.8975481111726
151.1946342625259,337.8767711495798,16.201685920380285,17.561772729101836
149.17665535000933,339.19031071246377,15.897726559784394,17.23229681925511
149.20053385789697,339.6024577954377,15.599469771954563,16.90900219741637
147.87206353983956,340.1297726754584,15.306808571088194,16.591772896620213
145.82195955988163,340.85333878603177,15.306808571088194,16.591772896620213
143.9154408761977,341.12957202332706,15.019637978540224,16.28049512555412
142.518017872832,343.17560112614416,14.73785498516692,15.975057227741086
142.07570679044153,343.2093430557135,14.461358514376109,15.67534964148805
139.93269150977778,343.2424519539188,14.190049385870639,15.381264860585699
138.16526924465197,344.16930761140804,13.923830280072043,15.0926973957456
135.77281400962622,345.1884731447112,13.662605703211643,14.809543736760805
133.94292489860308,345.2961136806538,13.662605703211645,14.809543736760807
133.94292489860308,345.4037542165963,13.662605703211645,14.809543736760807
132.0053952516374,346.2648785041366,13.662605703211645,14.809543736760807
129.85258453278664,346.8030811838493,13.662605703211645,14.809543736760807
127.59213327799334,348.31004868704485,13.662605703211645,14.809543736760807
126.10568711392281,348.4489693977371,13.4062819530766,14.531702315376368
126.23144454776182,349.21901039077727,13.154767085398573,14.259073468856428
123.55657505225996,349.87096512637777,12.907970880872977,13.991559404234831
120.93188870593931,351.01916436923204,12.665804812796992,13.729064163236428
120.03380334577608,351.3185261559531,12.665804812796992,13.72906416323643
119.83422882129534,351.6178879426742,12.665804812796992,13.729064163236432
117.51166204395564,352.3780442597215,12.920298828900522,14.00492224946834
114.96685485144171,352.5816288351226,12.920298828900524,14.00492224946834
112.03428489660105,353.3237555318015,12.677901476548426,13.742176308517298
110.23639871692828,354.42246375271264,12.677901476548428,13.742176308517298
109.43733819262928,354.6222288837874,12.677901476548428,13.742176308517298
107.83921714403127,355.4212894080864,12.677901476548428,13.742176308517298
105.44203557113426,355.92070223577326,12.677901476548428,13.742176308517298
103.04485399823724,356.32023249792275,12.677901476548428,13.742176308517298
100.64767242534023,357.4189407188339,12.677901476548428,13.742176308517298
100.067419337899,357.847496701425,12.440051733907637,13.484359736559279
97.78624958259303,357.9080434245645,12.690009693397045,13.755300976745964
95.58673446577842,358.50791118369574,12.690009693397045,13.755300976745966
92.88732954968776,359.60766874210304,12.690009693397045,13.755300976745968
90.78779239272836,360.90738222022077,12.690009693397045,13.755300976745968
90.48785851316273,360.4074924209447,12.690009693397045,13.755300976745968
87.9884095167825,361.1073381399312,12.690009693397045,13.755300976745968
85.9888503196783,361.507249979352,12.690009693397045,13.755300976745968
83.58937928315328,363.1068973370354,12.690009693397045,13.755300976745968
80.56252826496748,362.9687047057725,12.944990058166471,14.031686239271725
79.64464691194426,363.17267833977763,12.944990058166473,14.031686239271725
77.19696330388233,363.58062560778797,12.944990058166473,14.031686239271725
75.15722696383072,364.70248059481634,12.944990058166473,14.031686239271725
72.37551787914427,365.5813794290393,13.205093743405211,14.313624910877412
69.67058088811233,365.9975235815058,13.205093743405211,14.313624910877412
69.77461692622894,366.41366773397226,13.205093743405211,14.313624910877412
67.48582408766345,366.82981188643873,13.205093743405211,14.313624910877412
64.33611400798854,367.7263704349377,13.470423691991453,14.601228576211671
61.15232098107382,368.2570026060901,13.470423691991455,14.601228576211673
58.81753942800302,369.530519816856,13.470423691991455,14.601228576211673
58.393033691081065,370.0611519880084,13.470423691991455,14.601228576211673
55.922921526388684,370.5512193505005,13.741084915234639,14.894611061993494
52.75362440193023,371.37591013452754,14.01718453443645,15.193888482062128
50.103206544368824,372.48025090851144,14.01718453443645,15.193888482062128
46.67975014501867,372.921987218105,14.01718453443645,15.193888482062128
47.01105237721385,373.474157605097,14.01718453443645,15.193888482062128
43.91889821005887,374.24719614688576,14.01718453443645,15.193888482062128
41.71021666209103,375.57240507566644,14.01718453443645,15.193888482062128
38.91897516010441,376.30323229421856,14.298831823286882,15.499179283332204
35.39573106672501,376.8234379654419,14.586138251112185,15.810604292672199
34.93606480019063,377.16818766534266,14.586138251112185,15.810604292672199
32.06315063435074,378.4322698983122,14.586138251112185,15.810604292672199
29.420069601778046,380.1560183978161,14.586138251112185,15.810604292672199
26.285699231364767,381.37617596139296,14.879217526991784,16.128286764724862
23.47228518639762,382.43120622825563,14.879217526991786,16.128286764724862
23.589510771604584,382.43120622825563,14.879217526991786,16.128286764724862
20.072743215395654,384.0723644211531,14.879217526991786,16.128286764724862
17.02487800001458,384.7757179323949,14.879217526991786,16.128286764724862
13.859787199426545,386.18242495487846,14.879217526991786,16.128286764724862
10.427986754746623,387.30987355917324,15.178185644761632,16.452352430688478
10.06924375807504,387.1902925602827,15.178185644761633,16.452352430688478
7.079718785811842,388.98400754364064,15.178185644761633,16.452352430688478
4.057287170359075,390.61243396830366,15.48316092892183,16.7829295480783
0.6081746167533097,391.54167792571,15.794264081466658,17.120148951487838
