629.0,441.0,95.0,82.0
628.3031496062993,440.3031496062992,95.0,82.0
628.3031496062993,440.3031496062992,95.0,82.0
628.3031496062993,440.3031496062992,95.0,82.0
628.3031496062993,440.3031496062992,95.0,82.0
629.0,440.3031496062992,95.0,82.0
629.0,440.3031496062992,95.0,82.0
629.6968503937007,440.3031496062992,95.0,82.0
628.7424328937008,439.47933660629917,96.90883500000001,83.647626
628.0315806850393,439.47933660629917,96.90883500000002,83.647626
628.7424328937008,439.47933660629917,96.90883500000002,83.647626
628.7424328937008,439.47933660629917,96.90883500000002,83.647626
628.7424328937008,440.1901888149606,96.90883500000002,83.647626
628.7424328937008,440.1901888149606,96.90883500000002,83.647626
628.7424328937008,440.1901888149606,96.90883500000002,83.647626
628.7424328937008,440.90104102362204,96.90883500000002,83.647626
628.7424328937008,441.6118932322835,96.90883500000002,83.647626
628.7424328937008,441.6118932322835,96.90883500000002,83.647626
628.7424328937008,442.3227454409449,96.90883500000002,83.647626
628.7424328937008,442.3227454409449,96.90883500000002,83.647626
628.7424328937008,442.3227454409449,96.90883500000002,83.647626
628.7424328937008,442.3227454409449,96.90883500000002,83.647626
628.7424328937008,443.03359764960635,96.90883500000002,83.647626
628.7424328937008,443.7444498582678,96.90883500000002,83.647626
628.7424328937008,443.7444498582678,96.90883500000002,83.647626
627.7688382828733,443.6149361923202,98.85602422165502,85.32835774921801
626.7756812355303,442.7576848461927,100.84233831634073,87.04286044147307
627.5153867424508,442.7576848461927,100.84233831634074,87.04286044147307
628.2550922493713,442.7576848461927,100.84233831634074,87.04286044147307
628.2550922493713,442.7576848461927,100.84233831634074,87.04286044147307
628.2550922493713,442.7576848461927,100.84233831634074,87.04286044147307
628.2550922493713,443.49739035311325,100.84233831634074,87.04286044147307
628.2550922493713,443.49739035311325,100.84233831634074,87.04286044147307
628.2550922493713,443.49739035311325,100.84233831634074,87.04286044147307
628.2550922493713,444.2370958600338,100.84233831634074,87.04286044147307
628.9947977562917,444.9768013669543,100.84233831634074,87.04286044147307
627.9816852043966,444.10232526952905,102.86856342013098,88.79181263632358
627.2271167947256,444.10232526952905,102.86856342013098,88.79181263632358
627.9816852043966,444.10232526952905,102.86856342013098,88.79181263632358
627.2271167947256,444.10232526952905,102.86856342013098,88.79181263632358
627.9816852043966,444.85689367920014,102.86856342013098,88.79181263632358
627.2271167947256,444.85689367920014,102.86856342013098,88.79181263632358
627.2271167947256,444.85689367920014,102.86856342013098,88.79181263632358
627.2271167947256,444.85689367920014,102.86856342013098,88.79181263632358
626.1936477723253,443.96484673354934,104.93550146493168,90.57590652762524
624.3696833041313,443.0548758886195,107.04397049586655,92.39584821748481
623.5844871674645,443.0548758886195,107.04397049586656,92.39584821748481
623.5844871674645,443.0548758886195,107.04397049586656,92.39584821748481
622.7992910307978,443.0548758886195,107.04397049586656,92.39584821748481
622.7992910307978,443.0548758886195,107.04397049586656,92.39584821748481
622.7992910307978,443.0548758886195,107.04397049586656,92.39584821748481
622.0140948941311,443.0548758886195,107.04397049586656,92.39584821748481
621.2288987574643,443.0548758886195,107.04397049586656,92.39584821748481
621.2288987574643,443.84007202528625,107.04397049586656,92.39584821748481
620.4437026207976,443.84007202528625,107.04397049586656,92.39584821748481
620.4437026207976,443.84007202528625,107.04397049586656,92.39584821748481
620.4437026207976,443.84007202528625,107.04397049586656,92.39584821748481
620.4437026207976,444.625268161953,107.04397049586656,92.39584821748481
619.6585064841308,444.625268161953,107.04397049586656,92.39584821748481
619.6585064841308,444.625268161953,107.04397049586656,92.39584821748481
619.6585064841308,444.625268161953,107.04397049586656,92.39584821748481
618.8733103474641,444.625268161953,107.04397049586656,92.39584821748481
618.8733103474641,445.41046429861973,107.04397049586656,92.39584821748481
618.8733103474641,445.41046429861973,107.04397049586656,92.39584821748481
618.8733103474641,445.41046429861973,107.04397049586656,92.39584821748481
618.8733103474641,445.41046429861973,107.04397049586656,92.39584821748481
618.0881142107974,445.41046429861973,107.04397049586656,92.39584821748481
617.3029180741306,446.19566043528647,107.04397049586656,92.39584821748481
616.5177219374639,446.19566043528647,107.04397049586656,92.39584821748481
616.5177219374639,446.9808565719532,107.04397049586656,92.39584821748481
615.4423046878771,446.05260168283627,109.19480499504002,94.25235799571874
614.6413316052364,446.05260168283627,109.19480499504002,94.25235799571874
613.8403585225956,446.05260168283627,109.19480499504002,94.25235799571874
613.8403585225956,446.05260168283627,109.19480499504002,94.25235799571874
613.0393854399548,446.05260168283627,109.19480499504002,94.25235799571874
612.238412357314,446.05260168283627,109.19480499504002,94.25235799571874
611.4374392746732,446.05260168283627,109.19480499504002,94.25235799571874
612.238412357314,446.05260168283627,109.19480499504002,94.25235799571874
611.4374392746732,446.05260168283627,109.19480499504002,94.25235799571874
610.6364661920325,446.05260168283627,109.19480499504002,94.25235799571874
610.6364661920325,446.05260168283627,109.19480499504002,94.25235799571874
609.5394405836497,445.90666845087304,111.38885621180535,96.14617062492671
606.7862383701373,444.94073594768975,113.62699249966916,98.07803563129337
605.1192696446967,444.10725158496945,113.62699249966917,98.07803563129337
604.2857852819764,444.10725158496945,113.62699249966917,98.07803563129337
604.2857852819764,444.10725158496945,113.62699249966917,98.07803563129337
604.2857852819764,444.94073594768975,113.62699249966917,98.07803563129337
603.452300919256,444.94073594768975,113.62699249966917,98.07803563129337
603.452300919256,444.94073594768975,113.62699249966917,98.07803563129337
602.6188165565356,444.94073594768975,113.62699249966917,98.07803563129337
601.7853321938153,444.94073594768975,113.62699249966917,98.07803563129337
600.1183634683747,444.94073594768975,113.62699249966917,98.07803563129337
599.2848791056543,444.94073594768975,113.62699249966917,98.07803563129337
598.451394742934,444.94073594768975,113.62699249966917,98.07803563129337
598.451394742934,444.94073594768975,113.62699249966917,98.07803563129337
597.6179103802136,444.94073594768975,113.62699249966917,98.07803563129337
596.4763568000657,443.95539496271994,115.91009965996503,100.04871760123295
594.7758936720247,443.95539496271994,115.91009965996503,100.04871760123297
593.0754305439838,443.95539496271994,115.91009965996503,100.04871760123298
591.3749674159428,443.95539496271994,115.91009965996503,100.04871760123298
590.5247358519224,443.95539496271994,115.91009965996503,100.04871760123298
591.9109397277499,443.80048708535963,118.2390812924327,102.05899648399455
589.308993927241,443.80048708535963,118.2390812924327,102.05899648399455
588.1211049970366,442.7751513771832,120.61485915284155,104.10966790034745
587.2363627645437,441.8904091446903,120.61485915284155,104.10966790034745
584.5821360670651,441.8904091446903,120.61485915284155,104.10966790034745
586.3516205320509,441.8904091446903,120.61485915284155,104.10966790034745
582.8126516020794,441.0056669121974,120.61485915284155,104.10966790034745
583.6973938345723,441.8904091446903,120.61485915284155,104.10966790034745
581.6008944196004,440.8444713661294,123.0383735177996,106.20154345746913
579.7958557032597,439.94195200795906,123.0383735177996,106.20154345746913
578.8933363450893,439.94195200795906,123.0383735177996,106.20154345746913
577.6572313255427,439.777517559784,125.51058355689275,108.33545107016005
577.6572313255427,438.8568638801499,125.51058355689277,108.33545107016005
576.7365776459087,438.8568638801499,125.51058355689277,108.33545107016005
575.8159239662747,438.8568638801499,125.51058355689277,108.33545107016005
573.9746166070065,438.8568638801499,125.51058355689277,108.33545107016005
573.0539629273725,438.8568638801499,125.51058355689277,108.33545107016005
573.0539629273725,439.777517559784,125.51058355689277,108.33545107016005
571.2126555681043,439.777517559784,125.51058355689277,108.33545107016005
570.2920018884703,439.777517559784,125.51058355689277,108.33545107016005
571.2126555681043,439.777517559784,125.51058355689277,108.33545107016005
569.3713482088361,439.777517559784,125.51058355689277,108.33545107016005
571.2126555681043,439.777517559784,125.51058355689277,108.33545107016005
566.6093871699339,439.777517559784,125.51058355689277,108.33545107016005
569.0310598107658,439.6097791302417,128.0324677123014,110.51223528851278
566.2136026887089,440.5489315042606,128.0324677123014,110.51223528851278
567.1527550627278,440.5489315042606,128.0324677123014,110.51223528851278
564.3352979406709,439.6097791302417,128.0324677123014,110.51223528851278
567.1527550627278,440.5489315042606,128.0324677123014,110.51223528851278
565.27445031469,440.5489315042606,128.0324677123014,110.51223528851278
567.1527550627278,440.5489315042606,128.0324677123014,110.51223528851278
563.396145566652,440.5489315042606,128.0324677123014,110.51223528851278
565.2744503146898,440.5489315042606,128.0324677123014,110.51223528851278
562.4569931926329,440.5489315042606,128.0324677123014,110.51223528851278
562.1098673797802,439.4386703324346,130.6050240860447,112.73275763216488
558.2777763290998,439.4386703324346,130.6050240860447,112.73275763216489
563.0678901424503,439.4386703324346,130.6050240860447,112.7327576321649
561.7557667679699,439.26412344555314,133.2292708350056,114.997896931268
559.8012221398891,439.26412344555314,133.2292708350056,114.997896931268
562.7330390820105,440.24139575959356,133.2292708350056,114.997896931268
559.8012221398891,440.24139575959356,133.2292708350056,114.997896931268
561.7557667679699,440.24139575959356,133.2292708350056,114.997896931268
559.8012221398891,440.24139575959356,133.2292708350056,114.997896931268
563.7103113960509,440.24139575959356,133.2292708350056,114.997896931268
560.7784944539295,441.218668073634,133.2292708350056,114.997896931268
562.7330390820104,441.218668073634,133.2292708350056,114.997896931268
560.7784944539295,440.24139575959356,133.2292708350056,114.997896931268
561.3945512125664,440.063341702114,135.90624657389338,117.30854967430798
559.0322604597153,438.88480135781106,138.63701078630262,119.66563036291386
558.0153209276318,437.86786182572746,138.63701078630262,119.66563036291387
559.6733227950178,437.68258060237,141.4226442440318,122.07007187379591
560.7106956931195,437.68258060237,141.4226442440318,122.07007187379592
558.2525201996201,436.4562036252899,144.26424943482715,124.52282582795611
559.3107370313634,436.4562036252899,144.26424943482715,124.52282582795613
561.036036744646,437.3216187190958,147.16295099872116,127.02486296731725
559.9565571621026,437.3216187190958,147.16295099872116,127.02486296731725
559.9565571621026,437.3216187190958,147.16295099872116,127.02486296731725
561.036036744646,437.3216187190958,147.16295099872116,127.02486296731725
559.9565571621026,437.3216187190958,147.16295099872116,127.02486296731725
561.036036744646,437.3216187190958,147.16295099872116,127.02486296731725
559.9565571621026,437.3216187190958,147.16295099872116,127.02486296731725
563.194995909733,437.3216187190958,147.16295099872116,127.02486296731725
562.1155163271894,437.3216187190958,147.16295099872116,127.02486296731725
565.3539550748199,438.40109830163925,147.16295099872116,127.02486296731725
562.1155163271894,438.40109830163925,147.16295099872116,127.02486296731725
564.2744754922765,438.40109830163925,147.16295099872116,127.02486296731725
562.7960029050678,438.2044225983816,150.11989617313847,129.57717353891957
560.5936637734768,437.10325303258605,150.11989617313847,129.57717353891957
563.4901624997553,436.9026255244228,153.13625524694532,132.1807676868371
560.4334734623176,437.01924993684787,150.26327039477272,129.70092813022495
561.1282960243674,436.818430816423,153.2825102868149,132.30700887914557
558.8795596529819,436.818430816423,153.2825102868149,132.30700887914557
560.0039278386747,436.818430816423,153.2825102868149,132.30700887914557
557.7551914672893,435.6940626307303,153.2825102868149,132.30700887914557
555.5064550959038,435.6940626307303,153.2825102868149,132.30700887914557
556.6308232815966,435.6940626307303,153.2825102868149,132.30700887914557
555.5064550959038,435.6940626307303,153.2825102868149,132.30700887914557
556.6308232815966,435.6940626307303,153.2825102868149,132.30700887914557
555.5064550959038,435.6940626307303,153.2825102868149,132.30700887914557
555.5064550959038,435.6940626307303,153.2825102868149,132.30700887914557
554.382086910211,435.6940626307303,153.2825102868149,132.30700887914557
554.382086910211,434.56969444503756,153.2825102868149,132.30700887914557
552.1333505388255,434.56969444503756,153.2825102868149,132.30700887914557
553.9665023563073,434.3648402660259,156.36241576600787,134.96545360855424
552.8195422406594,433.21788015037805,156.36241576600787,134.96545360855424
553.9665023563073,433.21788015037805,156.36241576600787,134.96545360855424
553.9665023563073,432.0709200347302,156.36241576600787,134.96545360855424
552.8195422406594,432.0709200347302,156.36241576600787,134.96545360855424
553.5425674619619,431.8619497206997,159.50420578599426,137.67731446791095
553.5425674619619,431.8619497206997,159.50420578599426,137.67731446791095
554.7125734472136,431.8619497206997,159.50420578599426,137.67731446791095
553.5425674619619,431.8619497206997,159.50420578599426,137.67731446791095
555.882579432465,431.8619497206997,159.50420578599426,137.67731446791095
554.7125734472136,430.69194373544815,159.50420578599426,137.67731446791095
559.3925973882199,430.69194373544815,159.50420578599426,137.67731446791095
555.8825794324653,430.69194373544815,159.50420578599426,137.67731446791095
555.8825794324653,429.52193775019657,159.50420578599426,137.67731446791095
554.7125734472136,429.52193775019657,159.50420578599426,137.67731446791095
558.2225914029684,429.52193775019657,159.50420578599426,137.67731446791095
555.8825794324653,428.351931764945,159.50420578599426,137.67731446791095
555.8825794324653,428.351931764945,159.50420578599426,137.67731446791095
557.0525854177167,428.351931764945,159.50420578599426,137.67731446791095
557.0525854177167,428.351931764945,159.50420578599426,137.67731446791095
557.0525854177167,427.1819257796934,159.50420578599426,137.67731446791095
555.8825794324653,427.1819257796934,159.50420578599426,137.67731446791095
554.7125734472136,427.1819257796934,159.50420578599426,137.67731446791095
558.2225914029684,426.01191979444184,159.50420578599426,137.67731446791095
557.0525854177167,426.01191979444184,159.50420578599426,137.67731446791095
555.8825794324653,426.01191979444184,159.50420578599426,137.67731446791095
555.8825794324653,424.84191380919026,159.50420578599426,137.67731446791095
555.8825794324653,423.6719078239387,159.50420578599426,137.67731446791095
555.8825794324653,423.6719078239387,159.50420578599426,137.67731446791095
557.0525854177167,424.84191380919026,159.50420578599426,137.67731446791095
555.8825794324653,424.84191380919026,159.50420578599426,137.67731446791095
555.03879435592,424.96338787977606,156.5117519980783,135.09435435623612
552.742683282264,422.66727680612007,156.5117519980783,135.09435435623612
555.03879435592,422.66727680612007,156.5117519980783,135.09435435623612
552.742683282264,422.66727680612007,156.5117519980783,135.09435435623612
552.742683282264,422.66727680612007,156.5117519980783,135.09435435623612
551.594627745436,421.5192212692921,156.5117519980783,135.09435435623612
550.446572208608,420.3711657324641,156.5117519980783,135.09435435623612
551.594627745436,419.2231101956361,156.5117519980783,135.09435435623612
551.594627745436,420.3711657324641,156.5117519980783,135.09435435623612
551.594627745436,419.2231101956361,156.5117519980783,135.09435435623612
550.446572208608,419.2231101956361,156.5117519980783,135.09435435623612
550.446572208608,418.0750546588081,156.5117519980783,135.09435435623612
549.29851667178,418.0750546588081,156.5117519980783,135.09435435623612
548.150461134952,418.0750546588081,156.5117519980783,135.09435435623612
551.594627745436,416.9269991219801,156.5117519980783,135.09435435623612
548.150461134952,418.0750546588081,156.5117519980783,135.09435435623612
549.29851667178,415.7789435851521,156.5117519980783,135.09435435623612
548.8741768921593,415.5697736909402,159.6565426309757,137.80880521831597
548.8741768921593,414.3986502742107,159.6565426309757,137.80880521831597
547.7030534754298,414.3986502742107,159.6565426309757,137.80880521831597
548.8741768921593,414.3986502742107,159.6565426309757,137.80880521831597
546.5319300587004,413.2275268574813,159.6565426309757,137.80880521831597
546.5319300587004,413.2275268574813,159.6565426309757,137.80880521831597
546.5319300587004,412.05640344075175,159.6565426309757,137.80880521831597
545.3608066419708,410.88528002402234,159.6565426309757,137.80880521831597
546.0990640198877,410.67190727912595,162.86452154205992,140.5777975415676
544.9044092203459,410.67190727912595,162.86452154205992,140.5777975415676
546.0990640198877,410.67190727912595,162.86452154205992,140.5777975415676
544.9044092203459,409.4772524795841,162.86452154205992,140.5777975415676
543.7097544208041,409.4772524795841,162.86452154205992,140.5777975415676
544.9044092203459,409.4772524795841,162.86452154205992,140.5777975415676
544.9044092203459,409.4772524795841,162.86452154205992,140.5777975415676
543.7097544208041,408.2825976800422,162.86452154205992,140.5777975415676
544.9044092203459,407.08794288050035,162.86452154205992,140.5777975415676
543.7097544208041,409.477252479584,162.86452154205992,140.5777975415676
543.7097544208041,407.08794288050035,162.86452154205992,140.5777975415676
543.7097544208041,407.08794288050035,162.86452154205992,140.5777975415676
545.2375027080798,406.0173212767494,159.8090249675085,137.94042155090216
540.1152555924632,405.8037447470651,163.02006770618064,140.71205844112444
542.5068471369302,405.8037447470651,163.02006770618067,140.71205844112444
542.5068471369302,405.8037447470651,163.02006770618067,140.71205844112444
542.5068471369302,404.6079489748316,163.02006770618067,140.71205844112444
542.5068471369302,403.41215320259806,163.02006770618067,140.71205844112444
540.1152555924632,403.41215320259806,163.02006770618067,140.71205844112444
538.9194598202297,402.21635743036455,163.02006770618067,140.71205844112444
542.5068471369301,403.41215320259806,163.02006770618067,140.71205844112444
541.3110513646966,403.41215320259806,163.02006770618067,140.71205844112444
541.3110513646966,404.6079489748316,163.02006770618067,140.71205844112444
538.9194598202296,403.41215320259806,163.02006770618067,140.71205844112444
540.1152555924631,403.41215320259806,163.02006770618067,140.71205844112444
538.9194598202296,403.41215320259806,163.02006770618067,140.71205844112444
540.1152555924631,403.41215320259806,163.02006770618067,140.71205844112444
536.5278682757627,403.41215320259806,163.02006770618067,140.71205844112444
536.5278682757627,402.21635743036455,163.02006770618067,140.71205844112444
536.5278682757627,402.21635743036455,163.02006770618067,140.71205844112444
535.3320725035292,402.21635743036455,163.02006770618067,140.71205844112444
532.9404809590621,401.02056165813104,163.02006770618067,140.71205844112444
534.8900871655525,401.99848950746923,166.29562992660095,143.53938583138196
532.4504413721826,399.5588437140993,166.29562992660095,143.53938583138196
531.2306184754976,399.5588437140993,166.29562992660095,143.53938583138196
531.9995752228099,398.1167752743443,169.63700801871616,146.42352271089192
528.2665768283657,398.1167752743443,169.63700801871616,146.42352271089192
531.1021871251693,399.49029901002586,166.4544530214052,143.67647523952877
532.663610712732,399.6170662001198,163.33160584627998,140.9809650462628
530.2674487372001,398.41898521235385,163.33160584628,140.98096504626284
529.8246187468313,399.3987819225483,166.61342780254932,143.8136955769374
529.8246187468313,398.17662789349527,166.61342780254932,143.8136955769374
529.8246187468313,396.9544738644421,166.61342780254932,143.8136955769374
529.8246187468313,398.17662789349527,166.61342780254932,143.8136955769374
528.6024647177783,398.17662789349527,166.61342780254932,143.8136955769374
531.0467727758845,398.17662789349527,166.61342780254932,143.8136955769374
531.0467727758845,399.3987819225483,166.61342780254932,143.8136955769374
528.6024647177783,398.17662789349527,166.61342780254932,143.8136955769374
533.4910808339906,398.17662789349527,166.61342780254932,143.8136955769374
529.8246187468313,396.9544738644421,166.61342780254932,143.8136955769374
532.2689268049376,398.17662789349527,166.61342780254932,143.8136955769374
533.4910808339906,396.9544738644421,166.61342780254932,143.8136955769374
528.150736944413,396.73180360088156,169.96119140738597,146.7033441621648
532.6767756847329,396.5046592237152,173.3762216263346,149.65105445641518
525.0462101079751,392.68937643533627,173.3762216263346,149.65105445641518
528.3914296152448,392.4576680461995,176.85987004747255,152.65799309360793
527.0941151934294,392.4576680461995,176.85987004747255,152.65799309360793
529.6887440370599,391.16035362438424,176.85987004747255,152.65799309360793
525.3172925089975,392.22130394039993,180.41351541633645,155.72535014883778
528.7982935683385,393.30357193111524,184.0385641815969,158.85433960937837
519.3484891331542,386.55371162026927,184.03856418159694,158.85433960937837
527.4483215061693,386.55371162026927,184.03856418159697,158.85433960937837
522.0484332574925,386.55371162026927,184.03856418159697,158.85433960937837
520.6984611953234,386.55371162026927,184.03856418159697,158.85433960937837
523.3984053196617,385.2037395581001,184.03856418159697,158.85433960937837
521.5494618846113,384.9577814973836,187.7364510516978,162.0461998551496
519.6633676291204,384.70688140135326,191.50863956267958,165.30219414883913
516.3346090198976,381.64140584598056,195.35662265741252,168.62361113587176
510.07297957107914,379.94732873670404,199.28192327646792,172.01176535442482
508.61119339536697,375.5619702095675,199.28192327646795,172.01176535442482
508.07089372888214,376.75742636035864,203.28609496086202,175.4679977556913
506.57973588354133,372.2839528243364,203.28609496086202,175.4679977556913
511.05320941956364,375.2662685150179,203.28609496086202,175.4679977556913
508.07089372888214,372.2839528243364,203.28609496086202,175.4679977556913
509.56205157422295,372.2839528243364,203.28609496086202,175.4679977556913
508.07089372888214,369.3016371336549,203.28609496086202,175.4679977556913
503.04626428517633,370.5211135848838,207.37072246691062,178.99367623459642
504.56738396510355,370.5211135848838,207.37072246691062,178.99367623459642
509.1307430048852,373.5633529447382,207.37072246691062,178.99367623459642
506.08850364503076,370.5211135848838,207.37072246691062,178.99367623459642
507.60962332495797,368.99999390495657,207.37072246691062,178.99367623459642
513.6941020446667,370.5211135848838,207.37072246691062,178.99367623459642
518.2574610844483,372.042233264811,207.37072246691062,178.99367623459642
513.6941020446667,367.4788742250295,207.37072246691062,178.99367623459642
515.2152217245939,367.4788742250295,207.37072246691062,178.99367623459642
513.6941020446667,367.4788742250295,207.37072246691062,178.99367623459642
521.2997004443026,370.5211135848838,207.37072246691062,178.99367623459642
515.639340105604,367.6368021345428,203.48024634503608,175.63558105571525
518.6245041008854,367.6368021345428,203.4802463450361,175.63558105571525
527.9961575950699,369.2843491607578,199.66275933307458,172.3404870032853
522.1378387551273,367.8197694507721,199.66275933307458,172.34048700328532
525.4753520894263,367.9718271849307,195.91689208444762,169.1072121149968
522.0699702606612,369.1470971232949,199.85345019710041,172.50508332802343
527.9338841744427,370.6130756017402,199.85345019710044,172.50508332802343
523.5359487391066,364.7491616879588,199.85345019710044,172.50508332802343
526.8766496147557,366.3673431255451,196.10400540269302,169.26872045285074
528.3151249133996,367.805818424189,196.10400540269302,169.26872045285074
526.3449660231214,368.9822108214472,200.04432318324933,172.66983685290987
524.8775874403019,363.1126964901691,200.04432318324933,172.66983685290987
529.6888574844289,367.6671805614503,196.29129742627362,169.43038304162553
529.6888574844289,363.3476331543491,196.29129742627362,169.43038304162553
530.0903160234186,367.8166706817982,192.6086820768935,166.25170452952904
530.0903160234186,366.40383451405637,192.60868207689353,166.25170452952904
531.5031521911604,367.8166706817982,192.60868207689353,166.25170452952904
537.1544968621278,369.22950684954003,192.60868207689353,166.25170452952904
532.9159883589023,364.99099834631454,192.60868207689353,166.25170452952904
531.5031521911604,367.8166706817982,192.60868207689353,166.25170452952904
538.5673330298696,367.8166706817982,192.60868207689353,166.25170452952904
531.5031521911604,366.40383451405637,192.60868207689353,166.25170452952904
539.9801691976114,364.99099834631454,192.60868207689353,166.25170452952904
530.0903160234187,364.99099834631454,192.60868207689353,166.25170452952904
535.741660694386,364.99099834631454,192.60868207689353,166.25170452952904
537.1544968621279,360.75248984308905,192.60868207689353,166.25170452952904
532.9159883589024,366.40383451405626,192.60868207689353,166.25170452952904
537.1544968621279,366.40383451405626,192.60868207689353,166.25170452952904
537.1544968621279,362.1653260108309,192.60868207689353,166.25170452952904
533.8066175699005,363.32075059675856,196.47876832586454,169.5922000286409
533.2739179087749,363.0581668440311,200.42661621783614,172.99981610381639
539.1546491264387,361.5879840396151,200.42661621783614,172.99981610381639
533.2739179087749,363.0581668440311,200.42661621783614,172.99981610381639
537.6844663220228,360.1178012351992,200.42661621783614,172.99981610381639
531.2603319089425,361.3201241915441,204.4537882175011,176.47590140879038
539.1771004603887,356.97666108064925,200.61803661464936,173.16504213053938
528.8759919910332,359.91983492903654,200.61803661464938,173.16504213053938
537.7055135361951,359.91983492903654,200.61803661464938,173.16504213053938
533.2907527636141,359.91983492903654,200.61803661464938,173.16504213053938
536.2339266120015,356.97666108064925,200.61803661464938,173.16504213053938
538.1158212010296,360.07262017642506,196.85424743659323,169.91629778737513
535.227864152022,355.74068460291363,196.85424743659325,169.91629778737513
533.2501679551502,356.9215775662004,200.80963983033672,173.33042595881687
529.759741523598,353.7072210568085,204.84450792344768,176.8131542076074
534.2675091865632,355.2098102777969,204.84450792344768,176.8131542076074
534.2675091865632,353.7072210568085,204.84450792344768,176.8131542076074
539.1942285705129,352.3606358489556,201.001426039502,173.49596773935954
534.7710310061957,350.8862366608499,201.001426039502,173.49596773935957
532.7516701794898,353.56640698527366,205.04014769291373,176.98202221914653
532.7516701794898,353.56640698527366,205.04014769291373,176.98202221914653
530.6917343356929,350.2843328080566,209.16001938050744,180.53812199159586
529.1574896846216,350.2843328080566,209.16001938050744,180.53812199159586
541.8592247768603,350.4436233974975,205.23597431102795,177.15105151057145
537.762594937292,350.59992554080065,201.38554813751585,173.8275257608031
543.6714622427774,352.077142367172,201.38554813751585,173.8275257608031
537.762594937292,353.5543591935433,201.38554813751585,173.8275257608031
542.1942454164059,353.5543591935433,201.38554813751585,173.8275257608031
545.5605564625378,352.2305121304886,197.60735969799475,170.566352581427
542.6615508540384,353.6800149347383,197.60735969799475,170.566352581427
542.6615508540384,353.6800149347383,197.60735969799475,170.566352581427
542.6615508540384,353.6800149347383,197.60735969799475,170.566352581427
548.4595620710372,355.12951773898794,197.60735969799475,170.566352581427
542.1257913190823,351.966420073529,201.57788437640656,173.99354230384563
545.0830466472732,353.44504773762446,201.57788437640656,173.99354230384563
542.1257913190823,351.966420073529,201.57788437640656,173.99354230384563
545.0830466472732,354.92367540171995,201.57788437640656,173.99354230384563
550.9975573036552,353.44504773762446,201.57788437640656,173.99354230384563
546.5616743113687,349.009164745338,201.57788437640656,173.99354230384563
545.0830466472732,349.009164745338,201.57788437640656,173.99354230384563
545.0830466472732,350.4877924094335,201.57788437640656,173.99354230384563
545.0830466472732,350.4877924094335,201.57788437640656,173.99354230384563
549.9312004025301,349.1626809867099,197.79608752227477,170.72925449291085
551.7866237389377,352.21509146089727,194.08524084945958,167.5262078911125
553.2102908599636,352.21509146089727,194.08524084945958,167.5262078911125
553.607237531836,352.36290150847833,190.44401326366295,164.38325355389858
552.2102797884597,352.36290150847833,190.44401326366295,164.38325355389858
556.4011530185884,352.36290150847833,190.44401326366295,164.38325355389858
559.1950685053408,353.75985925185455,190.44401326366295,164.38325355389858
563.7754413023206,352.50793849603514,186.87109864320846,161.2992640920326
553.6735440522762,352.25819489892206,190.62589962824643,164.5402502054338
559.2667117661924,352.25819489892206,190.62589962824643,164.54025020543384
556.4701279092344,352.25819489892206,190.62589962824643,164.54025020543384
557.8684198377134,352.25819489892206,190.62589962824643,164.54025020543384
556.4701279092344,350.859902970443,190.62589962824643,164.54025020543384
562.0632956231507,352.25819489892206,190.62589962824643,164.54025020543384
556.4701279092344,350.859902970443,190.62589962824643,164.54025020543384
560.6650036946714,349.4616110419639,190.62589962824643,164.54025020543384
553.6735440522762,349.4616110419639,190.62589962824643,164.54025020543384
560.6650036946714,349.4616110419639,190.62589962824643,164.54025020543384
555.0718359807552,349.4616110419639,190.62589962824643,164.54025020543384
556.4701279092342,349.4616110419639,190.62589962824643,164.54025020543384
560.6650036946714,348.06331911348485,190.62589962824643,164.54025020543384
565.2497510442674,349.60678654923544,187.04957264297067,161.45331533393266
558.389457973856,349.60678654923544,187.04957264297067,161.45331533393266
564.2602496252136,351.12129703709945,183.54034102474918,158.42429435820466
556.1823448523878,349.7749795749618,183.54034102474918,158.4242943582047
562.4163115891084,348.1833699016921,187.22821709695947,161.6075137047441
559.6695735512998,348.1833699016921,187.2282170969595,161.6075137047441
567.9097876647259,348.1833699016921,187.2282170969595,161.6075137047441
557.7885852682351,346.5597800152574,190.99019366308872,164.85469347761352
563.3924417586398,345.1588158926562,190.99019366308875,164.85469347761352
565.1840225061993,346.7052329589707,187.4070321679698,161.76185934498452
561.4432687582197,346.8479570642171,183.89109426194645,158.72704978399594
564.1410494199988,348.1968473951067,183.89109426194645,158.72704978399594
568.1877204126674,346.8479570642171,183.89109426194645,158.72704978399594
562.7921590891093,348.1968473951067,183.89109426194645,158.72704978399594
562.7921590891093,345.4990667333276,183.89109426194645,158.72704978399594
562.7921590891093,345.4990667333276,183.89109426194645,158.72704978399594
565.4899397508884,345.4990667333276,183.89109426194645,158.72704978399594
568.1877204126675,345.4990667333276,183.89109426194645,158.72704978399594
565.4899397508884,346.8479570642172,183.89109426194645,158.72704978399594
566.8388300817779,346.8479570642172,183.89109426194645,158.72704978399594
569.536610743557,346.8479570642172,183.89109426194645,158.72704978399594
566.8388300817779,345.4990667333276,183.89109426194645,158.72704978399594
572.234391405336,345.4990667333276,183.89109426194645,158.72704978399594
562.7921590891093,344.1501764024381,183.89109426194645,158.72704978399594
565.4899397508884,344.1501764024381,183.89109426194645,158.72704978399594
565.4899397508884,342.8012860715485,183.89109426194645,158.72704978399594
565.4899397508884,344.1501764024381,183.89109426194645,158.72704978399594
566.8388300817779,342.8012860715485,183.89109426194645,158.72704978399594
562.7921590891093,344.1501764024381,183.89109426194645,158.72704978399594
564.5171468374778,342.9413325339876,180.4411187652095,155.74917619733878
563.1935629990426,344.2649163724228,180.44111876520952,155.74917619733878
565.840730675913,344.2649163724228,180.44111876520955,155.74917619733878
564.8861883021934,343.0787515887984,177.05586815890763,152.8271704108466
567.0036528837951,344.1408776619726,180.61345171782457,155.89792674591175
565.6788049370874,342.8160297152649,180.6134517178246,155.89792674591178
570.4885116279424,341.2498011942121,184.24251780319085,159.0303837880174
561.0282348124367,341.2498011942121,184.24251780319085,159.0303837880174
563.7311710454384,341.2498011942121,184.24251780319085,159.0303837880174
563.7311710454384,341.2498011942121,184.24251780319085,159.0303837880174
566.43410727844,341.2498011942121,184.24251780319085,159.0303837880174
561.0282348124367,339.8983330777113,184.24251780319085,159.0303837880174
561.0282348124367,339.8983330777113,184.24251780319085,159.0303837880174
562.3797029289375,341.2498011942121,184.24251780319085,159.0303837880174
565.0826391619391,339.8983330777113,184.24251780319085,159.0303837880174
558.3252985794351,338.5468649612105,184.24251780319085,159.0303837880174
557.825774240826,338.300634326985,187.94450271341037,162.22578128947004
560.5830205715574,339.67925749235064,187.94450271341037,162.22578128947004
556.8315385977794,338.4437677551998,184.41848133804106,159.18226810230914
558.1842974538438,339.7965266112642,184.4184813380411,159.18226810230914
560.8898151659725,341.1492854673286,184.4184813380411,159.18226810230914
558.5614734929826,339.93697471737516,180.9586115476347,156.19585417795835
564.7077515199967,339.69513285469753,184.5946129294613,159.33429747595608
557.9374973781578,339.69513285469753,184.5946129294613,159.33429747595608
560.6455990348934,341.04918368306534,184.5946129294613,159.33429747595608
566.0618023483645,341.04918368306534,184.5946129294613,159.33429747595608
563.3537006916289,339.69513285469753,184.5946129294613,159.33429747595608
561.9996498632611,341.04918368306534,184.5946129294613,159.33429747595608
552.8988303313663,339.8357150978444,181.1314387393664,156.3450313329268
557.7223309319195,339.5936422605278,184.7709127379565,159.4864720474993
560.8109158393573,339.7343587688201,181.3044309922574,156.49435096173795
561.6492738021652,340.8219712006546,184.94738092418484,159.63879195561213
560.2926353262606,339.4653327247498,184.94738092418487,159.63879195561213
565.7191892298794,339.4653327247498,184.9473809241849,159.63879195561213
563.0059122780699,339.4653327247498,184.9473809241849,159.63879195561213
561.6492738021652,338.10869424884515,184.9473809241849,159.63879195561213
560.2926353262606,338.10869424884515,184.9473809241849,159.63879195561213
563.8611153674245,337.8615216013678,188.66352864909453,162.84641420237625
566.6289101930266,337.8615216013678,188.66352864909453,162.84641420237625
559.7094231290213,336.4776241885668,188.66352864909453,162.84641420237625
558.3255257162202,337.8615216013678,188.66352864909453,162.84641420237625
561.9657072268515,336.2254851010836,192.45434493024078,166.1184872029446
566.2008194174009,337.6371891646001,192.4543449302408,166.1184872029446
556.7125021066001,334.96034903911544,188.8437145355785,163.00194307281504
558.0977212310427,336.3455681635579,188.8437145355785,163.00194307281504
555.3272829821577,336.3455681635579,188.8437145355785,163.00194307281504
556.7125021066003,336.3455681635579,188.8437145355785,163.00194307281504
556.7125021066003,336.3455681635579,188.8437145355785,163.00194307281504
558.4839478377689,337.874605531514,185.30082307324108,159.94386833690277
561.5813905953935,340.7341877422117,181.8243996950799,156.94316605259525
561.0884223376665,339.1574582244643,185.47779735815314,160.09662508809004
561.0884223376665,340.51798744669355,185.47779735815314,160.09662508809004
558.367363893208,340.51798744669355,185.47779735815314,160.09662508809004
558.367363893208,339.1574582244643,185.47779735815314,160.09662508809004
555.6463054487494,340.51798744669355,185.47779735815314,160.09662508809004
555.6463054487494,337.79692900223495,185.47779735815314,160.09662508809004
557.0068346709787,340.51798744669355,185.47779735815314,160.09662508809004
554.2857762265202,339.1574582244643,185.47779735815314,160.09662508809004
555.6463054487494,339.1574582244643,185.47779735815314,160.09662508809004
552.9252470042909,339.1574582244643,185.47779735815314,160.09662508809004
554.2857762265202,340.51798744669355,185.47779735815314,160.09662508809004
554.2857762265202,340.51798744669355,185.47779735815314,160.09662508809004
554.2857762265202,339.1574582244643,185.47779735815314,160.09662508809004
557.8644904242786,340.2701059249754,189.2046027404705,163.31344657598504
553.700891416604,340.2701059249754,189.20460274047053,163.31344657598504
557.351512718738,341.40511005573285,193.0062908233348,166.59490365803632
548.8569963136663,337.1578518531969,193.00629082333484,166.59490365803634
552.5809695496242,338.3156616219537,196.8843662248481,169.9422950572373
548.2483711880247,338.3156616219537,196.8843662248481,169.9422950572373
546.8041717341582,338.3156616219537,196.8843662248481,169.9422950572373
548.2483711880247,339.7598610758202,196.8843662248481,169.9422950572373
546.8041717341582,338.3156616219537,196.8843662248481,169.9422950572373
548.2483711880247,338.3156616219537,196.8843662248481,169.9422950572373
546.8041717341582,339.7598610758202,196.8843662248481,169.9422950572373
551.1367700957577,339.7598610758202,196.8843662248481,169.9422950572373
545.3599722802918,339.7598610758202,196.8843662248481,169.9422950572373
548.2483711880247,339.7598610758202,196.8843662248481,169.9422950572373
551.1367700957577,339.7598610758202,196.8843662248481,169.9422950572373
551.1367700957577,341.20406052968667,196.8843662248481,169.9422950572373
545.3599722802918,341.20406052968667,196.8843662248481,169.9422950572373
545.3599722802918,341.20406052968667,196.8843662248481,169.9422950572373
543.9157728264253,341.20406052968667,196.8843662248481,169.9422950572373
542.4715733725587,341.20406052968667,196.8843662248481,169.9422950572373
542.4715733725587,341.20406052968667,196.8843662248481,169.9422950572373
541.0273739186922,342.64825998355315,196.8843662248481,169.9422950572373
542.4715733725587,342.64825998355315,196.8843662248481,169.9422950572373
539.5831744648258,342.64825998355315,196.8843662248481,169.9422950572373
539.5831744648258,342.64825998355315,196.8843662248481,169.9422950572373
539.5831744648258,341.20406052968667,196.8843662248481,169.9422950572373
538.5416465050647,344.2424012228552,193.19062432890422,166.75401257863314
538.5416465050647,344.2424012228552,193.19062432890422,166.75401257863314
539.4349666371738,345.4013167749134,197.07240354354488,170.1046009533756
537.989387879312,345.4013167749134,197.0724035435449,170.1046009533756
536.5438091214501,345.4013167749134,197.0724035435449,170.1046009533756
537.989387879312,345.4013167749134,197.0724035435449,170.1046009533756
536.5438091214501,345.4013167749134,197.0724035435449,170.1046009533756
535.0982303635882,345.4013167749134,197.0724035435449,170.1046009533756
535.0982303635882,345.4013167749134,197.0724035435449,170.1046009533756
534.5639212192498,343.69236090143534,201.03217934794537,173.5225127003318
535.4935009731179,344.8983165212787,205.07151892758367,177.00910054801957
530.9807377509651,344.8983165212786,205.07151892758367,177.0091005480196
532.4849921583493,344.8983165212786,205.07151892758367,177.0091005480196
532.4849921583493,346.40257092866295,205.07151892758367,177.0091005480196
529.4764833435808,347.9068253360472,205.07151892758367,177.0091005480196
527.9722289361965,347.9068253360472,205.07151892758367,177.0091005480196
