644.0,522.0,110.0,132.0
643.0472440944882,520.0944881889764,110.0,132.0
642.0944881889764,519.1417322834645,110.0,132.0
642.0944881889764,519.1417322834645,110.0,132.0
641.1417322834645,519.1417322834645,110.0,132.0
641.1417322834645,518.1889763779527,110.0,132.0
641.1417322834645,518.1889763779527,110.0,132.0
641.1417322834645,518.1889763779527,110.0,132.0
641.1417322834645,517.2362204724409,110.0,132.0
641.1417322834645,517.2362204724409,110.0,132.0
641.1417322834645,516.2834645669291,110.0,132.0
641.1417322834645,516.2834645669291,110.0,132.0
641.1417322834645,515.3307086614172,110.0,132.0
641.1417322834645,514.3779527559054,110.0,132.0
641.1417322834645,513.4251968503936,110.0,132.0
641.1417322834645,513.4251968503936,110.0,132.0
640.1889763779527,512.4724409448818,110.0,132.0
640.1889763779527,511.51968503936996,110.0,132.0
640.1889763779527,510.56692913385814,110.0,132.0
640.1889763779527,510.56692913385814,110.0,132.0
640.1889763779527,509.6141732283463,110.0,132.0
640.1889763779527,509.6141732283463,110.0,132.0
640.1889763779527,508.6614173228345,110.0,132.0
640.1889763779527,507.7086614173227,110.0,132.0
640.1889763779527,506.75590551181085,110.0,132.0
639.2362204724409,505.80314960629903,110.0,132.0
639.2362204724409,504.8503937007872,110.0,132.0
639.2362204724409,503.8976377952754,110.0,132.0
639.2362204724409,502.94488188976356,110.0,132.0
639.2362204724409,501.99212598425174,110.0,132.0
639.2362204724409,501.0393700787399,110.0,132.0
639.2362204724409,500.0866141732281,110.0,132.0
638.2834645669291,499.1338582677163,110.0,132.0
638.2834645669291,497.22834645669263,110.0,132.0
638.2834645669291,496.2755905511808,110.0,132.0
638.2834645669291,495.322834645669,110.0,132.0
638.2834645669291,494.37007874015717,110.0,132.0
638.2834645669291,493.41732283464535,110.0,132.0
638.2834645669291,492.4645669291335,110.0,132.0
638.2834645669291,491.5118110236217,110.0,132.0
638.2834645669291,490.5590551181099,110.0,132.0
638.2834645669291,489.60629921259806,110.0,132.0
638.2834645669291,488.65354330708624,110.0,132.0
638.2834645669291,488.65354330708624,110.0,132.0
638.2834645669291,487.7007874015744,110.0,132.0
638.2834645669291,486.7480314960626,110.0,132.0
638.2834645669291,485.7952755905508,110.0,132.0
638.2834645669291,484.84251968503895,110.0,132.0
637.3307086614172,483.88976377952713,110.0,132.0
637.3307086614172,482.9370078740153,110.0,132.0
637.3307086614172,482.9370078740153,110.0,132.0
637.3307086614172,481.9842519685035,110.0,132.0
637.3307086614172,481.03149606299166,110.0,132.0
637.3307086614172,480.07874015747984,110.0,132.0
637.3307086614172,479.125984251968,110.0,132.0
637.3307086614172,478.1732283464562,110.0,132.0
637.3307086614172,477.2204724409444,110.0,132.0
637.3307086614172,476.26771653543256,110.0,132.0
636.3779527559054,475.31496062992073,110.0,132.0
636.3779527559054,475.31496062992073,110.0,132.0
636.3779527559054,474.3622047244089,110.0,132.0
636.3779527559054,473.4094488188971,110.0,132.0
636.3779527559054,473.4094488188971,110.0,132.0
636.3779527559054,472.45669291338527,110.0,132.0
636.3779527559054,471.50393700787345,110.0,132.0
636.3779527559054,470.5511811023616,110.0,132.0
636.3779527559054,469.5984251968498,110.0,132.0
636.3779527559054,468.645669291338,110.0,132.0
636.3779527559054,468.645669291338,110.0,132.0
636.3779527559054,467.69291338582616,110.0,132.0
636.3779527559054,466.74015748031434,110.0,132.0
636.3779527559054,465.7874015748025,110.0,132.0
636.3779527559054,464.8346456692907,110.0,132.0
636.3779527559054,463.8818897637789,110.0,132.0
636.3779527559054,462.92913385826705,110.0,132.0
636.3779527559054,461.97637795275523,110.0,132.0
636.3779527559054,461.97637795275523,110.0,132.0
636.3779527559054,461.0236220472434,110.0,132.0
635.4251968503936,460.0708661417316,110.0,132.0
635.4251968503936,459.11811023621976,110.0,132.0
635.4251968503936,458.16535433070794,110.0,132.0
635.4251968503936,458.16535433070794,110.0,132.0
635.4251968503936,458.16535433070794,110.0,132.0
634.4724409448818,457.2125984251961,110.0,132.0
634.4724409448818,457.2125984251961,110.0,132.0
634.4724409448818,457.2125984251961,110.0,132.0
634.4724409448818,456.2598425196843,110.0,132.0
634.4724409448818,456.2598425196843,110.0,132.0
634.4724409448818,456.2598425196843,110.0,132.0
634.4724409448818,456.2598425196843,110.0,132.0
634.4724409448818,456.2598425196843,110.0,132.0
634.4724409448818,455.3070866141725,110.0,132.0
634.4724409448818,455.3070866141725,110.0,132.0
634.4724409448818,455.3070866141725,110.0,132.0
634.4724409448818,454.35433070866065,110.0,132.0
633.51968503937,454.35433070866065,110.0,132.0
633.51968503937,454.35433070866065,110.0,132.0
633.51968503937,454.35433070866065,110.0,132.0
633.51968503937,453.40157480314883,110.0,132.0
633.51968503937,453.40157480314883,110.0,132.0
633.51968503937,453.40157480314883,110.0,132.0
633.51968503937,453.40157480314883,110.0,132.0
633.51968503937,452.448818897637,110.0,132.0
632.5669291338581,452.448818897637,110.0,132.0
632.5669291338581,452.448818897637,110.0,132.0
632.5669291338581,452.448818897637,110.0,132.0
632.5669291338581,452.448818897637,110.0,132.0
632.5669291338581,451.4960629921252,110.0,132.0
632.5669291338581,451.4960629921252,110.0,132.0
632.5669291338581,451.4960629921252,110.0,132.0
632.5669291338581,451.4960629921252,110.0,132.0
632.5669291338581,451.4960629921252,110.0,132.0
631.6141732283463,451.4960629921252,110.0,132.0
631.6141732283463,450.54330708661337,110.0,132.0
631.6141732283463,450.54330708661337,110.0,132.0
631.6141732283463,450.54330708661337,110.0,132.0
631.6141732283463,450.54330708661337,110.0,132.0
631.6141732283463,450.54330708661337,110.0,132.0
631.6141732283463,450.54330708661337,110.0,132.0
631.6141732283463,450.54330708661337,110.0,132.0
630.6614173228345,449.59055118110155,110.0,132.0
629.5563023228345,449.21716908661335,112.21023,134.652276
629.5563023228345,448.2452694566921,112.21023,134.652276
629.5563023228345,447.2733698267708,112.21023,134.652276
629.5563023228345,447.2733698267708,112.21023,134.652276
629.5563023228345,447.2733698267708,112.21023,134.652276
629.5563023228345,446.30147019684955,112.21023,134.652276
629.5563023228345,446.30147019684955,112.21023,134.652276
629.5563023228345,446.30147019684955,112.21023,134.652276
629.5563023228345,446.30147019684955,112.21023,134.652276
629.5563023228345,445.3295705669283,112.21023,134.652276
629.5563023228345,445.3295705669283,112.21023,134.652276
629.5563023228345,445.3295705669283,112.21023,134.652276
629.5563023228345,445.3295705669283,112.21023,134.652276
629.5563023228345,445.3295705669283,112.21023,134.652276
628.5844026929133,444.357670937007,112.21023,134.652276
628.5844026929133,444.357670937007,112.21023,134.652276
628.5844026929133,444.357670937007,112.21023,134.652276
628.5844026929133,443.38577130708575,112.21023,134.652276
627.4570826172182,443.004886846173,114.46487015138999,137.35784418166799
628.4485106264035,443.99631485535826,114.46487015138999,137.35784418166799
628.4485106264035,443.004886846173,114.46487015138999,137.35784418166799
628.4485106264035,443.004886846173,114.46487015138999,137.35784418166799
628.4485106264035,443.004886846173,114.46487015138999,137.35784418166799
628.4485106264035,442.01345883698775,114.46487015138999,137.35784418166799
628.4485106264035,442.01345883698775,114.46487015138999,137.35784418166799
628.4485106264035,442.01345883698775,114.46487015138999,137.35784418166799
628.4485106264035,442.01345883698775,114.46487015138999,137.35784418166799
628.4485106264035,441.0220308278025,114.46487015138999,137.35784418166799
628.4485106264035,441.0220308278025,114.46487015138999,137.35784418166799
628.4485106264035,441.0220308278025,114.46487015138999,137.35784418166799
628.4485106264035,441.0220308278025,114.46487015138999,137.35784418166799
628.4485106264035,441.0220308278025,114.46487015138999,137.35784418166799
628.4485106264035,440.03060281861724,114.46487015138999,137.35784418166799
628.4485106264035,440.03060281861724,114.46487015138999,137.35784418166799
628.4485106264035,440.03060281861724,114.46487015138999,137.35784418166799
628.4485106264035,440.03060281861724,114.46487015138999,137.35784418166799
627.2985393084275,438.6506372370461,116.76481278734187,140.11777534481024
626.2871905362537,437.63928846487227,116.76481278734188,140.11777534481024
626.2871905362537,436.6279396926984,116.76481278734188,140.11777534481024
626.2871905362537,436.6279396926984,116.76481278734188,140.11777534481024
626.2871905362537,436.6279396926984,116.76481278734188,140.11777534481024
626.2871905362537,436.6279396926984,116.76481278734188,140.11777534481024
626.2871905362537,436.6279396926984,116.76481278734188,140.11777534481024
626.2871905362537,436.6279396926984,116.76481278734188,140.11777534481024
626.2871905362537,435.6165909205246,116.76481278734188,140.11777534481024
626.2871905362537,435.6165909205246,116.76481278734188,140.11777534481024
626.2871905362537,435.6165909205246,116.76481278734188,140.11777534481024
626.2871905362537,435.6165909205246,116.76481278734188,140.11777534481024
626.2871905362537,434.6052421483507,116.76481278734188,140.11777534481024
626.2871905362537,434.6052421483507,116.76481278734188,140.11777534481024
626.2871905362537,434.6052421483507,116.76481278734188,140.11777534481024
626.2871905362537,434.6052421483507,116.76481278734188,140.11777534481024
626.2871905362537,434.6052421483507,116.76481278734188,140.11777534481024
627.2985393084275,434.6052421483507,116.76481278734188,140.11777534481024
627.2985393084275,433.5938933761769,116.76481278734188,140.11777534481024
627.2985393084275,433.5938933761769,116.76481278734188,140.11777534481024
627.2985393084275,433.5938933761769,116.76481278734188,140.11777534481024
627.2985393084275,433.5938933761769,116.76481278734188,140.11777534481024
627.1368103889333,433.1975489183491,119.11096817067795,142.93316180481352
627.1368103889333,433.1975489183491,119.11096817067795,142.93316180481352
627.1368103889333,432.16587911529604,119.11096817067795,142.93316180481352
628.1684801919864,432.16587911529604,119.11096817067795,142.93316180481352
628.1684801919864,432.16587911529604,119.11096817067795,142.93316180481352
628.1684801919864,432.16587911529604,119.11096817067795,142.93316180481352
628.1684801919864,432.16587911529604,119.11096817067795,142.93316180481352
628.1684801919864,432.16587911529604,119.11096817067795,142.93316180481352
628.1684801919864,432.16587911529604,119.11096817067795,142.93316180481352
628.1684801919864,432.16587911529604,119.11096817067795,142.93316180481352
628.1684801919864,431.13420931224294,119.11096817067795,142.93316180481352
628.1684801919864,431.13420931224294,119.11096817067795,142.93316180481352
626.9718318502597,429.6982313021709,121.50426485413138,145.80511782495765
624.6987401089968,428.2334001859424,123.94565004784545,148.73478005741453
624.6987401089968,427.15985518552804,123.94565004784545,148.73478005741453
625.7722851094112,427.15985518552804,123.94565004784545,148.73478005741453
625.7722851094112,426.0863101851136,123.94565004784545,148.73478005741453
625.7722851094112,426.0863101851136,123.94565004784545,148.73478005741453
625.7722851094112,426.0863101851136,123.94565004784545,148.73478005741453
625.7722851094112,426.0863101851136,123.94565004784545,148.73478005741453
625.7722851094112,426.0863101851136,123.94565004784545,148.73478005741453
625.7722851094112,426.0863101851136,123.94565004784545,148.73478005741453
625.7722851094112,426.0863101851136,123.94565004784545,148.73478005741453
625.7722851094112,426.0863101851136,123.94565004784545,148.73478005741453
625.7722851094112,425.0127651846992,123.94565004784545,148.73478005741453
625.7722851094112,425.0127651846992,123.94565004784545,148.73478005741453
625.7722851094112,425.0127651846992,123.94565004784545,148.73478005741453
625.7722851094112,425.0127651846992,123.94565004784545,148.73478005741453
625.7722851094112,423.93922018428475,123.94565004784545,148.73478005741453
625.7722851094112,423.93922018428475,123.94565004784545,148.73478005741453
625.7722851094112,423.93922018428475,123.94565004784545,148.73478005741453
625.7722851094112,423.93922018428475,123.94565004784545,148.73478005741453
625.7722851094112,423.93922018428475,123.94565004784545,148.73478005741453
625.7722851094112,422.8656751838704,123.94565004784545,148.73478005741453
625.7722851094112,422.8656751838704,123.94565004784545,148.73478005741453
625.7722851094112,422.8656751838704,123.94565004784545,148.73478005741453
625.7722851094112,421.7921301834559,123.94565004784545,148.73478005741453
625.7722851094112,421.7921301834559,123.94565004784545,148.73478005741453
625.7722851094112,421.7921301834559,123.94565004784545,148.73478005741453
625.7722851094112,421.7921301834559,123.94565004784545,148.73478005741453
625.7722851094112,421.7921301834559,123.94565004784545,148.73478005741453
625.7722851094112,421.7921301834559,123.94565004784545,148.73478005741453
625.7722851094112,421.7921301834559,123.94565004784545,148.73478005741453
625.7722851094112,420.71858518304157,123.94565004784545,148.73478005741453
625.7722851094112,420.71858518304157,123.94565004784545,148.73478005741453
625.7722851094112,420.71858518304157,123.94565004784545,148.73478005741453
625.7722851094112,420.71858518304157,123.94565004784545,148.73478005741453
625.7722851094112,420.71858518304157,123.94565004784545,148.73478005741453
625.7722851094112,420.71858518304157,123.94565004784545,148.73478005741453
625.7722851094112,420.71858518304157,123.94565004784545,148.73478005741453
625.7722851094112,420.71858518304157,123.94565004784545,148.73478005741453
625.7722851094112,420.71858518304157,123.94565004784545,148.73478005741453
625.7722851094112,420.71858518304157,123.94565004784545,148.73478005741453
625.7722851094112,420.71858518304157,123.94565004784545,148.73478005741453
624.6987401089968,419.6450401826271,123.94565004784545,148.73478005741453
624.6987401089968,419.6450401826271,123.94565004784545,148.73478005741453
624.6987401089968,419.6450401826271,123.94565004784545,148.73478005741453
624.6987401089968,418.57149518221274,123.94565004784545,148.73478005741453
624.6987401089968,418.57149518221274,123.94565004784545,148.73478005741453
624.6987401089968,418.57149518221274,123.94565004784545,148.73478005741453
624.6987401089968,418.57149518221274,123.94565004784545,148.73478005741453
624.6987401089968,418.57149518221274,123.94565004784545,148.73478005741453
624.6987401089968,418.57149518221274,123.94565004784545,148.73478005741453
624.6987401089968,418.57149518221274,123.94565004784545,148.73478005741453
624.6987401089968,418.57149518221274,123.94565004784545,148.73478005741453
624.6987401089968,418.57149518221274,123.94565004784545,148.73478005741453
624.6987401089968,418.57149518221274,123.94565004784545,148.73478005741453
624.6987401089968,418.57149518221274,123.94565004784545,148.73478005741453
624.6987401089968,418.57149518221274,123.94565004784545,148.73478005741453
623.6251951085825,417.4979501817983,123.94565004784545,148.73478005741453
623.6251951085825,417.4979501817983,123.94565004784545,148.73478005741453
623.6251951085825,417.4979501817983,123.94565004784545,148.73478005741453
623.6251951085825,417.4979501817983,123.94565004784545,148.73478005741453
623.6251951085825,417.4979501817983,123.94565004784545,148.73478005741453
623.6251951085825,417.4979501817983,123.94565004784545,148.73478005741453
623.6251951085825,417.4979501817983,123.94565004784545,148.73478005741453
623.6251951085825,417.4979501817983,123.94565004784545,148.73478005741453
622.5516501081681,416.4244051813839,123.94565004784545,148.73478005741453
622.5516501081681,416.4244051813839,123.94565004784545,148.73478005741453
622.5516501081681,416.4244051813839,123.94565004784545,148.73478005741453
622.5516501081681,416.4244051813839,123.94565004784545,148.73478005741453
622.5516501081681,416.4244051813839,123.94565004784545,148.73478005741453
622.5516501081681,416.4244051813839,123.94565004784545,148.73478005741453
622.5516501081681,416.4244051813839,123.94565004784545,148.73478005741453
622.5516501081681,416.4244051813839,123.94565004784545,148.73478005741453
621.4781051077538,415.35086018096945,123.94565004784545,148.73478005741453
621.4781051077538,415.35086018096945,123.94565004784545,148.73478005741453
621.4781051077538,415.35086018096945,123.94565004784545,148.73478005741453
621.4781051077538,415.35086018096945,123.94565004784545,148.73478005741453
620.4045601073394,415.35086018096945,123.94565004784545,148.73478005741453
620.4045601073394,415.35086018096945,123.94565004784545,148.73478005741453
619.3310151069251,414.2773151805551,123.94565004784545,148.73478005741453
619.3310151069251,414.2773151805551,123.94565004784545,148.73478005741453
619.3310151069251,414.2773151805551,123.94565004784545,148.73478005741453
619.3310151069251,414.2773151805551,123.94565004784545,148.73478005741453
619.3310151069251,414.2773151805551,123.94565004784545,148.73478005741453
618.2574701065107,413.2037701801406,123.94565004784545,148.73478005741453
618.0857951337193,411.70950621229383,126.4360899942568,151.72330799310816
616.9906793936116,411.70950621229383,126.4360899942568,151.72330799310816
616.9906793936116,411.70950621229383,126.4360899942568,151.72330799310816
616.9906793936116,411.70950621229383,126.4360899942568,151.72330799310816
615.8955636535038,410.6143904721861,126.4360899942568,151.72330799310816
615.8955636535038,410.6143904721861,126.4360899942568,151.72330799310816
615.8955636535038,410.6143904721861,126.4360899942568,151.72330799310816
615.8955636535038,410.6143904721861,126.4360899942568,151.72330799310816
614.800447913396,410.6143904721861,126.4360899942568,151.72330799310816
614.800447913396,410.6143904721861,126.4360899942568,151.72330799310816
614.800447913396,410.6143904721861,126.4360899942568,151.72330799310816
614.800447913396,410.6143904721861,126.4360899942568,151.72330799310816
614.800447913396,410.6143904721861,126.4360899942568,151.72330799310816
614.800447913396,410.6143904721861,126.4360899942568,151.72330799310816
613.7053321732883,409.5192747320783,126.4360899942568,151.72330799310816
613.5302077352688,407.99498651832556,128.9765703505114,154.77188442061367
612.4130878345951,407.99498651832556,128.9765703505114,154.77188442061367
612.4130878345951,407.99498651832556,128.9765703505114,154.77188442061367
612.4130878345951,407.99498651832556,128.9765703505114,154.77188442061367
612.4130878345951,407.99498651832556,128.9765703505114,154.77188442061367
612.4130878345951,407.99498651832556,128.9765703505114,154.77188442061367
612.4130878345951,407.99498651832556,128.9765703505114,154.77188442061367
612.4130878345951,407.99498651832556,128.9765703505114,154.77188442061367
611.2959679339214,407.99498651832556,128.9765703505114,154.77188442061367
611.2959679339214,407.99498651832556,128.9765703505114,154.77188442061367
611.2959679339214,407.99498651832556,128.9765703505114,154.77188442061367
610.1788480332476,407.99498651832556,128.9765703505114,154.77188442061367
610.1788480332476,407.99498651832556,128.9765703505114,154.77188442061367
610.1788480332476,407.99498651832556,128.9765703505114,154.77188442061367
610.1788480332476,407.99498651832556,128.9765703505114,154.77188442061367
609.0617281325739,407.99498651832556,128.9765703505114,154.77188442061367
609.0617281325739,407.99498651832556,128.9765703505114,154.77188442061367
609.0617281325739,407.99498651832556,128.9765703505114,154.77188442061367
607.9446082319001,406.8778666176518,128.9765703505114,154.77188442061367
607.9446082319001,406.8778666176518,128.9765703505114,154.77188442061367
607.9446082319001,406.8778666176518,128.9765703505114,154.77188442061367
606.8274883312264,406.8778666176518,128.9765703505114,154.77188442061367
606.8274883312264,406.8778666176518,128.9765703505114,154.77188442061367
606.8274883312264,406.8778666176518,128.9765703505114,154.77188442061367
605.7103684305526,406.8778666176518,128.9765703505114,154.77188442061367
605.7103684305526,406.8778666176518,128.9765703505114,154.77188442061367
605.7103684305526,406.8778666176518,128.9765703505114,154.77188442061367
604.5932485298789,405.7607467169781,128.9765703505114,154.77188442061367
604.5932485298789,405.7607467169781,128.9765703505114,154.77188442061367
604.5932485298789,405.7607467169781,128.9765703505114,154.77188442061367
604.5932485298789,405.7607467169781,128.9765703505114,154.77188442061367
603.4761286292052,405.7607467169781,128.9765703505114,154.77188442061367
603.2974854158524,404.2058309801464,131.56809657856422,157.88171589427708
602.1579192250144,404.2058309801464,131.56809657856422,157.88171589427708
602.1579192250144,404.2058309801464,131.56809657856422,157.88171589427708
600.8361203427379,402.6196723214145,134.21169434311733,161.0540332117408
599.6736568484274,402.6196723214145,134.21169434311736,161.05403321174083
599.6736568484274,401.457208827104,134.21169434311736,161.05403321174083
599.6736568484274,401.457208827104,134.21169434311736,161.05403321174083
599.6736568484274,401.457208827104,134.21169434311736,161.05403321174083
598.5111933541169,401.457208827104,134.21169434311736,161.05403321174083
598.5111933541169,401.457208827104,134.21169434311736,161.05403321174083
598.5111933541169,401.457208827104,134.21169434311736,161.05403321174083
597.3487298598064,401.457208827104,134.21169434311736,161.05403321174083
597.3487298598064,400.2947453327935,134.21169434311736,161.05403321174083
597.3487298598064,400.2947453327935,134.21169434311736,161.05403321174083
597.3487298598064,400.2947453327935,134.21169434311736,161.05403321174083
597.3487298598064,400.2947453327935,134.21169434311736,161.05403321174083
597.3487298598064,400.2947453327935,134.21169434311736,161.05403321174083
596.186266365496,400.2947453327935,134.21169434311736,161.05403321174083
596.186266365496,400.2947453327935,134.21169434311736,161.05403321174083
596.186266365496,400.2947453327935,134.21169434311736,161.05403321174083
596.186266365496,400.2947453327935,134.21169434311736,161.05403321174083
595.0238028711855,400.2947453327935,134.21169434311736,161.05403321174083
595.0238028711855,399.13228183848304,134.21169434311736,161.05403321174083
595.0238028711855,399.13228183848304,134.21169434311736,161.05403321174083
595.0238028711855,399.13228183848304,134.21169434311736,161.05403321174083
593.861339376875,397.96981834417255,134.21169434311736,161.05403321174083
593.861339376875,399.13228183848304,134.21169434311736,161.05403321174083
593.861339376875,399.13228183848304,134.21169434311736,161.05403321174083
593.861339376875,397.96981834417255,134.21169434311736,161.05403321174083
593.861339376875,399.13228183848304,134.21169434311736,161.05403321174083
592.6988758825645,399.13228183848304,134.21169434311736,161.05403321174083
592.6988758825645,399.13228183848304,134.21169434311736,161.05403321174083
591.536412388254,397.96981834417255,134.21169434311736,161.05403321174083
591.536412388254,397.96981834417255,134.21169434311736,161.05403321174083
591.536412388254,397.96981834417255,134.21169434311736,161.05403321174083
591.536412388254,397.96981834417255,134.21169434311736,161.05403321174083
590.3739488939435,397.96981834417255,134.21169434311736,161.05403321174083
591.536412388254,397.96981834417255,134.21169434311736,161.05403321174083
590.3739488939435,397.96981834417255,134.21169434311736,161.05403321174083
590.1880546010359,397.5142524938213,136.90840991755363,164.29009190106433
589.0022337277343,397.5142524938213,136.90840991755363,164.29009190106433
589.0022337277343,397.5142524938213,136.90840991755363,164.29009190106433
589.0022337277343,397.5142524938213,136.90840991755363,164.29009190106433
589.0022337277343,397.5142524938213,136.90840991755363,164.29009190106433
587.8164128544327,396.32843162051967,136.90840991755363,164.29009190106433
587.8164128544327,396.32843162051967,136.90840991755363,164.29009190106433
587.8164128544327,396.32843162051967,136.90840991755363,164.29009190106433
586.630591981131,395.14261074721804,136.90840991755363,164.29009190106433
586.630591981131,395.14261074721804,136.90840991755363,164.29009190106433
585.4447711078294,395.14261074721804,136.90840991755363,164.29009190106433
585.4447711078294,395.14261074721804,136.90840991755363,164.29009190106433
585.4447711078294,395.14261074721804,136.90840991755363,164.29009190106433
584.2589502345278,395.14261074721804,136.90840991755363,164.29009190106433
583.0731293612262,395.14261074721804,136.90840991755363,164.29009190106433
583.0731293612262,395.14261074721804,136.90840991755363,164.29009190106433
581.8873084879245,395.14261074721804,136.90840991755363,164.29009190106433
580.7014876146229,395.14261074721804,136.90840991755363,164.29009190106433
579.5156667413213,395.14261074721804,136.90840991755363,164.29009190106433
579.5156667413213,395.14261074721804,136.90840991755363,164.29009190106433
578.3298458680197,395.14261074721804,136.90840991755363,164.29009190106433
577.144024994718,393.9567898739164,136.90840991755363,164.29009190106433
575.9582041214164,393.9567898739164,136.90840991755363,164.29009190106433
574.7723832481148,393.9567898739164,136.90840991755363,164.29009190106433
573.5865623748132,393.9567898739164,136.90840991755363,164.29009190106433
572.4007415015116,393.9567898739164,136.90840991755363,164.29009190106433
572.4007415015116,393.9567898739164,136.90840991755363,164.29009190106433
571.2149206282099,393.9567898739164,136.90840991755363,164.29009190106433
570.0290997549083,393.9567898739164,136.90840991755363,164.29009190106433
568.8432788816067,393.9567898739164,136.90840991755363,164.29009190106433
566.2820076680683,393.492070338934,139.65931059802705,167.59117271763242
566.2820076680683,394.7017179110429,139.65931059802705,167.59117271763245
565.0723600959594,395.9113654831518,139.65931059802705,167.59117271763245
563.8627125238505,395.9113654831518,139.65931059802705,167.59117271763245
561.4434173796327,395.9113654831518,139.65931059802705,167.59117271763245
560.2337698075238,395.9113654831518,139.65931059802705,167.59117271763245
559.0241222354149,395.9113654831518,139.65931059802705,167.59117271763245
557.814474663306,397.12101305526073,139.65931059802705,167.59117271763245
556.6048270911971,398.33066062736964,139.65931059802705,167.59117271763245
555.3951795190882,398.33066062736964,139.65931059802705,167.59117271763245
554.1855319469793,398.33066062736964,139.65931059802705,167.59117271763245
552.9758843748704,399.54030819947855,139.65931059802705,167.59117271763245
551.7662368027615,399.54030819947855,139.65931059802705,167.59117271763245
549.3469416585436,400.74995577158745,139.65931059802705,167.59117271763245
548.1372940864347,400.74995577158745,139.65931059802705,167.59117271763245
545.7179989422169,400.74995577158745,139.65931059802705,167.59117271763245
541.895616534076,400.27589862698863,142.46548512587322,170.95858215104784
540.6616635133007,400.27589862698863,142.46548512587322,170.95858215104784
539.4277104925254,400.27589862698863,142.46548512587322,170.95858215104784
538.1937574717501,401.5098516477639,142.46548512587322,170.95858215104784
536.9598044509748,401.5098516477639,142.46548512587322,170.95858215104784
535.7258514301996,402.7438046685392,142.46548512587322,170.95858215104784
534.4918984094243,402.7438046685392,142.46548512587322,170.95858215104784
533.257945388649,402.7438046685392,142.46548512587322,170.95858215104784
532.0239923678737,402.7438046685392,142.46548512587322,170.95858215104784
530.7900393470984,403.9777576893145,142.46548512587322,170.95858215104784
529.5560863263231,405.2117107100898,142.46548512587322,170.95858215104784
528.3221333055478,405.2117107100898,142.46548512587322,170.95858215104784
527.0881802847725,406.4456637308651,142.46548512587322,170.95858215104784
524.620274243222,406.4456637308651,142.46548512587322,170.95858215104784
523.1889947469049,405.96208135605985,145.3280441185074,174.39365294220886
521.9302479080832,405.96208135605985,145.3280441185074,174.39365294220886
520.6715010692615,407.22082819488156,145.3280441185074,174.39365294220886
518.154007391618,407.22082819488156,145.3280441185074,174.39365294220886
516.8952605527963,407.22082819488156,145.3280441185074,174.39365294220886
515.6365137139746,408.47957503370327,145.3280441185074,174.39365294220886
514.3777668751529,408.47957503370327,145.3280441185074,174.39365294220886
511.86027319750957,409.738321872525,145.3280441185074,174.39365294220886
510.60152635868786,410.9970687113467,145.3280441185074,174.39365294220886
509.34277951986616,410.9970687113467,145.3280441185074,174.39365294220886
508.08403268104445,410.9970687113467,145.3280441185074,174.39365294220886
506.82528584222274,410.9970687113467,145.3280441185074,174.39365294220886
505.56653900340103,412.2558155501684,145.3280441185074,174.39365294220886
503.0490453257576,412.2558155501684,145.3280441185074,174.39365294220886
501.7902984869359,412.2558155501684,145.3280441185074,174.39365294220886
500.5315516481142,413.5145623889901,145.3280441185074,174.39365294220886
499.2728048092925,414.7733092278118,145.3280441185074,174.39365294220886
498.0140579704708,414.7733092278118,145.3280441185074,174.39365294220886
496.7553111316491,416.0320560666335,145.3280441185074,174.39365294220886
494.23781745400566,416.0320560666335,145.3280441185074,174.39365294220886
492.97907061518396,414.7733092278118,145.3280441185074,174.39365294220886
490.2602855811257,414.2800102323496,148.24812050898055,177.89774461077667
488.97624674207157,415.5640490714038,148.24812050898055,177.89774461077667
487.69220790301745,415.5640490714038,148.24812050898055,177.89774461077667
486.4081690639633,415.5640490714038,148.24812050898055,177.89774461077667
483.840091385855,416.84808791045793,148.24812050898055,177.89774461077667
482.55605254680086,416.84808791045793,148.24812050898055,177.89774461077667
481.27201370774674,416.84808791045793,148.24812050898055,177.89774461077667
479.9879748686926,418.13212674951217,148.24812050898055,177.89774461077667
478.7039360296385,418.13212674951217,148.24812050898055,177.89774461077667
477.4198971905844,419.4161655885663,148.24812050898055,177.89774461077667
476.13585835153026,420.7002044276205,148.24812050898055,177.89774461077667
474.85181951247614,419.4161655885663,148.24812050898055,177.89774461077667
473.567780673422,420.7002044276205,148.24812050898055,177.89774461077667
472.2837418343679,420.7002044276205,148.24812050898055,177.89774461077667
470.9997029953138,421.98424326667464,148.24812050898055,177.89774461077667
469.71566415625966,421.98424326667464,148.24812050898055,177.89774461077667
467.1475864781513,423.26828210572876,148.24812050898055,177.89774461077667
465.8635476390972,423.26828210572876,148.24812050898055,177.89774461077667
463.0901340573496,422.76507125355073,151.2268699943675,181.47224399324102
460.47045599445505,422.76507125355073,151.2268699943675,181.47224399324102
459.1606169630078,422.76507125355073,151.2268699943675,181.47224399324102
457.8507779315605,422.76507125355073,151.2268699943675,181.47224399324102
457.8507779315605,422.76507125355073,151.2268699943675,181.47224399324102
457.8507779315605,424.074910284998,151.2268699943675,181.47224399324102
456.54093890011325,425.38474931644527,151.2268699943675,181.47224399324102
455.231099868666,425.38474931644527,151.2268699943675,181.47224399324102
452.61142180577144,425.38474931644527,151.2268699943675,181.47224399324102
451.3015827743242,426.69458834789253,151.2268699943675,181.47224399324102
449.9917437428769,426.69458834789253,151.2268699943675,181.47224399324102
447.1626039620312,427.491105511509,154.2654714931643,185.1185657917972
445.8264463349251,427.491105511509,154.2654714931643,185.1185657917972
445.8264463349251,427.491105511509,154.2654714931643,185.1185657917972
444.490288707819,427.491105511509,154.2654714931643,185.1185657917972
443.1541310807129,427.491105511509,154.2654714931643,185.1185657917972
443.1541310807129,428.8272631386151,154.2654714931643,185.1185657917972
441.8179734536068,428.8272631386151,154.2654714931643,185.1185657917972
441.8179734536068,430.1634207657212,154.2654714931643,185.1185657917972
440.4818158265007,430.1634207657212,154.2654714931643,185.1185657917972
439.1456581993946,430.1634207657212,154.2654714931643,185.1185657917972
437.80950057228847,430.1634207657212,154.2654714931643,185.1185657917972
434.9235148858263,430.9759423487062,157.36512761187646,188.8381531342518
433.56050984351873,429.61293730639863,157.36512761187646,188.8381531342518
432.19750480121115,429.61293730639863,157.36512761187646,188.8381531342518
430.8344997589036,429.61293730639863,157.36512761187646,188.8381531342518
429.471494716596,429.61293730639863,157.36512761187646,188.8381531342518
428.1084896742884,429.61293730639863,157.36512761187646,188.8381531342518
426.74548463198084,429.61293730639863,157.36512761187646,188.8381531342518
423.80151083512055,429.07877984324296,160.5270651209819,192.63247814517834
422.41111893249786,429.07877984324296,160.5270651209819,192.63247814517834
421.02072702987516,429.07877984324296,160.5270651209819,192.63247814517834
419.63033512725247,429.07877984324296,160.5270651209819,192.63247814517834
419.63033512725247,429.07877984324296,160.5270651209819,192.63247814517834
418.23994322462977,430.46917174586565,160.5270651209819,192.63247814517834
416.6272080648918,429.9242814568028,163.7525354404578,196.5030425285494
416.74495730656764,430.34924635623827,160.680378862862,192.8164546354344
415.35323748964515,430.34924635623827,160.68037886286203,192.8164546354344
415.35323748964515,431.7409661731607,160.68037886286203,192.8164546354344
413.9615176727227,431.7409661731607,160.68037886286203,192.8164546354344
413.9615176727227,431.7409661731607,160.68037886286203,192.8164546354344
412.5697978558003,431.7409661731607,160.68037886286203,192.8164546354344
412.5697978558003,431.7409661731607,160.68037886286203,192.8164546354344
409.5638026126321,432.58727529551066,163.9089297153535,196.6907156584242
406.72443532622447,431.16759165230684,163.9089297153535,196.6907156584242
406.72443532622447,431.16759165230684,163.9089297153535,196.6907156584242
406.72443532622447,432.58727529551066,163.9089297153535,196.6907156584242
405.30475168302064,432.58727529551066,163.9089297153535,196.6907156584242
405.30475168302064,432.58727529551066,163.9089297153535,196.6907156584242
403.8850680398168,432.58727529551066,163.9089297153535,196.6907156584242
402.465384396613,432.58727529551066,163.9089297153535,196.6907156584242
402.465384396613,434.0069589387145,163.9089297153535,196.6907156584242
401.04570075340916,434.0069589387145,163.9089297153535,196.6907156584242
399.62601711020534,434.0069589387145,163.9089297153535,196.6907156584242
398.2063334670015,434.0069589387145,163.9089297153535,196.6907156584242
398.2063334670015,434.0069589387145,163.9089297153535,196.6907156584242
396.7866498237977,434.0069589387145,163.9089297153535,196.6907156584242
395.36696618059386,434.0069589387145,163.9089297153535,196.6907156584242
395.36696618059386,435.4266425819183,163.9089297153535,196.6907156584242
393.94728253739004,435.4266425819183,163.9089297153535,196.6907156584242
393.94728253739004,435.4266425819183,163.9089297153535,196.6907156584242
392.5275988941862,435.4266425819183,163.9089297153535,196.6907156584242
392.5275988941862,435.4266425819183,163.9089297153535,196.6907156584242
391.1079152509824,435.4266425819183,163.9089297153535,196.6907156584242
389.68823160777856,435.4266425819183,163.9089297153535,196.6907156584242
388.26854796457474,435.4266425819183,163.9089297153535,196.6907156584242
388.26854796457474,436.84632622512214,163.9089297153535,196.6907156584242
388.26854796457474,436.84632622512214,163.9089297153535,196.6907156584242
386.8488643213709,436.84632622512214,163.9089297153535,196.6907156584242
385.4291806781671,436.84632622512214,163.9089297153535,196.6907156584242
385.4291806781671,438.26600986832597,163.9089297153535,196.6907156584242
384.00949703496326,438.26600986832597,163.9089297153535,196.6907156584242
382.58981339175944,438.26600986832597,163.9089297153535,196.6907156584242
381.1701297485556,438.26600986832597,163.9089297153535,196.6907156584242
381.1701297485556,438.26600986832597,163.9089297153535,196.6907156584242
381.1701297485556,438.26600986832597,163.9089297153535,196.6907156584242
379.7504461053518,438.26600986832597,163.9089297153535,196.6907156584242
378.33076246214796,438.26600986832597,163.9089297153535,196.6907156584242
378.33076246214796,439.6856935115298,163.9089297153535,196.6907156584242
378.33076246214796,439.6856935115298,163.9089297153535,196.6907156584242
376.91107881894413,439.6856935115298,163.9089297153535,196.6907156584242
376.91107881894413,441.1053771547336,163.9089297153535,196.6907156584242
375.4913951757403,441.1053771547336,163.9089297153535,196.6907156584242
375.4913951757403,441.1053771547336,163.9089297153535,196.6907156584242
374.0717115325365,442.52506079793744,163.9089297153535,196.6907156584242
372.65202788933266,442.52506079793744,163.9089297153535,196.6907156584242
372.65202788933266,442.52506079793744,163.9089297153535,196.6907156584242
371.23234424612883,442.52506079793744,163.9089297153535,196.6907156584242
369.812660602925,441.1053771547336,163.9089297153535,196.6907156584242
369.812660602925,442.52506079793744,163.9089297153535,196.6907156584242
369.812660602925,442.52506079793744,163.9089297153535,196.6907156584242
369.812660602925,442.52506079793744,163.9089297153535,196.6907156584242
368.3929769597212,442.52506079793744,163.9089297153535,196.6907156584242
368.3929769597212,441.1053771547336,163.9089297153535,196.6907156584242
368.3929769597212,442.52506079793744,163.9089297153535,196.6907156584242
368.3929769597212,441.1053771547336,163.9089297153535,196.6907156584242
368.3929769597212,442.52506079793744,163.9089297153535,196.6907156584242
368.3929769597212,442.52506079793744,163.9089297153535,196.6907156584242
366.97329331651736,442.52506079793744,163.9089297153535,196.6907156584242
366.97329331651736,441.1053771547336,163.9089297153535,196.6907156584242
365.55360967331353,441.1053771547336,163.9089297153535,196.6907156584242
365.55360967331353,441.1053771547336,163.9089297153535,196.6907156584242
365.55360967331353,441.1053771547336,163.9089297153535,196.6907156584242
365.55360967331353,441.1053771547336,163.9089297153535,196.6907156584242
365.55360967331353,441.1053771547336,163.9089297153535,196.6907156584242
364.1339260301097,441.1053771547336,163.9089297153535,196.6907156584242
364.1339260301097,441.1053771547336,163.9089297153535,196.6907156584242
364.1339260301097,441.1053771547336,163.9089297153535,196.6907156584242
364.1339260301097,441.1053771547336,163.9089297153535,196.6907156584242
362.7142423869059,441.1053771547336,163.9089297153535,196.6907156584242
362.7142423869059,441.1053771547336,163.9089297153535,196.6907156584242
362.7142423869059,441.1053771547336,163.9089297153535,196.6907156584242
361.29455874370205,441.1053771547336,163.9089297153535,196.6907156584242
362.7142423869059,441.1053771547336,163.9089297153535,196.6907156584242
361.29455874370205,441.1053771547336,163.9089297153535,196.6907156584242
361.29455874370205,441.1053771547336,163.9089297153535,196.6907156584242
361.29455874370205,441.1053771547336,163.9089297153535,196.6907156584242
359.87487510049823,441.1053771547336,163.9089297153535,196.6907156584242
361.29455874370205,441.1053771547336,163.9089297153535,196.6907156584242
359.87487510049823,441.1053771547336,163.9089297153535,196.6907156584242
359.87487510049823,441.1053771547336,163.9089297153535,196.6907156584242
359.87487510049823,441.1053771547336,163.9089297153535,196.6907156584242
359.87487510049823,441.1053771547336,163.9089297153535,196.6907156584242
359.87487510049823,441.1053771547336,163.9089297153535,196.6907156584242
359.87487510049823,441.1053771547336,163.9089297153535,196.6907156584242
358.4551914572944,441.1053771547336,163.9089297153535,196.6907156584242
358.4551914572944,441.1053771547336,163.9089297153535,196.6907156584242
358.4551914572944,439.6856935115298,163.9089297153535,196.6907156584242
357.0355078140906,441.1053771547336,163.9089297153535,196.6907156584242
357.0355078140906,441.1053771547336,163.9089297153535,196.6907156584242
357.0355078140906,441.1053771547336,163.9089297153535,196.6907156584242
355.61582417088675,441.1053771547336,163.9089297153535,196.6907156584242
355.61582417088675,439.6856935115298,163.9089297153535,196.6907156584242
354.1961405276829,439.6856935115298,163.9089297153535,196.6907156584242
357.0355078140906,441.1053771547336,163.9089297153535,196.6907156584242
355.61582417088675,441.1053771547336,163.9089297153535,196.6907156584242
354.1961405276829,439.6856935115298,163.9089297153535,196.6907156584242
358.4551914572945,439.6856935115298,163.9089297153535,196.6907156584242
358.4551914572945,439.6856935115298,163.9089297153535,196.6907156584242
358.4551914572945,439.6856935115298,163.9089297153535,196.6907156584242
358.4551914572945,439.6856935115298,163.9089297153535,196.6907156584242
359.87487510049834,439.6856935115298,163.9089297153535,196.6907156584242
359.87487510049834,439.6856935115298,163.9089297153535,196.6907156584242
361.29455874370217,439.6856935115298,163.9089297153535,196.6907156584242
361.29455874370217,439.6856935115298,163.9089297153535,196.6907156584242
361.29455874370217,439.6856935115298,163.9089297153535,196.6907156584242
361.29455874370217,438.26600986832597,163.9089297153535,196.6907156584242
362.714242386906,438.26600986832597,163.9089297153535,196.6907156584242
362.714242386906,438.26600986832597,163.9089297153535,196.6907156584242
362.48721496772447,437.70964023666744,167.20235184012412,200.64282220814894
361.0390056210777,436.2614308900207,167.20235184012412,200.64282220814894
362.48721496772447,436.2614308900207,167.20235184012412,200.64282220814894
362.48721496772447,436.2614308900207,167.20235184012412,200.64282220814894
362.48721496772447,436.2614308900207,167.20235184012412,200.64282220814894
362.48721496772447,436.2614308900207,167.20235184012412,200.64282220814894
363.93542431437123,436.2614308900207,167.20235184012412,200.64282220814894
362.48721496772447,436.2614308900207,167.20235184012412,200.64282220814894
362.48721496772447,434.8132215433739,167.20235184012412,200.64282220814894
362.48721496772447,436.2614308900207,167.20235184012412,200.64282220814894
362.48721496772447,436.2614308900207,167.20235184012412,200.64282220814894
362.48721496772447,436.2614308900207,167.20235184012412,200.64282220814894
362.48721496772447,436.2614308900207,167.20235184012412,200.64282220814894
363.93542431437123,436.2614308900207,167.20235184012412,200.64282220814894
362.48721496772447,434.8132215433739,167.20235184012412,200.64282220814894
363.93542431437123,434.8132215433739,167.20235184012412,200.64282220814894
363.93542431437123,434.8132215433739,167.20235184012412,200.64282220814894
363.93542431437123,434.8132215433739,167.20235184012412,200.64282220814894
363.93542431437123,434.8132215433739,167.20235184012412,200.64282220814894
363.93542431437123,434.8132215433739,167.20235184012412,200.64282220814894
363.93542431437123,434.8132215433739,167.20235184012412,200.64282220814894
363.93542431437123,434.8132215433739,167.20235184012412,200.64282220814894
363.93542431437123,434.8132215433739,167.20235184012412,200.64282220814894
363.93542431437123,434.8132215433739,167.20235184012412,200.64282220814894
363.93542431437123,433.36501219672715,167.20235184012412,200.64282220814894
365.383633661018,433.36501219672715,167.20235184012412,200.64282220814894
365.383633661018,433.36501219672715,167.20235184012412,200.64282220814894
365.383633661018,433.36501219672715,167.20235184012412,200.64282220814894
366.83184300766476,433.36501219672715,167.20235184012412,200.64282220814894
368.2800523543115,433.36501219672715,167.20235184012412,200.64282220814894
366.83184300766476,433.36501219672715,167.20235184012412,200.64282220814894
369.7282617009582,433.36501219672715,167.20235184012412,200.64282220814894
369.7282617009582,433.36501219672715,167.20235184012412,200.64282220814894
369.7282617009582,433.36501219672715,167.20235184012412,200.64282220814894
369.7282617009582,433.36501219672715,167.20235184012412,200.64282220814894
371.176471047605,433.36501219672715,167.20235184012412,200.64282220814894
369.7282617009582,433.36501219672715,167.20235184012412,200.64282220814894
372.6246803942517,433.36501219672715,167.20235184012412,200.64282220814894
371.17647104760493,433.36501219672715,167.20235184012412,200.64282220814894
372.6246803942517,433.36501219672715,167.20235184012412,200.64282220814894
372.6246803942517,434.8132215433739,167.20235184012412,200.64282220814894
374.07288974089846,434.8132215433739,167.20235184012412,200.64282220814894
372.6246803942517,434.8132215433739,167.20235184012412,200.64282220814894
375.52109908754517,434.8132215433739,167.20235184012412,200.64282220814894
375.52109908754517,434.8132215433739,167.20235184012412,200.64282220814894
374.0728897408984,434.8132215433739,167.20235184012412,200.64282220814894
375.52109908754517,434.8132215433739,167.20235184012412,200.64282220814894
382.88237571573984,436.69534863330307,164.0654733569088,196.87856802829054
380.04029664971466,436.69534863330307,164.0654733569088,196.87856802829057
378.61925711670204,436.69534863330307,164.0654733569088,196.87856802829057
378.61925711670204,436.69534863330307,164.0654733569088,196.87856802829057
380.04029664971466,436.69534863330307,164.0654733569088,196.87856802829057
378.61925711670204,436.69534863330307,164.0654733569088,196.87856802829057
381.4613361827272,436.69534863330307,164.0654733569088,196.87856802829057
380.0402966497146,436.69534863330307,164.0654733569088,196.87856802829057
380.0402966497146,435.27430910029045,164.0654733569088,196.87856802829057
381.4613361827272,436.69534863330307,164.0654733569088,196.87856802829057
380.0402966497146,435.27430910029045,164.0654733569088,196.87856802829057
381.4613361827272,436.69534863330307,164.0654733569088,196.87856802829057
382.88237571573984,436.69534863330307,164.0654733569088,196.87856802829057
382.88237571573984,436.69534863330307,164.0654733569088,196.87856802829057
384.30341524875246,436.69534863330307,164.0654733569088,196.87856802829057
382.88237571573984,436.69534863330307,164.0654733569088,196.87856802829057
387.14549431477764,436.69534863330307,164.0654733569088,196.87856802829057
385.724454781765,436.69534863330307,164.0654733569088,196.87856802829057
385.724454781765,436.69534863330307,164.0654733569088,196.87856802829057
385.724454781765,436.69534863330307,164.0654733569088,196.87856802829057
387.14549431477764,436.69534863330307,164.0654733569088,196.87856802829057
387.14549431477764,436.69534863330307,164.0654733569088,196.87856802829057
387.14549431477764,436.69534863330307,164.0654733569088,196.87856802829057
388.56653384779025,436.69534863330307,164.0654733569088,196.87856802829057
389.98757338080287,436.69534863330307,164.0654733569088,196.87856802829057
389.98757338080287,436.69534863330307,164.0654733569088,196.87856802829057
389.98757338080287,436.69534863330307,164.0654733569088,196.87856802829057
391.4086129138155,436.69534863330307,164.0654733569088,196.87856802829057
392.8296524468281,436.69534863330307,164.0654733569088,196.87856802829057
392.8296524468281,438.1163881663157,164.0654733569088,196.87856802829057
392.8296524468281,438.1163881663157,164.0654733569088,196.87856802829057
394.2506919798407,438.1163881663157,164.0654733569088,196.87856802829057
392.8296524468281,438.1163881663157,164.0654733569088,196.87856802829057
394.2506919798407,438.1163881663157,164.0654733569088,196.87856802829057
394.2506919798407,439.5374276993283,164.0654733569088,196.87856802829057
394.2506919798407,439.5374276993283,164.0654733569088,196.87856802829057
394.2506919798407,439.5374276993283,164.0654733569088,196.87856802829057
394.2506919798407,439.5374276993283,164.0654733569088,196.87856802829057
395.67173151285334,439.5374276993283,164.0654733569088,196.87856802829057
397.09277104586596,439.5374276993283,164.0654733569088,196.87856802829057
395.67173151285334,439.5374276993283,164.0654733569088,196.87856802829057
398.5138105788785,439.5374276993283,164.0654733569088,196.87856802829057
398.5138105788785,440.9584672323409,164.0654733569088,196.87856802829057
397.0927710458659,439.5374276993283,164.0654733569088,196.87856802829057
398.5138105788785,439.5374276993283,164.0654733569088,196.87856802829057
399.93485011189114,439.5374276993283,164.0654733569088,196.87856802829057
399.93485011189114,439.5374276993283,164.0654733569088,196.87856802829057
401.35588964490375,439.5374276993283,164.0654733569088,196.87856802829057
399.93485011189114,439.5374276993283,164.0654733569088,196.87856802829057
401.35588964490375,439.5374276993283,164.0654733569088,196.87856802829057
401.35588964490375,439.5374276993283,164.0654733569088,196.87856802829057
401.35588964490375,440.9584672323409,164.0654733569088,196.87856802829057
399.93485011189114,439.5374276993283,164.0654733569088,196.87856802829057
401.35588964490375,439.5374276993283,164.0654733569088,196.87856802829057
402.7769291779164,440.9584672323409,164.0654733569088,196.87856802829057
401.35588964490375,440.9584672323409,164.0654733569088,196.87856802829057
401.35588964490375,439.5374276993283,164.0654733569088,196.87856802829057
401.35588964490375,440.9584672323409,164.0654733569088,196.87856802829057
404.19796871092893,440.9584672323409,164.0654733569088,196.87856802829057
404.19796871092893,440.9584672323409,164.0654733569088,196.87856802829057
404.19796871092893,440.9584672323409,164.0654733569088,196.87856802829057
405.61900824394155,440.9584672323409,164.0654733569088,196.87856802829057
405.61900824394155,442.37950676535354,164.0654733569088,196.87856802829057
405.61900824394155,442.37950676535354,164.0654733569088,196.87856802829057
405.61900824394155,442.37950676535354,164.0654733569088,196.87856802829057
407.04004777695417,442.37950676535354,164.0654733569088,196.87856802829057
407.04004777695417,443.80054629836616,164.0654733569088,196.87856802829057
405.61900824394155,443.80054629836616,164.0654733569088,196.87856802829057
407.04004777695417,443.80054629836616,164.0654733569088,196.87856802829057
407.04004777695417,443.80054629836616,164.0654733569088,196.87856802829057
407.04004777695417,442.37950676535354,164.0654733569088,196.87856802829057
407.04004777695417,443.80054629836616,164.0654733569088,196.87856802829057
408.4610873099668,443.80054629836616,164.0654733569088,196.87856802829057
408.4610873099668,443.80054629836616,164.0654733569088,196.87856802829057
409.8821268429794,443.80054629836616,164.0654733569088,196.87856802829057
411.303166375992,445.2215858313788,164.0654733569088,196.87856802829057
409.8821268429794,445.2215858313788,164.0654733569088,196.87856802829057
411.303166375992,446.6426253643914,164.0654733569088,196.87856802829057
409.8821268429794,446.6426253643914,164.0654733569088,196.87856802829057
409.8821268429794,445.2215858313788,164.0654733569088,196.87856802829057
411.303166375992,446.6426253643914,164.0654733569088,196.87856802829057
411.303166375992,446.6426253643914,164.0654733569088,196.87856802829057
411.303166375992,446.6426253643914,164.0654733569088,196.87856802829057
412.72420590900464,446.6426253643914,164.0654733569088,196.87856802829057
414.14524544201726,448.063664897404,164.0654733569088,196.87856802829057
412.72420590900464,448.063664897404,164.0654733569088,196.87856802829057
414.14524544201726,448.063664897404,164.0654733569088,196.87856802829057
415.5662849750299,449.4847044304166,164.0654733569088,196.87856802829057
414.14524544201726,449.4847044304166,164.0654733569088,196.87856802829057
415.5662849750299,450.90574396342925,164.0654733569088,196.87856802829057
415.5662849750299,450.90574396342925,164.0654733569088,196.87856802829057
415.5662849750299,450.90574396342925,164.0654733569088,196.87856802829057
415.5662849750299,450.90574396342925,164.0654733569088,196.87856802829057
415.5662849750299,450.90574396342925,164.0654733569088,196.87856802829057
416.9873245080425,450.90574396342925,164.0654733569088,196.87856802829057
416.9873245080425,452.32678349644186,164.0654733569088,196.87856802829057
416.9873245080425,452.32678349644186,164.0654733569088,196.87856802829057
418.4083640410551,453.7478230294545,164.0654733569088,196.87856802829057
418.4083640410551,453.7478230294545,164.0654733569088,196.87856802829057
418.4083640410551,453.7478230294545,164.0654733569088,196.87856802829057
418.4083640410551,453.7478230294545,164.0654733569088,196.87856802829057
419.8294035740677,453.7478230294545,164.0654733569088,196.87856802829057
419.8294035740677,453.7478230294545,164.0654733569088,196.87856802829057
421.25044310708034,453.7478230294545,164.0654733569088,196.87856802829057
421.25044310708034,455.1688625624671,164.0654733569088,196.87856802829057
421.25044310708034,455.1688625624671,164.0654733569088,196.87856802829057
421.25044310708034,455.1688625624671,164.0654733569088,196.87856802829057
422.67148264009296,455.1688625624671,164.0654733569088,196.87856802829057
424.0925221731056,455.1688625624671,164.0654733569088,196.87856802829057
424.0925221731056,455.1688625624671,164.0654733569088,196.87856802829057
424.0925221731056,455.1688625624671,164.0654733569088,196.87856802829057
424.0925221731056,455.1688625624671,164.0654733569088,196.87856802829057
424.0925221731056,455.1688625624671,164.0654733569088,196.87856802829057
425.5135617061182,456.5899020954797,164.0654733569088,196.87856802829057
425.5135617061182,456.5899020954797,164.0654733569088,196.87856802829057
425.5135617061182,456.5899020954797,164.0654733569088,196.87856802829057
431.3156941035502,457.01567912054014,160.9874457601204,193.1849349121445
429.92131465208456,457.01567912054014,160.9874457601204,193.1849349121445
429.92131465208456,457.01567912054014,160.9874457601204,193.1849349121445
429.92131465208456,457.01567912054014,160.9874457601204,193.1849349121445
431.3156941035502,458.41005857200577,160.9874457601204,193.1849349121445
432.7100735550158,458.41005857200577,160.9874457601204,193.1849349121445
431.3156941035502,458.41005857200577,160.9874457601204,193.1849349121445
432.7100735550158,458.41005857200577,160.9874457601204,193.1849349121445
432.7100735550158,458.41005857200577,160.9874457601204,193.1849349121445
432.7100735550158,458.41005857200577,160.9874457601204,193.1849349121445
432.7100735550158,458.41005857200577,160.9874457601204,193.1849349121445
434.10445300648144,458.41005857200577,160.9874457601204,193.1849349121445
435.49883245794706,458.41005857200577,160.9874457601204,193.1849349121445
435.49883245794706,458.41005857200577,160.9874457601204,193.1849349121445
436.8932119094127,458.41005857200577,160.9874457601204,193.1849349121445
436.8932119094127,458.41005857200577,160.9874457601204,193.1849349121445
436.8932119094127,458.41005857200577,160.9874457601204,193.1849349121445
438.2875913608783,458.41005857200577,160.9874457601204,193.1849349121445
438.2875913608783,458.41005857200577,160.9874457601204,193.1849349121445
439.68197081234393,457.01567912054014,160.9874457601204,193.1849349121445
438.0646104385149,457.86360557487654,164.22216650777852,197.06659980933424
439.48700715629883,457.8636055748765,164.22216650777852,197.06659980933426
440.9094038740828,459.28600229266044,164.22216650777852,197.06659980933426
439.48700715629883,457.8636055748765,164.22216650777852,197.06659980933426
440.9094038740828,457.8636055748765,164.22216650777852,197.06659980933426
442.33180059186674,457.8636055748765,164.22216650777852,197.06659980933426
