780.0,310.0,90.0,91.0
773.5866141732283,314.98818897637796,90.0,91.00000000000001
770.1552673195262,321.5426005609593,88.31151260504201,89.29275163398694
763.8622028386156,322.2418299477272,88.31151260504201,89.29275163398694
759.6668265180086,324.3395181080307,88.31151260504201,89.29275163398694
752.6745326503303,324.3395181080307,88.31151260504201,89.29275163398694
751.405249355934,325.17712747244786,86.65470287322772,87.61753290515249
745.3570008973118,325.312911307342,85.0289765008358,85.97374290640064
744.1348968224466,324.7729086528555,83.43375033385979,84.36079200423603
738.3114615659425,323.58242853813755,81.86845215882876,82.7781016272602
733.2454943884125,323.06249776507883,80.33252049755207,81.22510405863599
730.7012798284725,319.24617592516887,80.33252049755208,81.22510405863599
727.0024623944959,319.3720531982792,78.82540440571519,79.70124223244537
722.6336178021056,318.12381188616774,78.82540440571519,79.70124223244537
718.2647732097154,315.62732926194474,78.82540440571519,79.70124223244537
711.3994459931021,313.7549672937775,78.82540440571519,79.70124223244537
709.5270840249348,311.2584846695545,78.82540440571519,79.70124223244537
705.7823600886003,309.38612270138725,78.82540440571519,79.70124223244537
702.1529360614408,308.2613970825088,77.34656327525391,78.20596953386786
699.7032898754703,307.6489855360162,77.34656327525391,78.20596953386786
694.8039975035294,304.5869278035532,77.34656327525391,78.20596953386786
691.7419397710664,303.3621047105679,77.34656327525391,78.20596953386786
688.1806072630269,302.25848003647013,75.8954666404363,76.73874960310782
685.2870109222835,301.17556043293877,74.47159398758262,75.29905614300021
683.0373494875943,300.70260568160484,73.07443456835527,73.8863727302259
679.0941363194464,299.65993816516476,71.7034872165514,72.50019263006864
677.495825751483,298.6368321038207,70.35826016833275,71.14001861464757
674.1533467251135,296.96559259063594,70.35826016833275,71.14001861464757
670.3567026645395,297.0758406679516,69.03827088582827,69.8053627845597
668.7168172274877,295.43595523089976,69.03827088582827,69.80536278455972
665.538030375258,294.99750646821076,67.74304588404587,68.49574639386863
663.9289107814244,293.92476007232165,67.74304588404587,68.49574639386863
660.2733878593751,293.49453703417856,66.47212056103174,67.21069967837657
659.3179976765736,293.59869571390453,65.22503903121586,65.9497616871183
656.7358165600709,291.5329508207024,65.22503903121586,65.9497616871183
651.5714543270657,289.98364215080085,65.22503903121586,65.9497616871183
651.1504244151305,290.60228293585186,64.00135396188418,64.71248011701627
649.123434902077,289.5887881793251,64.00135396188418,64.71248011701627
646.58969801076,288.5752934227983,64.00135396188418,64.71248011701627
643.642830137499,288.16883314946074,62.800626412718785,63.498411150637935
640.1621479999262,287.17435253872566,62.800626412718785,63.498411150637935
638.6704270838236,286.6771122333581,62.800626412718785,63.498411150637935
636.2760856188037,285.7810372440761,61.622425678348336,62.307119296996696
634.3244392412391,284.80521405529385,61.622425678348336,62.3071192969967
632.4629295415314,284.41386189734004,60.4663291338525,61.138177235339796
630.1575856723274,284.50860978498525,59.33192208316483,59.9911656618667
628.2784819283112,282.62950604096903,59.33192208316483,59.9911656618667
625.3335240930822,282.0268047951471,60.52407839358186,61.1965681535106
623.4166635175375,281.5475896512609,60.52407839358187,61.1965681535106
621.9790180858789,280.58915936348853,60.52407839358187,61.1965681535106
619.1037272225618,279.15151393183,60.52407839358187,61.1965681535106
618.2338270323422,279.72556745372935,59.38858791070396,60.04846110971182
617.3802470144121,278.8781773667926,58.27440033190865,58.921893668929904
616.5426809864916,278.96949060532273,57.181115994029064,57.8164617272961
615.7208285105777,279.05909071882786,56.10834273196742,56.73176876232266
612.6110616583728,278.1705859039122,56.108342731967426,56.73176876232266
612.2488803404289,277.81425262482344,55.05569573802399,55.66742569066874
611.8934938957076,278.33644010587045,54.02279742386516,54.62305072857481
610.1825356570865,277.05322142690454,54.022797423865164,54.62305072857481
608.0438378588102,276.197742307594,54.022797423865164,54.62305072857481
605.362400026215,275.22123226879415,55.108277492502886,55.72059168686407
605.0066741644265,274.43491608081666,54.074392693570246,54.6752192790544
603.3731778293374,274.94779618397916,53.059904577424675,53.64945907272944
601.6927154096498,273.2673337642917,53.05990457742468,53.64945907272944
600.8524841998061,272.84721815936985,53.05990457742468,53.64945907272944
600.5099806569438,272.51024492391844,52.06444924346185,52.642943123944804
597.6243438594169,271.6857772674821,52.06444924346185,52.642943123944804
596.3876423747624,271.273543439264,52.06444924346185,52.642943123944804
595.9754085465443,270.44907578282766,52.06444924346185,52.642943123944804
593.3911739161292,269.0957307982967,53.110580222110734,53.70069778013423
592.1296233885437,269.0957307982967,53.110580222110734,53.700697780134234
590.4475560184296,268.6752139557682,53.110580222110734,53.700697780134234
588.344971805787,267.83418027071116,53.110580222110734,53.700697780134234
587.9244549632585,267.41366342818264,53.110580222110734,53.700697780134234
587.0834212782015,266.5726297431256,53.110580222110734,53.700697780134234
585.4013539080875,265.7315960580686,53.110580222110734,53.700697780134234
584.1398033805019,265.3110792155401,53.110580222110734,53.700697780134234
582.4577360103879,264.47004553048305,53.110580222110734,53.700697780134234
580.8533548268782,264.1327504637716,52.11417416384475,52.693220543443076
580.5169560069668,264.21441091826136,51.13646165079702,51.704644558028136
579.3022972722168,263.80952467334475,51.13646165079702,51.704644558028136
577.6827522925503,262.59486593859486,51.13646165079702,51.704644558028136
576.4680935578003,262.18997969367825,51.13646165079702,51.704644558028136
575.2534348230504,261.380207203845,51.13646165079702,51.704644558028136
574.5184609267455,261.8652218738284,50.17709197390676,50.73461521806132
572.208115111255,261.1492666402415,49.23572100375578,49.782784570464216
571.038605202898,260.7594300041225,49.235721003755785,49.782784570464216
569.869095294541,259.5899200957656,49.23572100375579,49.782784570464216
570.3309502628549,260.8365800581876,48.31201106712791,48.84881119009602
569.1833814960373,260.4540571359151,48.31201106712792,48.84881119009603
567.2707668846747,259.68901129137004,48.31201106712792,48.848811190096036
565.7406751955846,259.68901129137004,48.31201106712792,48.848811190096036
564.2105835064945,259.68901129137004,48.31201106712792,48.848811190096036
564.2812507048437,259.3821910132314,47.40563082588441,47.93236005728315
562.4045186008443,259.3821910132314,47.40563082588441,47.93236005728315
561.2784793384446,259.00684459243155,47.40563082588441,47.93236005728315
560.5971279099313,258.7057805606502,46.516255158111775,47.03310243764637
558.7556051226131,258.3374760031866,46.51625515811178,47.03310243764638
557.6506914502223,257.6008668882594,46.51625515811178,47.03310243764638
557.3504273936013,258.04206022499125,45.64356504149933,46.15071576418267
556.3330069696124,258.474976346303,44.7872474389047,45.284883521559216
555.6237775919709,257.7657469686615,44.7872474389047,45.284883521559216
553.4960894590465,257.4111322798408,44.7872474389047,45.284883521559216
553.1414747702258,256.7019029021993,44.7872474389047,45.284883521559216
552.4322453925844,257.05651759102005,44.7872474389047,45.284883521559216
551.3684013261222,257.05651759102005,44.7872474389047,45.284883521559216
549.9499425708393,257.05651759102005,44.7872474389047,45.284883521559216
548.8860985043772,257.4111322798408,44.7872474389047,45.284883521559216
548.1768691267357,256.7019029021993,44.7872474389047,45.284883521559216
547.4676397490942,256.7019029021993,44.7872474389047,45.284883521559216
546.4037956826321,256.7019029021993,44.7872474389047,45.284883521559216
545.6945663049906,256.3472882133786,44.7872474389047,45.284883521559216
544.6307222385285,256.3472882133786,44.7872474389047,45.284883521559216
543.6323896096648,256.7720824078691,43.94699518606632,44.43529513257818
543.2844278367567,256.42412063496107,43.94699518606632,44.43529513257819
543.0007484432625,256.84094527786436,43.12250688142241,43.60164584677157
541.8846508335619,256.40290134286477,43.98896741219083,44.47773371677075
542.2972887057435,256.47182998136003,43.16369166782748,43.643288241914476
541.6137691788952,256.8135897447842,43.16369166782748,43.643288241914476
541.272009415471,256.47182998136003,43.16369166782748,43.643288241914476
539.5632105983501,256.8135897447842,43.16369166782748,43.643288241914476
539.6263472199313,256.53946545166355,42.3538988978166,42.824497774459026
537.9496071279574,256.53946545166355,42.3538988978166,42.824497774459026
537.5240986826805,256.779925171562,43.20491578837043,43.68497040824123
536.8399263504236,256.779925171562,43.20491578837043,43.68497040824123
536.4978401842952,256.779925171562,43.20491578837043,43.68497040824123
535.8136678520384,256.779925171562,43.20491578837043,43.68497040824123
535.47158168591,256.779925171562,43.20491578837043,43.68497040824123
534.7874093536532,256.779925171562,43.20491578837043,43.68497040824123
534.1664339425396,256.84762523811935,42.394349613827266,42.86539794286981
533.1594290501376,257.18329353558664,42.394349613827266,42.86539794286981
532.8237607526703,256.511956940652,42.394349613827266,42.86539794286981
531.8167558602684,256.8476252381193,42.394349613827266,42.86539794286981
531.481087562801,257.51896183305394,42.394349613827266,42.86539794286981
530.8097509678664,257.18329353558664,42.394349613827266,42.86539794286981
530.1384143729318,256.84762523811935,42.394349613827266,42.86539794286981
529.8027460754645,257.518961833054,42.394349613827266,42.86539794286981
529.5290890635321,258.2567283755568,41.59899044782294,42.06120145279878
529.5899369571339,258.6512828670559,40.818552992110426,41.27209246980057
528.9435539220008,259.29766590218907,40.818552992110426,41.27209246980057
528.3568772148988,260.00800968586003,40.05275730091484,40.497787937591696
527.6373590578148,260.23540492106554,40.857537353362126,41.31150999062173
527.0501220364683,260.6229269426536,40.0910102776935,40.53646594744567
526.7326910277079,261.25778896017437,40.0910102776935,40.53646594744568
526.0978290101871,261.57521996893473,40.0910102776935,40.53646594744568
525.4629669926665,262.2100819864555,40.0910102776935,40.53646594744568
524.5106739663852,263.1623750127367,40.0910102776935,40.53646594744568
523.8758119488646,263.79723703025746,40.0910102776935,40.53646594744568
523.5583809401041,264.43209904777825,40.0910102776935,40.53646594744568
523.6170230730382,265.1297817886964,39.33886399430443,39.77596248313006
522.682595988659,264.8183060939034,39.33886399430443,39.77596248313006
521.7481689042799,265.4412574834895,39.33886399430443,39.77596248313006
521.4366932094867,265.7527331782825,39.33886399430443,39.77596248313006
520.8137418199007,266.3756845678686,39.33886399430443,39.77596248313006
520.5022661251076,266.6871602626617,39.33886399430443,39.77596248313006
519.5678390407284,267.62158734704076,39.33886399430443,39.77596248313006
518.8611454488164,268.1564052243332,40.12929978854199,40.57518089730359
518.8611454488164,268.79187357619026,40.12929978854199,40.57518089730359
518.6021094128563,268.85475429744633,39.37643515674818,39.81395110293429
517.6667898901042,269.7900738201985,39.37643515674819,39.8139511029343
517.0432435416027,270.41362016869994,39.37643515674819,39.8139511029343
517.0432435416027,271.0371665172014,39.37643515674819,39.8139511029343
516.4196971931012,271.97248603995354,39.37643515674819,39.8139511029343
515.4843776703491,272.28425921420427,39.37643515674819,39.8139511029343
515.5419745762125,272.6577334063197,38.637694996519855,39.067002718703435
515.5419745762125,273.5755054265783,38.637694996519855,39.067002718703435
515.5419745762125,274.187353440084,38.637694996519855,39.067002718703435
515.5419745762125,274.187353440084,38.637694996519855,39.067002718703435
515.904414914945,275.165668907197,37.9128143190548,38.33406781148877
515.904414914945,274.86548433187994,37.9128143190548,38.33406781148878
516.2045994902621,274.86548433187994,37.9128143190548,38.33406781148878
515.904414914945,274.86548433187994,37.9128143190548,38.33406781148878
517.4607938222418,275.82544565083174,37.20153310699806,37.614883474853634
516.9261038015893,276.47284434207626,36.50359622117275,36.90919173474137
516.9261038015893,277.05089779054805,36.50359622117275,36.90919173474137
517.2151305258252,277.05089779054805,36.50359622117275,36.90919173474137
517.5041572500611,277.33992451478395,36.50359622117275,36.90919173474137
518.0822106985329,277.62895123901984,36.50359622117275,36.90919173474137
517.793183974297,277.05089779054805,36.50359622117275,36.90919173474137
517.793183974297,277.62895123901984,36.50359622117275,36.90919173474137
517.793183974297,277.33992451478395,36.50359622117275,36.90919173474137
517.793183974297,278.2070046874916,36.50359622117275,36.90919173474137
518.0822106985329,278.2070046874916,36.50359622117275,36.90919173474137
518.7136588788248,278.5532308263927,35.81875330906068,36.21673945693917
518.4300545765965,277.98602222193597,35.81875330906068,36.21673945693917
518.7136588788248,278.5532308263927,35.81875330906068,36.21673945693917
518.4824475713984,278.89296142672333,35.14675871500003,35.53727825627785
518.4824475713984,280.0060958672159,35.14675871500003,35.53727825627785
518.4824475713984,280.0060958672159,35.14675871500003,35.53727825627785
518.2041639612753,280.28437947733903,35.14675871500003,35.53727825627785
519.9252756733572,280.33945279158723,34.48737139206773,34.87056440753519
519.3791501946201,280.61251553095576,34.48737139206773,34.87056440753519
518.7596100785612,281.081376623741,35.18032614544855,35.571218658175795
518.4810606895705,281.6384754017223,35.18032614544855,35.571218658175795
518.2025113005799,281.081376623741,35.18032614544855,35.571218658175795
519.0896186188229,281.9721507035424,34.52030906492521,34.90386805453553
518.8162950868565,282.5187977674752,34.520309064925215,34.903868054535536
518.8162950868565,282.5187977674752,34.520309064925215,34.903868054535536
518.5429715548901,283.06544483140794,34.520309064925215,34.903868054535536
517.9963244909574,282.7921212994416,34.520309064925215,34.903868054535536
519.6867594103792,284.4861541884144,33.87267454574544,34.249037596253764
519.1999143924513,284.53923107282384,33.23719027903427,33.6064923932458
519.1291610653219,284.4647675520041,33.90502514331091,34.28174764490329
518.9103029402479,284.786346989646,33.2689339479752,33.6385887696194
518.3126511515695,285.50205868265226,33.93740663779187,34.314488933767365
518.5813594018513,285.2333504323705,33.93740663779187,34.314488933767365
518.0935840028142,286.63007000032576,33.30070793417548,33.6707158001108
518.9332948567995,286.6822506400148,32.67595431650845,33.039020475580806
518.6745744836023,287.4584117596064,32.67595431650845,33.039020475580806
518.4158541104051,287.7171321328036,32.67595431650845,33.039020475580806
518.1571337372079,288.234572879198,32.67595431650845,33.039020475580806
518.3462955085615,288.1613667331873,33.33251226659006,33.70287351399665
517.6032952908516,288.21359720876615,32.707161968763174,33.07057487952724
518.1212302266649,288.4725646766728,32.707161968763174,33.07057487952724
518.3801976945716,288.73153214457943,32.707161968763174,33.07057487952724
517.8622627587583,289.2494670803927,32.707161968763174,33.07057487952724
519.2049416898799,289.5596851294377,32.09354384977311,32.45013878143729
518.8825139015931,289.487783796907,32.738399426346604,33.10215941997271
519.1417287002007,289.487783796907,32.738399426346604,33.10215941997271
519.6601582974158,289.7469985955146,32.738399426346604,33.10215941997271
519.6601582974158,290.52464299133726,32.738399426346604,33.10215941997271
520.4378026932385,290.52464299133726,32.738399426346604,33.10215941997271
522.0409787682901,290.57594252009926,32.124195262318985,32.48113076523367
522.0409787682901,291.08464587464687,32.124195262318985,32.48113076523367
522.8040338001116,291.8477009064684,32.124195262318985,32.48113076523367
524.0757921864807,292.356404261016,32.124195262318985,32.48113076523367
526.1575944761398,292.9154447153514,31.521514164834603,31.871753211110573
526.4071742689586,293.6641840938074,31.521514164834606,31.871753211110576
526.9063338545959,294.1633436794448,31.521514164834606,31.871753211110576
529.1986593045748,294.7118959919977,30.930139949975576,31.273808171642003
530.9129413394226,295.2016908590971,30.930139949975576,31.273808171642006
530.6022016884152,295.6221908459497,31.551619251990438,31.90219279923481
532.8505651075532,295.8720090036317,31.551619251990438,31.90219279923481
534.5992922113271,296.3716453189957,31.551619251990438,31.90219279923481
536.8938069805469,296.6709033768459,30.959680236462667,31.303676683534512
538.8548575922003,297.40629735621593,30.95968023646267,31.303676683534512
541.1063250362494,297.9450723687614,30.378846571671595,30.716389311356867
543.5560851894854,298.7142718636277,29.808909910453487,30.140120020569668
545.1447683990943,299.11952855647513,30.407860337284227,30.745725452142977
546.1078169942034,299.60105285402966,30.40786033728423,30.745725452142977
548.6914702106523,300.73673881593834,31.01884547504128,31.363499313652888
551.4384398680385,301.2765434499759,30.436901812921768,30.775089610843153
553.8928816149738,302.04721291711843,29.86587597900297,30.197719045436365
556.0648048047856,302.8034238766948,29.305563144226028,29.631180512495234
556.7609080763217,303.03545830054014,29.305563144226028,29.631180512495234
560.0093900101567,304.1956304197669,29.305563144226028,29.631180512495234
560.6431093654097,304.59404403628423,29.89439982448296,30.226559822532803
561.8265928230281,304.8307407278079,29.89439982448296,30.226559822532806
563.7201663552177,305.7775274939026,29.89439982448296,30.22655982253281
565.0767091080467,305.9472497436929,30.495068000156298,30.833902089046962
565.9776035981155,306.6032874989412,31.10780540148344,31.453447683722185
565.7312994521108,307.34219993695547,31.107805401483443,31.45344768372219
567.3892080531826,308.01141945881994,31.73285453541545,32.08544180803122
568.3942205940243,308.2626725940304,31.73285453541545,32.08544180803122
569.1943964471624,309.06615588697633,31.13751536998118,31.483487762981014
570.1805539768153,309.5592346518028,31.13751536998118,31.483487762981017
572.1984146659998,310.1011044355333,30.553345345397585,30.89282696034649
572.3752886103789,311.2422240346512,31.16725371342266,31.513556532460733
573.9015268002096,312.0313861826009,30.582525768638533,30.922331610512337
574.1436719080015,312.9999666137686,30.582525768638533,30.92233161051234
574.3858170157934,314.21069215272826,30.582525768638533,30.92233161051234
575.1122523391691,314.69498236831214,30.582525768638533,30.92233161051234
574.5628598862427,315.59504670274674,31.197020458907787,31.543654019562364
574.0024284907594,317.0072170887388,31.82386219098862,32.17746065977743
577.0726626015922,316.3011624447274,31.226815633562353,31.573780251713092
576.825416161099,317.5373946471935,31.226815633562357,31.573780251713096
578.6018174961803,318.3280649168809,30.640970249318503,30.981425474310978
578.6466368169743,319.1039014445247,30.066115893371204,30.400183847742042
578.8846931151676,319.5800140409114,30.066115893371204,30.400183847742046
580.3570093711417,320.81740771830323,29.502046363356726,29.829846878505183
579.8898291093947,322.2189485035441,29.502046363356726,29.829846878505187
580.8241896328884,321.9853583726706,29.502046363356726,29.82984687850519
580.4001627592125,323.43312747397067,28.948559325467908,29.270209984639827
580.4001627592125,323.6623352271601,28.94855932546791,29.270209984639827
580.1093310579492,324.05589532211764,29.53022272799454,29.858336313861194
580.2802821244609,324.9249896692116,30.12357349326814,30.458279865415612
580.0417708907653,324.686478435516,30.12357349326814,30.458279865415616
579.5647484233741,325.4020121366028,30.12357349326814,30.458279865415616
580.5628558696524,326.1647480574655,29.5584260028851,29.886852958472765
580.3288193383084,326.3987845888094,29.558426002885103,29.886852958472765
579.8607462756206,327.1008941828412,29.558426002885103,29.886852958472765
580.3720551943017,327.38124737448203,29.003881228210993,29.326146575191167
580.0806677015424,328.2348511366821,29.58665621372944,29.915396838326487
580.3582049019637,328.5154720837748,29.031581812886802,29.35415494414115
580.1283397966212,329.4349325051453,29.031581812886802,29.35415494414115
580.3582049019637,330.3543929265158,29.031581812886802,29.35415494414115
580.5880700073063,330.58425803185844,29.031581812886802,29.35415494414115
579.9409399189733,331.77907467885575,28.486921146811795,28.80344249288753
580.1058512911812,332.1663587321151,29.059308853414684,29.382190062897124
579.8139069447855,332.5614244838567,29.643197546206345,29.972566407830914
579.8139069447855,332.7961322159592,29.64319754620635,29.972566407830918
579.8139069447855,333.9696708764717,29.64319754620635,29.972566407830918
579.8139069447855,334.2043786085742,29.64319754620635,29.972566407830918
579.8572667982552,334.4855358339862,29.087062375061695,29.41025195700688
579.8998131787693,334.9917226639645,28.541360839765606,28.85848707131861
579.7155776946765,335.7143965906703,28.005897195177923,28.317073830679952
579.4938337142597,335.4926526102535,28.005897195177923,28.317073830679952
580.4217745688354,335.7582805115046,27.480479368527398,27.785818028177758
580.2443871118047,336.23650882340746,26.964918890514497,27.264529100409156
580.2838293794648,336.70576510779296,26.45903082770674,26.75302005912576
580.741524198551,336.74722516194174,25.962633716202436,26.251107424160296
580.2751246889197,337.51132296121204,26.484300915462093,26.77857092563395
579.8557319972575,337.30162661538094,26.484300915462093,26.778570925633954
579.8557319972575,337.09193026954983,26.484300915462093,26.778570925633954
579.7993538139415,337.6616847400698,27.016449973756473,27.316632751242715
580.2666910064338,337.9179280182541,26.509595137787578,26.804146194874164
579.4658807828653,338.3792605431332,26.01224939072543,26.301274383955764
580.5337233318876,338.4200205118294,25.524234332828282,25.807836936526428
579.8731045741088,338.3628368468236,26.037092773277802,26.326393804092056
579.6669491151428,338.3628368468236,26.037092773277802,26.326393804092056
579.6669491151428,338.5689923057896,26.037092773277802,26.326393804092056
579.4607936561767,338.7751477647556,26.037092773277802,26.326393804092056
580.1173451460479,339.02210212082736,25.54861162939968,25.83248509194862
579.8606710193131,339.36943940645364,26.061959882869207,26.351537214901143
579.6543186685345,338.7503823541178,26.06195988286921,26.351537214901143
579.1861348377927,338.6919939862669,26.5856228427957,26.88101865216015
580.0670166537986,338.9441509926991,26.086850742160507,26.376704639295678
579.5983856771819,338.88570686017613,26.61101383412274,26.906691765613047
578.9662867921456,338.6750072318307,26.611013834122744,26.906691765613047
579.6373102789807,338.7167054361867,26.111765373834203,26.401896100210188
579.2238168815474,338.7167054361867,26.111765373834203,26.401896100210188
579.4305635802641,338.7167054361867,26.111765373834203,26.401896100210188
579.2620112200186,338.7576213417377,25.621883299458432,25.906570891674686
579.9080927852702,338.79776962516905,25.141191888500433,25.420538465039378
580.5420532329771,338.4390408267655,24.669518715189845,24.943624478692005
579.5654165559322,338.8296954975835,24.669518715189845,24.943624478692005
579.1222469007512,338.9697540450763,25.165203354734157,25.444816725342363
579.1590566790585,338.6106826374413,24.69307970300057,24.96744725525618
578.9109776538223,338.7508749499162,25.189237753472963,25.469118172956044
578.458471630565,338.8938841465257,25.695365107653497,25.980869164405252
579.9202050784537,338.7306978312582,25.213295106618876,25.493442830025803
578.7224081193203,338.7306978312582,25.21329510661888,25.493442830025806
579.1216737723648,338.531065004736,25.21329510661888,25.49344283002581
578.668735576554,338.4745779578664,25.719905845196173,26.00568257680952
578.0030524446692,338.416955916764,26.236695913343702,26.528214756825356
578.2491653909749,338.04259584502137,25.7444700207323,26.03051968762938
578.045326848816,337.83875730286246,25.7444700207323,26.03051968762938
577.5828464885938,337.9849187711385,26.261753656858875,26.55355091971292
577.8291944886998,337.81813543127276,25.769057656646677,26.055380519498364
577.6251612675339,338.02216865243867,25.769057656646677,26.055380519498364
577.0130616040361,338.22620187360457,25.769057656646677,26.055380519498364
577.6628543187746,339.2867468781461,25.28560511183342,25.566556279742734
578.1002509313907,339.12616286969865,24.81122260621991,25.086902857400183
576.9578470560268,338.5756929474878,24.345739977063257,24.61624819903068
576.7132575793472,339.09944074186325,24.83491893042239,25.110862474093803
576.1233467753568,338.5095299378729,24.83491893042239,25.110862474093807
575.1401621020395,339.09944074186325,24.83491893042239,25.110862474093807
574.9798518303172,338.54844508523183,24.36899173521326,24.63975831004902
574.7869039954934,338.35549725040795,24.368991735213264,24.63975831004902
574.3491330852017,338.30090175336994,24.858637886148905,25.134844973772836
573.9025660440095,338.44203400467893,25.358122497195296,25.639879413830855
573.9396580100174,337.8794303821173,24.88237949501402,25.15885037829201
572.9545944298342,337.485404950044,24.88237949501402,25.158850378292012
572.7939777985048,337.327381749834,24.41556189352633,24.686845914565566
572.4073446661577,337.52069831600755,24.415561893526334,24.686845914565566
572.4430579249731,337.36563978448265,23.95750224354816,24.22369671292097
572.0987216490314,337.4031800612507,23.50803623740473,23.769236640042614
572.8432456313534,337.21704906567015,23.50803623740473,23.769236640042614
572.2848526446119,337.0309180700896,23.50803623740473,23.769236640042614
571.7264596578704,336.8447870745091,23.50803623740473,23.769236640042614
571.5403286622899,336.2863940877676,23.50803623740473,23.769236640042614
571.1680666711288,335.72800110102605,23.50803623740473,23.769236640042614
572.1331074471567,336.1370990769093,23.067002649992805,23.323302679437223
571.4025514577169,336.1370990769093,23.067002649992805,23.323302679437226
570.9881698182338,335.90278151654036,23.530487934239112,23.79193780017516
570.8018610554999,335.90278151654036,23.530487934239112,23.79193780017516
570.2429347672982,335.71647275380644,23.530487934239112,23.79193780017516
569.6840084790964,335.1575464656047,23.530487934239112,23.79193780017516
569.3113909536286,334.59862017740295,23.530487934239112,23.79193780017516
569.1250821908947,334.41231141466903,23.530487934239112,23.79193780017516
570.0910446433535,334.262873817408,23.08903313119274,23.3455779437616
569.3597909256376,334.81131410569486,23.089033131192743,23.345577943761604
568.6285372079218,334.262873817408,23.089033131192746,23.345577943761608
568.0800969196349,334.6285006762659,23.089033131192746,23.345577943761608
568.2629103490639,334.080060387979,23.089033131192746,23.345577943761608
568.0800969196349,334.44568724683694,23.089033131192746,23.345577943761608
567.714470060777,333.89724695855006,23.089033131192746,23.345577943761608
566.9340658011375,334.21114589802494,23.5529610738978,23.814660641385608
566.6974409777087,333.9718919098912,24.026210720755632,24.29316861765297
566.5072072007857,333.21095680219975,24.026210720755632,24.29316861765297
565.885360320934,333.72783059137396,24.508969372767776,24.78129125468747
565.4972480325288,333.92188673557655,24.508969372767776,24.78129125468747
565.6391309601304,334.25508992559406,25.0014280943748,25.279221739867907
564.9920434841642,334.3970328530006,25.50378178907507,25.78715714228707
565.799774805918,332.9835030399315,25.503781789075074,25.78715714228707
565.1939763146027,333.58930153124686,25.503781789075074,25.78715714228707
565.3416182317355,333.1282980265784,26.01622927656296,26.305298490747045
565.3796728271451,332.75708369796735,25.52813955214281,25.81178554716667
564.773295759043,333.3634607660694,25.528139552142814,25.81178554716667
564.773295759043,332.3528323192326,25.528139552142814,25.81178554716667
565.012762102657,331.78645664252844,25.0492068649148,25.32753138563612
564.6160948723377,331.9847902576881,25.0492068649148,25.32753138563612
564.6527349796509,332.2223747992995,24.579259419969205,24.85236230241335
565.077913050864,332.26088934025614,24.118128645435647,24.3861078526072
564.5050283678163,331.8789662182243,24.11812864543565,24.3861078526072
564.4536871493958,332.0158943077149,24.60273420430839,24.876097917689638
564.6844727415374,332.0544456325522,24.14116302002532,24.409398164692313
564.6844727415374,332.0544456325522,24.141163020025324,24.409398164692313
564.6844727415374,331.86330169088006,24.141163020025324,24.409398164692313
564.9109285718648,331.7099858137558,23.68825135937045,23.951454152252385
564.9109285718648,332.64777529233106,23.68825135937045,23.95145415225239
565.048060346013,332.5947049039055,24.16421939393428,24.4327107205336
565.0834059598086,331.8672631106499,23.71087517331587,23.974329341908312
565.3058254812173,332.4676280113752,23.26603613049847,23.52454764305961
565.6742552747099,332.8360578048678,23.26603613049847,23.524547643059613
566.963759551934,332.65184290812147,23.26603613049847,23.524547643059616
566.4451466801543,333.24094438032176,22.829542700087543,23.083204285644122
566.9874232193558,333.06018553392124,22.829542700087543,23.083204285644122
567.7438519534561,332.55368181205,22.40123831029029,22.650140958182455
567.5187979127717,332.8582300756593,22.85134639165895,23.105250240455216
567.6997293955752,333.9438189724809,22.85134639165895,23.105250240455216
568.6378120509015,333.9796259551682,22.422632943435232,22.671773309473455
569.0256842672086,334.1922981965815,22.00196257580457,22.24642882664689
569.0256842672086,334.0180919312175,22.00196257580457,22.24642882664689
569.3740967979365,333.8438856658535,22.00196257580457,22.24642882664689
570.0709218593925,333.8438856658535,22.00196257580457,22.24642882664689
570.2451281247564,334.0180919312175,22.00196257580457,22.24642882664689
570.9419531862123,334.1922981965815,22.00196257580457,22.24642882664689
570.8951167345585,334.49141824546655,22.44404800984021,22.69342632106071
571.638772577656,334.17117382707977,22.022975874768576,22.267675606710505
571.4175187505302,334.4705795549806,22.465483529020304,22.71510001267614
571.984008519956,334.1500292824373,22.044009242793784,22.288942678824878
573.2380271143898,335.23180629062915,21.630442223451624,21.870780470378914
572.678187564042,334.66955218208363,22.065062699047438,22.310230062370238
572.8528934410555,334.32014042805673,22.065062699047438,22.310230062370238
573.3770110720958,335.193669813124,22.065062699047438,22.310230062370238
575.5057567205566,335.4029506033403,21.651100696421892,21.891668481937742
575.0231416568483,335.4368768575972,21.24490502294551,21.48095952320051
575.0231416568483,335.26866479245496,21.24490502294551,21.48095952320051
575.359565787133,334.93224066217033,21.24490502294551,21.48095952320051
576.6600374351007,336.0621287234589,21.671778899571557,21.912576442900182
576.3168535347662,335.2041689726228,21.671778899571557,21.912576442900182
576.5201453430898,335.0665356784823,21.265195282924413,21.501475230512515
576.3517726245329,335.74002655270965,21.265195282924413,21.50147523051252
578.0354998101013,335.74002655270965,21.265195282924413,21.50147523051252
578.4033503852501,335.7733481113735,20.86623956974066,21.09808667607117
579.425155257836,335.6408306423822,20.47476865314421,20.702266082623648
578.9388123278859,336.1271735723322,20.47476865314421,20.702266082623648
580.5599554277193,336.6135165022822,20.47476865314421,20.702266082623648
580.0300270444787,336.08130256611645,20.886168179691836,21.11823671502181
580.6470525199306,336.1998815465866,21.305833956926385,21.54256544533674
580.478358034095,336.53727051825797,21.305833956926385,21.54256544533674
581.6903840161942,336.23326678413713,20.906115822755964,21.138405998564426
581.480350723581,336.18642940174226,21.3261824079826,21.563139990293582
581.480350723581,336.6929962017219,21.3261824079826,21.563139990293582
582.6623399235334,336.35528500173547,21.3261824079826,21.563139990293582
583.8755234689285,336.21984652435646,20.9260825171109,21.15859454507886
584.3725865838362,336.3855342293257,20.9260825171109,21.158594545078863
584.2068988788669,336.88259734423343,20.9260825171109,21.158594545078863
584.5382742888054,337.3796604591412,20.9260825171109,21.158594545078863
586.1951513384979,337.3796604591412,20.9260825171109,21.158594545078863
585.9849174504898,337.33277834401326,21.34655029312721,21.583734185273133
587.537293400779,337.028193646093,20.946068280951856,21.178802372962497
587.3714474533227,337.19403959354935,20.946068280951856,21.178802372962497
587.3714474533227,337.6915774359184,20.946068280951856,21.178802372962497
588.2006771906046,338.1891152782875,20.946068280951856,21.178802372962497
588.5323690855173,338.0232693308311,20.946068280951856,21.178802372962497
589.8897750080802,337.39270704269967,20.553099700215007,20.781467474661905
589.8897750080802,337.88091059200923,20.553099700215007,20.781467474661905
590.8661821066993,338.53184865775535,20.553099700215007,20.781467474661905
591.5471837102929,338.0758508468964,20.16750359164692,20.39158696488751
591.3875022514089,338.5548952235484,20.16750359164692,20.39158696488751
593.3331792747009,338.5864967510722,19.789141640510636,20.00902099207193
592.8631222357334,338.5864967510722,19.789141640510636,20.00902099207193
593.6465506340126,338.89986811038386,19.789141640510636,20.00902099207193
594.772296468709,340.0276765201553,19.417878126987965,19.63363232839901
594.6185503645539,339.87393041600023,19.417878126987965,19.63363232839901
595.569430010075,339.7506112115998,19.053579877496304,19.265286320579662
595.4185683321299,339.4488878557094,19.053579877496304,19.265286320579662
596.9550552639253,339.47874391727845,18.696116216918778,18.90385084155127
596.915256098724,339.8809518452865,19.071777280065326,19.283685916510564
597.396170150717,339.9108364213276,18.713972218544924,18.92190524319549
597.9888611343665,340.7998728968018,18.713972218544924,18.92190524319549
598.7297248639284,340.65170015088944,18.713972218544924,18.92190524319549
598.8778976098407,340.65170015088944,18.713972218544924,18.92190524319549
599.5789241634213,340.7579467216884,19.089992062332147,19.302103085247015
599.689436519959,341.01747808573043,19.473567272840587,19.689940242538885
599.8721080359317,341.3563663226759,19.108224240895503,19.32053784357219
601.2337570861687,341.3563663226759,19.108224240895503,19.32053784357219
600.9591184903718,341.5376023483019,18.74973539899792,18.958065792320188
602.1467657719882,341.6860582585039,18.74973539899792,18.958065792320188
601.9983098617861,341.5376023483019,18.74973539899792,18.958065792320188
603.1859571434024,341.834514168706,18.74973539899792,18.958065792320188
602.8890453229984,342.2798818993121,18.74973539899792,18.958065792320188
603.9282366944127,342.1314259891101,18.74973539899792,18.958065792320188
605.1433096873826,342.45771776110723,18.397972155886748,18.60239406873
604.8128037269507,342.56217027543124,18.76764261041498,18.976171972752994
605.852987593416,342.56217027543124,18.76764261041498,18.976171972752994
606.4473783742533,342.7107679706406,18.76764261041498,18.976171972752994
606.1501829838346,343.1565610562685,18.76764261041498,18.976171972752994
606.920623364565,342.8887736771992,18.415543410628736,18.62016055963579
607.3580529390169,342.8887736771992,18.415543410628736,18.62016055963579
608.5245318042221,343.1803933935005,18.415543410628736,18.62016055963579
608.6703416623727,343.47201310980176,18.415543410628736,18.62016055963579
609.8368205275779,343.9094426842537,18.415543410628736,18.62016055963579
609.3993909531259,343.76363282610305,18.415543410628736,18.62016055963579
610.2350482033055,343.43075552489,18.7855669243785,18.99429544576055
610.1950586208302,343.5374085669551,19.163025320590037,19.375947824152217
611.5606127873762,344.14432152986444,19.163025320590037,19.37594782415222
612.0157975095582,343.6891368076825,19.163025320590037,19.37594782415222
611.9750044164023,343.9496610700491,19.548067988356657,19.76526874378291
612.7774824503316,343.6707381386434,19.181327250644195,19.394453108984752
613.496016152241,344.0833843695726,19.56673765909139,19.784145855303585
613.5246369134278,343.80419504870616,19.199646660226666,19.41297606756258
614.3128117199208,343.37822539089166,18.839442644966223,19.04876978546591
614.1636455292498,343.82572396290465,18.839442644966223,19.04876978546591
614.1636455292498,344.27322253491764,18.839442644966223,19.04876978546591
614.340368648328,343.8552444815237,18.48599640681001,18.691396366885737
615.2456147105114,343.7378434784621,18.139181163297373,18.340727620667405
614.9583713342597,344.743195295343,18.139181163297373,18.34072762066741
614.8147496461339,344.59957360721717,18.139181163297373,18.34072762066741
616.564742541902,344.62799684910163,17.79887251052974,17.996637760646802
616.3041455527755,344.65429436412046,17.46494837854648,17.65900336053039
616.0404161931617,344.6774247045354,17.137288987537953,17.327703309621768
617.1988100797663,344.55492760457815,16.815776804880066,17.00261876937879
617.0715108606402,344.28686136875655,16.50029650297488,16.683633130785765
616.6207012617443,344.68932798866564,16.831836960609156,17.018857371282643
616.6207012617443,344.54394465559477,16.831836960609156,17.018857371282643
616.4753179286735,344.54394465559477,16.831836960609156,17.018857371282643
616.4753179286735,344.3985613225239,16.831836960609156,17.018857371282643
616.9114679278861,344.10779465638217,16.831836960609156,17.018857371282643
617.3476179270987,343.9624113233113,16.831836960609156,17.018857371282643
617.0568512609569,344.54394465559477,16.831836960609156,17.018857371282643
617.6383845932404,344.25317798945304,16.831836960609156,17.018857371282643
617.3476179270987,344.3985613225239,16.831836960609156,17.018857371282643
617.2022345940278,344.54394465559477,16.831836960609156,17.018857371282643
617.0568512609569,344.68932798866564,16.831836960609156,17.018857371282643
617.9291512593821,345.12547798787824,16.831836960609156,17.018857371282643
618.2324253954639,344.7035898008614,16.516055354587195,16.699567080749325
618.2446982131225,344.43227244647693,16.206198118135543,16.386266986114876
617.9393629586893,344.9802462403978,16.531829256923242,16.715516248666884
619.4028895414156,344.8462792325121,16.221676086746438,16.40191693215478
618.5564661352092,344.71482557578366,15.917341691217963,16.094201043342657
618.841505505288,345.28490431594116,15.917341691217963,16.094201043342657
619.5608966388168,345.4358757359056,15.618716904475068,15.792258203413727
619.4223684166193,345.29897541535126,15.325694608712588,15.495980104364996
619.1385718179778,345.301815547416,15.038169695759404,15.205260470156777
620.2772749464453,346.15704669839573,14.75603902937575,14.91999501859108
620.4156937570042,345.8694444406205,14.479201408257872,14.640081423905228
621.1215944364222,345.7217361424608,14.207557529736746,14.3654192800672
620.6940353813042,346.14929519757897,14.207557529736748,14.3654192800672
621.5399075942904,346.14153012019335,13.941009954157849,14.095910064759648
621.5281613513654,345.5611581753565,13.679463069929191,13.83145710403956
621.7990010417568,346.118463013664,13.422823059225095,13.571965537660972
622.49499237936,346.5308140100491,13.170997864333396,13.317342285048253
622.0776305792373,346.1119819607036,13.435642724421447,13.584927643581729
622.368397245379,345.82121529456185,13.435642724421447,13.584927643581729
623.3667300959339,345.65788184557346,13.183577020162064,13.330061209275017
624.3463332527763,345.78292429182835,12.93624031328427,13.079976316765249
624.1826420977371,345.9056208203684,12.693543883205074,12.834583259685171
624.3017137024268,345.8834957578486,12.455400673825764,12.593794014646093
624.9886301483449,345.5740726052217,12.221725262304588,12.357522209663568
624.5610710932268,346.1441513453792,12.221725262304588,12.357522209663568
625.5308349204078,345.97503153354455,11.992433828415246,12.125683093175454
625.5008100873358,345.80373695823295,11.767444124480281,11.898193503641211
625.5008100873358,346.5163353834298,11.767444124480281,11.898193503641211
626.0387534817598,346.2003871602765,11.546675445868534,11.674971839711555
626.8596653288678,345.88234500953524,11.33004860204609,11.455938030957752
626.6809073157269,346.8449253806753,11.117485888170357,11.241013509150063
626.927714416243,346.80785186017346,10.908911057217036,11.030121180075039
627.1725649835759,346.76880006723087,10.70424929263005,10.82318539588153
627.5580154092273,346.87032680119887,10.503427181484565,10.62013192794554
628.0841017110109,346.96994879504956,10.306372688153502,10.42088794024413
627.7990623409322,346.96994879504956,10.306372688153502,10.420887940244132
629.0358986010899,346.92518209851784,10.113015128468097,10.22538196322889
628.1807804908536,346.92518209851784,10.113015128468097,10.225381963228891
628.5223274251664,346.87858146099813,10.0,10.033543868189527
629.2349258503632,347.60795182028977,10.0,10.0
628.9498864802845,347.18039276517163,10.0,10.0
629.9475242755601,346.7528337100535,10.0,10.0
629.9475242755601,347.89299119036843,10.0,10.0
629.9475242755601,347.7504715053291,10.0,10.0
629.9475242755601,347.89299119036843,10.0,10.0
630.3750833306782,347.7504715053291,10.0,10.0
630.0900439605995,347.7504715053291,10.0,10.0
629.8050045905208,347.7504715053291,10.0,10.0
630.9451620708357,347.7504715053291,10.0,10.0
631.0876817558751,347.46543213525035,10.0,10.0
630.8026423857964,347.322912450211,10.0,10.0
631.3727211259538,347.0378730801323,10.0,10.0
631.2302014409145,346.75283371005355,10.0,10.0
631.0876817558751,347.75047150532913,10.0,10.0
631.0876817558751,347.322912450211,10.0,10.0
631.3727211259538,346.61031402501413,10.0,10.0
631.8002801810719,347.18039276517163,10.0,10.0
632.6553982913082,346.4677943399748,10.0,10.0
632.6553982913082,346.7528337100535,10.0,10.0
632.7979179763475,347.0378730801322,10.0,10.0
633.5105164015444,346.32527465493536,10.0,10.0
633.0829573464263,346.4677943399747,10.0,10.0
632.6553982913082,346.75283371005344,10.0,10.0
633.2254770314656,346.8953533950928,10.0,10.0
633.5105164015444,346.75283371005344,10.0,10.0
634.3656345117806,346.6103140250141,10.0,10.0
634.0805951417019,346.75283371005344,10.0,10.0
633.9380754566625,346.8953533950928,10.0,10.0
635.3632723070563,347.1803927651715,10.0,10.0
634.9357132519382,346.3252746549353,10.0,10.0
635.648311677135,346.3252746549353,10.0,10.0
635.3632723070563,346.18275496989594,10.0,10.0
635.1202876220169,346.5098490250141,10.20093,10.20093
635.8472042873713,345.78293235965975,10.20093,10.20093
635.8472042873713,346.21908235887236,10.20093,10.20093
635.7018209543004,346.65523235808496,10.20093,10.20093
636.2833542865839,345.78293235965975,10.20093,10.20093
637.0102709519382,345.78293235965975,10.20093,10.20093
636.7195042857965,345.492165693518,10.20093,10.20093
636.4287376196547,345.492165693518,10.20093,10.20093
637.1059606281707,345.44247203667965,10.009550647535015,10.009550647535015
637.2533917525054,346.1605263632833,10.0,10.0
637.5384311225841,345.5904476231258,10.0,10.0
638.1085098627416,346.0180066782439,10.0,10.0
637.8234704926629,345.5904476231258,10.0,10.0
639.1061476580172,345.8754869932045,10.0,10.0
638.8211082879385,346.58808541840136,10.0,10.0
639.3911870280959,346.01800667824386,10.0,10.0
639.1061476580172,345.5904476231257,10.0,10.0
639.3911870280959,346.01800667824386,10.0,10.0
639.818746083214,345.44792793808637,10.0,10.0
640.6738641934503,345.8754869932045,10.0,10.0
641.2439429336077,346.1605263632832,10.0,10.0
640.958903563529,345.8754869932045,10.0,10.0
642.099061043844,346.1605263632832,10.0,10.0
641.6715019887259,345.305408253047,10.0,10.0
642.099061043844,345.44792793808637,10.0,10.0
642.3841004139227,345.7329673081651,10.0,10.0
643.239218524159,346.0180066782438,10.0,10.0
643.0966988391197,345.30540825304695,10.0,10.0
643.239218524159,345.7329673081651,10.0,10.0
644.0943366343953,346.1605263632832,10.0,10.0
643.9518169493559,345.8754869932045,10.0,10.0
645.6620531698284,346.445565733362,10.0,10.0
645.419068484789,346.345100733362,10.20093,10.20093
645.2736851517182,346.63586739950375,10.20093,10.20093
647.1139748248011,345.2777237450276,10.009550647535015,10.009550647535015
646.728102273086,345.747785996716,10.210672548695936,10.210672548695936
647.4986538527338,345.4996822913875,10.415835592216883,10.415835592216883
647.3502076919314,345.35123613058505,10.415835592216883,10.415835592216883
646.7564230487216,345.79657461299246,10.415835592216883,10.415835592216883
648.7300266076787,345.69193192071526,10.625120976771298,10.625120976771298
650.1375702249003,346.34233109037945,10.838611532557564,10.838611532557564
650.6465663148921,345.9244978792408,11.056391754081245,11.056391754081245
650.3779129280884,345.65584449243704,11.278547833596,11.278547833596
650.8601374535721,345.3343614754479,11.278547833596003,11.278547833596003
652.514984116202,346.82846662958326,11.505167695216446,11.505167695216446
651.743512298453,345.8930235242096,11.736341029716431,11.736341029716431
652.2946669991259,345.44058244864055,11.972159330026525,11.972159330026525
651.9534133237346,346.12308979942316,11.972159330026525,11.972159330026525
651.9534133237346,345.7818361240318,11.972159330026525,11.972159330026525
651.8331350250254,346.0028115007141,12.212715927444748,12.212715927444748
652.8179724437622,346.81359367670535,11.983593517425936,11.983593517425936
653.039158866238,345.83925151756085,12.224379861971576,12.224379861971576
653.8507153917084,346.6508080430312,11.995038625214718,11.995038625214718
654.1341875906245,345.90856276580706,11.770000052762395,11.770000052762395
654.7478329159086,347.528682111351,11.549183422454128,11.549183422454128
655.8437614541559,346.6494274690022,11.332509526555556,11.332509526555556
657.0219939479417,345.56651199898545,11.560213640472636,11.560213640472636
658.223900667225,346.4389071168632,11.792493013150652,11.792493013150652
658.2734936251748,345.984301357794,12.02943957526389,12.02943957526389
658.900665190855,347.64013208715426,11.803755607583426,11.803755607583426
659.7417989565922,346.29431806197465,11.803755607583426,11.803755607583426
660.2464792160346,345.62141104938485,11.803755607583426,11.803755607583426
660.5829327223295,346.29431806197465,11.803755607583426,11.803755607583426
661.2558397349193,345.95786455567975,11.803755607583426,11.803755607583426
661.7605199943616,346.63077156826955,11.803755607583426,11.803755607583426
662.9877475888297,346.17573163126303,12.0409284690066,12.0409284690066
663.0383853342643,345.8831555101007,12.28286684473435,12.28286684473435
663.9136604913103,345.5330454472823,12.28286684473435,12.28286684473435
664.2637705541288,347.10854072996517,12.28286684473435,12.28286684473435
665.715866015056,346.4599758139819,12.5296664882456,12.5296664882456
666.4828487814584,346.3340965196077,12.78142507699392,12.78142507699392
666.5366006620552,345.47704606204076,13.03824225106596,13.03824225106596
667.1488944329154,345.7176985970832,13.30021965261663,13.30021965261663
671.1295349761907,344.580372727576,13.30021965261663,13.30021965261663
673.9080578563387,343.5678093760333,13.050694616687567,13.050694616687567
673.1004892651573,345.36421402569334,12.805850912735089,12.805850912735089
675.7757345385539,344.20677903772724,12.565600714425486,12.565600714425486
674.3430581736336,345.8185399482626,12.565600714425488,12.565600714425488
679.1783409052397,343.4904408552671,12.565600714425488,12.565600714425488
677.2084109034743,344.74403267457234,12.565600714425488,12.565600714425488
676.0726905198155,343.60831229091366,12.329857843132348,12.329857843132348
680.8172586520508,343.95976178219036,12.329857843132348,12.329857843132348
682.8658909071269,343.0210733614145,12.098537737023985,12.098537737023985
684.5901706948445,343.0210733614145,12.098537737023985,12.098537737023985
683.261626884067,343.7616652958983,12.34163365577401,12.34163365577401
685.1964451997085,343.9375578700475,12.341633655774011,12.341633655774011
686.831380718678,343.2858899250771,12.58961410081948,12.58961410081948
682.345711127638,344.18302384328507,12.58961410081948,12.58961410081948
682.8839914785627,343.64474349236025,12.58961410081948,12.58961410081948
688.3848916806809,344.1216937525135,12.353420715079269,12.353420715079269
686.6762379729421,345.58213017782424,12.601637997507357,12.601637997507357
688.0516344906705,347.1371248433912,12.365219031789415,12.365219031789415
688.103636029853,345.9555253972762,12.61367337779516,12.61367337779516
689.0024844083493,345.05667701877974,12.61367337779516,12.61367337779516
689.3620237597479,343.4387499374862,12.61367337779516,12.61367337779516
692.2383385709364,345.7757557215769,12.61367337779516,12.61367337779516
693.1371869494328,344.87690734308046,12.61367337779516,12.61367337779516
693.6150486814009,343.73684199375504,12.377028616656004,12.377028616656004
694.2603422852642,344.7349296416521,12.144823541030917,12.144823541030917
697.0297445667466,346.81198135276384,12.144823541030917,12.144823541030917
697.0808192396344,345.4783548849104,12.388849480440852,12.388849480440852
697.9636467026105,346.7143133330772,12.388849480440854,12.388849480440854
698.4329911110553,345.06487183037876,12.156422633932452,12.156422633932452
701.3190714976292,347.084687454456,11.92835634076382,11.92835634076382
701.5392383833964,345.09482107488316,12.168032804718788,12.168032804718788
702.173635699883,345.55579997108197,11.93974869347209,11.93974869347209
704.6679452522445,344.13631630998503,11.715747413828828,11.715747413828828
704.6679452522445,344.9711786256949,11.71574741382883,11.71574741382883
705.2181328484195,343.5176966641661,11.951151926614891,11.951151926614891
709.3562516216857,346.6338507923692,12.191286422276365,12.191286422276365
709.2337718626443,345.29512222253845,12.436245940359164,12.436245940359164
710.4744587607888,344.4089172952924,12.436245940359164,12.436245940359164
715.3766233929782,341.8669605386147,12.202929890238122,12.202929890238122
715.0801108853844,345.3965950249524,12.448123360522677,12.448123360522677
714.0679995037065,345.9811760018801,12.69824350320566,12.69824350320566
709.9055752750572,347.06702580065814,12.69824350320566,12.69824350320566
704.529728344275,346.2155530314511,12.953389309915572,12.953389309915572
702.3688678574673,345.71619421282077,13.213661761319706,13.213661761319706
704.1877046415813,347.5350309969347,12.965760635483855,12.965760635483855
701.352727976272,344.33047910721245,12.722510375494334,12.722510375494334
697.6643341403096,342.81793507720084,12.48382372659162,12.48382372659162
694.5788953420239,344.5363109680373,12.249615071000207,12.249615071000207
691.4879504051999,345.46073197928996,12.495746586621815,12.495746586621815
688.3995648130688,343.9751472682303,12.261314246598479,12.261314246598479
684.7814242303024,344.0267118391112,12.507680833755382,12.507680833755382
680.977052736747,344.5005581047553,12.27302459566701,12.27302459566701
675.1450778268393,345.31534407429615,12.042770736469311,12.042770736469311
672.055680420586,343.7706453711695,12.042770736469311,12.042770736469311
668.735983672465,344.74177835395597,11.816836663259341,11.816836663259341
665.3101544750064,343.50532054772947,11.595141332657223,11.595141332657223
659.6350469129567,342.6225670687599,11.377605221735578,11.377605221735578
656.7162880300893,343.91979323892315,11.37760522173558,11.37760522173558
651.8516898919772,342.9468736113007,11.37760522173558,11.37760522173558
647.3592464568161,344.29194794187424,11.606215443455913,11.606215443455913
643.7690048574126,342.5212319289211,11.839419130361273,11.839419130361273
639.8880992007438,343.533642100226,11.839419130361273,11.839419130361273
636.7931931580852,342.632291428728,11.617300130747502,11.617300130747502
633.0339532499094,343.3434252007854,11.85072654227461,11.85072654227461
629.8249258027532,341.823359567922,11.850726542274613,11.850726542274613
626.4968400313901,343.0554706951492,12.088843190688536,12.088843190688536
623.3367328143332,343.8580291633551,11.862044753498523,11.862044753498523
620.1246405381694,342.8436842340402,11.862044753498525,11.862044753498525
619.2215673479918,343.29307094961575,11.639501275223973,11.639501275223973
616.7822298203658,343.5079063112063,11.873373774347048,11.873373774347048
616.2167320349494,342.9424085257898,11.650617752640276,11.650617752640276
613.2769320702428,344.1537144926342,11.884713615144078,11.884713615144078
612.5994098137573,343.6455728002702,11.884713615144078,11.884713615144078
611.2443653007866,342.96805054378484,11.884713615144078,11.884713615144078
610.9056041725439,344.8312367491196,11.884713615144078,11.884713615144078
610.2280819160585,344.15371449263426,11.884713615144078,11.884713615144078
609.7699210124813,344.8812175379064,12.123513165813169,12.123513165813169
611.6114847302385,344.4765901943126,11.896064286223362,11.896064286223362
610.7637730625983,344.4765901943126,11.896064286223362,11.896064286223362
610.4246883955421,345.32430186195296,11.896064286223362,11.896064286223362
610.7637730625983,344.30704786078456,11.896064286223362,11.896064286223362
610.5942307290702,343.4593361931442,11.896064286223362,11.896064286223362
610.9833439198029,344.86570338504526,12.135091905926448,12.135091905926448
612.0720713524196,344.05199239366976,12.378922307592228,12.378922307592228
612.7777673957816,342.9934483286268,12.37892230759223,12.37892230759223
614.7704906829042,343.39835551818504,12.62765199351868,12.62765199351868
614.1690685957151,344.41665351740863,12.390744979974546,12.390744979974546
615.9871025554178,343.58579986918767,12.639712218857174,12.639712218857174
617.7269362169368,344.06464806761295,12.402578943774545,12.402578943774545
617.3734138879882,344.2414092320872,12.402578943774545,12.402578943774545
619.141025532731,344.77169272551004,12.402578943774545,12.402578943774545
620.8482182252857,343.4739456220022,12.169894519201938,12.169894519201938
620.3790634732306,342.48445600979557,12.41442420977626,12.41442420977626
621.4406433702242,343.3691059239568,12.414424209776262,12.414424209776262
622.3252932843853,344.0768258552858,12.414424209776262,12.414424209776262
623.1494665423469,343.83941921625393,12.181517556511057,12.181517556511057
624.8855725878024,343.83941921625393,12.181517556511057,12.181517556511057
626.7359471824003,344.474519579033,11.9529804582263,11.9529804582263
625.8841796773062,344.9855800820894,11.9529804582263,11.9529804582263
626.9565685662642,345.0358479649347,12.19315169457344,12.19315169457344
627.4778978080086,344.51451872319035,12.19315169457344,12.19315169457344
628.6943327054121,344.16696589536076,12.19315169457344,12.19315169457344
628.7456106208274,345.43467870817955,12.438148691572504,12.438148691572504
630.8122356320135,343.60140544457494,12.204796943991024,12.204796943991024
630.3417353762303,344.6963866235761,12.450027928986637,12.450027928986637
631.4063598117326,344.8738240294931,12.450027928986637,12.450027928986637
632.4709842472349,345.05126143541014,12.450027928986637,12.450027928986637
632.2935468413178,345.40613624724426,12.450027928986637,12.450027928986637
632.6484216531519,344.16407440582486,12.450027928986637,12.450027928986637
634.7170204250449,344.99061133629846,12.216453315375873,12.216453315375873
634.5429119171644,344.6423943205373,12.216453315375874,12.216453315375874
635.7616714723282,344.29417730477616,12.216453315375874,12.216453315375874
636.5094814134981,345.39020426170714,12.461918511841722,12.461918511841722
636.6870882836274,343.969349300672,12.461918511841724,12.461918511841724
638.1079432446626,345.2125973915778,12.461918511841725,12.461918511841725
638.2855501147919,344.3245630409308,12.461918511841725,12.461918511841725
638.8183707251801,344.5021699110602,12.461918511841725,12.461918511841725
640.3561245324611,343.9086412767884,12.228120819350188,12.228120819350188
642.0393033778535,344.37189657272285,11.998709398600234,11.998709398600234
641.9808518692795,344.65545552102236,11.773601958874675,11.773601958874675
642.1486488735752,344.9910495296139,11.773601958874675,11.773601958874675
641.9808518692795,345.3266435382055,11.773601958874675,11.773601958874675
643.6588219122373,343.9842675038393,11.773601958874675,11.773601958874675
643.6588219122373,344.6554555210224,11.773601958874675,11.773601958874675
644.9438430450899,344.9336946281005,11.552717753310091,11.552717753310091
645.108492014645,345.26299256721063,11.552717753310093,11.552717753310093
646.8035663008419,345.4762261274121,11.784846511127352,11.784846511127352
648.0898147120861,344.9149446643528,11.563751346843429,11.563751346843429
648.0898147120861,345.07975088433534,11.563751346843429,11.563751346843429
649.0786520319815,345.57416954428305,11.563751346843429,11.563751346843429
649.7378769119118,344.25571978442247,11.563751346843429,11.563751346843429
650.7267142318073,344.0909135644399,11.563751346843429,11.563751346843429
651.221132891755,344.9149446643528,11.563751346843429,11.563751346843429
651.2697638838315,345.1283818764119,11.796101802655553,11.796101802655553
653.0615937596796,344.9027996959318,11.574795478173053,11.574795478173053
653.7214482420574,345.72761779890396,11.574795478173053,11.574795478173053
655.3710844480017,346.05754504009286,11.574795478173053,11.574795478173053
655.0898346446357,346.7660769602936,11.807367843715985,11.807367843715985
657.0516540686656,345.8671663957318,11.585850157363245,11.585850157363245
657.2654991681277,346.24613266672804,11.818644644575144,11.818644644575144
657.3152021059398,345.2852018971377,12.056116671418593,12.056116671418593
659.3183516797836,345.7419409152541,11.829932215509338,11.829932215509338
660.3299506078185,346.07914055793236,11.829932215509338,11.829932215509338
661.0541003005112,346.80329025062497,12.067631043515568,12.067631043515568
662.2580127833564,346.9752777481743,12.06763104351557,12.06763104351557
663.2899377686523,345.59937776777974,12.06763104351557,12.06763104351557
665.6389754751489,346.7445029914311,11.841230566804686,11.841230566804686
665.918812812195,347.0243403284773,11.619077582884232,11.619077582884232
668.0149421343775,347.1333329175869,11.401092404664912,11.401092404664912
669.0968179758482,346.4278406505783,11.187196840064601,11.187196840064601
670.0534554379199,346.9061593816141,11.187196840064601,11.187196840064601
671.6478512080394,347.22503853563796,11.187196840064601,11.187196840064601
671.8543381890096,346.9532067855723,11.41198118617202,11.41198118617202
673.5878200776956,346.2470407277656,11.19788133745703,11.19788133745703
674.7049630426214,346.5662244320301,11.19788133745703,11.19788133745703
676.7251068320337,347.15004155225205,10.987798209806682,10.987798209806682
677.4545687301754,347.72290569638005,10.781656445633343,10.781656445633343
678.9911670110098,346.33996724362913,10.781656445633343,10.781656445633343
678.5755294433619,346.6926288163983,10.998292268595455,10.998292268595455
679.1489407098426,346.7957981378516,10.791953625688931,10.791953625688931
680.5785851794346,346.99498994208966,11.008796349889899,11.008796349889899
682.2508232227194,347.25515481577037,10.802260640218249,10.802260640218249
683.4824510500451,348.02492220784893,10.802260640218249,10.802260640218249
685.5851767190497,347.0485783085393,10.59959974101759,10.59959974101759
685.6846061110181,348.3565289938142,10.400740957080835,10.400740957080835
685.7821701110418,347.56470679861036,10.205612957033566,10.205612957033566
686.988690090312,348.0439764057456,10.410674338179241,10.410674338179241
688.9175339263543,348.6374668168355,10.410674338179241,10.410674338179241
689.3626517346717,348.3407216112906,10.410674338179241,10.410674338179241
691.4398681734863,347.15374078911077,10.410674338179241,10.410674338179241
693.4663691894898,348.88349659956924,10.215359978256707,10.215359978256707
696.3283850105879,349.1249106246704,10.023709905387323,10.023709905387323
696.8998154020446,348.9820530268062,10.023709905387323,10.023709905387323
699.3283945657357,349.55348341826294,10.023709905387323,10.023709905387323
700.3705521470846,348.5956346295134,10.22511630851627,10.22511630851627
701.7251058718717,349.07582014083215,10.430569570503287,10.430569570503287
704.2014480627229,349.76828854372,10.234881956702989,10.234881956702989
706.0478628082552,351.177101643387,10.042865632561035,10.042865632561035
706.7849486479583,350.33975083156037,10.0,10.0
708.3526651833914,350.33975083156037,10.0,10.0
708.7802242385095,350.6247902016391,10.0,10.0
709.6773970337852,350.8093645717178,10.20093,10.20093
710.8404636983521,350.5185979055761,10.20093,10.20093
712.5850636952025,349.50091457408,10.20093,10.20093
714.3296636920529,350.3732145725052,10.20093,10.20093
715.5356300464457,350.7068809284728,10.40589728649,10.40589728649
716.5737616891215,351.1517944896196,10.40589728649,10.40589728649
718.3971776070022,351.93707876482443,10.614982980667444,10.614982980667444
720.1608797354409,350.9776616372776,10.415835592216883,10.415835592216883
722.9813567906876,351.2745539588825,10.415835592216883,10.415835592216883
724.1689260771074,350.68076931567265,10.415835592216883,10.415835592216883
725.3564953635271,351.86833860209236,10.415835592216883,10.415835592216883
726.1964317625693,351.22381339311016,10.22042440215674,10.22042440215674
727.1662713058175,352.3393141030348,10.028679315777156,10.028679315777156
728.3518739747725,351.09513360233245,10.230185569269068,10.230185569269068
729.322639777585,352.94070110028093,10.038257353915826,10.038257353915826
730.2001580203975,352.673699921954,10.0,10.0
732.3800079810273,352.573234921954,10.20093,10.20093
734.4153746440195,351.9917015896705,10.20093,10.20093
734.9472143194646,352.6689245981865,10.009550647535015,10.009550647535015
738.3757288568456,353.9576021270591,10.0,10.0
738.7028229119637,352.57445996170475,10.20093,10.20093
740.3020395757433,352.13830996249214,10.20093,10.20093
740.7381895749559,350.82985996485434,10.20093,10.20093
741.4651062403102,352.13830996249214,10.20093,10.20093
743.3053959133931,354.2693663017168,10.009550647535015,10.009550647535015
746.1632872485052,353.84617422378255,10.0,10.0
748.1585628390563,355.556410444255,10.0,10.0
749.2987203193713,354.7012923340188,10.0,10.0
750.0113187445681,354.5587726489794,10.0,10.0
750.2963581146469,354.2737332789007,10.0,10.0
752.5766730752767,354.5587726489794,10.0,10.0
753.4738458705524,355.0283863891369,10.20093,10.20093
754.4418355452101,354.8333093992277,10.009550647535015,10.009550647535015
756.5864478774861,354.8380847229952,10.0,10.0
757.2990463026829,355.55068314819204,10.0,10.0
759.1518022081947,355.4081634631527,10.0,10.0
760.006920318431,354.98060440803454,10.0,10.0
760.434479373549,355.1231240930739,10.0,10.0
762.9998337042578,354.69556503795576,10.0,10.0
763.854951814494,354.69556503795576,10.0,10.0
765.4226683499271,354.41052566787704,10.0,10.0
766.1352667751239,354.41052566787704,10.0,10.0
766.7053455152814,354.69556503795576,10.0,10.0
767.702983310557,354.41052566787704,10.0,10.0
769.4132195310294,354.1254862977983,10.0,10.0
771.1234557515019,354.2680059828377,10.0,10.0
771.4084951215806,354.1254862977983,10.0,10.0
771.8360541766987,354.2680059828377,10.0,10.0
772.5486526018955,354.41052566787704,10.0,10.0
772.2636132318167,354.1254862977983,10.0,10.0
773.2612510270924,354.41052566787704,10.0,10.0
773.5462903971711,354.8380847229952,10.0,10.0
773.8313297672498,355.4081634631527,10.0,10.0
773.9738494522892,355.4081634631527,10.0,10.0
774.2588888223679,355.4081634631527,10.0,10.0
774.686447877486,355.6932028332314,10.0,10.0
773.546290397171,355.83572251827076,10.0,10.0
773.6888100822104,356.2632815733889,10.0,10.0
774.2588888223678,356.40580125842826,10.0,10.0
775.5836206727615,356.1628165733889,10.20093,10.20093
775.1903703633748,357.8049329269943,10.40589728649,10.40589728649
774.6947646507427,355.97458653092195,10.210672548695936,10.210672548695936
773.8216315493346,356.5566752651941,10.210672548695936,10.210672548695936
772.8459169261661,356.3085715598656,10.415835592216883,10.415835592216883
772.1036861221538,356.16012539906313,10.415835592216883,10.415835592216883
771.4052587866668,356.9461596716007,10.625120976771298,10.625120976771298
769.2852543335063,356.64330189257777,10.6251209767713,10.6251209767713
768.3766809964375,356.9461596716007,10.6251209767713,10.6251209767713
766.7109632118113,356.4918730030663,10.6251209767713,10.6251209767713
766.2049164473165,355.83439734906,10.425783389669277,10.425783389669277
764.7628823860061,356.4725943987279,10.635268655317901,10.635268655317901
763.7018677886606,356.6241679126344,10.635268655317901,10.635268655317901
762.8921906889244,356.57235838243065,10.435740687912391,10.435740687912391
761.6515143750221,356.81898054452216,10.239956058928056,10.239956058928056
762.2352724999563,357.4027386694563,10.239956058928058,10.239956058928058
761.7475701346356,357.7906734915369,10.04784453970113,10.04784453970113
761.1747638789865,357.6474719276246,10.04784453970113,10.04784453970113
760.0291513676883,357.7906734915369,10.04784453970113,10.04784453970113
759.6234689458021,356.52578168617697,10.0,10.0
758.3828464654871,356.7103560562557,10.20093,10.20093
757.8442128230295,357.0440224122233,10.40589728649,10.40589728649
756.8498428536471,357.68100216704585,10.614982980667444,10.614982980667444
755.4365725167695,356.11644742705784,10.415835592216883,10.415835592216883
754.5458955519547,356.7102320702677,10.415835592216883,10.415835592216883
753.9959143772701,356.9024816995954,10.625120976771298,10.625120976771298
752.5812942757065,356.6992927141235,10.425783389669277,10.425783389669277
750.9468269742237,356.9964685871204,10.425783389669277,10.425783389669277
749.7581234822362,357.29364446011726,10.425783389669277,10.425783389669277
748.0728671544551,356.20273987832985,10.230185569269068,10.230185569269068
746.3232637641833,356.6401407258978,10.230185569269068,10.230185569269068
744.3250825320671,356.97476401414417,10.435740687912393,10.435740687912393
741.8945674373697,356.3290070906394,10.239956058928058,10.239956058928058
739.8514140001001,356.6208861531065,10.239956058928058,10.239956058928058
739.1217163439325,356.47494662187296,10.239956058928058,10.239956058928058
737.2245024378964,355.1614908407711,10.239956058928058,10.239956058928058
734.451651344459,356.18306755940586,10.239956058928058,10.239956058928058
732.554437438423,356.3290070906394,10.239956058928058,10.239956058928058
730.5543478138409,357.10176855949464,10.4457074960201,10.4457074960201
728.4701412945562,357.3995123479639,10.445707496020102,10.445707496020102
726.5348066695062,357.5483842421985,10.445707496020102,10.445707496020102
724.5485859582129,355.1155478482014,10.249735880037347,10.249735880037347
723.3300232408731,355.50385317315715,10.057440881869663,10.057440881869663
721.2086687216287,355.8192502754492,10.0,10.0
719.2133931310775,356.9594077557641,10.0,10.0
717.075597855487,356.531848700646,10.0,10.0
714.6527632098177,356.8168880707247,10.0,10.0
713.6551254145421,357.1019274408034,10.0,10.0
710.8047317137547,358.9546833463152,10.0,10.0
709.279069863361,359.5668167715121,10.20093,10.20093
707.9209262088848,356.02792312097296,10.009550647535015,10.009550647535015
705.252560848094,358.7804781817371,10.210672548695936,10.210672548695936
703.1655091606432,357.12999304499033,10.019110416556863,10.019110416556863
700.8808364231354,355.702072584048,10.019110416556863,10.019110416556863
699.5957080082873,356.41603281451916,10.019110416556863,10.019110416556863
697.4633825251522,356.5683800688918,10.0,10.0
694.6129888243647,358.9912147145611,10.0,10.0
693.187791973971,357.42349817912805,10.0,10.0
691.4775557534986,355.85578164369497,10.0,10.0
689.3818151629474,358.32067097440364,10.20093,10.20093
688.7505881738256,356.6717606537857,10.009550647535015,10.009550647535015
685.4742800845468,356.6765359775532,10.0,10.0
684.049083234153,357.2466147177107,10.0,10.0
682.7664060687987,355.5363784972383,10.0,10.0
681.1986895333656,356.81905566259263,10.0,10.0
679.4884533128932,357.10409503267135,10.0,10.0
678.1053111475388,357.7162284578682,10.20093,10.20093
676.6017841599918,356.0673181372503,10.009550647535015,10.009550647535015
675.180001478087,356.9280282644212,10.0,10.0
673.8973243127326,357.2130676344999,10.0,10.0
674.1823636828113,356.9280282644212,10.0,10.0
671.3319699820239,357.7831463746574,10.0,10.0
669.4792140765121,360.34850070536606,10.0,10.0
667.911497541079,361.7736975557598,10.0,10.0
667.7689778560397,362.3437762959173,10.0,10.0
666.4863006906853,364.90913062662594,10.0,10.0
665.3461432103703,369.3272408628464,10.0,10.0
663.9209463599766,369.3272408628464,10.0,10.0
662.6382691946222,369.8973196030039,10.0,10.0
661.3555920292679,370.60991802820075,10.0,10.0
659.7878754938348,369.4697605478858,10.0,10.0
658.6477180135198,369.1847211778071,10.0,10.0
656.3674030528899,369.61228023292523,10.0,10.0
654.9422062024962,370.75243771324017,10.0,10.0
653.6595290371419,370.32487865812203,10.0,10.0
652.5193715568269,369.8973196030039,10.0,10.0
651.9492928166694,371.03747708331883,10.0,10.0
651.2366943914726,370.46739834316134,10.0,10.0
650.5240959662758,370.1823589730826,10.0,10.0
650.9516550213939,371.03747708331883,10.0,10.0
650.6666156513152,370.324878658122,10.0,10.0
650.3815762812364,370.324878658122,10.0,10.0
650.0965369111577,370.8949573982795,10.0,10.0
649.0988991158821,370.8949573982795,10.0,10.0
649.2414188009215,371.465036138437,10.0,10.0
649.0988991158821,370.7524377132401,10.0,10.0
648.8138597458034,371.17999676835825,10.0,10.0
650.0965369111577,371.0374770833189,10.0,10.0
649.0988991158821,370.89495739827953,10.0,10.0
648.2437810056458,371.6075558234764,10.0,10.0
647.8162219505277,372.0351148785945,10.0,10.0
648.3863006906852,371.32251645339767,10.0,10.0
648.2437810056458,372.0351148785945,10.0,10.0
648.1012613206065,371.6075558234764,10.0,10.0
647.6737022654884,372.32015424867325,10.0,10.0
648.9563794308427,371.75007550851575,10.0,10.0
648.671340060764,372.8902329888307,10.0,10.0
648.5288203757246,372.74771330379133,10.0,10.0
648.1012613206066,372.4626739337126,10.0,10.0
647.3886628954098,373.4603117289882,10.0,10.0
646.9611038402917,373.4603117289882,10.0,10.0
647.103623525331,373.7453510990669,10.0,10.0
645.963466045016,373.4603117289882,10.0,10.0
646.5335447851735,374.17291015418505,10.0,10.0
645.3933873048585,373.4603117289882,10.0,10.0
644.2532298245435,374.17291015418505,10.0,10.0
642.9705526591891,373.7453510990669,10.0,10.0
642.6855132891104,374.7429888943425,10.0,10.0
641.6878754938348,374.172910154185,10.0,10.0
640.8327573835985,374.03039046914563,10.0,10.0
639.9776392733622,373.7453510990669,10.0,10.0
639.122521163126,374.88550857938185,10.0,10.0
637.5548046276929,375.0280282644212,10.0,10.0
636.9847258875354,374.60046920930307,10.0,10.0
636.414647147378,375.59810700457865,10.0,10.0
635.4170093521024,376.59574479985423,10.0,10.0
634.5618912418661,377.02330385497237,10.0,10.0
634.4193715568267,376.3107054297755,10.0,10.0
633.7067731316299,375.8831463746574,10.0,10.0
633.1366943914725,376.88078416993295,10.0,10.0
632.566615651315,377.5933825951298,10.0,10.0
633.2792140765118,378.02094165024795,10.0,10.0
632.7091353363544,377.7359022801692,10.0,10.0
632.8516550213938,378.16346133528737,10.0,10.0
633.8492928166694,377.59338259512987,10.0,10.0
633.279214076512,378.59102039040545,10.0,10.0
632.6086703363545,379.06063413056296,10.20093,10.20093
632.027137004071,379.93293412898817,10.20093,10.20093
632.3608033600386,378.95815048731794,10.40589728649,10.40589728649
631.6192807581274,379.25475952808245,10.40589728649,10.40589728649
631.3226717173628,379.84797760961146,10.40589728649,10.40589728649
631.2719795658776,379.5006764173617,10.210672548695936,10.210672548695936
632.8229824676274,378.8688465655911,10.019110416556863,10.019110416556863
632.4041615376232,380.59190632700034,10.0,10.0
631.9766024825051,380.3068669569216,10.0,10.0
632.9742402777807,380.0218275868429,10.0,10.0
631.6915631124264,380.5919063270004,10.0,10.0
630.6939253171507,382.1596228624335,10.0,10.0
630.408885947072,381.87458349235476,10.0,10.0
631.1214843722688,382.729701602591,10.0,10.0
630.5514056321114,382.30214254747284,10.0,10.0
630.2663662620326,382.4446622325122,10.0,10.0
630.408885947072,383.0147409726697,10.0,10.0
630.408885947072,382.58718191755156,10.0,10.0
629.5537678368357,383.2997803427484,10.0,10.0
630.2663662620325,383.72733939786656,10.0,10.0
629.4112481517963,383.8698590829059,10.0,10.0
629.4112481517963,384.8674968781815,10.0,10.0
629.696287521875,385.01001656322086,10.0,10.0
630.1238465769931,383.8698590829059,10.0,10.0
628.6986497265993,384.8674968781815,10.0,10.0
629.2687284667568,385.1525362482602,10.0,10.0
627.9860513014024,384.7249771931421,10.0,10.0
627.7010119313237,385.0100165632208,10.0,10.0
627.2734528762056,384.7249771931421,10.0,10.0
626.7033741360482,385.0100165632208,10.0,10.0
627.415972561245,385.0100165632208,10.0,10.0
626.7033741360482,384.86749687818144,10.0,10.0
625.9907757108514,386.0076543584964,10.0,10.0
625.4206969706939,385.72261498841766,10.0,10.0
624.7080985454971,386.4352134136145,10.0,10.0
623.8529804352609,387.57537089392946,10.0,10.0
623.2829016951034,388.14544963408696,10.0,10.0
622.1427442147884,388.4304890041657,10.0,10.0
621.7151851596703,388.2879693191263,10.0,10.0
621.572665474631,388.0029299490476,10.0,10.0
620.8600670494342,388.5730086892051,10.0,10.0
620.8600670494342,389.28560711440196,10.0,10.0
620.1474686242374,388.5730086892051,10.0,10.0
619.0073111439224,389.4281267994413,10.0,10.0
618.7222717738437,389.5706464844807,10.0,10.0
620.2899883092767,389.71316616952004,10.0,10.0
619.8624292541587,390.1407252246382,10.0,10.0
620.5750276793555,389.4281267994413,10.0,10.0
619.8624292541587,390.28324490967753,10.0,10.0
621.0025867344737,390.4257645947169,10.0,10.0
620.004948939198,390.28324490967753,10.0,10.0
621.0025867344737,390.1407252246382,10.0,10.0
620.2899883092769,390.28324490967753,10.0,10.0
621.5726654746312,390.7108039647957,10.0,10.0
621.0025867344738,391.1383630199138,10.0,10.0
619.57738988408,390.5682842797563,10.0,10.0
620.717547364395,391.85096144511067,10.0,10.0
619.2923505140013,392.9911189254256,10.0,10.0
619.149830828962,393.27615829550433,10.0,10.0
619.149830828962,392.8485992403862,10.0,10.0
618.6218067738439,393.3182129805437,10.20093,10.20093
619.2033401061274,393.3182129805437,10.20093,10.20093
620.0756401045526,394.3358963120398,10.20093,10.20093
619.0082631162181,394.2862026552014,10.009550647535015,10.009550647535015
618.2949841133819,394.14354685463417,10.009550647535015,10.009550647535015
618.2949841133819,394.14354685463417,10.009550647535015,10.009550647535015
619.4410058416872,394.14832217840166,10.0,10.0
618.7284074164904,395.0034402886379,10.0,10.0
619.2984861566479,395.14595997367724,10.0,10.0
618.7284074164904,395.8585583988741,10.0,10.0
618.8709271015298,396.4286371390316,10.0,10.0
618.9129817865692,396.8982508791891,10.20093,10.20093
618.4271381305182,397.4300905546342,10.009550647535015,10.009550647535015
618.0412655788032,397.90015280632264,10.210672548695936,10.210672548695936
618.3323099459392,398.48224154059477,10.210672548695936,10.210672548695936
619.883312847689,397.8504116888242,10.019110416556863,10.019110416556863
618.7409764789352,397.99320373491844,10.019110416556863,10.019110416556863
618.4553923867467,397.99320373491844,10.019110416556863,10.019110416556863
617.7414321562754,398.84995601148387,10.019110416556863,10.019110416556863
616.88467987971,399.2783321497666,10.019110416556863,10.019110416556863
616.0700626564388,398.8920910647782,10.220424402156741,10.220424402156741
615.3417568230568,398.7464298981018,10.220424402156741,10.220424402156741
617.039902199687,399.5706082746736,10.028679315777158,10.028679315777158
616.3252600909643,399.9993935399072,10.028679315777158,10.028679315777158
616.8969737779424,400.4281788051408,10.028679315777158,10.028679315777158
616.8969737779424,400.999892492119,10.028679315777158,10.028679315777158
617.1971702793202,401.3000889934966,10.0,10.0
616.3420521690839,402.0126874186935,10.0,10.0
616.9121309092413,401.8701677336541,10.0,10.0
616.3841068541233,402.482301158851,10.20093,10.20093
615.8454732116656,402.81596751481857,10.40589728649,10.40589728649
615.4443213238123,403.1563382288766,10.614982980667444,10.614982980667444
616.0494589362536,403.7614758413178,10.614982980667445,10.614982980667445
616.1490326304789,404.31490274487396,10.415835592216885,10.415835592216885
615.852140308874,403.7211181016641,10.415835592216887,10.415835592216887
614.4114821693746,404.3587062133992,10.625120976771301,10.625120976771301
615.4714843959549,404.3587062133992,10.625120976771303,10.625120976771303
614.456165780993,403.6462453774602,10.838611532557568,10.838611532557568
613.8382795802394,404.1096600280255,10.838611532557568,10.838611532557568
614.6106373311815,404.72754622877915,10.838611532557568,10.838611532557568
613.7293894694775,403.6918268168868,11.056391754081247,11.056391754081247
614.5172662047092,404.00697751097954,11.056391754081247,11.056391754081247
613.3603777511744,404.4258425279083,10.848963108409208,10.848963108409208
614.4427113148244,403.96198528634403,10.848963108409208,10.848963108409208
613.9788540732601,403.4981280447798,10.848963108409208,10.848963108409208
612.9982890510374,404.3729919888142,10.645426025554618,10.645426025554618
612.7396215020444,404.72119754553,10.859324570686088,10.859324570686088
613.5134552608216,405.0307310490409,10.859324570686088,10.859324570686088
612.584854750289,405.1854978007964,10.859324570686088,10.859324570686088
611.3923892837015,404.61209934123065,11.077520979284884,11.077520979284884
611.866018723997,403.98059342083684,11.077520979284884,11.077520979284884
611.234512803603,403.98059342083684,11.077520979284884,11.077520979284884
611.7081422438985,404.1384699009353,11.077520979284884,11.077520979284884
610.7608833633077,404.2963463810338,11.077520979284884,11.077520979284884
609.8136244827169,404.2963463810338,11.077520979284884,11.077520979284884
610.2872539230124,403.82271694073836,11.077520979284884,11.077520979284884
610.9187598434063,402.2439521397537,11.077520979284884,11.077520979284884
610.1293774429139,402.7175815800491,11.077520979284884,11.077520979284884
610.1759636084939,402.2905383053337,11.300101608321656,11.300101608321656
610.7066319065383,402.660157911165,11.527154549937663,11.527154549937663
610.0494933321954,401.3458807624792,11.527154549937663,11.527154549937663
611.0836782791096,400.90150391712183,11.75876966630956,11.75876966630956
610.4133358193924,401.4042607619097,11.758769666309561,11.758769666309561
609.5754077447459,400.23116145740465,11.758769666309563,11.758769666309563
609.072650899958,399.89599022754606,11.758769666309563,11.758769666309563
609.6248588802226,400.1130269779521,11.995038625214722,11.995038625214722
608.086282666012,400.62588571602225,11.995038625214724,11.995038625214724
608.9410472294624,398.5744507637414,11.995038625214724,11.995038625214724
609.6248588802226,399.2582624145017,11.995038625214724,11.995038625214724
608.7700943167723,399.42921532719174,11.995038625214724,11.995038625214724
608.1367274231538,399.6506129970237,12.236054936311163,12.236054936311163
609.6466105159161,397.8471265680557,12.006494663822554,12.006494663822554
608.7910295969587,397.50489420047273,12.006494663822554,12.006494663822554
607.6437092455697,397.5553871356241,12.24774116110274,12.24774116110274
606.9969990501775,397.43234020404907,12.493835024252778,12.493835024252778
606.8189373069184,397.9665254338262,12.493835024252778,12.493835024252778
605.090862304016,397.84100612025503,12.744873651395089,12.744873651395089
605.8710186202089,397.3496856713836,13.00095639767257,13.00095639767257
605.3698260695584,396.6632038996323,13.262184614571007,13.262184614571007
605.8036242440888,395.9629286496412,13.528661690031583,13.528661690031583
605.0892783634997,394.09172240721153,13.80049308936939,13.80049308936939
604.5572633239805,393.5597073676922,14.07778639701409,14.07778639701409
604.6164670112782,392.81636638164844,14.360651359089296,14.360651359089296
604.821134562144,392.6116988307827,14.360651359089296,14.360651359089296
602.8348523204731,391.85342189430634,14.649199926847476,14.649199926847476
601.7195893125852,390.7381588864184,14.374366711039684,14.374366711039684
602.189766302312,391.6180619194048,14.663190861364605,14.663190861364605
601.7003761490046,391.1286717660972,14.388095162039303,14.388095162039303
601.5558261509591,389.5487110144846,14.677195158130159,14.677195158130159
601.2751475214853,390.10474807749,14.401836724598592,14.401836724598592
600.6593839512918,389.0784754605009,14.401836724598592,14.401836724598592
601.2751475214853,389.0784754605009,14.401836724598592,14.401836724598592
600.6593839512918,388.2574573669096,14.401836724598592,14.401836724598592
600.0436203810983,387.4364392733183,14.401836724598592,14.401836724598592
600.7199504220359,387.08649669726685,14.691212829905952,14.691212829905952
600.1535977472673,385.8920079148889,14.986403369297253,14.986403369297253
600.294177487183,386.0325876548045,14.705243889465985,14.705243889465985
601.4039132909797,384.20822204002593,15.000716354937024,15.000716354937024
600.6118393830386,383.20235839505784,15.302125748656774,15.302125748656774
600.6118393830386,383.6385292234841,15.302125748656774,15.302125748656774
600.3937539688254,382.7661875666316,15.302125748656774,15.302125748656774
601.9203518683174,362.48424404480954,15.302125748656774,15.302125748656774
602.6389607188361,360.5858279247705,15.609591361324535,15.609591361324535
602.6389607188361,359.4734909025659,15.609591361324537,15.609591361324537
602.1940259099542,359.251023498125,15.609591361324537,15.609591361324537
602.7046063636656,357.7593973118679,15.92323488054763,15.92323488054763
602.3176961424398,358.0532994166372,16.243180439002472,16.243180439002472
602.1545090301594,358.81610148843845,16.56955466356335,16.56955466356335
602.4603405416107,357.23274283037483,16.902486725418328,16.902486725418328
601.808742291826,355.61756974679463,17.242108391192158,17.242108391192158
601.3897854641411,353.7242090047134,17.588554075096383,17.588554075096383
601.4637535743337,353.2968340774898,17.941960892127295,17.941960892127295
600.0049583565637,354.1394132135209,18.30246871233281,18.30246871233281
598.7007273184014,352.3134897600937,18.30246871233281,18.30246871233281
599.2993901893802,351.8687678005428,18.670220216169714,18.670220216169714
597.9689532369681,351.33659301957795,18.670220216169714,18.670220216169714
597.3458267960547,350.1812917976997,18.319948755102022,18.319948755102022
596.9006800982351,352.0860030937432,18.688051485438287,18.688051485438287
596.7129305889866,350.5665459786427,19.063550503935197,19.063550503935197
596.2497155074935,349.55994465443905,19.446594424210765,19.446594424210765
596.0543452966108,350.19603119728424,19.837334845976432,19.837334845976432
595.8550495120807,348.5831300556196,20.235926415036637,20.235926415036637
595.8550495120807,347.1411211260442,20.235926415036637,20.235926415036637
595.9401510632671,347.5146244631457,20.642526884493968,20.642526884493968
595.1443726309229,346.71884603080167,21.057297177184108,21.057297177184108
594.6327125586852,345.6069700862693,21.480401449365267,21.480401449365267
594.3265745537769,344.9946940764528,21.480401449365267,21.480401449365267
593.7142985439604,344.38241806663626,21.480401449365267,21.480401449365267
593.7142985439604,343.46400405191145,21.480401449365267,21.480401449365267
593.4081605390521,342.23945203227834,21.480401449365267,21.480401449365267
592.9973811241571,342.13481062229164,21.07740825952204,21.07740825952204
592.3965920068384,341.534021504973,21.07740825952204,21.07740825952204
592.5943083299751,339.6289759174943,20.681975613248863,20.681975613248863
591.7970091318981,341.7792653698095,21.097538549245872,21.097538549245872
591.2843712559487,340.9659460389456,21.52145139131587,21.52145139131587
590.9776482085607,340.65922299155756,21.52145139131587,21.52145139131587
590.7614329471578,340.13628468276664,21.95388191412158,21.95388191412158
589.5098888128409,338.88474054844977,21.95388191412158,21.95388191412158
589.8227748464201,337.3203103805537,21.95388191412158,21.95388191412158
589.2893291381907,340.854383108854,22.395001263422028,22.395001263422028
588.4259920526939,339.3527003180534,22.844984023807967,22.844984023807967
588.4259920526939,337.72477035415204,22.844984023807967,22.844984023807967
587.8708939279185,337.16967222937666,23.304008287798343,23.304008287798343
586.7609848718631,336.0597631733213,22.866802462843413,22.866802462843413
586.205356592434,336.807722687837,23.32626512472933,23.32626512472933
585.8729113965619,335.8103871002206,23.32626512472933,23.32626512472933
584.4294971096155,333.0371920297856,22.888641739900958,22.888641739900958
584.9704118833768,333.57810680354686,22.45922859472838,22.45922859472838
584.4246870247449,335.5930876933535,22.91050187488226,22.91050187488226
584.0981672736146,333.6339691865722,22.910501874882264,22.910501874882264
584.194516667659,334.0568383317466,23.370842589054273,23.370842589054273
586.7453101057598,334.27606818241975,22.932382887707995,22.932382887707995
586.0916469084881,332.64191018924055,22.932382887707995,22.932382887707995
586.0916469084881,333.6224049851481,22.932382887707995,22.932382887707995
586.5149199210784,335.0261727936459,23.39316325707071,23.39316325707071
586.8483185470257,332.3589837860681,23.39316325707071,23.39316325707071
588.2802922620997,334.1243561270893,23.863202086395034,23.863202086395034
588.5041406839119,330.94722850351775,23.415505242770447,23.415505242770447
588.9363308969379,333.38172097588614,23.885992989613435,23.885992989613435
590.2980205760308,331.67960887702,23.885992989613435,23.885992989613435
589.6171757364843,332.0200312967932,23.885992989613435,23.885992989613435
590.9788654155773,330.6583416177003,23.885992989613435,23.885992989613435
593.1218517254197,332.12048308799626,24.36593424675374,24.36593424675374
592.8770593670097,330.83390314722504,24.855518963573765,24.855518963573765
593.2312994404275,330.47966307380716,24.85551896357377,24.85551896357377
594.2940196606811,329.41694285355356,24.85551896357377,24.85551896357377
593.5855395138453,329.0627027801357,24.85551896357377,24.85551896357377
596.0652200277704,328.7084627067178,24.85551896357377,24.85551896357377
597.8364203948597,327.9999825598821,24.85551896357377,24.85551896357377
598.7780573776129,325.7534588818745,24.389205291738953,24.389205291738953
598.1854370409956,326.8988094735267,24.879257593665862,24.879257593665862
598.2900659752071,325.9397032208594,25.379156516495392,25.379156516495392
599.1202030972529,325.68473152491646,25.889099908381336,25.889099908381336
597.3842257090652,325.4246366826869,26.409289592840445,26.409289592840445
597.4952891446593,324.4065470278154,26.939931448629387,26.939931448629387
598.3764782868728,324.13589500651676,27.4812354912267,27.4812354912267
598.4920497571804,324.6431281794946,28.033415955951916,28.033415955951916
598.210412043779,323.5624277435692,28.59669138275486,28.59669138275486
598.210412043779,322.7473094537615,28.596691382754862,28.596691382754862
599.8406486233944,322.3397503088577,28.596691382754866,28.596691382754866
600.3684702532252,321.644894503977,29.171284702708558,29.171284702708558
599.5369737916204,322.0606427347794,29.171284702708558,29.171284702708558
600.4911491722618,321.76757342301363,29.75742332624008,29.75742332624008
601.4644967988264,322.31681918957435,30.355339233134224,30.355339233134224
602.8900252379285,322.01185427396865,30.96526906434559,30.96526906434559
606.8618695927174,321.5705382345477,30.96526906434559,30.96526906434559
607.4334090959045,321.7007616983137,31.587454215655487,31.587454215655487
608.0164325423291,321.8336017421372,32.22214093321065,32.22214093321065
612.4517523084054,321.67663213111814,31.617622279829703,31.617622279829703
612.5847192230725,322.2602124026868,32.25291516429832,32.25291516429832
613.6396929041197,322.3958510215704,32.90097298869457,32.90097298869457
616.4531146888222,322.8647546523542,32.90097298869457,32.90097298869457
616.922018319606,321.92694739078667,32.90097298869457,32.90097298869457
618.4670932176101,321.5964077656557,33.56205223895641,33.56205223895641
619.5648879941027,321.73755191927415,34.236414554593765,34.236414554593765
624.765405204545,322.5466424124383,33.594106172105015,33.594106172105015
624.9066841599697,322.20913922478024,34.26911254742112,34.26911254742112
625.3950864726535,322.20913922478024,34.26911254742112,34.26911254742112
626.3718910980209,322.20913922478024,34.26911254742112,34.26911254742112
626.0276064588132,321.86485458557263,34.95768182583646,34.95768182583646
628.0204695802231,321.86485458557263,34.95768182583646,34.95768182583646
628.1674830101123,322.0118680154618,35.660086526762996,35.660086526762996
628.8256768108754,323.178288246252,36.376604645345246,36.376604645345246
628.3072385871898,321.62297357519515,36.37660464534525,36.37660464534525
628.8256768108754,321.62297357519515,36.37660464534525,36.37660464534525
628.9786574759916,322.2943924639969,37.10751976248417,37.10751976248417
628.0770015757835,321.9215917667031,37.85312115707177,37.85312115707177
629.1559645567961,321.9215917667031,37.85312115707177,37.85312115707177
631.6689711740077,320.6582279503705,37.142959846699185,37.142959846699185
630.2370938401515,320.8144314981488,37.88927333889892,37.88927333889892
631.3170873006776,320.8144314981488,37.88927333889892,37.88927333889892
633.8324940019345,321.16985127835346,37.17843377848949,37.17843377848949
632.2428964002243,320.11011954388,37.17843377848949,37.17843377848949
632.3992491325054,320.26647227616115,37.92546004840068,37.92546004840068
632.5587434602363,320.42596660389205,38.6874963171532,38.6874963171532
632.170069528486,319.4859196931335,39.464844180653756,39.464844180653756
632.3360376877005,320.776791284899,40.257811294775635,40.257811294775635
632.3360376877005,320.776791284899,40.257811294775635,40.257811294775635
633.0790937037486,320.9460942423366,41.06671149712156,41.06671149712156
638.7318527059665,323.6724458504682,40.296260111396386,40.296260111396386
639.6841522206897,323.4761433053232,39.54026314181816,39.54026314181816
640.6185856717814,324.9741033413495,38.79844940950392,38.79844940950392
641.5354882439442,325.3380516345265,38.07055282314989,38.07055282314989
644.6055101125424,327.3229128635987,37.35631228358355,37.35631228358355
646.0207324314588,326.6085312381595,36.65547159010639,36.65547159010639
647.7421237425255,328.85233517582526,37.3919899807664,37.3919899807664
648.0928787633861,327.6043618061697,36.690479939045076,36.690479939045076
648.2471794211641,330.3732202863757,37.42770175246031,37.42770175246031
648.9379988686097,332.13087658692285,38.179736563772494,38.179736563772494
649.0985625482173,333.3797130725214,38.94688201054838,38.94688201054838
650.9275616410617,335.20871216536597,39.729441710786325,39.729441710786325
649.9621970529732,337.6406840889242,40.527725383081155,40.527725383081155
653.2303661228729,340.9088531588239,39.76738590024059,39.76738590024059
655.3036941047809,340.71512701539524,39.02131112442964,39.02131112442964
654.9116665025692,343.10375189882217,39.8053663288528,39.8053663288528
655.6463715441595,343.8384569404123,40.60517555449844,40.60517555449844
655.2384316479512,346.90273914280135,41.421055346914976,41.421055346914976
654.6481000717471,348.67373387141356,41.42105534691498,41.42105534691498
656.5932897440206,351.20925511989105,42.253328612000544,42.253328612000544
655.9910966354558,353.01583444558526,42.253328612000544,42.253328612000544
656.5932897440206,354.82241377127946,42.253328612000544,42.253328612000544
658.577564112379,358.01107435676744,43.102324743801475,43.102324743801475
657.3489781629888,359.2396603061577,43.102324743801475,43.102324743801475
658.1445366068405,361.26380469939954,43.968379754878676,43.968379754878676
657.0761723161975,361.4487123356278,44.851836409293455,44.851836409293455
655.3471144220134,362.9157892406888,45.75304435826539,45.75304435826539
656.1915983561746,365.06441506915644,46.67236027855602,46.67236027855602
655.5264253474802,367.72510710393396,46.67236027855602,46.67236027855602
657.0530505060248,369.2517322624786,47.610148013633044,47.610148013633044
659.2888884738381,370.8090319003339,48.56677871767098,48.56677871767098
657.2123718719723,372.88554850219964,48.56677871767098,48.56677871767098
659.493134532073,375.1663111623003,49.54263100244514,49.54263100244514
659.701484506356,377.49290118653033,50.53809108717727,50.53809108717727
662.7950899863664,378.4257048192701,51.55355295139192,51.55355295139192
661.542417603711,380.11199088833183,52.58941849084424,52.58941849084424
668.0317537705414,383.60331611127464,51.602789932733565,51.602789932733565
667.5133263414822,386.0266540295618,52.639644790851975,52.639644790851975
670.7355749481791,386.99824695740585,53.69733317363456,53.69733317363456
668.6655192881781,387.98936210194904,54.776273689092406,54.776273689092406
671.2378883640805,389.7810614504715,55.876893356327344,55.876893356327344
673.6269555367172,392.1701286231081,55.876893356327344,55.876893356327344
674.4233112609295,397.7446186925937,55.876893356327344,55.876893356327344
674.4233112609295,396.15190724416925,55.876893356327344,55.876893356327344
678.6400783970985,399.5723186561261,56.99962777453603,56.99962777453603
678.6400783970985,402.00938935546253,56.99962777453604,56.99962777453604
678.8797885364404,401.4367425950257,58.14492129540979,58.14492129540979
679.7084681234065,403.09410176895784,58.144921295409794,58.144921295409794
677.4669559976801,403.33862840412957,59.31322719899846,59.31322719899846
679.4070563983463,406.96938929660973,60.50500787310794,60.50500787310794
678.5447409318083,408.69402022968575,60.50500787310794,60.50500787310794
679.4070563983463,413.86791302891373,60.50500787310794,60.50500787310794
678.5447409318083,415.59254396198975,60.50500787310794,60.50500787310794
678.5447409318083,421.62875222775574,60.50500787310794,60.50500787310794
676.8201099987323,425.9403295604457,60.50500787310794,60.50500787310794
675.0954790656563,422.49106769429375,60.50500787310794,60.50500787310794
676.212246437135,428.78172786500056,61.720734996302305,61.720734996302305
673.8328851305804,431.6802183856888,62.96088972458301,62.96088972458301
672.3030319346278,430.15036518973614,64.22596288181906,64.22596288181906
670.4723391343744,434.7270971903697,64.22596288181906,64.22596288181906
669.8270929982821,436.8278902546577,65.51645515400345,65.51645515400345
669.1688819315774,440.8383714646753,66.83287728741286,66.83287728741286
666.5924453056541,438.26193483875187,68.17575029074885,68.17575029074885
662.99260169273,441.46356174695995,69.54560564134087,69.54560564134087
665.9660870362928,444.4370470905228,69.54560564134087,69.54560564134087
662.2939117656542,446.7118425070099,70.94298549549234,70.94298549549234
663.3049889605112,449.74507409158105,70.94298549549234,70.94298549549234
663.3049889605112,451.7672284812951,70.94298549549234,70.94298549549234
663.3049889605112,457.83369165043723,70.94298549549234,70.94298549549234
664.3160661553682,459.8558460401513,70.94298549549234,70.94298549549234
