671.0,161.0,27.0,16.0
670.8307086614174,161.16929133858267,27.0,16.0
670.8307086614174,160.8307086614173,27.0,16.0
671.0,160.99999999999997,27.0,16.0
671.1692913385826,161.16929133858264,27.0,16.0
671.6771653543307,160.99999999999997,27.0,16.0
671.6771653543307,161.33858267716533,27.0,16.0
671.8464566929133,161.16929133858267,27.0,16.0
672.3543307086613,161.0,27.0,16.0
673.031496062992,161.50787401574803,27.0,16.0
673.3700787401574,161.50787401574803,27.0,16.0
673.7086614173228,161.50787401574803,27.0,16.0
673.5393700787401,161.50787401574803,27.0,16.0
673.5393700787401,161.6771653543307,27.0,16.0
674.0472440944882,161.84645669291336,27.0,16.0
674.5551181102362,162.01574803149603,27.0,16.0
674.7244094488188,161.67716535433067,27.0,16.0
675.2322834645669,162.01574803149603,27.0,16.0
676.4173228346456,161.67716535433067,27.0,16.0
676.755905511811,162.1850393700787,27.0,16.0
676.5866141732283,161.84645669291334,27.0,16.0
676.4173228346457,162.1850393700787,27.0,16.0
677.2637795275591,162.01574803149603,27.0,16.0
677.7716535433071,161.84645669291336,27.0,16.0
677.6023622047245,162.52362204724406,27.0,16.0
677.6023622047245,162.52362204724406,27.0,16.0
677.6023622047245,162.52362204724406,27.0,16.0
677.9409448818899,162.52362204724406,27.0,16.0
678.7874015748033,162.52362204724406,27.0,16.0
678.956692913386,162.69291338582673,27.0,16.0
679.2952755905513,162.8622047244094,27.0,16.0
679.6338582677167,163.03149606299206,27.0,16.0
679.6338582677167,162.6929133858267,27.0,16.0
679.8031496062994,163.03149606299206,27.0,16.0
680.3110236220474,162.8622047244094,27.0,16.0
680.9881889763781,163.20078740157476,27.0,16.0
680.716933476378,162.8707520629921,27.542511,16.321488000000002
681.0623192952756,162.69805915354328,27.542511,16.321488000000002
681.9257838425198,163.38883079133856,27.542511,16.321488000000002
682.0984767519686,163.38883079133856,27.542511,16.321488000000002
682.4438625708663,163.21613788188975,27.542511,16.321488000000002
682.2711696614174,163.04344497244094,27.542511,16.321488000000002
682.2711696614174,163.04344497244094,27.542511,16.321488000000002
682.616555480315,163.04344497244094,27.542511,16.321488000000002
682.8579283719,162.87947114324894,28.095922673523,16.649435658384004
683.7387425122919,162.87947114324894,28.095922673523,16.649435658384004
683.7387425122919,162.87947114324894,28.095922673523,16.649435658384004
684.0910681684486,162.87947114324894,28.095922673523,16.649435658384004
684.0910681684486,163.0556339713273,28.095922673523,16.649435658384004
684.267230996527,163.23179679940566,28.095922673523,16.649435658384004
684.5134537936226,163.0645282440637,28.660454047802098,16.983972769067915
685.0525611969715,163.0645282440637,28.660454047802098,16.983972769067915
685.0525611969715,163.24423071184665,28.660454047802098,16.983972769067915
685.4119661325374,163.4239331796296,28.660454047802098,16.983972769067915
686.1307760036692,163.60363564741257,28.660454047802098,16.983972769067915
686.3104784714521,163.24423071184665,28.660454047802098,16.983972769067915
686.4901809392351,163.4239331796296,28.660454047802098,16.983972769067915
686.8495858748009,163.78333811519553,28.660454047802098,16.983972769067915
687.0292883425839,163.4239331796296,28.660454047802098,16.983972769067915
687.3886932781497,163.78333811519553,28.660454047802098,16.983972769067915
687.9278006814986,163.60363564741257,28.660454047802098,16.983972769067915
687.7480982137157,163.4239331796296,28.660454047802098,16.983972769067915
687.9278006814986,164.14274305076142,28.660454047802098,16.983972769067915
688.6466105526305,164.14274305076142,28.660454047802098,16.983972769067915
689.7248253593282,164.14274305076142,28.660454047802098,16.983972769067915
689.3654204237623,164.14274305076142,28.660454047802098,16.983972769067915
689.7248253593282,164.14274305076142,28.660454047802098,16.983972769067915
689.5451228915452,164.32244551854438,28.660454047802098,16.983972769067915
691.1624451015919,164.50214798632734,28.660454047802098,16.983972769067915
691.1624451015919,164.6818504541103,28.660454047802098,16.983972769067915
691.3421475693748,164.32244551854438,28.660454047802098,16.983972769067915
691.3421475693748,164.50214798632734,28.660454047802098,16.983972769067915
691.7015525049407,164.6818504541103,28.660454047802098,16.983972769067915
691.8812549727236,164.32244551854438,28.660454047802098,16.983972769067915
692.2406599082894,164.86155292189324,28.660454047802098,16.983972769067915
692.7797673116384,164.68185045411028,28.660454047802098,16.983972769067915
692.6000648438554,164.50214798632732,28.660454047802098,16.983972769067915
693.6782796505531,165.04125538967617,28.660454047802098,16.983972769067915
693.4985771827702,165.04125538967617,28.660454047802098,16.983972769067915
694.0376845861191,165.04125538967617,28.660454047802098,16.983972769067915
694.217387053902,165.04125538967617,28.660454047802098,16.983972769067915
694.397089521685,165.04125538967617,28.660454047802098,16.983972769067915
694.7564944572508,165.04125538967617,28.660454047802098,16.983972769067915
694.7564944572508,165.4006603252421,28.660454047802098,16.983972769067915
694.9361969250338,165.760065260808,28.660454047802098,16.983972769067915
695.2956018605996,165.58036279302505,28.660454047802098,16.983972769067915
695.6550067961655,165.4006603252421,28.660454047802098,16.983972769067915
696.0144117317313,165.93976772859094,28.660454047802098,16.983972769067915
696.1941141995143,165.93976772859094,28.660454047802098,16.983972769067915
696.3738166672972,165.93976772859094,28.660454047802098,16.983972769067915
696.265581883489,165.94884071394947,29.236328550984588,17.325231733916798
696.1551723381696,165.9580960028028,29.823774100559525,17.67334761514639
695.6685512494805,165.96753725817504,30.42302319356207,18.028458188777527
696.0500589769005,166.34904498559504,30.423023193562074,18.028458188777527
696.0500589769005,166.15829112188504,30.423023193562074,18.028458188777527
696.2408128406105,166.15829112188504,30.423023193562074,18.028458188777527
696.4315667043205,166.15829112188504,30.423023193562074,18.028458188777527
696.6223205680305,166.15829112188504,30.423023193562074,18.028458188777527
697.0038282954505,166.34904498559504,30.423023193562074,18.028458188777527
696.3166756655164,166.54942980782147,31.034312998590316,18.390703999164636
696.7058490277035,167.32777653219557,31.034312998590316,18.390703999164636
696.3166756655164,167.32777653219557,31.034312998590316,18.390703999164636
696.900435708797,167.32777653219557,31.034312998590316,18.390703999164636
696.900435708797,167.52236321328908,31.034312998590316,18.390703999164636
696.7058490277035,167.91153657547613,31.034312998590316,18.390703999164636
696.51126234661,167.91153657547613,31.034312998590316,18.390703999164636
696.3166756655165,167.91153657547613,31.034312998590316,18.390703999164636
696.9004357087971,167.91153657547613,31.034312998590316,18.390703999164636
696.9004357087971,168.10612325656965,31.034312998590316,18.390703999164636
696.3940628021633,168.11594772993556,31.657885449670992,18.760228414619853
695.9970697796098,168.51294075248902,31.657885449670992,18.760228414619853
696.3940628021633,168.90993377504248,31.657885449670992,18.760228414619853
695.9970697796098,168.71143726376573,31.657885449670992,18.760228414619853
695.9970697796098,168.71143726376573,31.657885449670992,18.760228414619853
695.9970697796098,168.71143726376573,31.657885449670992,18.760228414619853
695.9970697796098,168.90993377504248,31.657885449670992,18.760228414619853
695.9970697796098,169.10843028631922,31.657885449670992,18.760228414619853
695.798573268333,169.50542330887268,31.657885449670992,18.760228414619853
695.4015802457795,170.10091284270288,31.657885449670992,18.760228414619853
694.8060907119493,170.10091284270288,31.657885449670992,18.760228414619853
695.004587223226,170.10091284270288,31.657885449670992,18.760228414619853
695.2030837345028,170.10091284270288,31.657885449670992,18.760228414619853
694.0121046668423,170.10091284270288,31.657885449670992,18.760228414619853
694.2106011781191,170.29940935397963,31.657885449670992,18.760228414619853
693.2970606981188,170.5079277417656,32.293987342011235,19.13717768415481
693.7020305014744,170.71041264344342,32.293987342011235,19.137177684154814
693.4995455997965,170.91289754512124,32.293987342011235,19.137177684154814
692.7701342526094,170.72063588951738,32.942870429674265,19.521700995362536
692.5635808218021,171.13374275113185,32.942870429674265,19.521700995362536
692.3570273909949,170.92718932032463,32.942870429674265,19.521700995362536
691.9439205293804,170.7206358895174,32.942870429674265,19.521700995362536
692.1504739601877,171.3402961819391,32.942870429674265,19.521700995362536
691.3242602369588,171.3402961819391,32.942870429674265,19.521700995362536
690.7045999445371,171.3402961819391,32.942870429674265,19.521700995362536
690.7045999445371,171.3402961819391,32.942870429674265,19.521700995362536
690.4980465137298,171.3402961819391,32.942870429674265,19.521700995362536
690.2914930829226,171.3402961819391,32.942870429674265,19.521700995362536
689.4652793596937,171.3402961819391,32.942870429674265,19.521700995362536
688.7212119503075,171.1441714128892,33.604791525217706,19.913950533462355
687.4569896969529,171.1441714128892,33.604791525217706,19.913950533462355
687.6676934058453,171.1441714128892,33.604791525217706,19.913950533462355
687.8783971147377,171.1441714128892,33.604791525217706,19.913950533462355
686.8248785702755,171.1441714128892,33.604791525217706,19.913950533462355
685.7713600258132,171.35487512178165,33.604791525217706,19.913950533462355
685.139248899136,171.5655788306741,33.604791525217706,19.913950533462355
685.139248899136,171.35487512178165,33.604791525217706,19.913950533462355
685.139248899136,171.77628253956652,33.604791525217706,19.913950533462355
684.7178414813511,171.56557883067407,33.604791525217706,19.913950533462355
682.8215081013192,171.35487512178162,33.604791525217706,19.913950533462355
682.6108043924268,171.98698624845895,33.604791525217706,19.913950533462355
683.0322118102116,171.98698624845895,33.604791525217706,19.913950533462355
682.6108043924268,171.98698624845895,33.604791525217706,19.913950533462355
682.6108043924268,171.98698624845895,33.604791525217706,19.913950533462355
681.5572858479645,171.98698624845895,33.604791525217706,19.913950533462355
681.1358784301797,171.98698624845895,33.604791525217706,19.913950533462355
680.0823598857174,171.98698624845895,33.604791525217706,19.913950533462355
679.871656176825,172.1976899573514,33.604791525217706,19.913950533462355
679.4502487590402,172.40839366624385,33.604791525217706,19.913950533462355
679.0288413412553,172.6190973751363,33.604791525217706,19.913950533462355
677.9753227967931,172.19768995735143,33.604791525217706,19.913950533462355
677.5539153790082,172.40839366624388,33.604791525217706,19.913950533462355
677.9753227967931,172.82980108402876,33.604791525217706,19.913950533462355
677.1325079612233,172.6190973751363,33.604791525217706,19.913950533462355
675.8682857078686,172.40839366624385,33.604791525217706,19.913950533462355
675.2361745811913,173.04050479292118,33.604791525217706,19.913950533462355
674.8147671634065,173.04050479292118,33.604791525217706,19.913950533462355
674.3933597456216,173.04050479292118,33.604791525217706,19.913950533462355
674.3933597456216,173.04050479292118,33.604791525217706,19.913950533462355
673.129137492267,173.04050479292118,33.604791525217706,19.913950533462355
672.2863226566972,173.25120850181364,33.604791525217706,19.913950533462355
671.5273047008542,173.0511429977792,34.28001260133391,20.314081541531216
671.0974299438237,173.48101775480964,34.28001260133391,20.314081541531216
671.0974299438237,173.2660803762944,34.28001260133391,20.314081541531216
669.8078056727325,173.91089251184007,34.28001260133391,20.314081541531216
668.9480561586715,173.91089251184007,34.28001260133391,20.314081541531216
668.5181814016411,173.91089251184007,34.28001260133391,20.314081541531216
668.0883066446106,173.91089251184007,34.28001260133391,20.314081541531216
668.0883066446106,174.1258298903553,34.28001260133391,20.314081541531216
666.3688076164889,174.34076726887054,34.28001260133391,20.314081541531216
665.2941207239128,174.55570464738577,34.28001260133391,20.314081541531216
665.509058102428,174.34076726887054,34.28001260133391,20.314081541531216
664.8642459668823,174.77064202590097,34.28001260133391,20.314081541531216
664.4343712098519,174.55570464738574,34.28001260133391,20.314081541531216
662.9298095602453,174.55570464738574,34.28001260133391,20.314081541531216
662.7148721817301,174.55570464738574,34.28001260133391,20.314081541531216
661.8551226676692,174.77064202590097,34.28001260133391,20.314081541531216
661.51072852107,174.56655660569396,34.968800894532514,20.722252381945204
661.0722162905465,174.78581272095568,34.968800894532514,20.722252381945204
659.3181673684527,174.56655660569396,34.968800894532514,20.722252381945204
659.098911253191,175.00506883621742,34.968800894532514,20.722252381945204
658.4411429074058,174.7858127209557,34.968800894532514,20.722252381945204
658.4411429074058,174.566556605694,34.968800894532514,20.722252381945204
657.8705727339571,175.01613884292397,35.67142901090636,21.13862459905563
656.3049413352574,175.01613884292397,35.671429010906365,21.138624599055632
655.4102948217146,174.79247721453828,35.671429010906365,21.138624599055632
654.9629715649432,174.79247721453828,35.671429010906365,21.138624599055632
655.1866331933289,174.79247721453828,35.671429010906365,21.138624599055632
654.0683250514005,174.79247721453828,35.671429010906365,21.138624599055632
653.8446634230148,175.01613884292397,35.671429010906365,21.138624599055632
653.1736785378578,175.4634620996953,35.671429010906365,21.138624599055632
652.0553703959293,175.01613884292397,35.671429010906365,21.138624599055632
652.5026936527007,175.4634620996953,35.671429010906365,21.138624599055632
651.8317087675437,175.23980047130962,35.671429010906365,21.138624599055632
650.9370622540009,175.68712372808096,35.671429010906365,21.138624599055632
650.4897389972296,175.46346209969528,35.671429010906365,21.138624599055632
649.1477692269154,175.46346209969528,35.671429010906365,21.138624599055632
649.5950924836868,175.46346209969528,35.671429010906365,21.138624599055632
648.7004459701441,175.2398004713096,35.671429010906365,21.138624599055632
647.8057994566013,176.1344469848523,35.671429010906365,21.138624599055632
647.1348145714443,176.1344469848523,35.671429010906365,21.138624599055632
646.9111529430586,176.358108613238,35.671429010906365,21.138624599055632
646.6874913146729,176.58177024162367,35.671429010906365,21.138624599055632
646.1054566747292,176.14573942120356,36.38817503402251,21.563362983124456
645.6491453517596,176.3738950826884,36.38817503402251,21.563362983124456
644.5083670443354,176.3738950826884,36.38817503402251,21.563362983124456
644.0520557213657,176.60205074417323,36.38817503402251,21.563362983124456
644.2802113828506,176.83020640565806,36.38817503402251,21.563362983124456
644.2802113828506,176.3738950826884,36.38817503402251,21.563362983124456
643.3675887369112,176.60205074417323,36.38817503402251,21.563362983124456
641.9986547680022,176.83020640565806,36.38817503402251,21.563362983124456
641.9986547680022,176.60205074417323,36.38817503402251,21.563362983124456
641.9986547680022,177.0583620671429,36.38817503402251,21.563362983124456
641.7704991065174,176.83020640565806,36.38817503402251,21.563362983124456
640.857876460578,176.60205074417323,36.38817503402251,21.563362983124456
640.035991337129,176.6135700794481,37.11932263498113,21.99663563554438
639.1050313643648,176.148090093066,37.11932263498113,21.99663563554438
638.8722913711738,176.38083008625705,37.11932263498113,21.99663563554438
639.1050313643648,176.6135700794481,37.11932263498113,21.99663563554438
638.1740713916006,176.38083008625705,37.11932263498113,21.99663563554438
637.5684121235573,176.62532087272666,37.86516118468581,22.438614035369373
637.3309956856831,176.8627373106009,37.86516118468581,22.438614035369373
637.0935792478089,176.62532087272666,37.86516118468581,22.438614035369373
636.8561628099346,176.8627373106009,37.86516118468581,22.438614035369373
636.8561628099346,176.8627373106009,37.86516118468581,22.438614035369373
636.6187463720604,176.8627373106009,37.86516118468581,22.438614035369373
635.9064970584377,176.62532087272666,37.86516118468581,22.438614035369373
636.1439134963119,177.33757018634935,37.86516118468581,22.438614035369373
635.194247744815,177.10015374847512,37.86516118468581,22.438614035369373
634.7194148690666,177.10015374847512,37.86516118468581,22.438614035369373
634.7194148690666,177.10015374847512,37.86516118468581,22.438614035369373
634.1015860893503,176.8747242125688,38.6259858683697,22.88947310718205
633.8593992429899,176.8747242125688,38.6259858683697,22.889473107182052
633.375025550269,176.8747242125688,38.6259858683697,22.889473107182052
633.1328387039085,177.11691105892925,38.6259858683697,22.889473107182052
632.4062781648272,177.3590979052897,38.6259858683697,22.889473107182052
632.1640913184667,177.60128475165016,38.6259858683697,22.889473107182052
631.9219044721062,177.3590979052897,38.6259858683697,22.889473107182052
631.6797176257458,177.84347159801058,38.6259858683697,22.889473107182052
631.6797176257458,177.84347159801058,38.6259858683697,22.889473107182052
631.4375307793853,177.84347159801058,38.6259858683697,22.889473107182052
631.1953439330248,177.84347159801058,38.6259858683697,22.889473107182052
630.7109702403039,177.84347159801058,38.6259858683697,22.889473107182052
629.5000360085018,177.84347159801058,38.6259858683697,22.889473107182052
629.7422228548622,178.08565844437103,38.6259858683697,22.889473107182052
629.0156623157809,178.3278452907315,38.6259858683697,22.889473107182052
629.0156623157809,178.57003213709194,38.6259858683697,22.889473107182052
628.7734754694204,178.3278452907315,38.6259858683697,22.889473107182052
628.2891017766996,178.81221898345237,38.6259858683697,22.889473107182052
628.0469149303391,178.5700321370919,38.6259858683697,22.889473107182052
627.5625412376182,178.32784529073146,38.6259858683697,22.889473107182052
627.8047280839787,178.81221898345234,38.6259858683697,22.889473107182052
626.8359806985369,178.57003213709189,38.6259858683697,22.889473107182052
626.8359806985369,178.57003213709189,38.6259858683697,22.889473107182052
625.8672333130951,178.57003213709189,38.6259858683697,22.889473107182052
625.6250464667346,178.57003213709189,38.6259858683697,22.889473107182052
626.1094201594555,178.57003213709189,38.6259858683697,22.889473107182052
625.6250464667346,178.57003213709189,38.6259858683697,22.889473107182052
625.6250464667346,178.81221898345234,38.6259858683697,22.889473107182052
625.1406727740138,179.0544058298128,38.6259858683697,22.889473107182052
624.2682431142664,179.06663358460193,39.40209780242286,23.34939129032466
624.0211900076021,179.06663358460193,39.40209780242286,23.34939129032466
623.1312306187012,178.8320539250037,40.193804153566944,23.818550609521154
622.6271963292281,179.08407106974025,40.193804153566944,23.818550609521154
622.3751791844916,179.5881053592134,40.193804153566944,23.818550609521154
621.8711448950185,179.33608821447683,40.193804153566944,23.818550609521154
622.123162039755,179.08407106974028,40.193804153566944,23.818550609521154
621.3671106055453,179.58810535921342,40.193804153566944,23.818550609521154
621.1150934608088,179.58810535921342,40.193804153566944,23.818550609521154
620.3590420265991,179.58810535921342,40.193804153566944,23.818550609521154
620.1070248818626,179.58810535921342,40.193804153566944,23.818550609521154
619.855007737126,179.58810535921342,40.193804153566944,23.818550609521154
620.1070248818626,179.58810535921342,40.193804153566944,23.818550609521154
619.3509734476529,179.84012250394997,40.193804153566944,23.818550609521154
619.0989563029163,180.09213964868653,40.193804153566944,23.818550609521154
618.5949220134432,179.84012250394997,40.193804153566944,23.818550609521154
619.0989563029163,180.3441567934231,40.193804153566944,23.818550609521154
618.3429048687067,180.09213964868655,40.193804153566944,23.818550609521154
618.3429048687067,179.84012250395,40.193804153566944,23.818550609521154
617.4350635258048,180.35688086946112,41.001418260424565,24.297136746918262
617.4350635258048,180.35688086946112,41.00141826042457,24.297136746918262
617.4350635258048,180.35688086946112,41.00141826042457,24.297136746918262
617.4350635258048,180.35688086946112,41.00141826042457,24.297136746918262
616.9209016753533,180.35688086946112,41.00141826042457,24.297136746918262
616.1496588996761,180.61396179468687,41.00141826042457,24.297136746918262
615.480657225897,180.8840224608105,41.825259757531285,24.78533911557409
615.480657225897,180.8840224608105,41.825259757531285,24.78533911557409
615.2184107736406,180.8840224608105,41.825259757531285,24.78533911557409
614.693917869128,180.8840224608105,41.825259757531285,24.78533911557409
613.6449320601027,181.14626891306682,41.825259757531285,24.78533911557409
613.1204391555901,180.8840224608105,41.825259757531285,24.78533911557409
613.3826856078465,181.40851536532313,41.825259757531285,24.78533911557409
613.3826856078465,181.14626891306682,41.825259757531285,24.78533911557409
613.1204391555901,181.14626891306682,41.825259757531285,24.78533911557409
612.0714533465649,181.14626891306682,41.825259757531285,24.78533911557409
611.8092068943085,181.14626891306682,41.825259757531285,24.78533911557409
611.5469604420522,181.14626891306682,41.825259757531285,24.78533911557409
611.5469604420522,181.40851536532313,41.825259757531285,24.78533911557409
611.2847139897958,181.67076181757943,41.825259757531285,24.78533911557409
610.2357281807706,181.93300826983574,41.825259757531285,24.78533911557409
609.5532842563601,182.20849526492378,42.665654701839365,25.28335093442332
609.1246437563982,182.2220018499826,43.52293570176342,25.79136930474869
608.3059708626205,181.94911088539004,43.52293570176343,25.79136930474869
607.7601889334353,181.67621992079748,43.52293570176343,25.79136930474869
606.668625075065,181.67621992079748,43.52293570176343,25.79136930474869
606.7771538307225,181.68999789366987,44.39744204881897,26.30959528818901
606.7771538307225,182.24674621915813,44.397442048818974,26.30959528818901
606.2204055052342,181.968372056414,44.397442048818974,26.30959528818901
605.663657179746,181.6899978936699,44.397442048818974,26.30959528818901
605.3852830170018,182.52512038190227,44.397442048818974,26.30959528818901
604.8285346915136,182.52512038190227,44.397442048818974,26.30959528818901
604.2717863660254,182.52512038190227,44.397442048818974,26.30959528818901
603.8257474644819,182.5391751955836,45.289519851905894,26.83823398631459
603.8257474644819,182.5391751955836,45.289519851905894,26.83823398631459
603.5417799296857,182.5391751955836,45.289519851905894,26.83823398631459
602.9738448600934,182.5391751955836,45.289519851905894,26.83823398631459
602.4059097905011,182.5391751955836,45.289519851905894,26.83823398631459
602.121942255705,182.82314273037974,45.289519851905894,26.83823398631459
601.5540071861127,183.1071102651759,45.289519851905894,26.83823398631459
601.2700396513166,182.82314273037974,45.289519851905894,26.83823398631459
600.7021045817243,183.1071102651759,45.289519851905894,26.83823398631459
600.9860721165204,182.82314273037974,45.289519851905894,26.83823398631459
600.4181370469281,183.39107779997204,45.289519851905894,26.83823398631459
600.4181370469281,183.39107779997204,45.289519851905894,26.83823398631459
600.134169512132,183.1071102651759,45.289519851905894,26.83823398631459
599.5662344425397,183.1071102651759,45.289519851905894,26.83823398631459
599.5662344425397,183.1071102651759,45.289519851905894,26.83823398631459
599.2822669077435,183.1071102651759,45.289519851905894,26.83823398631459
598.9982993729474,183.1071102651759,45.289519851905894,26.83823398631459
598.4303643033551,183.1071102651759,45.289519851905894,26.83823398631459
598.1463967685589,183.1071102651759,45.289519851905894,26.83823398631459
597.8624292337628,183.1071102651759,45.289519851905894,26.83823398631459
597.5784616989666,183.1071102651759,45.289519851905894,26.83823398631459
597.4074280725706,182.8374799474324,46.19952217429024,27.37749462180161
596.6536112785739,182.85210524218726,47.12780917333826,27.92759062123747
596.3581175785952,182.85210524218726,47.12780917333826,27.92759062123747
596.0626238786165,182.85210524218726,47.12780917333826,27.92759062123747
595.7671301786378,182.85210524218726,47.12780917333826,27.92759062123747
596.0626238786165,182.85210524218726,47.12780917333826,27.92759062123747
595.1761427786805,182.85210524218726,47.12780917333826,27.92759062123747
594.8806490787018,182.85210524218726,47.12780917333826,27.92759062123747
595.1761427786805,182.85210524218726,47.12780917333826,27.92759062123747
594.5851553787232,182.85210524218726,47.12780917333826,27.92759062123747
594.5851553787232,182.85210524218726,47.12780917333826,27.92759062123747
594.2896616787446,182.85210524218726,47.12780917333826,27.92759062123747
593.6986742787873,182.85210524218726,47.12780917333826,27.92759062123747
593.6986742787873,182.85210524218726,47.12780917333826,27.92759062123747
593.6986742787873,182.85210524218726,47.12780917333826,27.92759062123747
593.4031805788086,182.85210524218726,47.12780917333826,27.92759062123747
592.8121931788513,182.55661154220863,47.12780917333826,27.92759062123747
592.5166994788726,182.26111784223,47.12780917333826,27.92759062123747
591.747736244034,182.27603700303237,48.07474824305814,28.488739699589996
591.1448741342493,181.97460594814007,48.07474824305814,28.48873969959
590.843443079357,182.27603700303237,48.07474824305814,28.48873969959
590.5420120244647,181.97460594814007,48.07474824305814,28.48873969959
589.9391499146801,181.97460594814007,48.07474824305814,28.48873969959
589.9391499146801,181.97460594814007,48.07474824305814,28.48873969959
589.9391499146801,181.97460594814007,48.07474824305814,28.48873969959
589.6377188597878,181.97460594814007,48.07474824305814,28.48873969959
588.7334256951109,181.97460594814007,48.07474824305814,28.48873969959
588.4319946402186,181.97460594814007,48.07474824305814,28.48873969959
588.7334256951109,181.97460594814007,48.07474824305814,28.48873969959
588.1305635853263,181.67317489324776,48.07474824305814,28.48873969959
588.1305635853263,181.37174383835546,48.07474824305814,28.48873969959
587.829132530434,181.07031278346315,48.07474824305814,28.48873969959
587.0447185173177,180.7841006600712,49.04071415950591,29.06116394637386
586.7372308082395,180.47661295099294,49.04071415950591,29.061163946373863
586.4297430991612,180.16912524191468,49.04071415950591,29.061163946373863
585.9370555643578,180.1846499674057,50.02608922911286,29.645089913548354
584.9960573855075,179.87098390778894,50.02608922911286,29.645089913548354
584.6823913258906,179.55731784817218,50.02608922911286,29.645089913548354
583.8661381608335,179.5731545119725,51.03126343999343,30.240748705181282
583.6734211244363,179.26934083010588,52.05663461629322,30.84837606891449
583.3470234445733,179.26934083010588,52.05663461629322,30.84837606891449
582.6942280848473,179.26934083010588,52.05663461629322,30.84837606891449
582.3678304049843,179.26934083010588,52.05663461629322,30.84837606891449
582.0414327251212,179.26934083010588,52.05663461629322,30.84837606891449
581.3886373653952,179.5957385099689,52.05663461629322,30.84837606891449
581.0622396855322,179.26934083010588,52.05663461629322,30.84837606891449
580.4094443258061,179.5957385099689,52.05663461629322,30.84837606891449
580.0830466459431,179.5957385099689,52.05663461629322,30.84837606891449
579.7566489660801,179.5957385099689,52.05663461629322,30.84837606891449
579.7566489660801,179.5957385099689,52.05663461629322,30.84837606891449
579.7566489660801,179.5957385099689,52.05663461629322,30.84837606891449
578.777455926491,179.5957385099689,52.05663461629322,30.84837606891449
578.451058246628,179.5957385099689,52.05663461629322,30.84837606891449
578.124660566765,179.5957385099689,52.05663461629322,30.84837606891449
577.1454675271759,179.92213618983192,52.05663461629322,30.84837606891449
576.4926721674499,179.92213618983192,52.05663461629322,30.84837606891449
575.8398768077238,180.24853386969494,52.05663461629322,30.84837606891449
575.5134791278608,180.90132922942098,52.05663461629322,30.84837606891449
575.1870814479978,180.90132922942098,52.05663461629322,30.84837606891449
574.2078884084087,180.90132922942098,52.05663461629322,30.84837606891449
573.8814907285457,180.90132922942098,52.05663461629322,30.84837606891449
573.5550930486827,181.227726909284,52.05663461629322,30.84837606891449
572.5759000090936,181.227726909284,52.05663461629322,30.84837606891449
572.5759000090936,181.227726909284,52.05663461629322,30.84837606891449
571.9231046493676,181.55412458914702,52.05663461629322,30.84837606891449
571.5967069695046,181.88052226901004,52.05663461629322,30.84837606891449
570.6175139299155,181.55412458914702,52.05663461629322,30.84837606891449
569.4417315905168,181.57060405883368,53.1026085756384,31.46821248926719
569.4417315905168,181.23764807038918,53.1026085756384,31.46821248926719
568.7758196136278,181.57060405883368,53.1026085756384,31.46821248926719
567.7769516482944,181.23764807038918,53.1026085756384,31.46821248926719
566.4451276945164,181.9035600472782,53.1026085756384,31.46821248926719
566.4451276945164,181.9035600472782,53.1026085756384,31.46821248926719
566.4451276945164,181.9035600472782,53.1026085756384,31.46821248926719
566.1121717060719,181.9035600472782,53.1026085756384,31.46821248926719
565.1133037407384,181.9035600472782,53.1026085756384,31.46821248926719
564.1144357754049,181.9035600472782,53.1026085756384,31.46821248926719
563.4485237985159,181.9035600472782,53.1026085756384,31.46821248926719
563.4485237985159,181.9035600472782,53.1026085756384,31.46821248926719
562.9150284414608,181.9203706389493,54.1695992897487,32.10050328281404
562.031167489076,181.93751900583882,55.25802904827762,32.74549869527562
559.2594028357357,181.93751900583882,55.25802904827762,32.74549869527562
559.2594028357357,182.28398958750637,55.25802904827762,32.74549869527562
558.9129322540682,181.93751900583882,55.25802904827762,32.74549869527562
558.2199910907332,182.28398958750637,55.25802904827762,32.74549869527562
557.8735205090657,181.93751900583882,55.25802904827762,32.74549869527562
556.4876381823955,182.28398958750637,55.25802904827762,32.74549869527562
556.141167600728,182.28398958750637,55.25802904827762,32.74549869527562
555.7946970190604,182.28398958750637,55.25802904827762,32.74549869527562
555.7946970190604,182.28398958750637,55.25802904827762,32.74549869527562
555.4482264373929,182.28398958750637,55.25802904827762,32.74549869527562
553.7158735290552,182.28398958750637,55.25802904827762,32.74549869527562
552.8142531585542,181.95501193486427,56.36832862594466,33.4034540005598
552.4608209434891,181.95501193486427,56.36832862594466,33.4034540005598
551.7539565133592,181.95501193486427,56.36832862594466,33.4034540005598
551.0470920832292,181.95501193486427,56.36832862594466,33.4034540005598
549.9867954380343,181.95501193486427,56.36832862594466,33.4034540005598
549.2799310079043,182.30844414992924,56.36832862594466,33.4034540005598
549.2799310079043,182.6618763649942,56.36832862594466,33.4034540005598
548.9264987928393,182.6618763649942,56.36832862594466,33.4034540005598
547.8662021476443,183.01530858005918,56.36832862594466,33.4034540005598
545.7456088572545,183.01530858005918,56.36832862594466,33.4034540005598
545.0387444271246,182.6618763649942,56.36832862594466,33.4034540005598
545.0387444271246,183.01530858005918,56.36832862594466,33.4034540005598
544.3318799969946,182.6618763649942,56.36832862594466,33.4034540005598
542.9181511367348,183.36874079512418,56.36832862594466,33.4034540005598
541.5044222764749,183.36874079512418,56.36832862594466,33.4034540005598
540.090693416215,183.0153085800592,56.36832862594466,33.4034540005598
540.44412563128,183.0153085800592,56.36832862594466,33.4034540005598
539.7372612011501,183.0153085800592,56.36832862594466,33.4034540005598
539.0303967710202,183.36874079512418,56.36832862594466,33.4034540005598
537.6166679107603,183.72217301018915,56.36832862594466,33.4034540005598
536.2029390505004,184.07560522525412,56.36832862594466,33.4034540005598
535.9900668520249,183.7400174246375,57.50093745302577,34.07462960179305
534.5479319377758,183.37948369607523,57.50093745302577,34.07462960179305
534.1873982092136,183.7400174246375,57.50093745302577,34.07462960179305
532.3847295664023,183.7400174246375,57.50093745302577,34.07462960179305
532.02419583784,183.7400174246375,57.50093745302577,34.07462960179305
531.6636621092778,183.7400174246375,57.50093745302577,34.07462960179305
531.3031283807155,183.7400174246375,57.50093745302577,34.07462960179305
530.5820609235909,183.7400174246375,57.50093745302577,34.07462960179305
528.7793922807796,184.10055115319977,57.50093745302577,34.07462960179305
527.3372573665305,184.46108488176205,57.50093745302577,34.07462960179305
527.4806416555332,184.83982157259217,58.656303789269415,34.759291134381876
526.0095299244521,184.4720436398219,58.656303789269415,34.75929113438188
525.4202393684332,184.4906123542106,59.834884901307205,35.45770957114502
523.1692331997925,184.4906123542106,59.834884901307205,35.45770957114502
522.7940655050191,184.86578004898405,59.834884901307205,35.45770957114502
522.4188978102458,184.86578004898405,59.834884901307205,35.45770957114502
522.0437301154724,184.86578004898405,59.834884901307205,35.45770957114502
520.5430593363786,184.86578004898405,59.834884901307205,35.45770957114502
519.4175562520584,185.2409477437575,59.834884901307205,35.45770957114502
518.6672208625115,185.99128313330436,59.834884901307205,35.45770957114502
517.9168854729646,185.99128313330436,59.834884901307205,35.45770957114502
517.5417177781912,185.99128313330436,59.834884901307205,35.45770957114502
516.7913823886444,186.3664508280778,59.834884901307205,35.45770957114502
513.5640773540695,186.38539264364474,61.03714724362917,36.170161329558034
512.5681617150218,186.78742099637634,62.26356664319541,36.89692838115285
512.1777660653196,186.78742099637634,62.26356664319542,36.89692838115285
512.1777660653196,187.1778166460785,62.26356664319542,36.89692838115285
511.7873704156174,187.1778166460785,62.26356664319542,36.89692838115285
508.6642052180001,187.1778166460785,62.26356664319542,36.89692838115285
508.6642052180001,187.56821229578065,62.26356664319542,36.89692838115285
508.6642052180001,187.9586079454828,62.26356664319542,36.89692838115285
507.4930182688936,188.73939924488712,62.26356664319542,36.89692838115285
506.7122269694893,189.12979489458928,62.26356664319542,36.89692838115285
505.54104002038275,189.12979489458928,62.26356664319542,36.89692838115285
504.3698530712762,189.12979489458928,62.26356664319542,36.89692838115285
503.74432214899537,189.14950555331018,63.51462848775715,37.638298363115354
503.1062224338931,189.96609199728005,64.79082791796165,38.394564692125435
502.29373902751445,189.96609199728005,64.79082791796165,38.39456469212544
501.07501391794654,190.37233370046937,64.79082791796165,38.39456469212544
499.2053677557008,190.39284440947924,66.09267002331725,39.16602668048432
498.7909634379693,190.80724872721075,66.09267002331725,39.16602668048432
498.3765591202378,190.80724872721075,66.09267002331725,39.16602668048432
496.88375047538557,190.41376724016527,67.42067004209576,39.95298965457529
493.92463386957184,190.83649818385294,67.42067004209576,39.95298965457529
493.24729210799387,190.01237952960057,68.77535356525159,40.75576507570467
493.24729210799387,190.44360440613977,68.77535356525159,40.75576507570467
493.24729210799387,190.87482928267897,68.77535356525159,40.75576507570467
492.38484235491546,190.87482928267897,68.77535356525159,40.75576507570467
490.65994284875865,190.87482928267897,68.77535356525159,40.75576507570467
490.22871797221944,190.87482928267897,68.77535356525159,40.75576507570467
489.79749309568024,191.30605415921818,68.77535356525159,40.75576507570467
488.5038184660626,191.73727903575738,68.77535356525159,40.75576507570467
488.5038184660626,191.30605415921818,68.77535356525159,40.75576507570467
486.3476940833666,192.1685039122966,68.77535356525159,40.75576507570467
485.6567424937733,191.32782624192433,70.1572567444382,41.57467066337081
485.21685301578987,191.32782624192433,70.1572567444382,41.57467066337081
483.8971845818394,191.32782624192433,70.1572567444382,41.57467066337081
483.4572951038559,192.20760519789133,70.1572567444382,41.57467066337081
480.81795823595496,193.96716310982532,70.1572567444382,41.57467066337081
480.55301283405544,193.10959370302226,71.5669265042042,42.41003052100992
479.6555564795261,193.10959370302226,71.56692650420422,42.41003052100993
479.20682830226156,193.55832188028688,71.56692650420422,42.41003052100993
477.41191559320305,193.55832188028688,71.56692650420422,42.41003052100993
476.5144592386738,194.45577823481614,71.56692650420422,42.41003052100993
476.5144592386738,194.45577823481614,71.56692650420422,42.41003052100993
476.0657310614092,194.90450641208076,71.56692650420422,42.41003052100993
474.2708183523507,195.80196276661002,71.56692650420422,42.41003052100993
474.2708183523507,196.25069094387464,71.56692650420422,42.41003052100993
472.0271774660275,198.0456036529331,71.56692650420422,42.41003052100993
472.0271774660275,198.0456036529331,71.56692650420422,42.41003052100993
471.57844928876295,198.49433183019772,71.56692650420422,42.41003052100993
471.12972111149827,198.94306000746235,71.56692650420422,42.41003052100993
470.232264756969,199.8405163619916,71.56692650420422,42.41003052100993
468.6158112753153,200.31190034489154,73.0049207584532,43.262175264268585
467.7003223302545,200.76964481742195,73.0049207584532,43.262175264268585
466.7848333851937,201.22738928995236,73.0049207584532,43.262175264268585
466.7848333851937,201.68513376248276,73.0049207584532,43.262175264268585
466.32708891266327,202.14287823501317,73.0049207584532,43.262175264268585
464.95385549507205,203.51611165260437,73.0049207584532,43.262175264268585
464.95385549507205,203.51611165260437,73.0049207584532,43.262175264268585
464.03836655001123,203.51611165260437,73.0049207584532,43.262175264268585
463.5806220774808,203.97385612513477,73.0049207584532,43.262175264268585
462.66513313242,205.34708954272597,73.0049207584532,43.262175264268585
460.83415524229844,206.72032296031716,73.0049207584532,43.262175264268585
460.83415524229844,206.72032296031716,73.0049207584532,43.262175264268585
460.37641076976803,207.17806743284757,73.0049207584532,43.262175264268585
460.37641076976803,208.09355637790836,73.0049207584532,43.262175264268585
459.9186662972376,209.00904532296914,73.0049207584532,43.262175264268585
457.62994393458564,209.46678979549955,73.0049207584532,43.262175264268585
457.62994393458564,209.46678979549955,73.0049207584532,43.262175264268585
457.17219946205523,210.38227874056034,73.0049207584532,43.262175264268585
457.17219946205523,210.84002321309075,73.0049207584532,43.262175264268585
456.7144549895248,211.75551215815153,73.0049207584532,43.262175264268585
454.42573262687284,213.12874557574273,73.0049207584532,43.262175264268585
454.60777763553386,213.60960107701104,74.4718086312528,44.131442151853534
454.1408357033169,213.60960107701104,74.4718086312528,44.131442151853534
454.1408357033169,214.07654300922798,74.4718086312528,44.131442151853534
453.206951838883,215.47736880587883,74.4718086312528,44.131442151853534
452.27306797444913,215.94431073809577,74.4718086312528,44.131442151853534
451.33918411001525,216.4112526703127,74.4718086312528,44.131442151853534
450.8722421777983,218.27902039918052,74.4718086312528,44.131442151853534
450.8722421777983,218.74596233139746,74.4718086312528,44.131442151853534
449.65711922016743,218.30259579781887,75.96817068208057,45.01817521901073
447.2754982378625,219.73156838720183,75.96817068208057,45.01817521901073
447.2754982378625,220.2078925836628,75.96817068208057,45.01817521901073
446.7991740414015,220.6842167801238,75.96817068208057,45.01817521901073
446.7991740414015,221.16054097658477,75.96817068208057,45.01817521901073
446.7991740414015,221.63686517304575,75.96817068208057,45.01817521901073
444.8938772555575,222.58951356596774,75.96817068208057,45.01817521901073
444.8938772555575,223.0658377624287,75.96817068208057,45.01817521901073
444.8938772555575,224.0184861553507,75.96817068208057,45.01817521901073
444.4175530590965,224.49481035181168,75.96817068208057,45.01817521901073
442.701690439417,224.0425352544739,77.49459913559562,45.922725413686315
442.2157954608765,226.47201014717626,77.49459913559562,45.92272541368632
441.729900482336,226.47201014717626,77.49459913559562,45.92272541368633
441.729900482336,227.44380010425724,77.49459913559562,45.92272541368633
441.2440055037955,227.9296950827977,77.49459913559562,45.92272541368633
440.27221554671456,227.9296950827977,77.49459913559562,45.92272541368633
438.8145306110931,229.87327499695962,77.49459913559562,45.92272541368633
438.03598112087735,229.41191233609104,79.05169811602715,46.845450735423526
438.03598112087735,230.40322846877962,79.05169811602715,46.845450735423526
438.03598112087735,230.89888653512392,79.05169811602715,46.845450735423526
437.04466498818874,231.8902026678125,79.05169811602715,46.845450735423526
436.05334885550013,233.37717686684536,79.05169811602715,46.845450735423526
435.2591559703775,232.90654404603194,80.64008388627249,47.78671637705039
435.2591559703775,233.4121613699033,80.64008388627249,47.786716377050396
433.94338804374263,232.93207212382126,82.26038509179938,48.74689486921447
432.9118346582229,232.93207212382126,82.26038509179938,48.74689486921448
431.8802812727031,233.44784881658117,82.26038509179938,48.74689486921448
431.8802812727031,233.96362550934109,82.26038509179938,48.74689486921448
431.05385231387834,233.47388983003754,83.9132430094489,49.72636622782161
431.05385231387834,234.00003002388507,83.9132430094489,49.726366227821615
429.6846777241364,233.50045408557725,85.59931180123776,50.72551810443724
429.1479657953739,233.50045408557725,85.59931180123776,50.72551810443724
428.61125386661143,233.50045408557725,85.59931180123776,50.72551810443724
428.07454193784895,234.03716601433973,85.59931180123776,50.72551810443724
426.46440615156143,234.03716601433973,85.59931180123776,50.72551810443724
426.46440615156143,234.57387794310222,85.59931180123776,50.72551810443724
425.39098229403646,234.57387794310222,85.59931180123776,50.72551810443724
425.39098229403646,234.57387794310222,85.59931180123776,50.72551810443724
424.854270365274,234.57387794310222,85.59931180123776,50.72551810443724
423.24413457898646,235.1105898718647,85.59931180123776,50.72551810443724
422.3841610929753,235.67439981175346,87.31925877326003,51.7447459397097
422.3841610929753,235.1269037302063,87.31925877326003,51.74474593970971
421.8366650114282,235.1269037302063,87.31925877326003,51.74474593970971
420.9594120781626,235.15454622167016,89.07376463979115,52.7844531198763
420.40091515784894,235.15454622167016,89.07376463979115,52.784453119876304
419.8424182375353,235.15454622167016,89.07376463979115,52.784453119876304
419.28392131722165,235.15454622167016,89.07376463979115,52.784453119876304
418.725424396908,235.15454622167016,89.07376463979115,52.784453119876304
418.16692747659437,235.7130431419838,89.07376463979115,52.784453119876304
417.6084305562807,236.8300369826111,89.07376463979115,52.784453119876304
416.71355097982706,236.29973797434224,90.86352379269849,53.84505113641398
415.2309717891102,236.3285024670338,92.68924457626518,54.92695974889794
413.7186031347143,235.19551260715602,94.55164956753607,56.03060715113255
412.768689987334,234.63260111241215,96.45147586229658,57.15643014062026
411.79969023508346,234.0583790370044,98.3894753667977,58.30487429143574
411.18278334666525,234.0583790370044,98.3894753667977,58.30487429143574
410.1943134823927,234.0895260058537,100.36641509534277,59.47639413057355
410.1943134823927,234.0895260058537,100.36641509534279,59.47639413057355
410.1943134823927,234.0895260058537,100.36641509534279,59.47639413057355
410.1943134823927,234.0895260058537,100.36641509534279,59.47639413057355
410.1943134823927,234.71882840438093,100.36641509534279,59.47639413057355
410.1943134823927,234.71882840438093,100.36641509534279,59.47639413057355
410.1943134823927,234.71882840438093,100.36641509534279,59.47639413057355
410.1943134823927,234.71882840438093,100.36641509534279,59.47639413057355
410.1943134823927,235.34813080290814,100.36641509534279,59.47639413057355
410.1943134823927,235.34813080290814,100.36641509534279,59.47639413057355
409.5650110838655,235.34813080290814,100.36641509534279,59.47639413057355
409.5650110838655,235.34813080290814,100.36641509534279,59.47639413057355
408.5566798946101,234.75060120927535,102.38307747385352,60.671453317839166
407.52808830676906,234.7830124251385,104.44026064953566,61.89052482935451
406.4788292281535,234.16122926744038,106.53877880676679,63.134091144750734
406.4788292281535,234.82923269244634,106.53877880676679,63.13409114475074
406.4788292281535,235.4972361174523,106.53877880676679,63.13409114475074
404.7404839618653,234.1949560457606,108.67946248933114,64.40264443812222
404.7404839618653,234.1949560457606,108.67946248933116,64.40264443812222
404.7404839618653,234.1949560457606,108.67946248933116,64.40264443812222
404.7404839618653,235.55780728140985,108.67946248933116,64.40264443812222
404.7404839618653,236.23923289923448,108.67946248933116,64.40264443812222
403.64863574196625,234.91078611406226,110.8631589291293,65.69668677281742
402.53484901578474,234.25076435039915,113.0907323814923,67.01673030014365
403.24393351453136,234.25076435039915,113.09073238149232,67.01673030014365
402.53484901578474,234.95984884914577,113.09073238149232,67.01673030014365
402.53484901578474,234.95984884914577,113.09073238149232,67.01673030014365
402.53484901578474,235.6689333478924,113.09073238149232,67.01673030014365
403.24393351453136,235.6689333478924,113.09073238149232,67.01673030014365
403.24393351453136,236.378017846639,113.09073238149232,67.01673030014365
403.24393351453136,236.378017846639,113.09073238149232,67.01673030014365
403.24393351453136,236.378017846639,113.09073238149232,67.01673030014365
402.10776747166074,235.7047342656786,115.36306446723364,68.36329746206444
402.1077674716607,235.7047342656786,115.36306446723366,68.36329746206444
402.1077674716607,236.4280663992585,115.36306446723366,68.36329746206444
402.1077674716607,236.4280663992585,115.36306446723366,68.36329746206444
402.1077674716607,236.4280663992585,115.36306446723366,68.36329746206444
402.1077674716607,236.4280663992585,115.36306446723366,68.36329746206444
402.1077674716607,237.1513985328384,115.36306446723366,68.36329746206444
402.1077674716607,237.87473066641832,115.36306446723366,68.36329746206444
402.1077674716607,238.59806279999822,115.36306446723366,68.36329746206444
401.67210457807056,237.9112509320456,117.68105452157377,69.73692119796969
401.22768790995946,237.9485049993701,120.04561995007575,71.13814515560051
400.021649589131,237.23381562406436,122.45769659173263,72.56752390621199
398.7913783403222,235.73695016640852,124.91823908935032,74.02562316405951
397.536387251311,235.77649529546957,127.42822126737265,75.51302001029497
398.3353685161837,236.57547656034222,127.42822126737266,75.51302001029498
398.3353685161837,236.57547656034222,127.42822126737266,75.51302001029498
399.13434978105636,236.57547656034222,127.42822126737266,75.51302001029498
397.8541421560937,235.8168350048088,129.98863651729798,77.03030312136184
397.8541421560937,236.63187020023662,129.98863651729798,77.03030312136184
397.8541421560937,236.63187020023662,129.98863651729798,77.03030312136184
397.8541421560937,236.63187020023662,129.98863651729798,77.03030312136184
397.8541421560937,237.44690539566443,129.98863651729798,77.03030312136184
397.8541421560937,237.44690539566443,129.98863651729798,77.03030312136184
397.8541421560937,238.26194059109224,129.98863651729798,77.03030312136184
397.8541421560937,238.26194059109224,129.98863651729798,77.03030312136184
398.6691773515215,239.07697578652005,129.98863651729798,77.03030312136184
397.3632465147505,238.3030908462113,132.60049819084006,78.57807300197936
398.19465821235997,239.1345025438208,132.60049819084009,78.57807300197936
397.6938990048952,238.3450679334064,135.26484000098864,80.15694222280814
396.33496078982523,237.53977121336496,137.98271643112852,81.76753566289104
394.9487174291999,236.71829366632772,140.75520315237918,83.41049075696552
393.53462028072954,236.72676686385122,143.58339744931993,85.08645774774523
392.9385663711683,235.8719457660885,146.46841865426913,86.79609994327068
392.31352809607154,235.84640544092179,149.41140859028937,88.54009397943082
390.8124663796692,234.95688738675744,152.41353202309406,90.31913008775953
390.12770052311254,234.04949624633076,155.4759771220341,92.1339123686129
389.4121678118694,233.97032958863284,158.59995593034714,93.98515906983543
388.6652500475285,233.8725643809511,161.78670484485562,95.87360287102564
387.88631661021805,233.7558269226207,165.0374851053033,97.79999117351315
387.074724209021,232.773279311296,168.35358329352414,99.76508639616256
385.3833599344626,231.77098937081695,171.73631184264093,101.76966627712065
384.50446777044885,230.74856041856387,175.18700955649513,103.81452418162684
382.7444514789395,230.55204449428652,178.70704213951382,105.90046941600826
381.79552787299826,229.48811542829858,182.29780273722307,108.02832754798412
380.8105296907121,228.40280883558776,185.9607124876221,110.19894073340576
379.78873208561856,228.14215187042296,189.6972210836359,112.4131680495621
377.8829389540018,227.01279297761303,193.5088073468694,114.67188583518197
376.7853094139049,225.86074187656988,197.39697981289004,116.97598803726828
375.648617349128,225.53199930566683,201.36327732827044,119.32638656490111
371.93270779762275,223.48673007012917,205.4092696596274,121.72401165014969
370.71552026290067,222.26382978708594,209.5365581148983,124.16981221623615
372.40843364872745,223.95674317291272,209.5365581148983,124.16981221623615
370.3033246176261,222.7092711544823,213.74677617710097,126.66475625309698
369.00237432367624,221.43673368078555,218.04159015082746,129.20983120049047
366.811819488226,220.13862711162983,222.42269982172803,131.80604433880194
364.57724983446695,218.81443768718006,226.89183912924602,134.45442318770148
363.99069435848173,218.31009801753817,231.45077685286998,137.15601591281197
362.5118808217428,217.7786167965835,236.10131731217467,139.9118917405481
361.8328023231928,218.06590536203885,240.8453010809282,142.72314138129093
358.56669331296985,216.6320373221517,245.68460571554732,145.59087746106522
357.7913363074754,216.01581526465247,250.62114649818983,148.5162349618904
356.9663843450081,214.52374691010783,255.65687719477796,151.50037167097966
355.24438422118413,213.00169842611535,260.79379082825267,154.54446863896464
353.47077609454146,212.29552411484735,266.03392046736474,157.64973064732737
350.7980663125661,210.71169609589896,271.3793400313155,160.81738668522414
348.91811046585485,209.94250091347925,276.83216511056474,164.04869043589034
347.8298295048983,209.98729913084185,282.3945538041313,167.34492077281868
342.45338254136493,208.30606838429773,288.06870757371775,170.70738226590692
345.4844971211193,208.2839700541901,293.85687211499646,174.1374056977758
342.532264055416,206.53449860784735,299.76133824640306,177.6363485904612
344.2251774412428,207.38095530076072,299.76133824640306,177.63634859046124
341.2136251565503,205.59633172464663,305.78444281578805,181.20559574268938
339.83447513762826,204.62230639993106,311.9285696252857,184.84655977794725
339.24005484162797,203.61170213003527,318.1961503747666,188.56068170356556
335.1968405239745,202.56378393421377,324.5896656242468,192.3494314810353
332.7823071411939,201.4778020637529,331.11164577563477,196.21430860778378
330.3022506848223,200.35299170523817,337.7646720742046,200.15684271063998
328.6018112926556,199.1885726778591,344.5513776301916,204.17859415122487
326.8331892631207,198.8302058175456,351.474448460915,208.28115464350543
323.3021012166581,196.7377091974196,358.53662455384017,212.4661478837574
320.54651971099133,195.44962473561878,365.74070095100046,216.73523019318577
317.71856245180044,194.1186509383963,373.089528855209,221.09009117345744
314.81677519306993,191.89746933742217,380.5860167584967,225.53245437540573
311.8396744686191,191.32457092036643,388.23313159322515,230.06407798117078
311.3251170837213,186.47386208218845,396.03389990632786,234.68675550004644
311.3251170837213,191.55260223966874,396.03389990632786,234.68675550004644
308.19281920122575,186.65545167179738,403.9914090571457,239.40231647830888
304.13411951013313,186.7896663780382,412.10880843933097,244.21262722330755
303.3796951378009,182.64327083281245,420.3893107273025,249.11959154210547
300.0027106204925,181.8334042422115,428.8361931477462,254.125151494961
295.6944078060336,180.97324929354411,437.4527987766639,259.2312881639493
292.9924516489506,177.5224254640916,446.2425378624834,264.44002243702755
288.50927599231517,177.40509885741815,455.2088891757543,269.75341580785476
291.0486460710553,180.79092562907172,455.2088891757543,269.75341580785476
286.4753899659511,173.00210777967783,464.3554013859627,275.17357119168196
281.810243425927,173.62340326835417,473.6856944660109,280.7026337576364
278.74427348230097,170.80332425830807,483.20346112491643,286.3427917777286
274.7362266030229,168.77303809362647,492.91246826929944,292.09627749291855
271.4770948763821,167.53140622762064,502.81655849423447,297.9653679965838
268.1184617072965,160.305613693476,512.9196516040591,303.9523861357392
262.11895773454285,161.48423951073022,523.2257461637396,310.0597014303646
258.55528366153555,159.21568141322342,533.7389210814076,316.28973101120494
255.73244566963137,150.95933647313905,544.4633372226963,322.6449405764131
247.72312467348337,153.64308092803182,555.403239057512,329.127845367415
244.68263611103225,152.87586810828822,566.5629563398945,335.7410111643825
241.53003144890363,146.9634759608851,577.9469058216321,342.48705530170844
233.18431778082646,149.44787661019018,589.5595930003061,349.3686477038857
230.64713410140246,141.70566102646615,601.4056139024613,356.3885119421999
222.91219921550464,144.05040069163255,613.4896569026034,363.54942631265453
220.98105884199953,137.01217460852888,625.8165045787474,370.8542249355547
215.54025002166253,139.21158448810752,638.3910356052482,378.3057988771849
211.66602456119455,132.8715652009477,651.2182266836645,385.9070972940242
203.43064726099038,134.0732897054636,664.3031545124194,393.66112859995303
198.44963900500807,128.42545979115738,677.6509977960375,401.5709616569119
191.64161825565014,130.31627397526492,691.2670392947533,409.63972698948425
187.23617402411554,123.66145837932493,705.1566679153028,417.87061802388394
180.99827425281785,123.69560467991491,719.325380843725,426.26689235183784
177.15739858582492,118.5666576529888,733.778785721018,434.83187301986334
167.24611993633857,116.73748931943487,748.5226028625104,443.5689498444515
160.5725442995938,116.5134573293895,763.5626675218268,452.4815807536761
155.44078203907588,112.81405782126103,778.904932200343,461.57329315575976
150.1548837164653,109.86977511739849,794.5554690030444,470.8476853351384
143.86529558295297,104.29294715376565,810.5204720417225,480.30842787657735
135.72240166058577,100.31398522601697,826.8062598864569,489.95926511790145
129.1088059564632,100.47034962649025,843.4192780663556,499.8040166319155
125.71413433684984,93.7561551875709,860.3661016205428,509.8465787381006
124.02122095102305,97.14198195922444,860.366101620543,509.8465787381007
118.76337968274584,92.01980830593209,877.6534377004045,520.0909260446854
110.79249111380216,87.64117151033753,895.2881282241187,530.5411130217012
115.02477457836903,92.71991166781783,895.2881282241187,530.5411130217012
107.72317578399213,88.23628706875866,913.277152584526,541.2012756056463
101.93376364220524,84.4920218392133,931.6276304114069,552.0756328363906
95.11353673201717,80.63850737974929,950.3468243892634,563.1684885269722
92.57416665327696,79.79205068683592,950.3468243892635,563.1684885269722
91.49107421118407,77.52000523850324,969.442143131717,574.4842329669447
95.72335767575089,82.59874539598349,969.4421431317171,574.4842329669448
90.216140649345,76.82718954948103,988.9211441136626,586.0273446599497
81.97385776083377,73.47903591009498,1008.7915366623386,597.8023920962021
69.29966350901532,66.62675748498714,1029.0611850084952,609.814035560591
63.19348377839435,65.57900093420795,1049.7381113988708,622.06702897711
44.182722913091766,59.32940452758942,1070.8304992712083,634.5662217903471
45.875636298918494,63.56168799215635,1070.8304992712083,634.5662217903471
47.56854968474522,66.94751476380992,1070.8304992712083,634.5662217903471
40.196277845470604,58.03297513785304,1092.3466964930647,647.3165608847805
46.12147469586432,69.03691214572706,1092.3466964930647,647.3165608847805
37.68658368828687,62.53364631679807,1114.2952186656998,660.3230925426385
30.724100238528763,60.13199383213532,1136.6847524943498,673.5909644410979
81.1702196756114,83.3797379838274,1115.359442754043,660.9537438542492
90.80225644297741,98.71614478980922,1094.4342165325145,648.5536097970471
112.47849571725999,112.94983178695423,1073.9015678744493,636.3861142959714
129.74954845778416,125.31707329987842,1053.7541316435425,624.4468928258044
144.34247759825382,132.74408959375,1033.9846808805978,612.7316627440595
161.7415447405457,143.88166225370105,1014.5861242111919,601.2362217547818
160.23047808201778,141.61506226590922,1014.586124211192,601.2362217547818
183.34738846337905,157.07688322314658,995.5515033019713,589.9564464011695
202.32380920648023,166.31775508220653,976.873990364673,578.8882905864742
219.48931351022014,176.84015957086575,958.5468857069724,568.0277841226516
237.0465787923447,187.8789560412564,940.5636153292785,557.3710313062404
236.34616791275892,187.8789560412564,940.5636153292785,557.3710313062404
244.4070675409971,193.48590204861023,959.4623600520897,568.5702874382768
