1039.0,408.0,165.0,74.0
1036.224409448819,407.0748031496063,165.0,74.0
1030.6732283464567,406.14960629921256,165.0,74.0
1026.9724409448818,406.14960629921256,165.0,74.0
1022.3464566929133,406.14960629921256,165.0,74.0
1014.9448818897638,406.14960629921256,165.0,74.0
1012.1692913385828,406.14960629921256,165.0,74.0
1005.6929133858268,406.14960629921256,165.0,74.0
1002.9173228346458,407.0748031496063,165.0,74.0
999.2165354330709,407.0748031496063,165.0,74.0
989.964566929134,407.0748031496063,165.0,74.0
988.1141732283465,407.0748031496063,165.0,74.0
982.5629921259842,407.0748031496063,165.0,74.0
977.9370078740158,407.0748031496063,165.0,74.0
973.3110236220473,407.0748031496063,165.0,74.0
964.0590551181103,407.0748031496063,165.0,74.0
961.2834645669293,407.0748031496063,165.0,74.0
956.6574803149608,407.0748031496063,165.0,74.0
953.5792761750372,408.6941559290383,161.90443977591036,72.61168814192344
949.9479191387843,408.6941559290383,161.90443977591036,72.61168814192345
943.5930443253419,407.78631666997506,161.90443977591036,72.61168814192345
938.1460087709627,406.87847741091184,161.90443977591036,72.61168814192345
932.6989732165835,406.87847741091184,161.90443977591036,72.61168814192345
929.0676161803307,406.87847741091184,161.90443977591036,72.61168814192345
923.6205806259514,406.87847741091184,161.90443977591036,72.61168814192345
918.1735450715722,405.9706381518486,161.90443977591036,72.61168814192345
912.726509517193,405.9706381518486,161.90443977591036,72.61168814192345
908.3764187857946,404.33330556786757,165.15758568432773,74.07067479175912
901.8938554727258,404.33330556786757,165.15758568432773,74.07067479175912
897.2634531062479,404.33330556786757,165.15758568432773,74.07067479175912
891.7069702664746,404.33330556786757,165.15758568432773,74.07067479175912
887.0765678999967,404.33330556786757,165.15758568432773,74.07067479175912
882.446165533519,404.33330556786757,165.15758568432773,74.07067479175912
876.8896826937455,404.33330556786757,165.15758568432773,74.07067479175912
873.1853608005633,405.2593860411631,165.15758568432773,74.07067479175912
865.7767170141988,404.33330556786757,165.15758568432773,74.07067479175912
861.146314647721,404.33330556786757,165.15758568432773,74.07067479175912
857.4419927545387,404.33330556786757,165.15758568432773,74.07067479175912
850.9594294414699,404.33330556786757,165.15758568432773,74.07067479175912
848.181188021583,404.33330556786757,165.15758568432773,74.07067479175912
841.6986247085142,404.33330556786757,165.15758568432773,74.07067479175912
837.0682223420363,404.33330556786757,165.15758568432773,74.07067479175912
832.630725237572,403.5891545335721,168.47609705348293,75.55897686034993
826.0179077798537,403.5891545335721,168.47609705348293,75.55897686034993
819.4050903221353,403.5891545335721,168.47609705348293,75.55897686034993
813.7369610726623,403.5891545335721,168.47609705348293,75.55897686034993
808.0688318231894,403.5891545335721,168.47609705348293,75.55897686034993
801.456014365471,403.5891545335721,168.47609705348293,75.55897686034993
797.677261532489,403.5891545335721,168.47609705348293,75.55897686034993
792.009132283016,402.6444663253266,168.47609705348293,75.55897686034993
784.4516266170522,402.6444663253266,168.47609705348293,75.55897686034993
779.7281855758247,402.6444663253266,168.47609705348293,75.55897686034993
774.0600563263517,402.6444663253266,168.47609705348293,75.55897686034993
768.3919270768788,402.6444663253266,168.47609705348293,75.55897686034993
762.7237978274059,402.6444663253266,168.47609705348293,75.55897686034993
755.1662921614418,401.6997781170811,168.47609705348293,75.55897686034993
749.4981629119688,401.6997781170811,168.47609705348293,75.55897686034993
744.7747218707414,401.6997781170811,168.47609705348293,75.55897686034993
738.161904413023,401.6997781170811,168.47609705348293,75.55897686034993
733.4384633717955,402.6444663253266,168.47609705348293,75.55897686034993
726.8256459140771,402.6444663253266,168.47609705348293,75.55897686034993
721.1575166646041,402.6444663253266,168.47609705348293,75.55897686034993
715.4893874151312,402.6444663253266,168.47609705348293,75.55897686034993
711.7106345821494,402.6444663253266,168.47609705348293,75.55897686034993
706.9871935409219,402.6444663253266,168.47609705348293,75.55897686034993
697.5403114584669,402.6444663253266,168.47609705348293,75.55897686034993
694.7062468337306,402.6444663253266,168.47609705348293,75.55897686034993
689.9828057925031,402.6444663253266,168.47609705348293,75.55897686034993
683.3699883347847,402.6444663253266,168.47609705348293,75.55897686034993
679.5912355018027,402.6444663253266,168.47609705348293,75.55897686034993
671.0890416275934,402.6444663253266,168.47609705348293,75.55897686034993
667.3102887946113,402.6444663253266,168.47609705348293,75.55897686034993
662.5868477533838,402.6444663253266,168.47609705348293,75.55897686034993
657.8634067121563,403.5891545335721,168.47609705348293,75.55897686034993
653.1399656709289,403.5891545335721,168.47609705348293,75.55897686034993
646.5271482132105,402.6444663253266,168.47609705348293,75.55897686034993
640.8590189637375,403.5891545335721,168.47609705348293,75.55897686034993
636.13557792251,404.53384274181764,168.47609705348293,75.55897686034993
632.3568250895282,404.53384274181764,168.47609705348293,75.55897686034993
628.5780722565462,405.47853095006315,168.47609705348293,75.55897686034993
620.2726596897801,405.66411589728114,171.8612872715786,77.07718338240494
616.1027830372936,407.35080712891744,168.63700263558624,75.63114057595988
607.5924690173875,406.4052166822612,168.63700263558624,75.63114057595988
600.9733358907939,406.4052166822612,168.63700263558624,75.63114057595988
597.8272806201444,409.0058543951781,165.4732087103231,74.21222693675095
591.3323288585484,408.0780041435216,165.4732087103231,74.21222693675095
587.6209278519223,409.0058543951781,165.4732087103231,74.21222693675095
582.053826341983,409.0058543951781,165.4732087103231,74.21222693675095
577.4145750837004,409.93370464683466,165.4732087103231,74.21222693675095
571.8474735737609,409.0058543951781,165.4732087103231,74.21222693675095
564.4246715605086,409.93370464683466,165.4732087103231,74.21222693675095
558.8575700505692,409.93370464683466,165.4732087103231,74.21222693675095
553.29046854063,409.93370464683466,165.4732087103231,74.21222693675095
547.7233670306905,409.93370464683466,165.4732087103231,74.21222693675095
543.0841157724078,410.8615548984912,165.4732087103231,74.21222693675095
538.4448645141251,411.78940515014773,165.4732087103231,74.21222693675095
531.9499127525291,411.78940515014773,165.4732087103231,74.21222693675095
525.4549609909334,412.71725540180427,165.4732087103231,74.21222693675095
519.8878594809939,412.71725540180427,165.4732087103231,74.21222693675095
512.4650574677416,412.71725540180427,165.4732087103231,74.21222693675095
505.9701057061457,412.71725540180427,165.4732087103231,74.21222693675095
499.47515394454985,413.6451056534608,165.4732087103231,74.21222693675095
493.9080524346105,413.6451056534608,165.4732087103231,74.21222693675095
489.2688011763277,414.57295590511734,165.4732087103231,74.21222693675095
480.91814891141877,414.57295590511734,165.4732087103231,74.21222693675095
472.76077055851465,414.7552330188538,168.79806189293961,75.70337321259109
467.08180927793615,415.7017265656169,168.79806189293961,75.70337321259109
460.4563544505945,416.64822011237993,168.79806189293961,75.70337321259109
453.8308996232529,417.59471365914305,168.79806189293961,75.70337321259109
449.0984318894375,418.54120720590606,168.79806189293961,75.70337321259109
441.72364088005156,419.673640360452,172.18972135055446,77.22448109055168
433.0340379056678,420.6391518020502,172.18972135055446,77.22448109055168
428.20648069767685,421.6046632436484,172.18972135055446,77.22448109055168
423.37892348968586,422.5701746852466,172.18972135055446,77.22448109055168
419.7179965709412,423.7253618191668,175.64952942165115,78.77615258910413
411.51655980965865,425.4492318414387,172.3541736843316,77.2982354705487
406.3682906687002,428.10719395566525,169.12064202061615,75.84804551227631
404.1615150621525,431.66359245495903,165.94777455084935,74.42506252583544
396.71742496061114,431.66359245495903,165.94777455084935,74.42506252583544
393.6215393446502,434.22275820225457,162.8344331558445,73.02877608201509
388.1432155376891,435.1358121700814,162.8344331558445,73.02877608201509
383.2793038065054,437.6469654828667,159.77950106863594,71.65868532775184
380.2984921600544,441.0069313098007,156.78188247389073,70.31429880647218
374.14468169311215,440.1278155288089,156.78188247389073,70.31429880647218
372.97802452966437,446.06209247709296,153.84050211483577,68.9951342818051
364.9322732653273,448.43454576623543,150.95430490755902,67.7007185646022
364.65541978687753,452.4553676788464,148.12225556254728,66.43058734320299
361.0615241225918,456.40075506793727,145.34333821332388,65.18428501688462
358.3500303929034,460.27212315842024,142.61655605205374,63.96136453243619
357.28878132433147,463.2711734213452,139.94093097198473,62.76138722379918
352.3240208468038,466.2139585890947,137.31550321659716,61.583922654716275
351.30221837223047,469.8714971045588,134.73933103533565,60.42854846433232
348.7885506958455,472.7048990415707,132.21149034579972,59.29485021569196
347.0633852263053,476.22648696718096,129.73107440227204,58.182421247079546
342.698774992299,477.68135704518306,129.73107440227204,58.182421247079546
331.21134120730187,478.5516974281264,132.3377608802369,59.35148063719711
331.7106822667469,483.56075148072006,129.85497597886754,58.23798922688601
330.74439562989454,489.203960601787,127.41877053316878,57.14538799669384
322.17076325328907,487.7750218723528,127.41877053316878,57.14538799669384
323.36601318621297,494.7412976398758,125.02827066732101,56.07328502655606
312.2950035059108,494.1779573818565,127.5404637098395,57.199965542594654
304.42833448443776,494.1779573818565,127.54046370983951,57.19996554259466
303.1469992157769,499.32451176183145,130.10313424716134,58.34928445024202
293.66322266781503,499.32451176183145,130.10313424716134,58.349284450242024
292.2041801219748,503.7016393993523,130.10313424716134,58.349284450242024
281.99088230109294,505.16068194519255,130.10313424716134,58.349284450242024
280.6838011628788,508.9516034964841,132.71729652358954,59.52169662270073
271.75364663659576,510.439962584198,132.71729652358954,59.52169662270073
270.4203023170715,514.3070551222196,135.38398516263803,60.71766607294066
262.06984653932346,515.0661874656512,135.38398516263803,60.71766607294066
256.91404961522886,519.0109814940392,138.10425557651092,61.937666137344266
249.17019371914677,519.7853670836474,138.10425557651092,61.93766613734427
247.78272931549736,523.0350382688396,140.87918438380976,63.182179663041936
238.30338548437484,523.8249835880998,140.8791843838098,63.182179663041936
238.30338548437484,528.5646555036611,140.8791843838098,63.182179663041936
228.82404165325235,530.1445461421815,140.8791843838098,63.182179663041936
229.61398697251255,533.3043274192223,140.8791843838098,63.182179663041936
223.2944244184309,535.674163377003,140.8791843838098,63.182179663041936
223.8259942494153,538.6366788567116,138.23615408332063,61.996820619186195
218.40011800348205,539.4118040347021,138.23615408332063,61.996820619186195
217.01132848148396,541.8894536883133,141.0137331273168,63.242522735887505
208.31363103137383,539.5173543837378,141.0137331273168,63.24252273588751
209.10433079956564,540.3080541519297,141.0137331273168,63.24252273588751
206.73223149499015,542.6801534565052,141.0137331273168,63.24252273588751
206.4736092413923,545.64549833033,138.36817856174522,62.05603159738874
205.85935880819923,548.1255142997969,141.1484103735864,63.30292344027507
206.02422117872305,549.8639062924673,143.98450538322285,64.57486908096053
195.52857183618556,542.5976875168644,143.98450538322285,64.57486908096053
197.9506447613865,544.2124028003317,143.98450538322285,64.57486908096053
198.75800240312014,545.827118083799,143.98450538322285,64.57486908096053
200.37271768658746,547.4418333672662,143.98450538322285,64.57486908096053
201.1800753283211,549.8639062924672,143.98450538322285,64.57486908096053
202.1556079201895,551.6372277954463,146.87758604988795,65.87237192540427
207.92066707199254,553.2843875531042,146.87758604988795,65.87237192540427
213.85728031320338,555.9169202838716,149.82879738638837,67.19594549450142
216.5526656469326,546.8405555241179,152.8393074122731,68.54611362732243
229.9844952349937,549.1975688762313,149.97189358983164,67.26012197362141
235.87100835728603,550.0384993222731,149.97189358983164,67.26012197362141
251.00775638603784,550.0384993222731,149.97189358983164,67.26012197362141
264.6378117858394,549.3627705068651,152.98527884773213,68.6115796044374
290.55131754970637,549.5312915338632,156.05921205561964,69.99019207342936
299.30195339629915,538.1554649332925,156.05921205561964,69.99019207342936
315.64194551563475,539.6870705017667,153.13138969536422,68.67710810579965
329.0994438895506,539.4726485783506,150.258496125664,67.38865886847955
330.784518887858,529.3621985885063,150.258496125664,67.38865886847955
349.32034386923914,530.20473608766,150.258496125664,67.38865886847955
358.7637593769106,533.7404034221063,153.27764008831699,68.74269919112392
365.6394922179041,523.426804160616,153.27764008831699,68.74269919112392
374.413187668247,526.1740470536892,156.35744771061155,70.12394624597118
383.36317298127364,527.2230185629709,159.49913790746086,71.53294669789148
388.02122974214967,518.455193721289,162.7039540854355,72.9702581958922
391.8605584989375,516.8097756837394,165.97316463487417,74.43644959382226
395.77703088843543,512.3393353675602,169.30806343188272,75.93210117551094
399.7721969576556,511.57648351310047,172.70997035041955,77.45780488443049
399.9739234599216,509.82987506663335,176.18023178467053,79.01416455797334
397.2160415155465,506.07239752515056,179.7202211819199,80.60179616643671
392.38727172090466,504.2548947157852,183.3313395861282,82.22132805680893
388.48946277577033,502.4008728224713,187.01501619243226,83.8734012014544
382.4160538954096,501.55823869730085,190.7727089127868,85.55866945179523
378.1372100305082,501.55823869730085,190.7727089127868,85.55866945179523
371.9417681455144,500.6986735246534,194.60590495297146,87.27779979709015
364.53063657805575,499.82183710899193,198.51612140119153,89.03147262841308
356.9705931440121,498.9273824192306,202.50490582850568,90.82038200793579
347.88662218343967,497.791886049159,202.5049058285057,90.8203820079358
342.44566753681886,495.7439627112447,206.57383690131786,92.64523594362126
336.6541080436418,494.58565081260934,206.57383690131786,92.64523594362126
335.11693523515777,496.6130200062098,202.69831112647364,90.90712135369112
333.08052665242565,493.42655992626527,206.77112829193788,92.73371814305085
330.76169032941897,491.10772360325853,206.77112829193788,92.73371814305085
329.6022721679156,488.7888872802518,206.77112829193788,92.73371814305085
330.76169032941897,486.47005095724506,206.77112829193788,92.73371814305085
330.76169032941897,484.15121463423833,206.77112829193788,92.73371814305085
329.6022721679156,480.6729601497282,206.77112829193788,92.73371814305085
328.44285400641223,478.3541238267215,206.77112829193788,92.73371814305085
327.28343584490887,473.71645118070813,206.77112829193788,92.73371814305085
326.1240176834055,470.23819669619803,206.77112829193788,92.73371814305085
328.4428540064122,466.7599422116879,206.77112829193788,92.73371814305085
333.0805266524256,463.2816877271779,206.77112829193788,92.73371814305085
331.9211084909222,458.64401508116447,206.77112829193788,92.73371814305085
337.718199298439,458.64401508116447,206.77112829193788,92.73371814305085
336.55878113693564,454.00634243515105,206.77112829193788,92.73371814305085
346.0756366115842,454.2341112973303,210.9257805727078,94.59701674169918
346.32199945830536,453.28374236863476,215.16391228175522,96.49775459909014
345.11552082823584,450.8707851084958,215.16391228175524,96.49775459909016
348.34034142351413,452.9824595290226,211.12722835133758,94.68736301817557
352.68850517235876,453.87067296745596,207.16627653129703,92.91093614130891
358.49667446189045,450.38577139373695,207.16627653129703,92.91093614130891
358.49667446189045,449.2241375358306,207.16627653129703,92.91093614130891
361.98157603560946,448.06250367792427,207.16627653129703,92.91093614130891
365.4664776093285,445.7392359621116,207.16627653129703,92.91093614130891
376.1631540491266,444.80580624216793,211.3288685256404,94.77779558119623
376.4099877055103,443.85362111886144,215.5750994809261,96.6821658278092
381.4969180345047,442.8823037398723,219.90664995479636,98.62480058578737
385.45298769145523,441.8914696807872,224.3252342723381,100.6064687039576
386.972849683749,440.88072679295294,228.8326012045722,102.62795447962623
392.3726175703607,438.56655261250444,233.4305346605757,104.69005796898536
392.64526613363483,436.2058797302482,238.12085439351063,106.79359530375618
392.64526613363483,433.5354716757278,238.12085439351063,106.79359530375618
396.92900510627146,432.46256982050863,242.90541672083944,108.93939901419455
396.92900510627146,431.1005375387287,242.90541672083947,108.93939901419456
399.6530696698313,429.73850525694877,242.90541672083947,108.93939901419456
402.3771342333912,428.37647297516884,242.90541672083947,108.93939901419456
404.0228818096451,425.9199810211928,247.7861152590113,111.12831835858677
405.4122814060629,424.5305814247751,247.7861152590113,111.12831835858677
408.19108059889834,423.1411818283574,247.7861152590113,111.12831835858677
408.4804965847841,419.24593198513236,252.76488167291063,113.36121965936586
408.77572780607437,416.6897316893159,257.8436864403644,115.6389866459815
410.5226860573153,414.0821696609557,263.0245396320107,117.96252080465922
410.82990063376644,409.94736858182756,268.3094917068367,120.33274173518723
411.14328807270226,407.23396631830076,273.70063432370216,122.75058751487235
414.2127058281816,404.1645485628214,273.70063432370216,122.75058751487236
417.2821235836609,402.6298396850817,273.70063432370216,122.75058751487236
421.88625021687994,401.09513080734206,273.70063432370216,122.75058751487236
425.2753523051056,398.32720815213423,279.2001011691683,125.2170150698087
427.16700583836996,395.50366962701526,284.81006880196037,127.73300055360636
430.6936706607205,392.62339774231117,290.53275751439816,130.29953973372997
433.9518523842176,390.9943068805626,290.5327575143982,130.29953973372997
438.8391249694634,389.365216018814,290.5327575143982,130.29953973372997
443.7263975547092,389.365216018814,290.5327575143982,130.29953973372997
448.613670139955,389.365216018814,290.5327575143982,130.29953973372997
453.84028710032953,388.0561616928791,296.37043221113504,132.91764838559982
457.163935469197,388.0561616928791,296.37043221113504,132.91764838559982
460.8337466597226,386.72080453837316,302.3254033055534,135.58836269461167
464.57729536649947,385.35861605256173,308.40002763417186,138.3127396662345
468.03584972078386,383.62933887541953,308.4000276341719,138.3127396662345
474.95295842935275,381.90006169827734,308.4000276341719,138.3127396662345
481.87006713792164,380.17078452113515,308.4000276341719,138.3127396662345
487.05789866934833,378.44150734399295,308.4000276341719,138.3127396662345
492.24573020077503,376.71223016685076,308.4000276341719,138.3127396662345
497.4335617322017,374.98295298970856,308.4000276341719,138.3127396662345
504.3506704407706,373.25367581256637,308.4000276341719,138.3127396662345
509.5385019721973,371.5243986354242,308.4000276341719,138.3127396662345
516.4556106807662,369.795121458282,308.4000276341719,138.3127396662345
519.9141650350506,368.0658442811398,308.4000276341719,138.3127396662345
525.1019965664773,366.3365671039976,308.4000276341719,138.3127396662345
530.289828097904,364.6072899268554,308.4000276341719,138.3127396662345
535.4776596293307,362.8780127497132,308.4000276341719,138.3127396662345
537.2069368064729,362.8780127497132,308.4000276341719,138.3127396662345
540.6654911607573,361.148735572571,308.4000276341719,138.3127396662345
542.3947683378994,361.148735572571,308.4000276341719,138.3127396662345
545.8533226921838,361.148735572571,308.4000276341719,138.3127396662345
544.4842589916993,358.029899456372,314.5967093894253,141.09185754434816
546.2482825351618,356.26587591290945,314.5967093894253,141.09185754434816
548.0123060786243,354.5018523694469,314.5967093894253,141.09185754434816
549.7763296220868,354.5018523694469,314.5967093894253,141.09185754434816
551.5403531655493,352.73782882598437,314.5967093894253,141.09185754434816
553.3043767090118,350.9738052825218,314.5967093894253,141.09185754434816
553.671827955056,347.79230239224,320.91790107118703,143.92681623798674
553.671827955056,345.9928343237187,320.91790107118703,143.92681623798674
553.671827955056,344.19336625519736,320.91790107118703,143.92681623798674
554.0466623989869,340.9479374273411,327.3661044574104,146.81873775665662
552.5934036109777,337.6372981980467,333.94387159427316,149.7687666544011
554.4659116001128,335.76479020891156,333.94387159427316,149.76876665440113
556.3384195892479,333.8922822197764,333.94387159427316,149.76876665440113
583.8135791025071,355.8947738483429,327.67876028526877,146.95895915824158
583.813579102507,350.3826400854912,327.6787602852688,146.95895915824158
581.9762011815565,346.70788424359006,327.6787602852688,146.95895915824158
580.1388232606059,343.03312840168894,327.6787602852688,146.95895915824158
578.3014453396554,341.19575048073835,327.6787602852688,146.95895915824158
578.3014453396554,339.35837255978777,327.6787602852688,146.95895915824158
578.3014453396554,337.5209946388372,327.6787602852688,146.95895915824158
576.4640674187049,337.5209946388372,327.6787602852688,146.95895915824158
576.4640674187049,337.5209946388372,327.6787602852688,146.95895915824158
575.8630974453433,338.899541028364,321.53118854818956,144.20186637918786
575.8630974453433,337.09663410140564,321.53118854818956,144.20186637918786
574.0601905183851,337.09663410140564,321.53118854818956,144.20186637918786
574.0601905183851,337.09663410140564,321.53118854818956,144.20186637918786
572.2572835914266,337.09663410140564,321.53118854818956,144.20186637918786
572.2572835914266,337.09663410140564,321.53118854818956,144.20186637918786
572.2572835914266,337.09663410140564,321.53118854818956,144.20186637918786
570.4543766644683,338.899541028364,321.53118854818956,144.20186637918786
570.4543766644683,338.899541028364,321.53118854818956,144.20186637918786
570.4543766644683,338.899541028364,321.53118854818956,144.20186637918786
570.4543766644683,338.899541028364,321.53118854818956,144.20186637918786
573.4704953252987,343.85803840289555,315.49895122652873,141.49649933795814
574.6609460289478,345.1853442671335,309.579884534657,138.84188760948234
577.564955655444,348.22364151851184,303.77186528166465,136.237078974807
580.4144832413939,349.50161146614994,298.07281010976504,133.68113907953082
583.210550922783,352.4269753056915,292.4806747469868,131.17315109864847
581.570537595044,350.7869619779524,292.4806747469868,131.17315109864847
579.930524267305,350.7869619779524,292.4806747469868,131.17315109864847
578.290510939566,350.7869619779524,292.4806747469868,131.17315109864847
575.010484284088,349.1469486502134,292.4806747469868,131.17315109864847
573.370470956349,350.7869619779524,292.4806747469868,131.17315109864847
571.73045762861,350.7869619779524,292.4806747469868,131.17315109864847
568.4504309731319,350.7869619779524,292.4806747469868,131.17315109864847
566.8104176453929,350.7869619779524,292.4806747469868,131.17315109864847
566.2740017264654,352.0174298234357,286.99345327388573,128.71221540768195
563.3907219981493,350.7243225513424,292.76001273051793,131.2984299518685
560.4495085302522,351.04681252149453,298.64243966631227,133.93660930489142
555.7746333536405,348.02665446960896,304.6430622065275,136.6277975956546
581.7536224534986,370.56897616814786,310.76425525544323,139.37305993274413
582.1165973652236,369.16876472153353,317.00844143629087,142.17348282597277
559.3787579539957,362.40777861604835,323.3780920500703,145.03017461639504
550.3124430372972,358.781252649369,323.37809205007034,145.03017461639504
539.432865137259,353.3414636993499,323.37809205007034,145.03017461639504
534.3707841521383,351.8844180500663,329.87572805363243,147.94426591496227
530.6713903992104,351.8844180500663,329.87572805363243,147.94426591496227
530.6713903992104,351.8844180500663,329.87572805363243,147.94426591496227
528.8216935227465,353.7341149265302,329.87572805363243,147.94426591496227
528.8216935227465,355.5838118029942,329.87572805363243,147.94426591496227
530.0663911391779,360.6709946012205,323.68693906784193,145.16868782436535
530.0663911391779,362.4859893681245,323.68693906784193,145.16868782436535
528.2513963722739,364.30098413502833,323.68693906784193,145.16868782436535
529.472742252751,367.4777316771213,317.6142577730799,142.44518227398723
530.6711744985162,372.3758240531447,311.65550587631566,139.77277233240812
533.5946544609684,375.43449199051497,305.8085459514111,137.15049939639033
536.463287100465,378.43577634724505,300.0712806724179,134.5774228470237
537.5955256256096,381.38075369503053,294.4416520612593,132.05261971232227
540.3575312814764,384.27048040803624,288.9176407495255,129.57518433615076
540.3575312814764,387.51054939281977,288.9176407495255,129.57518433615076
543.0677190291797,390.3460620266057,283.49726525411916,127.14422805336247
547.3167020951661,393.1283776899428,278.1785812664898,124.75887887103174
547.3167020951661,393.1283776899428,278.1785812664898,124.75887887103174
544.1970663711086,391.56855982791404,278.1785812664898,124.75887887103174
544.1970663711086,393.1283776899428,278.1785812664898,124.75887887103174
544.1970663711086,393.1283776899428,278.1785812664898,124.75887887103174
545.7568842331374,394.68819555197155,278.1785812664898,124.75887887103174
548.8765199571949,396.2480134140003,278.1785812664898,124.75887887103174
544.5219809784724,394.99462333742247,283.76802349987736,127.26565902418739
544.5219809784724,394.99462333742247,283.76802349987736,127.26565902418739
541.3396624138113,394.99462333742247,283.76802349987736,127.26565902418739
540.0799462480502,393.71604889403596,289.4697743960604,129.8228079109604
536.8336853564695,393.7160488940359,289.4697743960604,129.82280791096042
533.9255272679995,392.41178405435846,295.2860905730005,132.43133759031537
530.6140392563243,392.41178405435846,295.2860905730005,132.43133759031537
530.6140392563243,390.75604004852084,295.2860905730005,132.43133759031537
525.991703541545,387.7698246095821,301.2192739908838,135.09228045651759
527.1282737116869,389.03705579128746,295.56810791030597,132.55781809310693
529.9008460703433,390.2805124854727,290.0229631929934,130.07090470473645
532.6214022792306,389.87440840892515,284.58185077521864,127.6306482264617
533.6951955935479,391.0716458574846,279.24281891002124,125.23617332934285
536.314628815004,390.6806366564976,274.003952467109,122.88662110646098
529.6664609685936,390.2969631678126,268.8633722458937,120.58114876482503
525.1437056015367,387.28179292310796,268.8633722458937,120.58114876482503
516.0981948674229,384.26662267840334,268.8633722458937,120.58114876482503
511.8894738758022,380.0400339226329,274.2656439844304,123.00398578695666
507.59618705329683,377.2663973492085,279.7764635690096,125.47550487337398
503.2166352186669,374.4370300961143,285.3980120515017,127.9966841927947
498.74908504902373,371.55081236680365,291.13251430765257,130.56852156828052
494.19176839382203,368.60660186465805,296.98223991763626,133.19203487215196
489.54288157506727,365.60323334089276,302.9495040643013,135.86826242883814
484.80058467346333,362.5395181333794,309.0366684494653,138.5982634258208
479.9630008002154,357.6813967125312,315.24614222862044,141.3831183328358
475.0282153542023,352.72566105797387,321.5803829644201,144.22392932949748
471.4218498091468,350.9224782854461,321.5803829644201,144.22392932949748
468.19109249169475,347.67034980690954,328.0418975993242,147.12182074151508
464.89541956746314,344.35287631085373,334.63324344778744,150.07793948567434
461.5335266871649,340.96874481984173,341.35702920838384,153.09345552375999
459.6194512430234,340.96874481984173,341.35702920838384,153.09345552375999
459.6194512430234,339.05466937570026,341.35702920838384,153.09345552375999
460.90747047109664,338.5766848754612,334.9528398639543,150.2212736359552
469.6839873282604,247.95572238203385,328.6687993304469,147.4029766694125
474.6099895647242,230.90914066150677,322.5026534994977,144.63755369068377
465.5682186780167,211.0172447107503,322.5026534994977,144.63755369068377
468.59345015176336,214.18236936722664,316.4521905520043,141.92401273241404
466.81902245480035,214.18236936722664,316.45219055200437,141.92401273241404
466.81902245480035,214.18236936722664,316.45219055200437,141.92401273241404
467.18864091634566,209.20767437938434,322.8106644167658,144.77569192024643
707.929450182536,377.5452327384498,322.8106644167658,144.77569192024643
708.3064953878293,374.2806624768949,329.2968990968919,147.68466989799992
719.3852028019695,379.82001618396504,329.2968990968919,147.68466989799992
723.0781052733496,383.5129186553451,329.2968990968919,147.68466989799992
730.4639102161098,387.2058211267252,329.2968990968919,147.68466989799992
741.54261763025,390.8987235981053,329.2968990968919,147.68466989799992
723.0781052733496,385.35936989103516,329.2968990968919,147.68466989799992
724.9245565090397,389.05227236241524,329.2968990968919,147.68466989799992
723.4627264479528,385.72210709059493,335.91346169044573,150.65209797026046
723.4627264479528,389.48921105133246,335.91346169044573,150.65209797026046
729.1133823890591,391.3727630317012,335.91346169044573,150.65209797026046
736.6475903105342,397.02341897280746,335.91346169044573,150.65209797026046
745.449277617535,400.3201607778804,329.61139895865665,147.82571832085202
752.8421364822723,402.1683754940647,329.61139895865665,147.82571832085202
787.3537016150508,414.64434080247815,323.427569043366,145.05236429823682
792.7943228552219,416.45788121586855,323.427569043366,145.05236429823682
796.4214036820027,418.27142162925895,323.427569043366,145.05236429823682
803.6755653355643,418.27142162925895,323.427569043366,145.05236429823682
805.4891057489547,418.27142162925895,323.427569043366,145.05236429823682
732.9474892133392,385.62769418823194,323.427569043366,145.05236429823682
717.8459927100554,392.4289770324388,317.3597537821258,142.33104109016543
721.4050259784304,395.98801030081387,317.3597537821258,142.33104109016543
726.743575880993,397.7675269350014,317.3597537821258,142.33104109016543
732.0821257835556,395.98801030081387,317.3597537821258,142.33104109016543
737.7913541881212,392.77856486231394,323.73646331487004,145.19089869879014
745.0524440357942,396.40910978615045,323.7364633148701,145.19089869879014
764.4267014019222,403.2168882958805,317.662852897143,142.4669764508398
785.8012956555596,410.341753047093,317.662852897143,142.4669764508398
804.8120731400278,422.3654595846617,311.70318930866284,139.79415762933962
816.4749946085315,434.16358971190436,305.8553347962642,137.17148348438508
831.9100705592377,420.4435222001655,305.8553347962642,137.17148348438508
843.9151296320094,434.16358971190436,305.8553347962642,137.17148348438508
850.7751633878788,453.02868254054533,305.8553347962642,137.17148348438508
854.2051802658136,470.178766930219,305.8553347962642,137.17148348438508
873.0702730944545,465.0337416133169,305.8553347962642,137.17148348438508
878.5725396682608,479.09072425519736,312.0008860383255,139.92767010203684
894.6821719055237,470.68706850339106,318.2699198414936,142.73923677739708
902.1923941526509,483.5300000901933,324.6649173408687,145.60729626196533
880.7258626692462,476.6057207708956,331.1884095249988,148.532983665757
893.7252645701917,469.17749111321245,331.1884095249988,148.532983665757
903.0105516422957,487.7480652574203,331.1884095249988,148.532983665757
925.2952406153452,482.17689301415794,331.1884095249988,148.532983665757
934.5805276874491,498.89040974394493,331.1884095249988,148.532983665757
947.5799295883946,493.31923750068256,331.1884095249988,148.532983665757
967.4001544006213,509.5690083196884,324.97499336011947,145.74636065847778
971.0445888286637,504.10235667762487,324.97499336011947,145.74636065847778
985.0263153348192,516.4028315886012,318.87814691606263,143.01201740477956
878.947677550631,451.58721971245586,312.8956832316701,140.32897308571864
894.1641891872658,442.37666086348247,307.0254563752985,137.69626528346717
906.2151764394101,454.4276481156267,307.0254563752985,137.69626528346717
916.9032020515292,470.25997866094815,313.1945188702474,140.46299634180787
934.8306265845592,484.65426711834516,319.4875363379073,143.2853193273038
952.7451030912184,481.0713718170133,319.4875363379073,143.2853193273038
961.7023413445479,470.32268591301784,319.4875363379073,143.2853193273038
963.4937889952139,450.6167617556928,319.4875363379073,143.2853193273038
977.2394231100579,448.37795231862026,313.4936399162102,140.5971475987851
980.7550998163481,453.6514673780555,313.4936399162102,140.5971475987851
987.7864532289284,457.16714408434564,313.4936399162102,140.5971475987851
996.5756449946537,460.6828207906358,313.4936399162102,140.5971475987851
994.8178066415087,506.3866179724074,313.4936399162102,140.5971475987851
1004.7898826063002,504.18981077438167,307.6121948117878,137.9594085822563
993.8765575583709,521.0076733981158,301.8410913287315,135.37115611106742
997.2615566737254,521.0076733981158,301.8410913287315,135.37115611106742
1004.0315549044342,519.3151738404385,301.8410913287315,135.37115611106742
1014.1865522504975,519.3151738404385,301.8410913287315,135.37115611106742
1024.3415495965608,519.3151738404385,301.8410913287315,135.37115611106742
1050.8679593928691,527.3550192418943,296.1782593510768,132.8314617695738
1070.2537214929341,530.2617894690912,290.6216676002447,130.3394145601097
1078.7411167314451,528.9523345407131,296.4611287673364,132.958324416866
1099.0353784036831,544.2398961647439,302.4179222276585,135.62985602937408
1100.7311123985173,540.8484281750757,302.4179222276585,135.62985602937408
982.0297327601256,506.93374827839233,302.4179222276585,135.62985602937408
984.8665597028522,503.1188201954763,296.7442683422053,133.08530822620116
984.3223242605382,499.3754638679011,291.17705771307374,130.58849861071184
977.2574847380762,497.33504015641853,285.7142933614129,128.13853156814878
999.1624936650885,512.9556943971567,280.35401577363433,125.73452828635718
996.3459170456186,508.5484703085581,285.987169012574,128.26091216321495
1019.8754492686637,522.5804406915066,280.6217720126024,125.85461290262161
1034.0371063387342,519.4334057870465,280.6217720126024,125.85461290262162
1053.9781667843429,526.9080529708743,275.3570350704463,123.49345815280616
1069.4181341528838,528.4520497077284,275.3570350704463,123.49345815280617
1083.6357238054436,533.3873596278127,280.88978397611675,125.9748122074705
1091.8389064337414,536.8468144668334,286.53370240554887,128.50602410915522
984.5268811390577,503.4224357868619,292.2910240879836,131.0880956515805
977.9710815054927,500.14453597007946,292.2910240879836,131.0880956515805
970.1177300068191,497.18860950872454,298.1640276349835,133.7220487575077
986.8365432958244,508.8917788110283,298.1640276349835,133.7220487575077
983.4927806380233,505.5480161532272,298.1640276349835,133.7220487575077
988.508424624725,508.8917788110283,298.1640276349835,133.7220487575077
990.5285637077918,512.5639842348876,304.1550374422532,136.40892588319232
994.2947678858966,511.1935519610021,310.26642460958044,139.14979043096332
1000.6847026683776,514.2385870946745,304.44552519811424,136.53920524036636
995.5633928314729,507.4101739788017,304.44552519811424,136.53920524036636
978.4923600417909,500.58176086292895,304.44552519811424,136.53920524036636
980.199463320759,498.8746575839607,304.44552519811424,136.53920524036636
985.3207731576637,510.8243805367381,304.44552519811424,136.53920524036636
990.4420829945683,505.70307069983346,304.44552519811424,136.53920524036636
963.1284305310772,502.2888641418971,304.44552519811424,136.53920524036636
959.7142239731407,500.58176086292883,304.44552519811424,136.53920524036636
956.3000174152043,493.75334774705607,304.44552519811424,136.53920524036636
980.199463320759,515.9456903736426,304.44552519811424,136.53920524036636
976.2268970479328,505.2767714595648,298.73383151202114,133.97759716296704
932.1270272456434,504.8584700070038,293.12929474584837,131.4640473405623
934.1130546997425,501.894066150809,299.0191416651767,134.1055544437762
940.2713517709071,506.50539370374787,293.40925220347884,131.5896040185299
947.1949363010095,508.47381894109736,299.30472430800336,134.23363393207424
974.047376372546,526.9348714902786,299.30472430800336,134.23363393207424
977.403931381488,526.9348714902786,299.30472430800336,134.23363393207424
979.082208885959,525.2565939858076,299.30472430800336,134.23363393207424
984.1170413993719,526.9348714902786,299.30472430800336,134.23363393207424
1002.029162574308,531.5506031596303,293.68947703860965,131.71528061125522
1022.8988177399203,539.3733219983096,288.17957726070415,129.24417404419458
1032.065666026582,542.2015910856591,282.7730485530484,126.8194278359126
1053.7451769813865,557.6614407420402,277.4679515739855,124.44017222106015
1059.9685097057852,559.2172739231398,277.4679515739855,124.44017222106015
934.2701066234239,508.18042393773175,283.0431151249616,126.94054860149791
931.095917549009,508.18042393773175,283.0431151249616,126.94054860149791
928.252324892906,506.90511571620675,288.7303004371675,129.4911650445478
936.6844841237692,516.9370709207919,294.5317583638515,132.09303102378792
935.3769850871798,512.3069697369854,300.4497849846564,134.7471762961489
947.5207996733825,519.37672298091,306.4867225143531,137.4546513094674
946.1602296056892,516.2772360364823,312.64496022983406,140.21652761822855
946.525401194511,513.1154711008803,318.92693541573215,143.03389830766162
962.9926481480136,529.561523232584,325.33513432904044,145.90787842635746
982.4625792092056,532.7544465902969,319.23153129069,143.17050494249116
984.252591374639,529.1744222594301,319.23153129069,143.17050494249116
977.4654074646603,515.2059746234918,325.64585044891385,146.04722989830066
961.0315975457995,500.59814358450444,325.64585044891385,146.04722989830066
961.4119542690114,493.65294344971096,332.18905252198385,148.98175688864723
953.9612811749846,510.4169579112714,332.18905252198385,148.98175688864723
943.1732707647957,505.1948761436762,338.8637271543081,151.97524732981083
899.471088820891,484.2938326052871,338.8637271543081,151.97524732981083
902.6497951092717,478.11905474490425,332.5063145775467,149.1240441135663
913.2266547502724,486.97569965180924,326.26817323412314,146.32633223833392
929.6918703644498,483.31676284865875,326.26817323412314,146.32633223833392
933.3508071676002,479.6578260455083,326.26817323412314,146.32633223833392
