541.0,296.0,188.0,130.0
539.7519685039371,294.751968503937,188.0,130.0
539.7519685039371,294.751968503937,188.0,130.0
539.7519685039371,294.751968503937,188.0,130.0
539.7519685039371,293.503937007874,188.0,130.0
539.7519685039371,292.255905511811,188.0,130.0
542.7635312791783,292.22733713432876,184.47293744164335,127.56107376283848
544.4939769990733,293.4239219406391,181.0120460018535,125.16790415021785
543.2923347938759,292.2222797354417,181.0120460018535,125.16790415021785
543.2923347938759,292.2222797354417,181.0120460018535,125.16790415021785
542.0906925886784,292.2222797354417,181.0120460018535,125.16790415021785
540.8890503834809,292.2222797354417,181.0120460018535,125.16790415021785
540.8890503834809,291.0206375302443,181.0120460018535,125.16790415021785
539.6874081782835,291.0206375302443,181.0120460018535,125.16790415021785
539.6874081782835,291.0206375302443,181.0120460018535,125.16790415021785
539.6874081782835,291.0206375302443,181.0120460018535,125.16790415021785
538.485765973086,289.8189953250469,181.0120460018535,125.16790415021785
538.485765973086,289.8189953250469,181.0120460018535,125.16790415021785
537.2841237678886,289.8189953250469,181.0120460018535,125.16790415021785
542.5870312613123,290.9931310384411,177.61608424619035,122.81963272342949
543.0740581384757,290.96614059513433,174.2838340307294,120.51541714890863
540.760103732891,289.80916339234204,174.2838340307294,120.51541714890863
539.6031265300986,289.80916339234204,174.2838340307294,120.51541714890863
538.4461493273062,289.80916339234204,174.2838340307294,120.51541714890863
537.2891721245138,289.80916339234204,174.2838340307294,120.51541714890863
536.1321949217214,289.80916339234204,174.2838340307294,120.51541714890863
536.1321949217214,289.80916339234204,174.2838340307294,120.51541714890863
534.975217718929,289.80916339234204,174.2838340307294,120.51541714890863
533.8182405161366,289.80916339234204,174.2838340307294,120.51541714890863
532.6612633133442,288.65218618954964,174.2838340307294,120.51541714890863
532.6612633133442,288.65218618954964,174.2838340307294,120.51541714890863
531.5042861105518,288.65218618954964,174.2838340307294,120.51541714890863
530.3473089077594,288.65218618954964,174.2838340307294,120.51541714890863
530.3473089077594,288.65218618954964,174.2838340307294,120.51541714890863
533.139153093362,289.782679315961,171.014100065109,118.254430896086
535.8786195710081,290.8919632935497,167.80570948377544,116.03586294090856
534.7646471739073,289.7779908964489,167.80570948377544,116.03586294090856
533.6506747768065,288.6640184993481,167.80570948377544,116.03586294090856
534.1108014089575,289.75249123234147,164.6575114252717,113.85891747492194
536.7484420050863,290.82054315989683,161.56837661941927,111.7228136198112
533.5307437690948,289.747977081233,161.56837661941927,111.7228136198112
532.458177690431,289.747977081233,161.56837661941927,111.7228136198112
532.458177690431,288.67541100256915,161.56837661941927,111.7228136198112
531.3856116117671,288.67541100256915,161.56837661941927,111.7228136198112
531.3856116117671,288.67541100256915,161.56837661941927,111.7228136198112
530.3130455331033,288.67541100256915,161.56837661941927,111.7228136198112
529.2404794544394,288.67541100256915,161.56837661941927,111.7228136198112
529.2404794544394,288.67541100256915,161.56837661941927,111.7228136198112
528.1679133757756,288.67541100256915,161.56837661941927,111.7228136198112
529.2404794544394,288.67541100256915,161.56837661941927,111.7228136198112
532.9012014303544,290.7959913174901,158.53719698224467,109.62678514729686
531.848757732847,289.7435476199828,158.53719698224467,109.62678514729686
531.848757732847,289.7435476199828,158.53719698224467,109.62678514729686
530.7963140353397,289.7435476199828,158.53719698224467,109.62678514729686
530.7963140353397,289.7435476199828,158.53719698224467,109.62678514729686
533.3359136147164,288.6670126964735,155.56288521850587,107.570080204286
531.2705159511938,288.6670126964735,155.56288521850587,107.570080204286
528.6749545930849,289.6517075492237,158.6886102712013,109.73148582583073
533.3238773532837,290.68104216392885,155.71145784713104,107.67281659642045
532.2901922272672,289.64735703791234,155.71145784713104,107.67281659642046
535.818211556108,289.6236952096885,152.79015969351536,105.65277000083515
538.2657496271515,289.6004773003391,149.92366793000295,103.67062144095954
533.7737522486449,289.55421348491507,152.9360841897205,105.75367523757274
535.8042740566589,290.56947438892206,152.9360841897205,105.75367523757275
539.2694105890539,290.54623430496576,150.06685474095855,103.7696335974714
534.7731230621782,290.49992630460235,153.0821480532686,105.8546768453454
539.2577995682533,291.49289456877295,150.21017830459044,103.86874031700411
534.7572177956391,291.4465423412706,153.22835141726458,105.95577491619369
535.7744189055251,290.4293412313846,153.2283514172646,105.95577491619369
539.246177458176,289.3888556247739,150.35363875150637,103.9679416898715
542.6528024491105,290.3641253971243,147.5328584868621,102.01740214517068
539.2118300321115,290.3185993435782,150.49723621243862,104.0672378064736
542.6217085705032,292.2938712577961,147.67376191998622,102.11483537020332
538.1971226423593,291.26797456424936,150.6409708182445,104.16662875729683
542.6102827088476,291.2450832444694,147.81479992501298,102.21236165027503
538.1814710146351,291.1994701887386,150.78484269990628,104.26611463291401
541.5978659729545,292.1775369680659,147.95597263046722,102.30998107425935
544.9501660443481,291.17285305343654,145.18017491051953,100.3905464806785
540.6002927113819,291.1280529967942,148.0972801649966,102.40769373111478
540.6002927113819,293.0943303385727,148.09728016499662,102.40769373111479
540.6002927113819,293.0943303385727,148.09728016499662,102.40769373111479
541.5834313822712,294.077469009462,148.09728016499662,102.40769373111479
540.6002927113819,293.0943303385727,148.09728016499662,102.40769373111479
542.9726557755276,292.08868688574813,145.31883137848376,100.48642595320696
545.3005110048947,293.03129835011686,142.59250898923273,98.60120302446953
548.531288847562,294.9028209459652,139.91733505541328,96.75134870853053
550.7726177723698,294.8815591840281,137.29234998233352,94.936199455869
546.6590786312544,295.75060368754,140.05096517052854,96.84375251153578
549.8322716574833,295.7293216192435,137.423473066727,95.02686967380069
546.6270847918541,295.68691514479775,140.18472291105678,96.93624456615636
549.8033084228983,295.6656127507479,137.55472138215683,95.11762648766171
549.8033084228983,297.49191726901495,137.55472138215686,95.11762648766171
548.8901561637648,299.31822178728197,137.55472138215686,95.11762648766171
547.9770039046313,300.2313740464155,137.55472138215686,95.11762648766171
547.9770039046313,300.2313740464155,137.55472138215686,95.11762648766171
545.6819081371319,300.1889270710408,140.31860839888856,97.0288249566783
548.8611652674155,301.0991045593015,137.6860950482267,95.2084699801568
551.0667520680302,301.0781818553792,135.10297020433873,93.4222666306598
547.9156872903544,303.72712062870994,137.81759418465452,95.29940023406965
547.9156872903544,302.81222329757117,137.81759418465452,95.29940023406967
547.9156872903544,304.6420179598486,137.81759418465452,95.29940023406967
547.0007899592157,304.6420179598486,137.81759418465452,95.29940023406967
547.9156872903544,305.5569152909873,137.81759418465452,95.29940023406967
544.7013081681009,306.4292845288132,140.5867631046068,97.21425108297282
546.5678688945275,307.36256489202646,140.5867631046068,97.21425108297282
548.8199213544077,307.3412014041681,137.94921891127268,95.39041733226304
547.904150237075,308.2569725215008,137.94921891127268,95.39041733226304
551.9454942406065,310.06755206808526,135.3611576082062,93.60080047375963
546.991226923066,310.9243723499404,138.0809693480279,95.48152135767889
546.074581185017,310.9243723499404,138.0809693480279,95.4815213576789
544.687350726462,311.7984087217189,140.85543026513784,97.40003156631875
541.4021188445756,312.6900071063155,143.68563842545527,99.3570904005808
543.3098231242234,313.64385924613936,143.68563842545527,99.3570904005808
538.0508767984865,313.5995203772538,146.57271395833794,101.35347241799967
546.236925256591,314.5502651584372,143.8228675142998,99.45198285563285
544.7217641926909,312.618883653152,141.12461085980416,97.58616708390716
546.9824324093707,314.4711401281002,138.4769761203027,95.75535582786893
550.1199629103792,316.2886464729353,135.87901357951353,93.95889236881256
545.6098222560918,315.38661834207784,135.87901357951353,93.95889236881256
548.6884896381863,316.2679983721276,133.3297913387543,92.19613230871308
549.9391878162301,317.13284285694505,130.8283949826669,90.46644333907818
552.9034212300178,317.1129622453852,128.3739272512134,88.76920501413692
554.1076309967118,318.79786636322046,125.96550771782532,87.10380852828347
548.6610301976425,319.595213281154,128.49653266439958,88.85398535304228
548.2231095689322,319.5555615040071,131.07841349522536,90.63932848074096
546.0360707744757,319.5151130037019,133.71217205758492,92.46054450790449
547.8113580312295,319.5151130037019,133.71217205758495,92.4605445079045
549.9532867544491,320.3824378033272,131.20360186789958,90.72589490865397
552.0550308148903,320.3625001755336,128.74209489093255,89.0237890203257
544.7790737572328,319.46812267914095,131.32890980357607,90.81254401311111
545.6508961815864,319.46812267914095,131.3289098035761,90.81254401311111
548.6264699680544,318.57634358526815,128.86505192805487,89.10881250344217
546.060071400799,318.57634358526815,128.86505192805487,89.10881250344218
544.7654286566037,318.53657808953744,131.45433741644527,90.89927587307385
544.7654286566037,317.663923018315,131.45433741644527,90.89927587307386
542.1474634429364,316.7912679470926,131.45433741644527,90.89927587307388
547.7438443087165,317.6439472888842,128.98812639710948,89.1939171894906
546.3849659175391,317.62434632353506,126.5681838913232,87.5205526908086
544.7045288973704,317.62434632353506,126.5681838913232,87.5205526908086
542.5927431278219,319.26572662117997,129.11131841025156,89.27910315602502
541.2956262674134,319.22588513193045,131.70555213106877,91.07298817573903
539.0981236865141,319.18524310763746,134.35191179003834,92.90291772715415
539.9900142049728,318.29335258917877,134.35191179003834,92.90291772715415
536.8564666862567,319.1437844631504,137.05144475363556,94.76961605304587
543.6009434281739,317.30333565104854,134.48022656555452,92.9916460293728
535.5662624432618,316.41059331939164,134.48022656555452,92.99164602937282
541.2914639205853,318.17564244080955,131.95724692747638,91.2470324498507
533.407521353068,318.17564244080955,131.95724692747638,91.2470324498507
542.5292869656432,318.15559028952373,129.48160083736082,89.53514951519632
536.5123730718146,318.15559028952373,129.48160083736082,89.53514951519632
542.8843281206915,321.57415084682697,127.05240027188455,87.85538316672869
538.6671633018161,319.8872849192768,127.05240027188455,87.8553831667287
544.9195742864567,321.5548440333642,124.66877386790418,86.20713086610398
543.606199888397,322.3635087768248,122.32986660989503,84.58980137918276
541.9820347135211,321.55142618938686,122.32986660989505,84.58980137918276
544.7537134317175,323.15700218444005,120.03483952325396,83.00281456395221
545.8796985066666,323.13876175568197,117.78286937335598,81.44560116242701
546.2026615046276,323.1208635350798,115.57314837025716,79.91760259645443
544.6682048103165,322.3536351879243,115.57314837025716,79.91760259645443
547.2867937502875,323.87052944963193,113.40488387893728,78.41827076735026
545.7811249536037,322.3648606529481,113.40488387893728,78.41827076735026
546.1474715843977,328.35254108076117,115.68352821071676,79.99392908187863
547.2326392465536,325.2631174752661,113.51319288640497,78.4931652937907
549.8045549174919,325.99942147631566,111.38357516029242,77.0205572916916
549.3705549116069,325.98249568897256,109.2939111306979,75.57557684569538
549.6702410152435,325.9658874458359,107.24345122747744,74.15770563602166
550.6762366574068,324.525726907783,105.23145994315092,72.76643506707248
548.2218779824735,325.8904051368031,107.34587566778866,74.22853104687516
547.5092661005275,325.8904051368031,107.34587566778868,74.22853104687516
548.5686514064693,329.4203394913171,109.50277634758154,75.72000492120003
550.3762533338534,330.1134792468563,111.70301563273351,77.2414469800817
550.3762533338534,329.37194264198996,111.70301563273352,77.24144698008172
548.1516435192544,327.147332827391,111.70301563273354,77.24144698008172
544.4439604949229,324.922723012792,111.70301563273354,77.24144698008172
545.9270337046555,325.66425961765833,111.70301563273354,77.24144698008172
546.2878825678339,329.33747304977084,113.94746432584205,78.7934593742525
546.2878825678339,327.06816415016715,113.94746432584205,78.7934593742525
548.1132014077107,325.53797615588877,111.80969924582418,77.31521756360185
543.6597324856643,324.05348651520666,111.80969924582419,77.31521756360185
545.8864669466875,323.3112416948656,111.8096992458242,77.31521756360185
546.6287117670286,324.7957313355477,111.8096992458242,77.31521756360185
548.4743949049197,329.95694256502344,114.05629153277056,78.8687122301073
551.0586157880005,326.153816905577,111.9164847486735,77.38905860280614
547.3438472269634,324.66790948116216,111.9164847486735,77.38905860280614
548.0868009391706,323.9249557689547,111.9164847486735,77.38905860280614
550.6225393290641,324.6509027131686,109.81682281771637,75.93716471437834
553.1107048044215,323.9051998295397,107.7565525834714,74.51250976516639
549.1667760131185,326.0179624859571,109.9217049945311,76.00968962387788
549.8964874489383,325.2882510501373,109.9217049945311,76.00968962387788
550.6261988847581,325.2882510501373,109.9217049945311,76.00968962387788
553.116740719262,324.54183597196766,107.8594670688027,74.58367403693804
557.7086215925785,323.8094243654747,105.83591872910762,73.18441188714888
555.2401648649741,325.18194142658905,107.96247984413158,74.65490627519736
558.403020906987,323.0154199447075,105.93699888474023,73.25430773944802
555.9322066433665,325.09250695065305,108.06559100333132,74.72620654485675
558.3806937304032,323.64130598776865,106.03817557846678,73.32427034681211
556.9728322101162,324.34523674791217,106.03817557846678,73.32427034681211
558.0193119595976,325.72037674630354,108.1688006403649,74.79757491089062
561.1882123512577,322.8316401107151,106.13944890248737,73.39429977299658
561.1882123512577,324.240846229918,106.13944890248739,73.39429977299658
560.8264854374603,325.6172995760529,108.27210884928506,74.8690114383354
563.2796516853138,324.8820859565557,106.24081894909021,73.4643960818177
560.801751295444,324.8493019024686,108.37551572423428,74.94051619228966
564.6961546995951,325.5522803300371,106.34228581065162,73.53455933715271
566.399646558007,321.3004231018801,104.34720126462602,72.1549795978797
566.736732971824,328.1952762416215,106.44384957963615,73.6047896029399
566.736732971824,326.78202861568985,106.44384957963615,73.6047896029399
569.1484755882336,325.35260584042067,104.44685959868039,72.22389227568326
568.0991502132755,325.32037537073694,106.54551034859668,73.67508694317856
570.5131962000526,319.64579529737574,104.546613112897,72.29287076955644
572.881952339946,321.71199567400834,102.5852171303784,70.93658631355953
571.5199355100611,325.11703774872035,102.5852171303784,70.93658631355953
571.8513299560457,327.1284069940908,104.6464618981791,72.36191514235789
572.5460218730695,326.43371507706695,104.6464618981791,72.36191514235789
573.2407137900934,325.7390231600431,104.6464618981791,72.36191514235789
572.8840750276572,326.4014230136131,106.74912325709921,73.81588310331328
572.5202703225673,327.7857828291535,108.89403339070411,75.29906564250817
572.5202703225673,325.617115008862,108.89403339070412,75.29906564250817
572.1491556895381,327.029290766176,111.08204120362353,76.81204976846308
571.7705842501874,330.68208423378644,113.31401265752794,78.35543428446081
574.337987011754,325.39924702803773,111.1881317459241,76.88541024984114
576.8572228044239,324.64423237417293,109.10213442456943,75.44296529358525
576.8572228044239,326.0927738640619,109.10213442456944,75.44296529358525
579.3291952873067,326.8004655081534,107.05527243858171,74.02758200540224
578.2536644927525,327.47811285046123,109.20633402769013,75.51501821063678
580.0030353990204,328.18648038589834,107.15751715596429,74.09828313976254
580.714396869502,328.89784185638,107.1575171559643,74.09828313976254
582.4309478788327,329.5929197289884,105.14713807826608,72.7081273945457
583.4172790858387,330.27495726574784,103.17447566425432,71.34405232102694
584.1021992731726,331.6447976404156,103.17447566425432,71.34405232102694
585.7549461362869,330.2592789286877,101.23882231269329,70.00556862047942
585.7549461362869,330.93134934821194,101.23882231269329,70.00556862047944
584.4108052972383,332.2754901872605,101.23882231269329,70.00556862047944
581.7225236191412,332.9475606067848,101.23882231269329,70.00556862047944
586.0325450242925,332.2601059910282,99.33948369763358,68.6921961738956
585.3730832984559,332.9195677168648,99.33948369763358,68.69219617389561
591.5806296942881,334.88285732060245,97.47577851935483,67.40346386976668
591.8479102404888,336.1622241214254,95.64703825998099,66.13890943509328
590.8402772350178,336.1476896496485,93.85260694368053,64.89807926956637
588.9711653820391,337.393764218301,93.85260694368053,64.89807926956637
591.7206602561753,334.2643160056971,92.09184090136552,63.680528282859186
592.5845264369555,334.8616702796408,90.36410853980517,62.48581973497171
592.8323066409644,336.0476966156996,88.668790115071,61.313525079570425
591.8981888564463,337.8000966416428,87.00527751023243,60.163223810267155
597.6740041041309,340.1104227407167,87.00527751023245,60.163223810267155
594.4895794845504,341.81631901178065,88.75347455124555,61.37208346628685
595.3654783135081,345.3240524676561,90.53679811540373,62.605232739374955
593.5624021071136,345.3240524676561,90.53679811540374,62.60523273937496
596.5675291177711,345.9250778697876,90.53679811540374,62.60523273937496
593.5624021071136,346.52610327191906,90.53679811540374,62.60523273937496
592.0517987627157,348.3012414097289,92.35595399993655,63.86315968080723
586.2191302265632,348.2727419815322,94.21166218365728,65.1463621482737
592.4733388277148,350.1490045618777,94.21166218365728,65.1463621482737
589.9716553872541,351.399846282108,94.21166218365728,65.1463621482737
588.0953928069086,353.9015297225687,94.21166218365728,65.1463621482737
585.8520396399725,348.88384648883624,92.4441599163779,63.92415313366561
591.3752258571242,353.7933453485266,92.44415991637791,63.92415313366561
588.3067890698177,354.4070327059879,92.44415991637791,63.92415313366561
586.7643614597564,356.83325548883704,94.30164042157769,65.20858114258036
583.9389054966567,356.80415565592284,96.19644328256845,66.51881716347823
584.2496614507703,358.0516646416179,98.1293184174451,67.855379756744
579.355236740348,359.3242398253625,100.10103081240683,69.21879790219626
578.690719510336,358.6597225953505,100.10103081240683,69.21879790219626
579.0140889643031,360.62238486227403,102.11236082452052,70.60961120844509
579.971952487201,360.60686792360576,100.19663377872492,69.28490633635239
575.6395675709606,363.23655654708,102.20988474124084,70.67704795936872
577.9553794832715,358.4714073016972,100.29232805206648,69.3510779083439
576.6238051830326,360.4687687520556,100.29232805206648,69.3510779083439
577.5645959148487,359.78774123445544,98.41074658843421,68.04998434306626
572.0028379925774,363.0238550867562,100.38811371963561,69.41731267847149
573.6599808879326,365.65856915473137,102.40521208860426,70.81211474212002
568.5522861784849,367.6664090747744,104.46284001510058,72.23494256363344
570.2256712869181,360.71580546351504,102.50301569724493,70.87974489703112
570.9061340104904,362.75719363423207,102.50301569724493,70.87974489703112
569.5452085633457,364.1181190813767,102.50301569724493,70.87974489703112
569.826273895051,362.7416173318623,100.57995958668963,69.54997205462585
569.826273895051,363.4093139139736,100.57995958668963,69.54997205462587
569.1585773129397,365.41240366030763,100.57995958668963,69.54997205462587
566.145011002618,369.3875459408402,102.60091271466499,70.94743964311947
564.7827857835466,370.0686585503759,102.60091271466499,70.94743964311947
564.1016731740109,369.3875459408402,102.60091271466499,70.94743964311947
562.0583353454037,370.7497711599116,102.60091271466499,70.94743964311947
563.0207817222365,363.24194127627175,100.67601996099948,69.61639678154225
563.0207817222365,365.91527837860355,100.6760199609995,69.61639678154225
559.3360029853666,371.89922000416726,102.69890323007587,71.01519904207377
559.3360029853665,365.0815888423449,102.69890323007589,71.01519904207377
555.5771859893366,371.18576580699107,104.7624322926778,72.44210743642617
556.5599084692884,364.2152283401507,102.7969873327742,71.08302315564175
555.195079981079,366.2624710724649,102.7969873327742,71.08302315564175
550.7502588273167,372.37247792137913,104.86248719925163,72.51129433990806
553.8735138107386,376.516875157374,106.9694891545462,73.96826377707984
549.9583918255507,375.0636397422384,109.1188271001285,75.45450810115271
548.5096287081634,372.89049506615737,109.11882710012851,75.45450810115271
547.3600716104777,365.6300978417577,107.07165194333778,74.03890825869104
546.2320813202278,362.77066146296255,105.0628837804083,72.64986644389937
545.8227095424465,364.1496088030003,103.09180205883992,71.28688440238932
546.1053893382034,365.5026857519052,101.15769974439709,69.94947322750865
546.3827657864944,364.81578199285286,99.2598830674931,68.63715318496867
544.0676847716422,370.7155518314525,101.25431189796825,70.01627950391425
545.0174993790026,364.6506060620288,99.35468268324755,68.70270611075631
542.040644688095,369.89644793907826,101.35101632240205,70.08314958463974
542.3185512143328,365.8441554004473,99.44957283877365,68.76832164383286
538.6786608856422,369.774622298593,101.44781310582313,70.1500835306224
535.6390920382514,371.7636906751,103.48620401455844,71.5596091590032
537.2968324625135,367.62602745675156,101.54470233644031,70.21708140285769
536.9011690862195,368.2846977726375,99.63962511510876,68.89974077108587
535.8514745348227,368.9310107937922,97.77028899238432,67.60711472877642
532.9220912832425,368.9008405967423,99.7347874091083,68.96554448502172
529.9338479339882,369.5321501257726,101.73875849251954,70.35126917035927
526.8855618111174,372.20231224284544,103.78299536690973,71.7648372217993
527.8590966971619,369.43070213815116,101.83592559482074,70.41845918790797
525.4839335326623,372.7794487019538,103.88211484779747,71.83337728837061
526.4583982075627,367.2467202278469,101.93318549799655,70.48571337627423
525.3845412023788,368.58459036757984,100.02081995531566,69.16333294782468
523.6668460443742,369.89736076434576,98.14433224722775,67.86576166031708
522.3637905358145,372.5034717814651,98.14433224722777,67.86576166031708
520.074727993333,373.1247139155044,100.11634631507133,69.22938840935784
516.4104335142922,373.758438667743,102.12798406158007,70.62041451066708
515.0544873362255,374.43641175677635,102.12798406158007,70.62041451066708
513.6985411581588,375.1143848458097,102.12798406158007,70.62041451066708
513.6985411581588,373.758438667743,102.12798406158007,70.62041451066708
511.6646218910588,373.758438667743,102.12798406158007,70.62041451066708
510.98664880202546,374.43641175677635,102.12798406158007,70.62041451066708
508.9527295349254,374.43641175677635,102.12798406158007,70.62041451066708
506.9188102678254,374.43641175677635,102.12798406158007,70.62041451066708
507.92670074305073,375.0828699404616,104.1800416453294,72.03939049942991
509.595555718275,372.3006563888981,102.22552289950343,70.68786157944388
504.49682341905805,374.9835937737128,104.27954033112316,72.10819278215965
506.8595283797426,374.27549139073375,102.32315489333301,70.7553730645388
506.18025965589464,374.9547601145817,102.32315489333301,70.75537306453882
505.5009909320467,374.9547601145817,102.32315489333301,70.75537306453882
504.1424534843508,374.27549139073375,102.32315489333301,70.75537306453882
504.82172220819876,372.91695394303787,102.32315489333301,70.75537306453882
504.1424534843508,375.63402883842963,102.32315489333301,70.75537306453882
504.82172220819876,374.9547601145817,102.32315489333301,70.75537306453882
499.7181202894753,378.9987973260243,104.37913404460475,72.1770607755246
502.0830817863907,374.1325150375202,102.4208801320387,70.82294902747361
501.40316431692645,375.4923499764486,102.42088013203872,70.82294902747361
501.40316431692645,374.81243250698446,102.42088013203873,70.82294902747361
500.043329377998,375.4923499764486,102.42088013203873,70.82294902747361
497.65452306682306,377.5004970969011,104.47882287653178,72.24599454228265
497.99203467515036,380.242572968623,106.57811586458993,73.69763331062073
496.5770044050434,376.70499729335546,106.57811586458993,73.69763331062074
497.6288127691703,380.91719996567485,108.71958994665715,75.17843985673105
496.185350295846,377.30854378236415,108.71958994665717,75.17843985673105
494.0201565858596,380.1954687290127,108.71958994665717,75.17843985673105
495.0930989354469,380.8836510063163,110.90409266745534,76.68900024877235
496.13343317165936,374.9769342216683,108.82342419503034,75.25024013486144
495.4110126349316,377.86661636857934,108.82342419503036,75.25024013486144
494.3177181037562,381.44513805143106,111.0100132573811,76.76224320989121
492.84384583861174,377.7604573885699,111.0100132573811,76.76224320989121
493.9393921381382,382.1478184401674,113.24053745376166,78.30462696270756
491.6841619672861,377.6373580984632,113.24053745376168,78.30462696270757
494.30520785917696,380.6093876151025,115.51587957282011,79.87800183226926
492.771511518727,375.24145042352745,115.51587957282013,79.87800183226926
486.2430440430237,382.10743778036954,117.83694014107681,81.48299052308505
494.3887198092112,373.48471038760044,115.62620471786985,79.95429049639938
493.170608069521,376.537462132118,113.45694483794813,78.4542703666663
491.6642480630866,381.8097221546387,113.45694483794814,78.4542703666663
492.7285292921384,375.767041273432,111.32838237984461,76.98239207116916
487.17577100869363,383.12318343624275,113.56530356700284,78.52919927505516
488.68356968647635,378.59978740289466,113.56530356700284,78.52919927505516
487.92967034758504,383.1231834362428,113.56530356700284,78.52919927505516
486.78873652529916,388.36543454685676,115.84717121157465,80.10708647608885
484.0302020467178,382.1954509674302,113.6737657856604,78.60419974540346
485.09651716153166,378.4050803560805,111.54113555603269,77.12950862917154
481.0140712648582,384.2943564738345,113.78233159276004,78.67927184605749
481.0140712648582,382.028336258038,113.78233159276004,78.6792718460575
479.11561699857936,388.03594560082615,116.06855998145338,80.26017445526034
477.17901709072817,387.22961175816135,118.40072555716073,81.8728421405899
477.56150244239745,386.40707624959595,120.77975133578076,83.51791315772077
476.28909854937024,383.1815538211746,118.51380591692939,81.95103600638737
475.5023487488244,380.034554618991,118.51380591692939,81.95103600638737
475.82731598949647,378.4430457245786,116.29037183449347,80.41355499193702
473.51134715856574,384.61896260706044,116.29037183449348,80.41355499193702
475.3741969188622,378.4253743030886,114.10865153452104,78.9049186142965
470.38454078853835,388.25561677711863,111.96786242594669,77.42458572006957
470.38454078853835,383.7958480902751,111.96786242594669,77.42458572006959
471.48954000209784,386.7344758955413,114.21763268567125,78.98027792094295
469.58382275214313,386.6992303365866,116.51260757922444,80.56722864520846
466.8663490108719,389.757136247069,118.85369540331381,82.18606597037663
463.7103244303014,385.0230993762133,118.85369540331381,82.18606597037663
462.9213182851588,386.6011116664985,118.85369540331381,82.18606597037663
465.67228536000255,385.7754293547271,121.24182270505258,83.83743059391941
465.25908903381315,386.5428758994993,123.6779346486652,85.52197608684303
458.6908355100023,386.5428758994993,123.6779346486652,85.52197608684303
464.01655866336534,386.50471105721914,126.16299538956083,87.24036915235597
460.2364760894849,386.4657793687631,128.69798845592328,88.99328988973426
455.1103332254547,386.4657793687631,128.69798845592328,88.99328988973426
460.6522260364724,388.1347797139009,131.28391713796816,90.7814320634887
454.9756634524482,387.2227440566751,133.92180488502134,92.60550337794038
452.3085576464996,385.44467351937607,133.92180488502134,92.60550337794038
458.07539438291843,387.1814181356382,136.61269571057608,94.46622575731334
453.0753203182521,386.2323631985673,139.3576546054887,96.36433563145505
447.5245945044718,384.3821212606405,139.3576546054887,96.36433563145505
449.7569579356145,387.1363074543296,136.7431696811301,94.55644711993048
450.1986972838974,387.0941109095814,139.49075018953306,96.45636981191124
445.0932853845439,387.9770710290532,142.29353783309136,98.39446765054198
439.88529044389674,386.98855100980205,145.15264188877165,100.37150768904432
436.49983284403413,387.90735024093107,148.06919392224273,102.3882723930403
429.61916729466543,385.9414457982543,148.06919392224273,102.38827239304031
438.46573728671103,386.9243980195927,148.06919392224273,102.38827239304031
442.87587345800154,389.82756312634956,151.04434823572237,104.44555995023367
433.3367849708774,385.77014276734434,154.07928232482274,106.54418458631372
440.49673486781955,389.8615427084541,154.07928232482274,106.54418458631372
428.7202775051687,386.7454465874528,157.1751973445754,108.68497688720652
437.4984719393699,386.72156233017313,154.226438016616,106.64594118170265
431.35551069989083,387.74538920341956,154.226438016616,106.64594118170265
422.6392866776313,389.74545137507715,157.32530983568387,108.78877807786661
428.36950833864165,388.6525049161179,160.48644728621227,110.97467099578517
436.8925781643628,389.717888644333,160.4864472862123,110.97467099578517
426.75718124598075,388.60298161217383,163.71110147153416,113.2044850601035
415.8892764113191,384.25581967830914,163.71110147153416,113.2044850601035
421.3232288286499,390.77656257910616,163.71110147153416,113.2044850601035
410.45532399398826,388.60298161217383,163.71110147153416,113.2044850601035
413.1577623469192,389.6392537199498,167.0005486334017,115.47910277841615
419.8095265348219,391.8565084492507,167.0005486334017,115.47910277841616
408.72325288831735,387.4219989906489,167.0005486334017,115.47910277841616
414.2663897115697,390.74788108460024,167.0005486334017,115.47910277841616
403.18011606506514,392.96513581390116,167.0005486334017,115.47910277841616
405.9368545118215,391.8049750078378,170.35609065709264,117.79942439054288
409.87988711847686,391.75240610498656,173.7790555866656,120.16636822482207
399.4972508814866,390.5987798564321,173.7790555866656,120.16636822482207
406.41900837281344,391.75240610498656,173.7790555866656,120.16636822482207
414.49439211269475,392.90603235354104,173.7790555866656,120.16636822482207
404.1117558757045,391.75240610498656,173.7790555866656,120.16636822482207
397.66650405174425,394.03325123157157,170.51879175482355,117.91193046876106
401.6133025098641,395.1126152219111,173.94502583755323,120.28113488766988
404.48467595307983,396.21366687290845,177.44010324170722,122.69794373096782
395.06123605902366,392.6798769126374,177.44010324170722,122.69794373096784
400.95088599280876,391.50194692588036,177.44010324170722,122.69794373096784
387.9936561384815,390.32401693912334,177.44010324170722,122.69794373096784
396.2391660457807,393.8578068993944,177.44010324170722,122.69794373096784
401.524093969105,397.3368419547293,181.00540723614284,125.16331351435417
394.3145051652194,393.7320475527865,181.00540723614287,125.16331351435417
384.70172009337193,393.7320475527865,181.00540723614287,125.16331351435417
392.4076293662625,397.30933647174925,177.60957003017106,122.81512821235239
401.84006925561823,397.30933647174925,177.60957003017106,122.81512821235239
392.4076293662625,397.30933647174925,177.60957003017106,122.81512821235239
379.4380245183984,396.13028148557976,177.60957003017106,122.81512821235239
384.1542444630762,393.77217151324083,177.60957003017106,122.81512821235239
389.4442198347849,398.4335842585028,181.1782791207873,125.2828525835232
379.8222539307323,396.02809278248964,181.17827912078732,125.28285258352321
388.2414740967783,396.02809278248964,181.17827912078732,125.28285258352321
377.41676245471916,396.02809278248964,181.17827912078732,125.28285258352321
384.6332368827586,398.4335842585028,181.17827912078732,125.28285258352321
391.849711310798,398.4335842585028,181.17827912078732,125.28285258352321
384.6332368827586,394.82534704448307,181.17827912078732,125.28285258352321
393.54925153599595,400.8115439820185,177.77919867039145,122.9324246125048
388.1358203760468,394.8836234517869,174.44388826993938,120.62609295261774
380.02954235479126,398.35774260375354,174.44388826993938,120.62609295261774
385.14002987604266,397.17319448829534,171.17115153136993,118.36303031424525
374.32984876054354,401.66562914276784,174.61049347908974,120.74129868234938
375.48899448078294,399.347337702289,174.61049347908974,120.7412986823494
374.32984876054354,399.347337702289,174.61049347908974,120.7412986823494
378.9664316415011,399.347337702289,174.61049347908974,120.7412986823494
373.17070304030415,401.6656291427678,174.61049347908974,120.7412986823494
379.5304987592423,402.77089312603437,178.11894212456508,123.16735359677384
372.4358801480653,400.40602025564203,178.11894212456508,123.16735359677385
378.34806232404605,405.1357659964267,178.11894212456508,123.16735359677385
367.7061344072806,400.40602025564203,178.11894212456508,123.16735359677385
372.4358801480653,403.95332956123053,178.11894212456508,123.16735359677385
370.5594130012577,399.1965169631302,174.7772578070031,120.85661444101291
377.52092967802355,403.83752808097404,174.77725780700314,120.85661444101291
368.2389074423358,401.5170225220521,174.77725780700314,120.85661444101291
372.87991856017965,403.83752808097404,174.77725780700314,120.85661444101291
367.07865466287484,403.83752808097404,174.77725780700314,120.85661444101291
374.6047771780045,407.26435322183625,178.28905724811926,123.28498639497619
367.5033827466525,403.7136560061602,178.28905724811926,123.2849863949762
371.6300304258026,407.2093363445777,181.87141927540574,125.76215162661046
363.17860055119786,401.17260071986004,181.87141927540577,125.76215162661046
366.80064192602845,408.4166834695213,181.87141927540577,125.76215162661046
375.8395948367699,407.15321401320455,185.5257617029065,128.28909053924394
368.4499567324197,403.45839496102946,185.5257617029065,128.28909053924394
362.29192497879455,407.15321401320455,185.5257617029065,128.28909053924394
365.98674403096965,405.9216076624795,185.5257617029065,128.28909053924394
370.1902784550605,408.35662797034973,182.04511825762498,125.88226262495354
359.3137764784102,408.35662797034973,182.04511825762498,125.88226262495355
362.3188610763462,408.30045203851597,185.70295081877543,128.41161492787674
351.22381754547905,407.0676694239752,185.70295081877543,128.41161492787674
359.8532958472646,407.0676694239752,185.70295081877543,128.41161492787674
353.6893827745606,408.30045203851597,185.70295081877543,128.41161492787674
358.6205132327238,403.3693215803528,185.70295081877543,128.41161492787674
366.52641014800554,410.73779794845626,182.21898313361984,126.00248833707765
356.84917482326813,413.1571067796406,182.21898313361987,126.00248833707765
364.1071013168212,409.5281435328641,182.21898313361987,126.00248833707765
368.32471038073015,414.3105316117465,185.8803091617237,128.53425633523455
355.98511036308344,408.14073160292315,185.8803091617237,128.53425633523455
365.1325179236185,410.5804053360342,182.39301406182966,126.12282887254187
356.65684992639945,411.7912150499226,182.3930140618297,126.12282887254187
359.0784693541763,410.5804053360342,182.3930140618297,126.12282887254187
362.7108984958416,416.6344539054763,182.3930140618297,126.12282887254187
351.81361107084575,408.1587859082573,182.3930140618297,126.12282887254187
359.0784693541763,413.002024763811,182.3930140618297,126.12282887254187
360.8784870800695,416.5781706190967,186.05783689337403,128.65701487307786
350.99737897231273,410.40247805174874,186.05783689337403,128.65701487307786
362.71467256212895,414.05047940570466,189.79629701007258,131.24212027292262
348.8551548943009,414.05047940570466,189.79629701007258,131.24212027292265
353.89497950078385,412.79052325408395,189.79629701007258,131.24212027292265
361.97514167617203,411.5017257606669,186.23553417550357,128.77989065327387
362.48580325849025,420.12765256555554,182.74157470940798,126.36385485225031
352.7808142849801,414.06203445711174,182.74157470940798,126.36385485225031
357.6333087717352,416.4882817004892,182.74157470940798,126.36385485225031
359.43676640648346,418.85813809778244,186.41340117004412,128.90288378779658
361.2764609154867,421.2756120196664,190.15900563975384,131.49292943174478
