608.0,344.0,17.0,8.0
608.0,343.49212598425197,17.0,10.0
607.4094488188977,343.29527559055117,17.0,10.0
607.1141732283464,343.09842519685037,17.0,10.0
605.5393700787401,343.0,17.0,10.0
603.767716535433,344.0826771653543,17.0,10.0
603.4724409448818,343.09842519685037,17.0,10.0
603.5708661417322,343.29527559055117,17.0,10.0
601.9960629921259,343.59055118110234,17.0,10.0
601.7992125984251,343.8858267716535,17.0,10.0
600.9133858267716,344.2795275590551,17.0,10.0
600.3228346456692,344.0826771653543,17.0,10.0
600.2244094488188,343.98425196850394,17.0,10.0
599.5354330708661,344.6732283464567,17.0,10.0
598.4527559055118,344.57480314960634,17.0,10.0
599.1417322834645,344.57480314960634,17.0,10.0
598.9448818897638,344.6732283464567,17.0,10.0
598.748031496063,344.7716535433071,17.0,10.0
598.8464566929134,344.87007874015745,17.0,10.0
599.4370078740158,344.87007874015745,17.0,10.0
600.5196850393701,344.9685039370078,17.0,10.0
600.0275590551181,345.0669291338582,17.0,10.0
600.8149606299213,343.9842519685039,17.0,10.0
601.011811023622,344.5748031496062,17.0,10.0
601.503937007874,344.5748031496062,17.0,10.0
601.6023622047244,344.6732283464566,17.0,10.0
601.996062992126,344.77165354330697,17.0,10.0
602.6850393700787,344.96850393700777,17.0,10.0
602.6850393700787,345.26377952755894,17.0,10.0
603.0787401574803,344.6732283464566,17.0,10.0
603.9645669291339,345.16535433070857,17.0,10.0
603.8661417322835,344.8700787401574,17.0,10.0
604.0629921259842,345.36220472440937,17.0,10.0
604.5551181102362,345.16535433070857,17.0,10.0
604.4566929133858,345.26377952755894,17.0,10.0
605.6377952755905,345.26377952755894,17.0,10.0
605.1456692913385,345.26377952755894,17.0,10.0
605.7362204724409,345.3622047244093,17.0,10.0
606.1299212598425,345.4606299212597,17.0,10.0
606.6220472440945,345.4606299212597,17.0,10.0
606.4251968503937,345.3622047244093,17.0,10.0
607.4094488188977,345.06692913385814,17.0,10.0
607.8031496062993,344.77165354330697,17.0,10.0
607.6062992125985,345.16535433070857,17.0,10.0
607.5078740157481,344.4763779527558,17.0,10.0
607.8031496062994,344.77165354330697,17.0,10.0
608.5905511811026,344.96850393700777,17.0,10.0
608.5905511811026,345.06692913385814,17.0,10.0
608.518185877953,343.7853617716534,17.341581,10.20093
609.8234229842521,343.9861674803148,17.341581,10.20093
610.1246315472442,343.8857646259841,17.341581,10.20093
609.8234229842521,343.2833474999999,17.341581,10.20093
610.6266458188978,343.3837503543306,17.341581,10.20093
610.5262429645671,343.1829446456692,17.341581,10.20093
610.5262429645671,342.58052751968495,17.341581,10.20093
610.8274515275592,341.37569326771643,17.341581,10.20093
611.1286600905513,341.77730468503927,17.341581,10.20093
610.526242964567,340.7732761417322,17.341581,10.20093
611.0282572362206,340.6728732874015,17.341581,10.20093
610.7270486732285,339.9700533070865,17.341581,10.20093
611.5302715078742,340.0704561614172,17.341581,10.20093
611.3294657992128,339.5684418897637,17.341581,10.20093
611.3294657992128,338.5644133464566,17.341581,10.20093
611.3294657992128,338.3636076377952,17.341581,10.20093
611.3294657992128,338.66481620078736,17.341581,10.20093
611.6306743622049,337.35957909448814,17.341581,10.20093
612.0322857795277,337.6607876574803,17.341581,10.20093
611.5302715078741,336.5563562598425,17.341581,10.20093
611.6306743622048,336.2551476968504,17.341581,10.20093
611.7576607316803,336.15266405360535,17.690025387033003,10.40589728649
611.4503999850319,335.1284615647776,17.690025387033003,10.40589728649
610.938298740618,334.8212008181292,17.690025387033003,10.40589728649
611.2455594872664,334.00183882706705,17.690025387033003,10.40589728649
610.528617745087,333.5921578315359,17.690025387033003,10.40589728649
610.528617745087,333.79699832930146,17.690025387033003,10.40589728649
610.528617745087,333.6945780804187,17.690025387033003,10.40589728649
610.1460544072706,332.66825299338495,18.04547106713466,10.614982980667444
609.9647605821947,331.7257841353211,18.408058717286597,10.828269833697995
609.4600916433122,330.8709557094852,18.77793184109304,11.04584225946649
609.1339348836823,331.0883935492385,18.777931841093043,11.04584225946649
608.916497043929,329.78376651071886,18.777931841093043,11.04584225946649
609.3513727234356,330.00120435047216,18.777931841093043,11.04584225946649
608.5903402842991,328.8052962318291,18.777931841093043,11.04584225946649
608.8077781240524,329.3488908312123,18.777931841093043,11.04584225946649
608.6990592041758,328.69657731195247,18.777931841093043,11.04584225946649
608.5903402842991,328.8052962318291,18.777931841093043,11.04584225946649
608.2641835246692,328.91401515170577,18.777931841093043,11.04584225946649
607.720588925286,328.8052962318291,18.777931841093043,11.04584225946649
608.2641835246692,328.5878583920758,18.777931841093043,11.04584225946649
607.6118700054094,327.93554487281597,18.777931841093043,11.04584225946649
607.9380267650394,328.15298271256927,18.777931841093043,11.04584225946649
608.1554646047927,327.0657935138029,18.777931841093043,11.04584225946649
607.2857132457796,327.0657935138029,18.777931841093043,11.04584225946649
607.1769943259029,326.9570745939262,18.777931841093043,11.04584225946649
606.9883418336614,327.38969713904964,19.155236825576125,11.26778636798595
606.766535015394,327.27879372991595,19.155236825576125,11.267786367985952
607.2101486519289,327.27879372991595,19.155236825576125,11.267786367985952
607.0571238463467,327.6062978551358,18.795865981938125,11.056391754081243
607.710060367257,327.71512060862085,18.795865981938128,11.056391754081243
607.3835921068019,327.8239433621059,18.795865981938128,11.056391754081243
607.2747693533169,328.041588869076,18.795865981938128,11.056391754081243
607.492414860287,327.1710068411956,18.795865981938128,11.056391754081243
608.1453513811973,327.3886523481657,18.795865981938128,11.056391754081243
608.2541741346823,327.6062978551358,18.795865981938128,11.056391754081243
608.7982879021076,327.93276611559094,18.795865981938128,11.056391754081243
609.7776926834731,328.150411622561,18.795865981938128,11.056391754081243
609.8865154369581,327.6062978551358,18.795865981938128,11.056391754081243
610.3218064508983,328.041588869076,18.795865981938128,11.056391754081243
609.9953381904431,327.71512060862085,18.795865981938128,11.056391754081243
611.1923884787788,328.1504116225611,18.795865981938128,11.056391754081243
610.9747429718086,327.932766115591,18.795865981938128,11.056391754081243
612.0629705066591,328.47687988301624,18.795865981938128,11.056391754081243
612.2806160136292,328.25923437604615,18.795865981938128,11.056391754081243
611.9541477531741,328.1504116225611,18.795865981938128,11.056391754081243
613.1511980415097,327.932766115591,18.795865981938128,11.056391754081243
612.7159070275695,328.47687988301624,18.795865981938128,11.056391754081243
613.695311808935,328.25923437604615,18.795865981938128,11.056391754081243
614.0217800693902,328.1504116225611,18.795865981938128,11.056391754081243
614.8923620972706,327.932766115591,18.795865981938128,11.056391754081243
615.2188303577258,328.47687988301624,18.795865981938128,11.056391754081243
615.0011848507556,328.36805712953117,18.795865981938128,11.056391754081243
616.1982351390913,328.041588869076,18.795865981938128,11.056391754081243
616.2657267344274,328.03648043842696,18.443237284295662,10.848963108409205
617.0131946651248,328.14326157138373,18.443237284295662,10.848963108409205
617.2267569310384,328.2500427043405,18.443237284295662,10.848963108409205
618.0810059946926,328.35682383729727,18.443237284295662,10.848963108409205
618.5081305265198,328.35682383729727,18.443237284295662,10.848963108409205
619.4691607231309,328.1432615713837,18.443237284295662,10.848963108409205
619.6827229890445,327.9296993054701,18.443237284295662,10.848963108409205
620.2166286538284,327.8229181725133,18.443237284295662,10.848963108409205
620.3234097867852,327.50257477364295,18.443237284295662,10.848963108409205
621.0708777174826,328.03648043842685,18.443237284295662,10.848963108409205
621.0708777174826,327.7161370395565,18.443237284295662,10.848963108409205
621.391221116353,327.28901250772935,18.443237284295662,10.848963108409205
622.2454701800073,327.6093559065997,18.443237284295662,10.848963108409205
622.6725947118344,327.0754502418158,18.443237284295662,10.848963108409205
623.4200626425319,327.50257477364295,18.443237284295662,10.848963108409205
623.6336249084454,327.8229181725133,18.443237284295662,10.848963108409205
624.4878739720997,326.96866910885905,18.443237284295662,10.848963108409205
624.7014362380132,327.18223137477264,18.443237284295662,10.848963108409205
625.8760287005379,327.2890125077294,18.443237284295662,10.848963108409205
625.342123035754,327.3957936406862,18.443237284295662,10.848963108409205
626.0895909664514,327.3957936406862,18.443237284295662,10.848963108409205
626.3031532323649,327.3957936406862,18.443237284295662,10.848963108409205
626.9438400301057,327.1822313747726,18.443237284295662,10.848963108409205
627.0506211630625,326.8618879759022,18.443237284295662,10.848963108409205
627.5845268278464,326.4347634440751,18.443237284295662,10.848963108409205
628.759119290371,326.75510684294545,18.443237284295662,10.848963108409205
629.1862438221982,326.1144200452047,18.443237284295662,10.848963108409205
629.0794626892414,326.4347634440751,18.443237284295662,10.848963108409205
629.6133683540253,326.6483257099887,18.443237284295662,10.848963108409205
630.6811796835931,325.47373324746405,18.443237284295662,10.848963108409205
631.0297953650004,326.00542593733616,18.813817251049016,11.066951324146471
631.4655021100455,325.1340124472459,18.813817251049016,11.066951324146471
631.4655021100455,325.3518658197684,18.813817251049016,11.066951324146471
632.1190622276132,325.56971919229096,18.813817251049016,11.066951324146471
632.2279889138745,325.67864587855223,18.813817251049016,11.066951324146471
632.9904757177035,325.7875725648135,18.813817251049016,11.066951324146471
634.2975959528388,325.8964992510748,18.813817251049016,11.066951324146471
633.970815894055,325.8964992510748,18.813817251049016,11.066951324146471
635.3868628154518,325.8964992510748,18.813817251049016,11.066951324146471
635.2779361291905,325.8964992510748,18.813817251049016,11.066951324146471
635.495789501713,325.8964992510748,18.813817251049016,11.066951324146471
636.0404229330195,325.8964992510748,18.813817251049016,11.066951324146471
637.2386164818936,325.7875725648135,18.813817251049016,11.066951324146471
637.020763109371,325.67864587855223,18.813817251049016,11.066951324146471
638.4368100307678,325.7875725648135,18.813817251049016,11.066951324146471
638.3278833445065,325.7875725648135,18.813817251049016,11.066951324146471
638.6546634032903,325.7875725648135,18.813817251049016,11.066951324146471
639.5260768933806,325.7875725648135,18.813817251049016,11.066951324146471
639.8528569521644,325.8964992510748,18.813817251049016,11.066951324146471
640.7242704422547,325.8964992510748,18.813817251049016,11.066951324146471
640.833197128516,326.00542593733604,18.813817251049016,11.066951324146471
641.4867572460837,324.8072323884619,18.813817251049016,11.066951324146471
641.7046106186062,325.4607925060296,18.813817251049016,11.066951324146471
642.4670974224352,325.24293913350704,18.813817251049016,11.066951324146471
642.4670974224352,324.8072323884619,18.813817251049016,11.066951324146471
643.0117308537417,325.24293913350704,18.813817251049016,11.066951324146471
643.883144343832,324.6983057022006,18.813817251049016,11.066951324146471
643.9920710300933,325.13401244724577,18.813817251049016,11.066951324146471
644.645631147661,324.2625989571555,18.813817251049016,11.066951324146471
644.5367044613997,324.48045232967803,18.813817251049016,11.066951324146471
644.645631147661,324.69830570220057,18.813817251049016,11.066951324146471
645.1902645789675,324.9161590747231,18.813817251049016,11.066951324146471
645.0813378927062,325.13401244724565,18.813817251049016,11.066951324146471
646.3884581278415,324.04474558463284,18.813817251049016,11.066951324146471
645.9527513827965,324.2625989571554,18.813817251049016,11.066951324146471
646.7152381866255,324.37152564341665,18.813817251049016,11.066951324146471
646.6063115003642,324.5893790159392,18.813817251049016,11.066951324146471
646.6063115003642,324.8072323884617,18.813817251049016,11.066951324146471
647.0420182454093,325.02508576098427,18.813817251049016,11.066951324146471
647.9134317354996,323.93581889837145,18.813817251049016,11.066951324146471
648.1312851080221,324.69830570220046,18.813817251049016,11.066951324146471
647.763134417157,324.9110457651919,18.460851770166357,10.859324570686084
649.3257866761048,324.2647296911936,18.114508264453985,10.655593096737629
649.9550539849673,324.36960757600406,18.114508264453985,10.655593096737629
649.8501761001569,324.36960757600406,18.114508264453985,10.655593096737629
650.1648097545881,324.36960757600406,18.114508264453985,10.655593096737629
650.6891991786401,324.36960757600406,18.114508264453985,10.655593096737629
650.4794434090193,324.4744854608145,18.114508264453985,10.655593096737629
650.6891991786401,324.5793633456249,18.114508264453985,10.655593096737629
651.1087107178818,324.5793633456249,18.114508264453985,10.655593096737629
651.8428559115546,324.5793633456249,18.114508264453985,10.655593096737629
651.947733796365,324.68424123043536,18.114508264453985,10.655593096737629
652.5770011052275,324.7891191152458,18.114508264453985,10.655593096737629
652.681878990038,324.89399700005623,18.114508264453985,10.655593096737629
653.1013905292796,325.10375276967704,18.114508264453985,10.655593096737629
653.7306578381421,325.4183864241083,18.114508264453985,10.655593096737629
654.0452914925733,324.4744854608146,18.114508264453985,10.655593096737629
654.6745588014358,324.78911911524585,18.114508264453985,10.655593096737629
654.8843145710566,325.1037527696771,18.114508264453985,10.655593096737629
655.6184597647294,325.41838642410835,18.114508264453985,10.655593096737629
655.513581879919,324.7891191152459,18.114508264453985,10.655593096737629
655.8282155343502,325.31350853929797,18.114508264453985,10.655593096737629
656.2477270735918,325.4183864241084,18.114508264453985,10.655593096737629
656.8769943824543,325.52326430891884,18.114508264453985,10.655593096737629
656.6672386128334,325.73302007853965,18.114508264453985,10.655593096737629
656.3526049584023,325.94277584816047,18.114508264453985,10.655593096737629
657.1916280368855,326.2574095025917,18.114508264453985,10.655593096737629
656.6672386128334,326.0476537329709,18.114508264453985,10.655593096737629
656.1428491887814,326.7817989266438,18.114508264453985,10.655593096737629
656.3526049584023,326.9915546962646,18.114508264453985,10.655593096737629
656.5623607280231,327.2013104658854,18.114508264453985,10.655593096737629
655.8282155343503,326.2574095025917,18.114508264453985,10.655593096737629
656.1428491887815,326.4671652722125,18.114508264453985,10.655593096737629
656.0379713039711,326.67692104183334,18.114508264453985,10.655593096737629
655.8282155343502,326.88667681145415,18.114508264453985,10.655593096737629
655.513581879919,327.09643258107496,18.114508264453985,10.655593096737629
655.0940703406774,327.3061883506958,18.114508264453985,10.655593096737629
655.1989482254878,326.3622873874021,18.114508264453985,10.655593096737629
654.6745588014358,326.67692104183334,18.114508264453985,10.655593096737629
653.7306578381421,326.9915546962646,18.114508264453985,10.655593096737629
653.3111462989004,327.30618835069583,18.114508264453985,10.655593096737629
653.6257799533316,326.7817989266438,18.114508264453985,10.655593096737629
652.499891582759,327.094259049839,18.47848307901166,10.869695928830378
652.1789359943093,327.2012442459889,18.47848307901166,10.869695928830378
651.43003962126,327.4152146382887,18.47848307901166,10.869695928830378
651.1090840328103,327.62918503058853,18.47848307901166,10.869695928830378
650.4671728559109,326.8802886575392,18.47848307901166,10.869695928830378
650.1462172674612,327.2012442459889,18.47848307901166,10.869695928830378
649.2116768141586,327.5199826304396,18.84977123951824,11.088100729128367
648.775137415374,326.97430838195885,18.84977123951824,11.088100729128367
647.9020586178049,327.5199826304396,18.84977123951824,11.088100729128367
647.3563843693241,327.19257808135114,18.84977123951824,11.088100729128367
647.1670101425664,327.5177208761605,19.22851969303388,11.310893937078744
645.5265707684662,327.62674137268385,19.61487833922601,11.538163728956468
644.7316185430459,327.2860475617895,19.61487833922601,11.53816372895647
644.307428460548,327.05656479625503,20.00900008969608,11.770000052762393
644.0757355461235,327.51995062510395,20.00900008969608,11.770000052762393
643.2954828406612,327.74924269121055,20.411040928498345,12.006494663822547
641.6723333970491,327.03774864218553,20.821159973874664,12.247741161102734
640.9490415961966,327.15829727566097,20.821159973874664,12.247741161102736
640.5873956957703,327.3993945426118,20.821159973874664,12.247741161102736
640.3782159120927,327.51744487798754,21.23951954122973,12.493835024252773
639.6403910090856,327.6404156951554,21.239519541229733,12.493835024252773
638.9025661060786,327.7633865123233,21.239519541229733,12.493835024252773
637.6728579344001,328.00932814665896,21.239519541229733,12.493835024252773
637.9187995687358,328.1322989638268,21.239519541229733,12.493835024252773
636.6890913970574,328.5012114153304,21.239519541229733,12.493835024252773
636.8120622142252,327.51744487798766,21.239519541229733,12.493835024252773
636.3201789455538,327.76338651232334,21.239519541229733,12.493835024252773
635.5823540425467,328.009328146659,21.239519541229733,12.493835024252773
635.336412408211,328.2552697809947,21.239519541229733,12.493835024252773
634.7215583223718,327.0255616093163,21.239519541229733,12.493835024252773
634.8445291395396,327.76338651232334,21.239519541229733,12.493835024252773
634.2296750537005,327.64041569515547,21.239519541229733,12.493835024252773
633.3688793335256,327.1485324264841,21.239519541229733,12.493835024252773
632.999966882022,327.64041569515547,21.239519541229733,12.493835024252773
632.1391711618471,326.65664915781275,21.239519541229733,12.493835024252773
631.6472878931758,327.0255616093163,21.239519541229733,12.493835024252773
631.2783754416722,327.39447406081985,21.239519541229733,12.493835024252773
630.4175797214973,326.41070752347713,21.239519541229733,12.493835024252773
629.925696452826,326.6566491578128,21.239519541229733,12.493835024252773
629.064900732651,326.9025907921485,21.239519541229733,12.493835024252773
628.5730174639797,327.14853242648417,21.239519541229733,12.493835024252773
628.5730174639797,327.39447406081985,21.239519541229733,12.493835024252773
628.0811341953083,326.41070752347713,21.239519541229733,12.493835024252773
626.9743968407978,326.7796199749807,21.239519541229733,12.493835024252773
626.3595427549586,327.1485324264842,21.239519541229733,12.493835024252773
626.1136011206229,327.6404156951556,21.239519541229733,12.493835024252773
625.252805400448,327.1485324264842,21.239519541229733,12.493835024252773
624.8838929489444,327.76338651232345,21.239519541229733,12.493835024252773
623.9001264116017,327.8863573294913,21.239519541229733,12.493835024252773
623.4082431429304,328.0093281466592,21.239519541229733,12.493835024252773
623.1623015085946,328.25526978099487,21.239519541229733,12.493835024252773
622.5800062240202,327.02301311291313,21.66628520737166,12.744873651395084
622.9563312334118,327.9011048014935,21.66628520737166,12.744873651395084
622.0782395448314,328.1519881410879,21.66628520737166,12.744873651395084
621.827356205237,327.1484547827103,21.66628520737166,12.744873651395084
621.2001478562511,327.52477979210187,21.66628520737166,12.744873651395084
620.8238228468595,328.1519881410878,21.66628520737166,12.744873651395084
619.945731158279,328.277429810885,21.66628520737166,12.744873651395084
619.5694061488874,328.5283131504794,21.66628520737166,12.744873651395084
619.4439644790903,328.90463815987096,21.66628520737166,12.744873651395084
619.0676394696986,329.40640483905975,21.66628520737166,12.744873651395084
617.9386644415239,329.5318465088569,21.66628520737166,12.744873651395084
617.3114560925379,329.7827298484513,21.66628520737166,12.744873651395084
617.1860144227408,330.2844965276401,21.66628520737166,12.744873651395084
616.4333644039576,329.7827298484513,21.66628520737166,12.744873651395084
616.1824810643633,330.40993819743727,21.66628520737166,12.744873651395084
615.1789477059857,330.53537986723444,21.66628520737166,12.744873651395084
614.5849523622583,329.78013014510975,22.101625876043382,13.000956397672566
614.3290280237214,330.16401665291505,22.101625876043382,13.000956397672567
613.4332928388424,330.54790316072035,22.101625876043382,13.000956397672567
612.6994001774049,329.26562952885524,22.545713844770724,13.262184614571002
611.6896947844501,329.52399093053157,22.998724873053703,13.528661690031576
610.7928575000311,329.78754358785176,23.460838251927974,13.800493089369382
609.8780000640562,329.64889693402944,23.932236874923966,14.077786397014082
609.3237565051187,329.7874578237638,23.932236874923966,14.077786397014084
608.0767084975092,329.7874578237638,23.932236874923966,14.077786397014085
606.7277861618702,329.6460253427262,24.413107310451814,14.360651359089289
606.4450961744866,328.6566103868834,24.413107310451814,14.360651359089289
605.4556812186438,328.9393003742671,24.413107310451814,14.360651359089289
604.645034961282,328.9363710840798,24.90363987564072,14.64919992684747
604.1064704659713,328.9333829356648,25.404028711661972,14.943546300977616
603.5181418714445,328.6392186384014,25.404028711661976,14.943546300977616
602.4885668310228,328.1979721925064,25.404028711661976,14.943546300977616
601.7531560878645,328.6392186384014,25.404028711661976,14.943546300977616
601.2037702161495,327.75367755733026,25.9144718605654,15.24380697680316
600.3035453946846,328.20378996806267,25.9144718605654,15.24380697680316
599.5533580434641,328.8039398490392,25.9144718605654,15.24380697680316
598.8428958911845,328.5007554720026,26.43517134365974,15.550100790388067
597.9245828523821,328.65380764513634,26.43517134365974,15.550100790388067
597.6184785061146,328.8068598182701,26.43517134365974,15.550100790388067
597.6184785061146,329.1129641645376,26.43517134365974,15.550100790388067
597.3123741598471,329.41906851080506,26.43517134365974,15.550100790388067
596.5471132941784,328.65380764513634,26.43517134365974,15.550100790388067
596.7001654673121,329.1129641645376,26.43517134365974,15.550100790388067
596.434584518408,329.26284442321446,26.966333241467893,15.862548965569335
596.1223296175109,329.418971873663,26.966333241467893,15.862548965569335
596.0630320153164,329.88002518556146,26.46041864406284,15.564952143566362
596.3694287110559,329.88002518556146,26.46041864406284,15.564952143566362
596.6758254067954,330.0332235334312,26.46041864406284,15.564952143566362
596.9822221025349,330.33962022917075,26.46041864406284,15.564952143566362
596.5226270589257,329.26723179408253,26.46041864406284,15.564952143566362
596.9822221025349,329.72682683769176,26.46041864406284,15.564952143566362
596.5226270589257,330.186421881301,26.46041864406284,15.564952143566362
597.4418171461441,330.6460169249102,26.46041864406284,15.564952143566362
597.4418171461441,329.7268268376917,26.46041864406284,15.564952143566362
597.5950154940139,330.0332235334312,26.46041864406284,15.564952143566362
598.3610072333626,330.33962022917075,26.46041864406284,15.564952143566362
598.5142055812323,329.1140334462128,26.46041864406284,15.564952143566362
598.8206022769718,329.8800251855615,26.46041864406284,15.564952143566362
598.3610072333626,330.18642188130104,26.46041864406284,15.564952143566362
598.5142055812323,330.49281857704057,26.46041864406284,15.564952143566362
598.8206022769718,329.42043014195235,26.46041864406284,15.564952143566362
598.2078088854928,329.8800251855616,26.46041864406284,15.564952143566362
598.5142055812323,330.3396202291708,26.46041864406284,15.564952143566362
598.6674039291021,330.0332235334313,26.46041864406284,15.564952143566362
598.8206022769718,330.64601692491027,26.46041864406284,15.564952143566362
597.7887759417156,329.5704535459814,26.992087835877996,15.877698726987042
598.4138821908095,329.8830066705284,26.992087835877996,15.877698726987042
598.257605628536,330.1955597950754,26.992087835877996,15.877698726987042
598.1013290662625,330.50811291962236,26.992087835877996,15.877698726987042
597.9450525039889,330.66438948189585,26.992087835877996,15.877698726987042
598.2989827426397,329.09838512117375,27.534439856764294,16.196729327508393
598.1395661154005,329.5766350028915,27.534439856764294,16.196729327508393
597.820732860922,329.09838512117375,27.534439856764294,16.196729327508393
597.3846914836618,329.2544979344635,28.08768935680626,16.52217020988602
597.9156074401905,327.9501694527372,28.65205529905257,16.85415017591326
597.4618672617474,328.444393452519,29.227761046176433,17.192800615397886
596.7849853477554,327.936732017025,29.227761046176433,17.192800615397886
597.1234263047514,328.444393452519,29.227761046176433,17.192800615397886
597.6310877402454,328.105952495523,29.227761046176433,17.192800615397886
597.2926467832494,328.613613931017,29.227761046176433,17.192800615397886
597.6310877402454,328.613613931017,29.227761046176433,17.192800615397886
597.1234263047514,328.78283440951503,29.227761046176433,17.192800615397886
597.6758919958911,328.77932741663045,29.815034448877256,17.538255558163076
597.8485126214636,329.1245686677754,29.815034448877256,17.538255558163076
598.1937538726085,329.46980991892036,29.815034448877256,17.538255558163076
597.675891995891,328.43408616548555,29.815034448877256,17.538255558163076
598.5389951237534,328.7793274166305,29.815034448877256,17.538255558163076
598.5389951237534,329.12456866777546,29.815034448877256,17.538255558163076
598.7116157493258,329.4698099189204,29.815034448877256,17.538255558163076
598.9299408824526,328.25788808102055,30.41410793605855,17.890651727093246
598.9299408824526,328.78615535642683,30.41410793605855,17.890651727093246
599.1060299742546,329.3144226318331,30.41410793605855,17.890651727093246
599.6342972496609,328.4339771728226,30.41410793605855,17.890651727093246
600.1625645250672,328.9622444482289,30.41410793605855,17.890651727093246
600.1625645250672,329.3144226318331,30.41410793605855,17.890651727093246
600.6908318004735,328.4339771728226,30.41410793605855,17.890651727093246
601.571277259484,328.78615535642683,30.41410793605855,17.890651727093246
602.0995445348902,329.13833354003106,30.41410793605855,17.890651727093246
601.747366351286,328.08179898921844,30.41410793605855,17.890651727093246
602.6278118102965,328.43397717282267,30.41410793605855,17.890651727093246
602.6278118102965,328.7861553564269,30.41410793605855,17.890651727093246
602.6278118102965,329.1383335400311,30.41410793605855,17.890651727093246
602.6278118102965,328.4339771728227,30.41410793605855,17.890651727093246
602.8039009020986,328.962244448229,30.41410793605855,17.890651727093246
601.7939891995105,329.134684199257,31.025218606817774,18.25012859224573
601.7939891995105,328.9550569493333,31.025218606817774,18.25012859224573
601.8415488406245,328.05319803273653,31.648608324284563,18.616828426049725
602.2080218411372,328.60290753350574,31.648608324284567,18.616828426049725
601.8415488406245,329.15261703427495,31.64860832428457,18.616828426049725
602.57449484165,329.33585353453134,31.64860832428457,18.616828426049725
602.3912583413936,329.5190900347877,31.64860832428457,18.616828426049725
601.8900640976074,329.14881956774906,32.28452381134442,18.990896359614343
601.7031458263514,329.14881956774906,32.28452381134442,18.990896359614343
602.4508189113756,329.3357378390051,32.28452381134442,18.990896359614343
602.0769823688635,329.7095743815172,32.28452381134442,18.990896359614343
601.8900640976075,328.961901296493,32.28452381134442,18.990896359614343
601.3787993578808,329.14494579872826,32.933216748285766,19.372480440168076
602.0013058962212,329.3316682141469,33.59494387240907,19.761731689652372
602.2473099921046,328.16060581089744,34.26996707963738,20.158804164492558
601.3077764873915,328.3549072384906,34.95855352816854,20.563855016569708
601.9149769307942,328.5573073862915,34.95855352816854,20.563855016569708
602.5221773741969,328.96210768189326,34.95855352816854,20.563855016569708
601.9149769307942,329.36690797749503,34.95855352816854,20.563855016569708
602.3197772263959,328.96210768189326,34.95855352816854,20.563855016569708
601.1589655271716,328.9579130602702,35.660975744210035,20.977044555417642
601.0071645083281,329.1601011300854,36.377511729838446,21.39853631166965
600.8523133516129,328.7345052201516,37.10844507302609,21.828497101780027
601.7117030012893,328.9493526325707,37.10844507302609,21.828497101780027
602.1413978261274,329.1642000449898,37.10844507302609,21.828497101780027
602.1413978261274,329.3790474574089,37.10844507302609,21.828497101780027
602.5710926509656,329.80874228224707,37.10844507302609,21.828497101780027
603.0007874758038,329.1642000449898,37.10844507302609,21.828497101780027
602.7859400633847,329.593894869828,37.10844507302609,21.828497101780027
603.430482300642,329.1642000449898,37.10844507302609,21.828497101780027
603.6453297130611,329.593894869828,37.10844507302609,21.828497101780027
604.0750245378993,329.1642000449898,37.10844507302609,21.828497101780027
603.8601771254802,329.593894869828,37.10844507302609,21.828497101780027
604.7195667751565,329.3790474574089,37.10844507302609,21.828497101780027
605.1492615999947,330.02358969466616,37.10844507302609,21.828497101780027
604.2898719503183,330.23843710708525,37.10844507302609,21.828497101780027
604.7195667751565,330.45328451950434,37.10844507302609,21.828497101780027
605.3641090124138,330.6681319319234,37.10844507302609,21.828497101780027
605.5789564248329,329.37904745740883,37.10844507302609,21.828497101780027
605.2061464314068,329.589442286114,37.85406505987841,22.267097094046093
604.6066812253059,329.58490023663546,38.614666789126545,22.71450987595676
605.3365790283596,329.58026692375677,39.39055128892046,23.170912522894362
605.5646391909864,330.0363872490106,39.39055128892046,23.170912522894362
606.2488196788672,329.3522067611299,39.39055128892046,23.170912522894362
606.933000166748,329.8083270863837,39.39055128892046,23.170912522894362
606.0811426679701,329.57554051372244,40.18202563596874,23.63648566821688
606.7790703943938,329.57554051372244,40.18202563596874,23.636485668216885
606.7790703943938,329.80818308919703,40.18202563596874,23.63648566821689
607.6212824552886,330.0299048009297,39.4281718160775,23.193042244751453
607.8495604301385,330.25818277577963,39.4281718160775,23.193042244751453
607.3930044804387,330.48646075062953,39.4281718160775,23.193042244751453
608.0778384049884,330.94301670032934,39.4281718160775,23.193042244751453
608.0778384049884,330.02990480092967,39.4281718160775,23.193042244751453
608.3061163798383,330.4864607506295,39.4281718160775,23.193042244751453
608.7626723295381,331.17129467517924,39.4281718160775,23.193042244751453
609.6757842289377,331.39957265002914,39.4281718160775,23.193042244751453
609.9040622037876,331.62785062487904,39.4281718160775,23.193042244751453
609.4475062540878,331.85612859972895,39.4281718160775,23.193042244751453
610.3606181534874,332.31268454942875,39.4281718160775,23.193042244751453
610.3606181534874,331.85612859972895,39.4281718160775,23.193042244751453
610.5888961283373,332.5409625242787,39.4281718160775,23.193042244751453
611.0454520780371,332.7692404991286,39.4281718160775,23.193042244751453
610.5888961283373,332.9975184739785,39.4281718160775,23.193042244751453
610.8776149247368,330.9382857762673,40.22040207237795,23.659060042575245
610.4735406553167,331.1663245579467,41.02855061121824,24.134441536010712
611.8988029507505,331.64141198975796,41.02855061121825,24.134441536010716
611.6612592348448,332.1164994215692,41.02855061121825,24.134441536010716
611.8988029507505,332.1164994215692,41.02855061121825,24.134441536010716
612.8489778143729,332.1164994215692,41.02855061121825,24.134441536010716
613.4713892555031,332.58043591701875,40.25881516076895,23.68165597692289
613.4713892555031,333.0466102472731,40.25881516076895,23.68165597692289
615.0144723141109,333.50184284356015,39.503520694825596,23.23736511460327
615.0144723141109,333.7305570671291,39.503520694825596,23.23736511460327
615.2431865376798,334.187985514267,39.503520694825596,23.23736511460327
615.7006149848177,333.5018428435602,39.503520694825596,23.23736511460327
617.0729003262312,334.187985514267,39.503520694825596,23.23736511460327
616.8441861026623,334.187985514267,39.503520694825596,23.23736511460327
616.8441861026623,334.187985514267,39.503520694825596,23.23736511460327
617.0729003262312,334.4166997378359,39.503520694825596,23.23736511460327
617.759042996938,334.64541396140487,39.503520694825596,23.23736511460327
617.759042996938,334.8741281849738,39.503520694825596,23.23736511460327
618.4451856676448,335.3315566321117,39.503520694825596,23.23736511460327
619.3600425619205,335.3315566321117,39.503520694825596,23.23736511460327
619.8174710090584,335.3315566321117,39.503520694825596,23.23736511460327
620.0461852326273,335.3315566321117,39.503520694825596,23.23736511460327
620.5036136797652,335.56027085568064,39.503520694825596,23.23736511460327
621.418470574041,335.7889850792496,39.503520694825596,23.23736511460327
621.6471847976098,336.0176993028185,39.503520694825596,23.23736511460327
622.1046132447477,335.33155663211176,39.503520694825596,23.23736511460327
622.1046132447477,335.5602708556807,39.503520694825596,23.23736511460327
622.3333274683166,335.78898507924964,39.503520694825596,23.23736511460327
623.2481843625924,336.2464135263875,39.503520694825596,23.23736511460327
623.7056128097303,335.78898507924964,39.503520694825596,23.23736511460327
625.3066123747128,336.2464135263875,39.503520694825596,23.23736511460327
625.9058888024465,336.69310551711226,38.76239628649588,22.801409580291672
626.5791587703685,336.91752883975295,38.76239628649588,22.801409580291676
627.0280054156499,337.36637548503427,38.76239628649588,22.80140958029168
627.4768520609313,336.69310551711226,38.76239628649588,22.80140958029168
627.9256987062126,337.1419521623936,38.76239628649588,22.80140958029168
628.1501220288533,336.9175288397529,38.76239628649588,22.80140958029168
627.9256987062126,337.3663754850342,38.76239628649588,22.80140958029168
628.5989686741347,337.3663754850342,38.76239628649588,22.80140958029168
628.5989686741347,337.5907988076749,38.76239628649588,22.80140958029168
628.5989686741347,338.0396454529562,38.76239628649588,22.80140958029168
629.047815319416,338.48849209823754,38.76239628649588,22.80140958029168
629.9455086099787,338.71291542087823,38.76239628649588,22.80140958029168
630.1699319326193,338.9373387435189,38.76239628649588,22.80140958029168
629.4966619646973,339.1617620661596,38.76239628649588,22.80140958029168
630.0049288409676,337.13730112368586,39.54124911508044,23.25955830298848
630.4627941618926,338.0530317655358,39.54124911508044,23.25955830298848
631.1495921432801,338.2819644259983,39.54124911508044,23.25955830298848
631.8363901246676,338.73982974692325,39.54124911508044,23.25955830298848
632.0653227851301,339.4266277283107,39.54124911508044,23.25955830298848
632.98105342698,339.65556038877315,39.54124911508044,23.25955830298848
633.438918747905,339.88449304923563,39.54124911508044,23.25955830298848
635.1020615328326,337.81935461304477,40.33575143354975,23.726912607970426
635.6309588236921,338.51511260316545,41.14621768710407,24.20365746300238
635.8691837987217,339.2297875282541,41.14621768710407,24.20365746300238
635.6940332977578,338.9866254835521,41.97296863909105,24.689981552406486
636.1800565566634,339.4726487424577,41.97296863909105,24.689981552406486
636.6660798155691,339.22963711300486,41.97296863909105,24.689981552406486
637.0598066404361,340.190276015991,41.18551498935692,24.226773523151117
637.2982591357428,340.6671810066042,41.18551498935692,24.226773523151117
637.2982591357428,341.1440859972174,41.18551498935692,24.226773523151117
637.0598066404361,341.1440859972174,41.18551498935692,24.226773523151117
636.8213541451295,341.1440859972174,41.18551498935692,24.226773523151117
636.5829016498228,341.382538492524,41.18551498935692,24.226773523151117
636.1059966592096,341.8594434831372,41.18551498935692,24.226773523151117
636.3444491545163,342.57480096905704,41.18551498935692,24.226773523151117
636.3444491545163,343.05170595967024,41.18551498935692,24.226773523151117
636.3444491545163,343.05170595967024,41.18551498935692,24.226773523151117
636.3444491545163,343.52861095028345,41.18551498935692,24.226773523151117
636.5829016498229,344.00551594089666,41.18551498935692,24.226773523151117
636.1059966592097,343.52861095028345,41.18551498935692,24.226773523151117
636.1059966592097,344.24396843620326,41.18551498935692,24.226773523151117
635.215321392256,344.47747914661613,42.01305554203807,24.713562083551793
634.5499935084581,344.4724380664385,42.85722386704424,25.210131686496602
634.1194284088779,344.2191644784501,43.71835406620476,25.71667886247338
633.1739781288762,344.213918782196,44.596786954457016,26.233404090857057
632.2095309163986,344.7249732765068,45.49287019473292,26.76051187925465
632.4729217813519,344.7249732765068,45.49287019473292,26.76051187925465
631.4193583215388,344.98836414146007,45.49287019473292,26.76051187925465
631.1559674565855,345.51514587136666,45.49287019473292,26.76051187925465
631.1559674565855,346.30531846622654,45.49287019473292,26.76051187925465
630.6291857266789,346.8321001961331,45.49287019473292,26.76051187925465
629.839013131819,346.8321001961331,45.49287019473292,26.76051187925465
629.3122314019124,347.3588819260397,45.49287019473292,26.76051187925465
628.2586679420992,348.1490545208996,45.49287019473292,26.76051187925465
627.7318862121926,348.6758362508062,45.49287019473292,26.76051187925465
627.5382329567345,346.8266415784915,46.406958435555694,27.298210844444515
627.2695497791317,347.9013742889027,46.406958435555694,27.29821084444452
626.5346390936061,347.62712281365395,47.33941345140131,27.84671379494194
625.1642299501542,347.90120464234434,47.33941345140132,27.846713794941945
624.8901481214639,348.1752864710347,47.33941345140132,27.846713794941948
623.8663890468436,348.16960628958424,48.29060428588033,28.40623781522372
622.822059581137,348.443400931122,49.26090739779652,28.97700435164501
622.2516461096479,349.2990211383556,49.26090739779653,28.977004351645014
621.1108191666698,349.8694346098447,49.26090739779653,28.977004351645014
619.1898857817752,349.86352387137043,50.25070681014046,29.55923930008262
617.5212924770636,349.857494368428,51.260394262076616,30.153173095339184
616.3341596780346,350.7478439676998,51.26039426207662,30.153173095339184
614.9288225278087,351.038476513712,52.290369363984524,30.759040802343833
613.1925014736335,351.33494873947126,53.34103975561507,31.37708220918533
611.1124629712137,351.3285484323597,54.41282126742465,32.00754192201449
610.7974281097765,351.3285484323597,54.41282126742465,32.00754192201449
608.9906302551648,351.3220195238773,55.506138085151015,32.650669461853525
608.1116229819843,351.63672428694485,56.62142291769596,33.30671936335055
606.5593097337081,351.95775241281666,57.75911716838122,33.975951275518355
605.8904917952136,352.2921613820639,57.75911716838123,33.975951275518355
604.2184469489774,352.96097932055835,57.75911716838123,33.975951275518355
603.5496290104829,353.6297972590528,57.75911716838123,33.975951275518355
602.211993133494,353.96420622830004,57.75911716838123,33.975951275518355
600.5399482872579,354.6330241667945,57.75911716838123,33.975951275518355
599.2908533781311,354.96050271079946,58.91967110964551,34.658630064497345
597.3344039076629,355.2945612811891,60.103544061251625,35.35502591838329
595.3386434979845,355.63533209043356,61.31120457207436,36.06541445416137
593.3027822743944,355.9829500075482,62.54313060554105,36.790076826788834
591.2260144912387,355.9754455560896,63.799809728798195,37.529299840469506
589.1075182130162,355.9677903176879,65.08173930567894,38.28337606216406
587.3232598715769,355.58317638007935,66.38942669354795,39.05260393738112
585.5031504272829,355.57521041762817,67.72338944410141,39.837287908294925
584.0385688143608,355.9591836855294,69.08415550820175,40.6377385342363
582.8386355899247,356.35916142700813,69.08415550820175,40.6377385342363
580.9446483971755,356.7508498697813,70.47226344482804,41.45427261460471
579.0126053197623,357.1504085084352,71.88826263422497,42.28721331424997
576.6255289713237,357.5579954788155,73.33271349533445,43.13689029137319
574.0780748202583,357.1334197869713,73.33271349533445,43.13689029137319
572.492186330439,357.9737720941917,74.8061877075962,44.00363982799776
570.0082192007528,358.3979029091006,76.30926843720493,44.88780496306172
569.1246009928185,358.83971201306775,76.30926843720493,44.887804963061726
568.2409827848842,359.723330221002,76.30926843720493,44.88780496306173
566.4737463690157,360.6069484289363,76.30926843720493,44.88780496306173
564.2647008491799,360.6069484289363,76.30926843720493,44.88780496306173
563.3810826412456,361.49056663687054,76.30926843720493,44.88780496306173
559.9635869520883,361.9232195122434,77.8425505679137,45.78973562818453
558.6115278292089,362.37390588653653,77.8425505679137,45.78973562818453
555.90740958345,363.27527863512285,77.8425505679137,45.78973562818453
553.3226189019969,363.7166248047206,79.4066409364748,46.709788786161646
551.4836508395496,364.63610883594424,79.4066409364748,46.709788786161646
549.3066659745458,365.0863229741277,81.0021585728114,47.648328572241994
547.0859389526495,366.0145628769213,82.62973494501489,48.60572643824405
545.2989936819763,366.4830510848076,84.29001420926508,49.58236129956769
544.3229629477329,366.9710664519293,84.29001420926508,49.58236129956769
543.8349475806111,367.459081819051,84.29001420926508,49.58236129956769
542.370901479246,367.9470971861727,84.29001420926508,49.58236129956769
540.9068553778808,368.4351125532944,84.29001420926508,49.58236129956769
540.418840010759,369.41114328753787,84.29001420926508,49.58236129956769
538.4667785422721,370.38717402178133,84.29001420926508,49.58236129956769
537.0027324409069,371.8512201231465,84.29001420926508,49.58236129956769
536.5147170737852,372.82725085738997,84.29001420926508,49.58236129956769
535.05067097242,373.80328159163344,84.29001420926508,49.58236129956769
532.7398052433015,374.2811831330808,85.98365346477185,50.5786196851599
529.9074665317597,374.75729699891775,87.71132301383952,51.59489589049382
528.0420227565972,375.7153268301098,89.47370662715659,52.63159213362151
525.5813928353374,377.1917047828657,89.4737066271566,52.63159213362151
524.5971408668335,378.6680827356216,89.4737066271566,52.63159213362151
522.7139913046998,379.6156973980071,91.27150181441606,53.689118714362365
520.8127801932173,380.55268761959917,93.10542010037312,54.76789417669005
518.401018637423,380.986713939257,94.97618730644992,55.86834547438228
515.4783364346408,381.90181055920453,96.88454383799842,56.99090813999905
513.0286079122166,383.2977553375839,98.83124497733533,58.13602645725605
511.0601039752086,384.7741332903398,98.83124497733533,58.13602645725605
508.5908179197879,385.66644765329295,100.81706118266493,59.3041536368617
504.6252034091045,386.5470264265361,102.84277839300822,60.49575199588716
502.1645734878446,387.53127839504003,102.84277839300822,60.49575199588716
499.2118175823328,389.00765634779594,102.84277839300822,60.49575199588716
495.766935692569,390.9761602848038,102.84277839300822,60.49575199588716
493.30630577130916,392.9446642218117,102.84277839300822,60.49575199588716
489.86142388154536,393.92891619031565,102.84277839300822,60.49575199588716
486.90866797603354,395.40529414307156,102.84277839300822,60.49575199588716
483.4148280816483,395.78177553914884,104.90919833925894,61.71129314074052
479.4081019150211,396.1460450011143,107.01713886148967,62.95125815381743
475.8723243081893,396.00573117032394,109.16743423263358,64.21613778390208
472.31494375891134,396.34483571058195,111.3609354886699,65.50643264039402
468.24340021501257,396.67097730356414,113.59851076544373,66.82265339143746
464.64150285534765,397.476021469023,115.88104564225381,68.16532096603162
460.03242204053896,398.26757652469365,118.20944349234362,69.53496676020208
456.3842009452333,399.53749741814516,120.58462584043528,70.93213284731482
452.21999159621555,400.7933816825025,123.00753272744716,72.35737219261591
448.5235664974094,402.03494727977727,125.47912308253976,73.81124887208215
444.31018458184883,402.7697805207398,128.00037510263724,75.2943382956689
438.5950949551125,403.9818398880603,130.57228663957454,76.80722743504377
432.36204063486826,405.17870001464195,133.19587559502352,78.35051505589611
428.07113236519103,406.85218148639274,135.87218032335434,79.92481195491423
422.76908463155667,407.0334688315917,138.60226004259152,81.53074120152432
417.93173513627494,408.6750001613704,141.38719525362734,83.16893838448655
411.5340973409993,410.6435040983783,141.38719525362734,83.16893838448655
407.65302096262394,412.2685772801584,144.22808816785846,84.84005186344604
402.2670256008298,413.8768616203721,147.12606314341525,86.54474302553827
397.34404171769563,414.9758937965739,150.0822671301559,88.28368654715041
393.37561029971266,416.0574556766859,153.09787012360215,90.0575706609423
386.42412672074425,417.12119623004855,156.17406562799567,91.86709742823263
383.9634967994844,421.5503300883163,156.17406562799567,91.86709742823263
380.5186149097206,425.48733796233205,156.17406562799567,91.86709742823263
377.0737330199568,428.44009386784387,156.17406562799567,91.86709742823263
373.13672514594106,431.3928497733557,156.17406562799567,91.86709742823263
367.63071452159363,432.93053690030285,159.312071128659,93.7129830168581
361.60105194073185,432.97330138492794,162.51312857384715,95.59595798461584
356.03135592049887,434.4735265142953,165.77850486628148,97.51676756840072
349.63371812522325,435.9499044670512,165.77850486628148,97.51676756840074
344.2203322984516,433.4892745457914,165.77850486628148,97.51676756840074
338.31482048742794,435.9499044670512,165.77850486628148,97.51676756840074
332.22019288002116,431.5253203719115,169.10949236455969,99.47617197915261
325.3304291004936,433.98595029317136,169.10949236455969,99.47617197915261
319.2023367271853,435.4471928526426,172.50740939464077,101.47494670272972
314.77320286891756,438.39994875815444,172.50740939464077,101.47494670272974
311.0716032434264,433.93559881634167,175.9736007716073,103.5138828068277
307.3351805262665,435.8484024982347,179.5094383319112,105.59378725406529
300.44541674673894,441.75391430925833,179.5094383319112,105.59378725406529
294.04777895146333,445.1987961990221,179.5094383319112,105.59378725406529
287.8576488917619,450.12632506617325,176.141666955251,103.61274526779458
281.58003699398444,452.540791180703,176.141666955251,103.61274526779458
273.85374542748906,453.50657762651497,176.141666955251,103.61274526779458
268.5419199755235,454.95525729523285,176.141666955251,103.61274526779458
260.3327351861222,457.8526166326686,176.141666955251,103.61274526779458
253.08933684253276,459.78418952429246,176.141666955251,103.61274526779458
243.43147238441355,462.19865563882223,176.141666955251,103.61274526779458
234.4184667837582,464.0550695309251,179.68088146938288,105.69463615846038
222.7707831230367,466.43809025852295,183.29120942074718,107.81835848279233
213.05533223955968,466.8312710727815,186.97407969163825,109.98475275978709
205.763511321166,466.7105612226842,190.73094987488233,112.19467639698948
193.02056117970466,468.0440273275217,194.56330685071836,114.44900402983419
179.74698327963367,468.86271934554384,198.47266737526985,116.74862786780565
167.91050794180867,470.6425601611818,202.46057868084114,119.09445804755347
156.52609403730423,471.90670760966685,206.52861908827526,121.48742299310297
156.49492882267765,475.50694854409215,202.6539416435127,119.20820096677205
121.7266167734485,470.6780163150326,202.6539416435127,119.20820096677207
109.06700304479583,471.41196401564383,206.7258672929558,121.60345134879742
94.68698201273793,468.7138969889122,210.8796101444732,124.04682949674881
78.78885245036636,462.54640067385344,215.1168141511061,126.53930244182698
63.34027980219413,463.7357534931315,219.43915629784428,129.08185664579062
47.35615675939273,463.91531057309544,223.84834726533686,131.6754983913745
27.390728905520646,464.5609366155144,228.34613210693928,134.3212541805524
7.213563551189935,466.52944055252226,228.34613210693928,134.3212541805524
0.0,479.81684212732546,228.34613210693928,134.3212541805524
0.0,484.3728954582242,232.93429093936402,137.02017114080223
