663.0,450.0,128.0,132.0
663.0,450.0,128.0,132.0
663.0,451.0236220472441,128.0,132.0
663.0,451.0236220472441,128.0,132.0
663.0,452.0472440944882,128.0,132.0
663.0,452.0472440944882,128.0,132.0
663.0,453.07086614173227,128.0,132.0
663.0,455.11811023622045,128.0,132.0
663.0,456.14173228346453,128.0,132.0
664.0236220472441,458.1889763779527,128.0,132.0
664.0236220472441,459.2125984251968,128.0,132.0
664.0236220472441,460.2362204724409,128.0,132.0
664.0236220472441,462.28346456692907,128.0,132.0
664.0236220472441,463.30708661417316,128.0,132.0
664.0236220472441,465.35433070866134,128.0,132.0
664.0236220472441,466.3779527559054,128.0,132.0
665.0472440944882,468.4251968503936,128.0,132.0
665.0472440944882,469.4488188976377,128.0,132.0
665.0472440944882,471.49606299212587,128.0,132.0
665.0472440944882,472.51968503936996,128.0,132.0
665.0472440944882,473.54330708661405,128.0,132.0
665.0472440944882,474.56692913385814,128.0,132.0
665.0472440944882,475.5905511811022,128.0,132.0
665.0472440944882,476.6141732283463,128.0,132.0
665.0472440944882,477.6377952755904,128.0,132.0
665.0472440944882,477.6377952755904,128.0,132.0
665.0472440944882,477.6377952755904,128.0,132.0
665.0472440944882,477.6377952755904,128.0,132.0
665.0472440944882,478.6614173228345,128.0,132.0
665.0472440944882,478.6614173228345,128.0,132.0
665.0472440944882,478.6614173228345,128.0,132.0
666.0708661417323,479.6850393700786,128.0,132.0
666.0708661417323,479.6850393700786,128.0,132.0
666.0708661417323,479.6850393700786,128.0,132.0
666.0708661417323,480.7086614173227,128.0,132.0
666.0708661417323,480.7086614173227,128.0,132.0
666.0708661417323,481.73228346456676,128.0,132.0
666.0708661417323,481.73228346456676,128.0,132.0
666.0708661417323,482.75590551181085,128.0,132.0
666.0708661417323,482.75590551181085,128.0,132.0
666.0708661417323,483.77952755905494,128.0,132.0
666.0708661417323,483.77952755905494,128.0,132.0
666.0708661417323,483.77952755905494,128.0,132.0
666.0708661417323,484.80314960629903,128.0,132.0
666.0708661417323,485.8267716535431,128.0,132.0
667.0944881889764,485.8267716535431,128.0,132.0
667.0944881889764,485.8267716535431,128.0,132.0
667.0944881889764,486.8503937007872,128.0,132.0
667.0944881889764,486.8503937007872,128.0,132.0
668.1181102362204,487.8740157480313,128.0,132.0
668.1181102362204,488.8976377952754,128.0,132.0
668.1181102362204,488.8976377952754,128.0,132.0
668.1181102362204,489.9212598425195,128.0,132.0
668.1181102362204,490.94488188976356,128.0,132.0
668.1181102362204,491.96850393700765,128.0,132.0
668.1181102362204,492.99212598425174,128.0,132.0
667.8557802834646,491.66598798425173,130.57190400000002,134.652276
666.8115905984253,492.71017766929106,130.57190400000002,134.652276
665.7674009133859,492.71017766929106,130.57190400000002,134.652276
665.7674009133859,493.7543673543304,130.57190400000002,134.652276
665.7674009133859,494.7985570393697,130.57190400000002,134.652276
665.7674009133859,495.84274672440904,130.57190400000002,134.652276
665.7674009133859,496.88693640944837,130.57190400000002,134.652276
665.7674009133859,497.9311260944877,130.57190400000002,134.652276
665.7674009133859,498.975315779527,130.57190400000002,134.652276
665.7674009133859,500.01950546456635,130.57190400000002,134.652276
666.8115905984253,501.0636951496057,130.57190400000002,134.652276
667.8557802834646,501.0636951496057,130.57190400000002,134.652276
667.8557802834646,502.107884834645,130.57190400000002,134.652276
667.8557802834646,503.15207451968433,130.57190400000002,134.652276
668.8999699685039,504.19626420472366,130.57190400000002,134.652276
668.8999699685039,504.19626420472366,130.57190400000002,134.652276
669.9441596535432,505.240453889763,130.57190400000002,134.652276
669.9441596535432,505.240453889763,130.57190400000002,134.652276
670.9883493385826,506.2846435748023,130.57190400000002,134.652276
670.9883493385826,507.32883325984164,130.57190400000002,134.652276
670.7207483900859,505.97604916900764,133.19548526707203,137.35784418166799
670.7207483900859,508.10639034576934,133.19548526707203,137.35784418166799
671.7859189784667,509.1715609341502,133.19548526707203,137.35784418166799
671.7859189784667,510.23673152253104,133.19548526707203,137.35784418166799
671.7859189784667,510.23673152253104,133.19548526707203,137.35784418166799
672.8510895668476,511.3019021109119,133.19548526707203,137.35784418166799
672.8510895668476,511.3019021109119,133.19548526707203,137.35784418166799
673.9162601552284,512.3670726992927,133.19548526707203,137.35784418166799
674.9814307436093,512.3670726992927,133.19548526707203,137.35784418166799
674.9814307436093,512.3670726992927,133.19548526707203,137.35784418166799
676.0466013319901,512.3670726992927,133.19548526707203,137.35784418166799
677.111771920371,513.4322432876736,133.19548526707203,137.35784418166799
677.111771920371,513.4322432876736,133.19548526707203,137.35784418166799
678.1769425087518,514.4974138760545,133.19548526707203,137.35784418166799
679.2421130971327,514.4974138760545,133.19548526707203,137.35784418166799
680.3072836855135,515.5625844644353,133.19548526707203,137.35784418166799
680.3072836855135,515.5625844644353,133.19548526707203,137.35784418166799
681.3724542738944,515.5625844644353,133.19548526707203,137.35784418166799
682.4376248622752,516.6277550528162,133.19548526707203,137.35784418166799
682.4376248622752,516.6277550528162,133.19548526707203,137.35784418166799
683.5027954506561,517.692925641197,133.19548526707203,137.35784418166799
683.5027954506561,517.692925641197,133.19548526707203,137.35784418166799
684.567966039037,518.7580962295779,133.19548526707203,137.35784418166799
684.567966039037,518.7580962295779,133.19548526707203,137.35784418166799
685.6331366274178,518.7580962295779,133.19548526707203,137.35784418166799
686.6983072157986,519.8232668179587,133.19548526707203,137.35784418166799
686.6983072157986,519.8232668179587,133.19548526707203,137.35784418166799
687.7634778041795,519.8232668179587,133.19548526707203,137.35784418166799
688.8286483925604,520.8884374063396,133.19548526707203,137.35784418166799
688.5556705382055,519.5084718247684,135.87178215254332,140.11777534481024
688.2772077398231,517.0142055337536,138.60185387133438,142.93316180481352
686.0603965927668,517.0142055337536,138.6018538713344,142.93316180481352
687.1688021662949,517.0142055337536,138.6018538713344,142.93316180481352
688.277207739823,518.1226111072817,138.6018538713344,142.93316180481352
687.9931497884328,516.6866330972097,141.38678092117112,145.80511782495765
689.1238265551498,517.8173098639267,141.38678092117112,145.80511782495765
690.2545033218668,517.8173098639267,141.38678092117112,145.80511782495765
690.2545033218668,517.8173098639267,141.38678092117112,145.80511782495765
691.3851800885838,517.8173098639267,141.38678092117112,145.80511782495765
689.9647377940591,516.3524787476982,144.22766551022022,148.73478005741453
691.1181332490498,516.3524787476982,144.22766551022022,148.73478005741453
692.2715287040405,517.5058742026889,144.22766551022022,148.73478005741453
692.2715287040405,517.5058742026889,144.22766551022022,148.73478005741453
693.4249241590312,517.5058742026889,144.22766551022022,148.73478005741453
694.5783196140219,517.5058742026889,144.22766551022022,148.73478005741453
695.7317150690126,517.5058742026889,144.22766551022022,148.73478005741453
695.7317150690126,517.5058742026889,144.22766551022022,148.73478005741453
696.8851105240033,517.5058742026889,144.22766551022022,148.73478005741453
698.038505978994,517.5058742026889,144.22766551022022,148.73478005741453
696.5895227374456,516.0116102348421,147.12563199331709,151.72330799310816
697.7660933673134,516.0116102348421,147.12563199331709,151.72330799310816
698.9426639971812,516.0116102348421,147.12563199331709,151.72330799310816
698.9426639971812,516.0116102348421,147.12563199331709,151.72330799310816
700.119234627049,516.0116102348421,147.12563199331709,151.72330799310816
700.119234627049,516.0116102348421,147.12563199331709,151.72330799310816
701.2958052569168,516.0116102348421,147.12563199331709,151.72330799310816
702.4723758867846,516.0116102348421,147.12563199331709,151.72330799310816
702.4723758867846,516.0116102348421,147.12563199331709,151.72330799310816
703.6489465166524,516.0116102348421,147.12563199331709,151.72330799310816
704.8255171465202,516.0116102348421,147.12563199331709,151.72330799310816
706.002087776388,516.0116102348421,147.12563199331709,151.72330799310816
705.7005607444348,514.4873220210893,150.08182731695882,154.77188442061367
705.7005607444348,515.6875334846231,150.08182731695882,154.77188442061367
709.5088240805966,518.3395803700352,147.26614649877055,151.86821357685702
708.3311297495902,517.1618860390288,147.26614649877055,151.86821357685704
709.2070090708031,515.6361420313289,150.22516518037037,154.91970159225684
711.8175518018498,518.2907217932458,147.40679520467552,152.01325755482154
712.9963709072022,519.4695408985981,147.40679520467552,152.01325755482154
714.1751900125545,519.4695408985981,147.40679520467552,152.01325755482154
715.3540091179068,519.4695408985981,147.40679520467552,152.01325755482154
716.5328282232591,519.4695408985981,147.40679520467552,152.01325755482154
716.5328282232591,518.2907217932458,147.40679520467552,152.01325755482154
717.7116473286114,518.2907217932458,147.40679520467552,152.01325755482154
720.0692855393162,518.2907217932458,147.40679520467552,152.01325755482154
721.2481046446685,518.2907217932458,147.40679520467552,152.01325755482154
722.4269237500208,518.2907217932458,147.40679520467552,152.01325755482154
722.4269237500208,518.2907217932458,147.40679520467552,152.01325755482154
723.6057428553731,518.2907217932458,147.40679520467552,152.01325755482154
724.7845619607255,518.2907217932458,147.40679520467552,152.01325755482154
725.9633810660778,518.2907217932458,147.40679520467552,152.01325755482154
725.9633810660778,518.2907217932458,147.40679520467552,152.01325755482154
725.9633810660778,518.2907217932458,147.40679520467552,152.01325755482154
725.9633810660778,517.1119026878935,147.40679520467552,152.01325755482154
725.9633810660778,515.9330835825411,147.40679520467552,152.01325755482154
721.2481046446684,513.5754453718364,147.40679520467552,152.01325755482154
723.3036395927016,512.048244179812,150.36863994072309,155.06765993887058
723.3036395927016,510.84573906217577,150.36863994072309,155.06765993887058
724.5061447103378,512.048244179812,150.36863994072309,155.06765993887058
720.8986293574293,506.03571859163094,150.36863994072309,155.06765993887058
721.7929610515372,505.6803364636912,153.38999702305205,158.18343443002232
721.7929610515372,506.9070035166561,153.38999702305205,158.18343443002232
715.6596257867129,499.54700119886695,153.38999702305205,158.18343443002232
720.5662939985724,500.77366825183185,153.38999702305205,158.18343443002232
719.0252613934803,499.1844783778306,156.47206223323624,161.36181417802476
714.950635872134,492.5580990154508,159.61605537968865,164.6040571103038
715.8999674433367,493.4573186272669,162.82322078043273,167.91144642982115
711.9936524762863,486.94679368218317,162.82322078043273,167.91144642982115
712.9620589667493,487.8640813136595,166.094827755574,171.28529112293555
712.6216554642639,488.79980000551507,169.43217112966676,174.72692647746868
709.911741309877,483.37997169674134,169.43217112966676,174.72692647746868
710.9194551570097,485.68944886146573,172.83657174417516,178.23771461118048
706.7729084677732,478.7785377127383,172.83657174417516,178.23771461118048
709.5372729272641,481.5429021722292,172.83657174417516,178.23771461118048
709.5372729272641,481.5429021722292,172.83657174417516,178.23771461118048
708.1550906975186,478.7785377127383,172.83657174417516,178.23771461118048
709.5372729272641,480.16071994248375,172.83657174417516,178.23771461118048
709.5372729272641,480.16071994248375,172.83657174417516,178.23771461118048
709.5372729272641,478.7785377127383,172.83657174417516,178.23771461118048
709.5372729272641,477.3963554829928,172.83657174417516,178.23771461118048
710.9194551570096,477.3963554829928,172.83657174417516,178.23771461118048
706.772908467773,473.2498087937563,172.83657174417516,178.23771461118048
710.9194551570096,477.3963554829928,172.83657174417516,178.23771461118048
705.0365058497453,468.69477913442415,176.30937698023087,181.81904501086294
704.6751681112011,469.6880429332981,179.85196129189467,185.47233508226623
706.1134527425954,471.1263275646925,179.85196129189467,185.47233508226623
707.5517373739898,472.56461219608684,179.85196129189467,185.47233508226623
706.1134527425954,468.24975830190385,179.85196129189467,185.47233508226623
707.5517373739898,472.56461219608684,179.85196129189467,185.47233508226623
704.3065700134764,466.38641048749986,183.46572675013272,189.19903071107422
704.3065700134764,469.32077865648574,183.46572675013272,189.19903071107424
702.4633815896811,464.48562242546103,187.15210359772314,193.00060683515187
703.9600458039838,468.975615068369,187.15210359772317,193.00060683515187
700.5831579808867,462.54664182889167,190.91255081531222,196.8785680282906
702.1098946692473,468.65358858233424,190.91255081531222,196.8785680282906
702.1098946692473,462.54664182889167,190.91255081531222,196.8785680282906
703.6366313576079,470.1803252706949,190.91255081531222,196.8785680282906
698.6651550391206,460.5687012951954,194.7485566988443,200.83444909568306
700.2225684477604,465.240941521115,194.74855669884434,200.83444909568308
695.5503282218408,455.8964610692758,194.74855669884434,200.83444909568308
698.2660270728854,461.6658448196354,198.6616394485942,204.86981568136264
695.0886140403661,455.3110187545968,198.66163944859423,204.86981568136264
699.8547335891451,463.2545513358951,198.66163944859423,204.86981568136264
693.4999075241064,455.3110187545968,198.66163944859423,204.86981568136264
696.2701729121652,459.6076202163926,202.65334777003483,208.98626488784825
703.033044896903,469.6711548310831,198.8513741783044,205.06547962137623
698.2623733953319,460.129811827941,198.8513741783044,205.06547962137626
701.4428210630459,466.49070716336905,198.8513741783044,205.06547962137626
696.6721495614748,456.949364160227,198.8513741783044,205.06547962137626
703.0330448969029,466.49070716336905,198.8513741783044,205.06547962137626
696.6721495614748,458.53958799408394,198.8513741783044,205.06547962137626
704.62326873076,466.49070716336905,198.8513741783044,205.06547962137626
697.8548368985066,459.65984532078176,202.84689483966906,209.18586030340856
702.7213655025586,467.7707263275353,202.8468948396691,209.1858603034086
692.5725831667984,455.93608337389287,206.92269749768258,213.38903179448496
699.1916655178561,464.20993631271506,206.9226974976826,213.38903179448496
694.2273537545628,455.93608337389287,206.9226974976826,213.38903179448496
699.1916655178561,464.20993631271506,206.9226974976826,213.38903179448496
694.2273537545628,457.59085396165733,206.9226974976826,213.38903179448496
699.1916655178561,462.5551657249506,206.9226974976826,213.38903179448496
700.8464361056206,467.51947748824387,206.9226974976826,213.38903179448496
690.9178125790339,457.5908539616572,206.9226974976826,213.38903179448496
699.1916655178561,465.8647069004794,206.9226974976826,213.38903179448496
700.8464361056206,467.51947748824387,206.9226974976826,213.38903179448496
692.5725831667984,459.2456245494217,206.9226974976826,213.38903179448496
700.8464361056206,469.1742480760083,206.9226974976826,213.38903179448496
692.5725831667984,460.90039513718614,206.9226974976826,213.38903179448496
699.1916655178561,469.1742480760083,206.9226974976826,213.38903179448496
697.5368949300916,462.5551657249506,206.9226974976826,213.38903179448496
702.5012066933849,470.8290186637728,206.9226974976826,213.38903179448496
694.2273537545627,462.5551657249506,206.9226974976826,213.38903179448496
700.8464361056205,470.8290186637728,206.9226974976826,213.38903179448496
690.4937342863877,458.7565822292628,211.08039525850353,217.67665761033157
695.557793965941,465.50866180200035,211.08039525850353,217.67665761033157
688.8057143932034,457.06856233607834,211.08039525850353,217.67665761033157
695.557793965941,465.50866180200035,211.08039525850353,217.67665761033157
688.8057143932034,457.06856233607834,211.08039525850353,217.67665761033157
695.557793965941,465.50866180200035,211.08039525850353,217.67665761033157
688.8057143932034,457.06856233607834,211.08039525850353,217.67665761033157
695.557793965941,467.1966816951847,211.08039525850353,217.67665761033157
690.0611349886076,454.8816737953962,215.32163364043265,222.05043469169598
695.226946819302,465.2132974567851,215.32163364043268,222.05043469169598
686.1759689193409,454.3727813801642,219.64809122516988,226.51209407595624
693.2021135697523,463.1554621931785,219.6480912251699,226.51209407595627
684.419432756738,456.12931754276707,219.6480912251699,226.51209407595627
691.4455774071495,464.91199835578135,219.6480912251699,226.51209407595627
684.419432756738,456.12931754276707,219.6480912251699,226.51209407595627
691.4455774071495,463.1554621931785,219.6480912251699,226.51209407595627
680.4562020456416,450.34059146442723,224.06148032215725,231.06340158222446
685.8316927767956,459.29974268301737,224.06148032215728,231.0634015822245
678.6643718019235,452.1324217081452,224.06148032215728,231.0634015822245
684.0398625330776,461.09157292673535,224.06148032215728,231.0634015822245
675.0807113144874,450.3405914644271,224.06148032215728,231.0634015822245
682.2480322893596,459.29974268301726,224.06148032215728,231.0634015822245
673.2888810707694,450.3405914644271,224.06148032215728,231.0634015822245
680.4562020456416,457.5079124392993,224.06148032215728,231.0634015822245
671.4970508270515,450.3405914644271,224.06148032215728,231.0634015822245
676.8725415582055,457.5079124392993,224.06148032215728,231.0634015822245
669.7052205833334,448.54876122070914,224.06148032215728,231.0634015822245
675.0807113144874,455.7160821955813,224.06148032215728,231.0634015822245
678.6643718019235,459.29974268301737,224.06148032215728,231.0634015822245
667.4541869212768,446.2273827567133,228.56354764627037,235.70615851021614
673.2538909497069,455.7497549205917,224.27547354463033,231.28408209289984
667.8732662768227,450.3691302477075,224.27547354463036,231.28408209289984
671.4603493920789,455.7497549205917,224.2754735446304,231.28408209289984
664.2861831615667,448.5755886900795,224.2754735446304,231.28408209289984
671.4603493920789,455.7497549205917,224.2754735446304,231.28408209289984
667.8732662768227,452.16267180533555,224.2754735446304,231.28408209289984
671.4603493920789,457.54329647821976,224.2754735446304,231.28408209289984
669.6668078344509,452.16267180533555,224.2754735446304,231.28408209289984
673.253890949707,457.54329647821976,224.2754735446304,231.28408209289984
666.0797247191948,450.3691302477075,224.2754735446304,231.28408209289984
671.460349392079,457.54329647821976,224.2754735446304,231.28408209289984
664.2861831615668,448.57558869007937,224.2754735446304,231.28408209289984
669.666807834451,453.9562133629636,224.2754735446304,231.28408209289984
666.0797247191948,452.16267180533555,224.2754735446304,231.28408209289984
669.666807834451,455.7497549205917,224.2754735446304,231.28408209289984
664.2861831615668,450.3691302477075,224.2754735446304,231.28408209289984
667.873266276823,453.9562133629637,224.2754735446304,231.28408209289984
669.666807834451,457.5432964782199,224.2754735446304,231.28408209289984
660.2394580589726,446.2519931593331,228.78184063456263,235.9312731543925
663.8986164352636,451.7407307237696,228.78184063456263,235.9312731543925
654.7507204945362,444.42241397118767,228.78184063456263,235.9312731543925
664.2151219921556,455.78345980523505,224.4896711444877,231.50497336775274
657.0341039683408,446.80718727546656,224.48967114448772,231.50497336775277
662.4198674862018,453.98820529928133,224.48967114448772,231.5049733677528
657.0341039683408,448.60244178142017,224.48967114448772,231.5049733677528
660.6246129802482,453.9882052992812,224.48967114448772,231.5049733677528
655.2388494623872,446.80718727546645,224.48967114448772,231.5049733677528
660.6246129802482,452.1929507933276,224.48967114448772,231.5049733677528
651.6483404504797,446.80718727546656,224.48967114448772,231.5049733677528
658.8293584742944,453.98820529928133,224.48967114448772,231.5049733677528
660.6246129802482,450.3976962873739,224.48967114448772,231.5049733677528
656.5740229931414,446.276627066481,229.0003421067939,236.15660279763105
658.4053495478832,451.77060673070645,229.0003421067939,236.15660279763105
657.9360241656491,443.90407975647463,233.60164598074573,240.90169741764385
655.5891452293035,441.48386085336824,238.29540385343685,245.74213522385656
653.683485626637,443.3895204560348,238.29540385343688,245.74213522385656
651.2894508518234,439.0150124918418,243.08347340306398,250.67983194690953
645.4576007886349,433.18316242865313,243.08347340306398,250.67983194690956
646.9033627152168,436.49655756018717,247.96774963415174,255.71674181021882
644.4121547185173,431.9444895047547,252.95016562755075,260.85485830341156
644.4121547185172,431.9444895047547,252.95016562755077,260.85485830341156
644.4121547185172,431.9444895047547,252.95016562755077,260.85485830341156
644.4121547185172,431.9444895047547,252.95016562755077,260.85485830341156
646.4350091434422,433.96734392967977,252.95016562755077,260.85485830341156
638.3435914437421,427.89878065490467,252.95016562755077,260.85485830341156
644.4121547185172,433.96734392967977,252.95016562755077,260.85485830341156
641.87089087954,427.3009567458844,258.0326933055052,266.096214971302
639.2785654262462,426.69112076106035,263.2173442120927,271.4428862187204
639.2785654262462,424.5861592239312,263.2173442120927,271.4428862187204
639.2785654262462,424.5861592239312,263.2173442120927,271.4428862187204
639.2785654262462,424.5861592239312,263.2173442120927,271.4428862187204
639.2785654262462,424.5861592239312,263.2173442120927,271.4428862187204
638.7391139147486,421.8591082675348,268.5061703093463,276.8969881315131
634.4446008561591,417.5645952089453,268.5061703093463,276.8969881315131
634.4446008561591,417.5645952089453,268.5061703093463,276.8969881315131
634.4446008561591,419.71185173824006,268.5061703093463,276.8969881315131
634.4446008561591,419.71185173824006,268.5061703093463,276.8969881315131
632.2973443268644,417.5645952089453,268.5061703093463,276.8969881315131
632.2973443268644,419.71185173824006,268.5061703093463,276.8969881315131
630.1500877975697,419.71185173824006,268.5061703093463,276.8969881315131
632.2973443268644,419.71185173824006,268.5061703093463,276.8969881315131
632.2973443268644,419.71185173824006,268.5061703093463,276.8969881315131
632.2973443268644,419.71185173824006,268.5061703093463,276.8969881315131
630.1500877975697,417.5645952089453,268.5061703093463,276.8969881315131
639.1105756300971,428.7510495159124,263.46873382006,271.7021317519366
634.356665084073,417.59350640246345,268.7626110887064,277.1614426852283
632.2073577857504,421.8921209991086,268.7626110887064,277.1614426852283
629.5072342134479,419.1076185651715,274.1628582333118,282.7304475531026
629.5072342134479,416.9151252353038,274.1628582333118,282.7304475531026
629.5072342134479,416.9151252353038,274.1628582333118,282.7304475531026
629.5072342134479,419.1076185651715,274.1628582333118,282.7304475531026
627.31474088358,414.72263190543595,274.1628582333118,282.7304475531026
627.31474088358,416.91512523530366,274.1628582333118,282.7304475531026
627.31474088358,416.91512523530366,274.1628582333118,282.7304475531026
627.31474088358,416.91512523530366,274.1628582333118,282.7304475531026
627.31474088358,416.91512523530366,274.1628582333118,282.7304475531026
625.1222475537124,414.72263190543595,274.1628582333118,282.7304475531026
627.31474088358,419.1076185651715,274.1628582333118,282.7304475531026
627.31474088358,416.9151252353038,274.1628582333118,282.7304475531026
627.31474088358,416.9151252353038,274.1628582333118,282.7304475531026
622.3678703984714,414.0746737939615,279.67161254379374,288.4113504357871
622.3678703984714,411.8381266956167,279.67161254379374,288.4113504357871
622.3678703984714,414.0746737939615,279.67161254379374,288.4113504357871
624.6044174968162,416.31122089230627,279.67161254379374,288.4113504357871
622.3678703984714,411.8381266956166,279.67161254379374,288.4113504357871
617.8947762017817,409.60157959727184,279.67161254379374,288.4113504357871
620.1313233001265,414.0746737939615,279.67161254379374,288.4113504357871
622.3678703984713,411.8381266956167,279.67161254379374,288.4113504357871
617.8947762017816,411.8381266956167,279.67161254379374,288.4113504357871
620.1313233001264,414.0746737939615,279.67161254379374,288.4113504357871
620.1313233001264,411.8381266956167,279.67161254379374,288.4113504357871
620.1313233001264,414.0746737939615,279.67161254379374,288.4113504357871
620.1313233001264,414.0746737939615,279.67161254379374,288.4113504357871
620.1313233001264,414.0746737939615,279.67161254379374,288.4113504357871
620.1313233001264,414.0746737939615,279.67161254379374,288.4113504357871
617.8947762017816,414.0746737939615,279.67161254379374,288.4113504357871
617.8947762017816,414.0746737939615,279.67161254379374,288.4113504357871
620.5182317157137,419.0166593910487,274.42470151592966,283.00047343830227
623.0924686566846,421.67134123642484,269.27622763398796,277.6911097475499
623.4649956988163,426.42963338664003,264.22434412152325,272.4813548753207
623.4649956988163,422.20360426068066,264.22434412152325,272.4813548753207
625.5780102617961,424.3166188236604,264.22434412152325,272.4813548753207
619.6045046459341,424.75961166661426,259.2672388494096,267.3693400634535
623.7512493617834,424.75961166661426,259.2672388494096,267.3693400634535
623.7512493617834,426.8329840245389,259.2672388494096,267.3693400634535
623.7512493617834,424.75961166661426,259.2672388494096,267.3693400634535
621.6778770038587,424.75961166661426,259.2672388494096,267.3693400634535
623.7512493617834,424.75961166661426,259.2672388494096,267.3693400634535
623.7512493617834,426.8329840245389,259.2672388494096,267.3693400634535
623.7512493617834,424.75961166661426,259.2672388494096,267.3693400634535
625.824621719708,426.8329840245389,259.2672388494096,267.3693400634535
621.6778770038587,424.75961166661426,259.2672388494096,267.3693400634535
623.7512493617834,426.8329840245389,259.2672388494096,267.3693400634535
623.7512493617834,424.75961166661426,259.2672388494096,267.3693400634535
623.7512493617834,426.8329840245389,259.2672388494096,267.3693400634535
619.6045046459341,424.75961166661426,259.2672388494096,267.3693400634535
621.6778770038587,426.8329840245389,259.2672388494096,267.3693400634535
621.6778770038587,424.75961166661426,259.2672388494096,267.3693400634535
621.6778770038587,426.8329840245389,259.2672388494096,267.3693400634535
621.6778770038587,426.8329840245389,259.2672388494096,267.3693400634535
621.6778770038587,426.8329840245389,259.2672388494096,267.3693400634535
621.6778770038587,426.8329840245389,259.2672388494096,267.3693400634535
623.7512493617834,426.8329840245389,259.2672388494096,267.3693400634535
623.7512493617834,428.90635638246357,259.2672388494096,267.3693400634535
623.7512493617834,426.8329840245389,259.2672388494096,267.3693400634535
623.7512493617834,426.8329840245389,259.2672388494096,267.3693400634535
625.824621719708,426.8329840245389,259.2672388494096,267.3693400634535
625.824621719708,426.8329840245389,259.2672388494096,267.3693400634535
625.824621719708,426.8329840245389,259.2672388494096,267.3693400634535
627.8979940776327,428.90635638246357,259.2672388494096,267.3693400634535
629.9713664355573,426.8329840245389,259.2672388494096,267.3693400634535
632.044738793482,428.90635638246357,259.2672388494096,267.3693400634535
632.044738793482,428.90635638246357,259.2672388494096,267.3693400634535
636.1914835093313,430.9797287403882,259.2672388494096,267.3693400634535
627.8979940776327,424.75961166661426,259.2672388494096,267.3693400634535
632.044738793482,428.90635638246357,259.2672388494096,267.3693400634535
636.1914835093313,428.90635638246357,259.2672388494096,267.3693400634535
638.264855867256,430.9797287403882,259.2672388494096,267.3693400634535
627.8979940776327,422.6862393086896,259.2672388494096,267.3693400634535
631.513382836306,424.14685794959144,264.4766954796108,272.74159221334844
633.6284154650185,424.14685794959144,264.4766954796108,272.74159221334844
635.743448093731,424.14685794959144,264.4766954796108,272.74159221334844
633.6284154650185,424.14685794959144,264.4766954796108,272.74159221334844
635.743448093731,424.14685794959144,264.4766954796108,272.74159221334844
637.8584807224435,426.2618905783039,264.4766954796108,272.74159221334844
631.5133828363062,422.0318253208791,264.4766954796108,272.74159221334844
635.743448093731,424.14685794959155,264.4766954796108,272.74159221334844
637.8584807224435,422.0318253208791,264.4766954796108,272.74159221334844
635.2014156013075,421.40675954342015,269.7908257218826,278.22178902569124
639.889714516777,428.33167496746546,264.7292878495859,273.00207809488523
639.889714516777,421.98051710197956,264.7292878495859,273.00207809488523
639.889714516777,421.98051710197956,264.7292878495859,273.00207809488523
639.889714516777,424.0975697238082,264.7292878495859,273.00207809488523
642.0067671386056,424.0975697238082,264.7292878495859,273.00207809488523
642.0067671386056,424.0975697238082,264.7292878495859,273.00207809488523
639.3471643482247,419.23780172439933,270.0484934303476,278.48750885004574
636.6341221589768,418.59956752689635,275.4745778088436,284.08315836536974
636.6341221589768,414.1936011003277,275.4745778088436,284.08315836536974
638.837105372261,418.59956752689635,275.4745778088436,284.08315836536974
638.837105372261,416.3965843136121,275.4745778088436,284.08315836536974
641.0400885855453,416.3965843136121,275.4745778088436,284.08315836536974
643.2430717988295,416.3965843136121,275.4745778088436,284.08315836536974
643.2430717988295,416.3965843136121,275.4745778088436,284.08315836536974
640.475516452873,415.74552607637867,281.00968850075674,289.7912412664051
640.475516452873,409.00378281141224,281.00968850075674,289.7912412664051
642.7227642078618,411.2510305664011,281.00968850075674,289.7912412664051
642.1468481273278,412.83413837099584,286.65601617180243,295.614016677171
647.1282224425407,417.8995430803051,281.27807094963623,290.0680106668121
647.1282224425407,415.65014905819305,281.27807094963623,290.0680106668121
644.8788284204287,411.151361013969,281.27807094963623,290.0680106668121
647.1282224425407,413.400755036081,281.27807094963623,290.0680106668121
649.3776164646528,417.8995430803051,281.27807094963623,290.0680106668121
651.6270104867648,413.400755036081,281.27807094963623,290.0680106668121
651.6270104867648,415.65014905819305,281.27807094963623,290.0680106668121
653.8764045088768,411.151361013969,281.27807094963623,290.0680106668121
651.0505443690813,410.4865867669169,286.9297912292273,295.8963472051404
639.5775888880898,408.19199567071865,286.92979122922736,295.8963472051404
644.1667710804863,410.4865867669169,286.92979122922736,295.8963472051404
648.7559532728831,408.19199567071865,286.92979122922736,295.8963472051404
651.0505443690813,410.4865867669169,286.92979122922736,295.8963472051404
641.8721799842881,408.19199567071865,286.92979122922736,295.8963472051404
648.7559532728828,408.19199567071865,286.92979122922736,295.8963472051404
651.0505443690811,408.19199567071865,286.92979122922736,295.8963472051404
653.3451354652793,408.19199567071865,286.92979122922736,295.8963472051404
651.0505443690811,408.19199567071865,286.92979122922736,295.8963472051404
656.0366762193264,415.5568292657263,281.5467097211332,290.34504439991827
656.0366762193264,411.0537445876078,281.5467097211332,290.34504439991827
656.0366762193264,411.0537445876078,281.5467097211332,290.34504439991827
653.2081172001131,408.13679309904404,287.20382775955994,296.1789473770458
653.2081172001131,408.13679309904404,287.20382775956,296.1789473770458
655.504899779391,408.13679309904404,287.20382775956,296.1789473770458
651.308663391311,410.91509542847774,281.81560506005223,290.6223427181784
653.5623560990994,410.91509542847774,281.81560506005223,290.6223427181784
655.8160488068877,410.91509542847774,281.81560506005223,290.6223427181784
652.9847883306518,407.99535806235957,287.4781260125239,296.46181745041474
652.9847883306518,401.09842959626184,287.47812601252394,296.46181745041474
654.6945916483987,402.717978257978,293.2544239984936,302.41862474844595
657.4454605286049,410.24515075720205,287.7526862380812,296.74495768302063
650.5419450492219,398.73929162489696,287.7526862380812,296.74495768302063
655.144288702144,403.341635277819,287.7526862380812,296.74495768302063
659.746632355066,403.341635277819,287.7526862380812,296.74495768302063
661.4580686456972,402.66155888691753,293.534500962663,302.70745411774556
647.3736130138765,397.96674034297735,293.534500962663,302.70745411774556
652.0684315578167,400.3141496149475,293.534500962663,302.70745411774556
653.8142557378355,399.6204084491237,299.4324896905058,308.7897549933334
656.2088315043072,399.6204084491237,299.4324896905058,308.7897549933334
658.6034072707791,399.6204084491237,299.4324896905058,308.7897549933334
658.6034072707791,399.6204084491237,299.4324896905058,308.7897549933334
656.2088315043072,399.6204084491237,299.4324896905058,308.7897549933334
658.6034072707791,399.6204084491237,299.4324896905058,308.7897549933334
660.9979830372508,397.2258326826519,299.4324896905058,308.7897549933334
668.1817103366664,399.6204084491237,299.4324896905058,308.7897549933334
663.3925588037227,399.6204084491237,299.4324896905058,308.7897549933334
665.7871345701944,397.2258326826519,299.4324896905058,308.7897549933334
670.576286103138,399.6204084491237,299.4324896905058,308.7897549933334
670.576286103138,397.2258326826519,299.4324896905058,308.7897549933334
672.97086186961,399.6204084491237,299.4324896905058,308.7897549933334
675.3654376360817,394.8312569161801,299.4324896905058,308.7897549933334
677.7600134025536,397.2258326826519,299.4324896905058,308.7897549933334
675.3654376360817,399.6204084491237,299.4324896905058,308.7897549933334
677.7600134025536,394.8312569161801,299.4324896905058,308.7897549933334
682.5491649354972,397.2258326826519,299.4324896905058,308.7897549933334
677.7600134025536,399.6204084491237,299.4324896905058,308.7897549933334
680.1545891690253,394.8312569161801,299.4324896905058,308.7897549933334
682.5491649354972,397.2258326826519,299.4324896905058,308.7897549933334
684.9437407019689,399.6204084491237,299.4324896905058,308.7897549933334
680.1545891690253,392.4366811497083,299.4324896905058,308.7897549933334
684.9437407019689,394.8312569161801,299.4324896905058,308.7897549933334
684.9437407019689,397.2258326826519,299.4324896905058,308.7897549933334
689.7328922349125,397.2258326826519,299.4324896905058,308.7897549933334
689.7328922349125,397.2258326826519,299.4324896905058,308.7897549933334
689.7328922349125,397.2258326826519,299.4324896905058,308.7897549933334
692.1274680013844,397.2258326826519,299.4324896905058,308.7897549933334
689.7328922349125,397.2258326826519,299.4324896905058,308.7897549933334
692.1274680013844,397.2258326826519,299.4324896905058,308.7897549933334
689.7328922349125,394.8312569161801,299.4324896905058,308.7897549933334
694.5220437678561,392.4366811497083,299.4324896905058,308.7897549933334
692.1274680013844,394.8312569161801,299.4324896905058,308.7897549933334
694.5220437678561,390.0421053832365,299.4324896905058,308.7897549933334
694.5220437678561,390.0421053832365,299.4324896905058,308.7897549933334
694.5220437678561,390.0421053832365,299.4324896905058,308.7897549933334
696.916619534328,392.4366811497083,299.4324896905058,308.7897549933334
699.3111953007997,394.8312569161801,299.4324896905058,308.7897549933334
699.3111953007997,387.6475296167647,299.4324896905058,308.7897549933334
691.5137952601805,386.93984910969596,305.4489867058571,314.99426754041446
693.956485237528,386.93984910969596,305.4489867058571,314.99426754041446
696.3991752148755,384.49715913234843,305.4489867058571,314.99426754041446
693.956485237528,384.49715913234843,305.4489867058571,314.99426754041446
693.956485237528,384.49715913234843,305.4489867058571,314.99426754041446
696.3991752148755,384.49715913234843,305.4489867058571,314.99426754041446
696.3991752148755,384.49715913234843,305.4489867058571,314.99426754041446
696.3991752148755,379.6117791776534,305.4489867058571,314.99426754041446
695.7731719472827,378.88987924615617,311.5863731957379,321.32344735810403
690.1510485019093,375.66170323227294,317.8470781923599,327.77979938587043
692.692886602611,375.66170323227294,317.8470781923599,327.77979938587043
698.2162846202684,381.2782749973352,311.8839583584486,321.63033205714936
703.6360583275908,391.77777592141973,306.03271244313925,315.5962347069866
701.1887002679447,377.0936275635427,306.03271244313925,315.5962347069866
700.5615006820308,376.37034805120516,312.18182773425923,321.9375098509541
703.0580335071694,378.86688087634377,312.18182773425923,321.9375098509541
703.4899177990544,389.3764095036901,306.32499350021214,315.897649547093
711.2627858574444,394.78937827851996,300.57803916370443,309.9711028875695
714.0823538037173,385.6783738244666,294.9389032711589,304.1557439983819
704.6477924293938,390.3956545116283,294.9389032711589,304.1557439983819
707.0064327729747,383.3197334808857,294.9389032711589,304.1557439983819
706.4019694248418,384.9813134859677,300.8651106545863,310.26714536254144
708.8080019288462,382.57528098196326,300.8651106545863,310.26714536254144
711.6302627450846,395.1098674647268,295.2205890221096,304.4462324290498
706.3034360996347,375.5249974057539,301.15245631733086,310.56347057724673
705.6862383680875,377.22158234028916,307.203512622115,316.80362239155534
703.2295173640966,379.67830334428004,307.203512622115,316.80362239155534
705.6862383680875,379.67830334428004,307.203512622115,316.80362239155534
715.9381194842225,390.02023815117013,301.44007641378994,310.86007880172014
710.4990712241869,370.0227686430769,307.49691186917227,317.10619036508314
707.4098034990932,371.75509596483596,313.67544731935953,323.4778050480888
715.3691862360693,384.82338431967287,307.79059133150906,317.409047310618
715.7949955234028,392.7236670946134,302.01614095650996,311.45414536140026
721.0432909104385,373.9081220682949,296.3500248778553,305.61096315528766
721.0432909104385,381.0178975175053,296.3500248778553,305.61096315528766
723.8231980298926,390.9944521836527,290.79021063894703,299.87740472141354
719.172271924693,379.3671369206535,290.79021063894703,299.87740472141354
723.8231980298926,384.01806302585317,290.79021063894703,299.87740472141354
728.8764144449426,393.8074478386795,285.3347039140466,294.25141341136
717.4672389070411,375.5527669780368,285.3347039140466,294.25141341136
721.4461291269096,381.72391058352093,291.0679341197916,300.16380706103445
721.8488036500555,391.52264489274046,285.6072170327057,294.5324425649772
717.2807748343257,373.25052962982136,285.6072170327057,294.5324425649772
716.6954363362715,379.4275670770519,291.34592284454385,300.4504829334353
716.6954363362715,386.41728840513827,291.3459228445439,300.4504829334353
714.3655292269093,377.09765996768976,291.3459228445439,300.4504829334353
716.6954363362715,384.08738129577614,291.3459228445439,300.4504829334353
712.0356221175473,384.08738129577614,291.3459228445439,300.4504829334353
712.0356221175473,381.757474186414,291.3459228445439,300.4504829334353
712.0356221175473,386.41728840513827,291.3459228445439,300.4504829334353
709.705715008185,374.76775285832764,291.3459228445439,300.4504829334353
712.0356221175473,384.08738129577614,291.3459228445439,300.4504829334353
709.705715008185,374.76775285832764,291.3459228445439,300.4504829334353
712.0356221175473,381.757474186414,291.3459228445439,300.4504829334353
714.3655292269093,384.08738129577614,291.3459228445439,300.4504829334353
714.3655292269093,372.4378457489655,291.3459228445439,300.4504829334353
719.4284025490238,386.9057527026769,285.87999041903936,294.81374011963374
717.1422067595014,373.18857796554295,285.87999041903936,294.81374011963374
714.856010969979,382.3333611236323,285.87999041903936,294.81374011963374
712.5698151804567,370.9023821760206,285.87999041903936,294.81374011963374
714.856010969979,384.61955691315455,285.87999041903936,294.81374011963374
719.4284025490236,368.6161863864982,285.87999041903936,294.81374011963374
722.1100956617639,385.09885714614563,280.51660419355875,289.28274807460684
724.3534001982528,369.3957253907238,280.5166041935588,289.28274807460684
729.2280866806152,387.81246977782774,275.2538403018117,283.8555228112426
734.0113193109793,379.469082576412,270.0898109711074,278.53011756395387
729.6914773540103,388.1087664903499,270.0898109711074,278.53011756395387
729.6914773540103,372.98931964095846,270.0898109711074,278.53011756395387
731.8513983324948,385.94884551186544,270.0898109711074,278.53011756395387
731.8513983324948,370.829398662474,270.0898109711074,278.53011756395387
731.8513983324948,383.78892453338096,270.0898109711074,278.53011756395387
731.8513983324948,388.1087664903499,270.0898109711074,278.53011756395387
734.0113193109793,372.98931964095846,270.0898109711074,278.53011756395387
731.8513983324948,381.62900355489637,270.0898109711074,278.53011756395387
734.0113193109793,370.82939866247386,270.0898109711074,278.53011756395387
731.8513983324948,379.4690825764119,270.0898109711074,278.53011756395387
736.1712402894638,381.62900355489637,270.0898109711074,278.53011756395387
736.1712402894638,368.6694776839894,270.0898109711074,278.53011756395387
740.8647348308999,382.0818303132057,265.0226638452041,273.3046220903661
738.7453360673741,388.4400266037833,265.0226638452041,273.30462209036614
736.0827858750532,372.9778791367972,270.3477642298458,278.7961318620279
736.0827858750532,381.6258145083228,270.3477642298458,278.7961318620279
736.0827858750532,368.65391145103445,270.3477642298458,278.7961318620279
738.6187791648152,379.9170899026271,265.27577765032174,273.5656457018937
740.7402020913987,388.4027816089612,265.27577765032174,273.5656457018937
740.7402020913987,373.55282112287654,265.27577765032174,273.5656457018937
741.1071947578721,382.483268482967,260.2989464642079,268.4332885412138
745.2704407027968,374.15677659311785,260.2989464642079,268.43328854121387
743.1888177303344,382.483268482967,260.2989464642079,268.43328854121387
741.1071947578723,374.15677659311785,260.2989464642079,268.43328854121387
743.1888177303344,382.483268482967,260.2989464642079,268.43328854121387
741.1071947578723,386.6465144278916,260.2989464642079,268.43328854121387
741.1071947578723,372.07515362065556,260.2989464642079,268.43328854121387
741.1071947578723,380.40164551050475,260.2989464642079,268.43328854121387
741.1071947578723,386.6465144278916,260.2989464642079,268.43328854121387
741.1071947578723,369.99353064819326,260.2989464642079,268.43328854121387
739.3856793130902,380.8380571163144,255.41548546392283,263.3972193846699
741.4282490172186,368.58263889154443,255.41548546392286,263.3972193846699
743.8241702821236,381.2662812166194,250.62364293411278,258.4556317758032
743.8241702821235,385.2747794426818,250.6236429341128,258.4556317758032
743.3105289664172,370.6527102598592,255.65942379158795,263.64878078507445
741.6196975103559,383.3484662846648,250.86300474187334,258.70247364005627
739.6135342096396,373.31764978108356,250.86300474187334,258.70247364005627
739.9605876943008,383.769057793869,246.1565711711185,253.84896402021533
741.9291134234005,387.7061092520685,246.15657117111851,253.84896402021536
739.4561014311298,373.34466126044094,251.1025951556598,258.94955125427356
735.7873277411927,381.79797172806934,246.39166663608682,254.09140621846393
739.7281393384726,387.70918912398923,246.39166663608682,254.09140621846393
737.7577335398325,373.9163485335095,246.39166663608682,254.09140621846393
737.7577335398325,381.79797172806934,246.39166663608682,254.09140621846393
735.7873277411927,373.9163485335095,246.39166663608682,254.09140621846393
735.7873277411927,379.8275659294294,246.39166663608682,254.09140621846393
735.7873277411927,383.76837752670934,246.39166663608682,254.09140621846393
735.7873277411927,371.94594273486956,246.39166663608682,254.09140621846393
736.12819540554,384.1814724867751,241.76911971011214,249.32440470105257
733.6992619443724,373.94287856500637,246.62698663244743,254.33407996471084
729.2492362594012,379.2768618857142,251.5824626748532,259.4444146334418
727.2373194196048,367.2053608469356,251.58246267485322,259.4444146334418
725.5734513901173,379.69865962258893,246.8625313746424,254.57698548009938
725.5734513901173,367.85363166539037,246.86253137464243,254.57698548009938
723.5992800639175,375.7503169701894,246.86253137464243,254.57698548009938
723.5992800639175,369.82780299159003,246.86253137464243,254.57698548009938
723.5992800639175,377.72448829638915,246.86253137464243,254.57698548009938
723.9407991405706,368.2675160671324,242.23115056893684,249.80087402421552
728.150178897894,378.3593053710491,237.6866589644722,245.11436705711137
725.7622598786073,377.7975553234397,242.46249700304534,250.03945003438992
723.8232758351528,368.1026351061674,242.46249700304534,250.03945003438992
725.7622598786073,375.85857127998526,242.46249700304534,250.03945003438992
719.9453077482439,368.1026351061674,242.46249700304534,250.03945003438992
721.8842917916984,375.85857127998526,242.46249700304534,250.03945003438992
725.2653444459208,361.71264568448794,247.33429595532755,255.0634927039309
715.3756241967228,371.6023659336859,247.33429595532755,255.06349270393093
715.3756241967228,359.73470163464833,247.33429595532755,255.06349270393093
713.3976801468832,371.6023659336859,247.33429595532755,255.06349270393093
713.3976801468832,357.7567575848087,247.33429595532755,255.06349270393093
711.4197360970436,367.6464778340067,247.33429595532755,255.06349270393093
711.7619078308783,373.99498533560006,242.69406438797893,250.27825390010267
713.7027437296503,360.4091340441962,242.69406438797893,250.2782539001027
711.7619078308783,370.1133135380561,242.69406438797893,250.27825390010273
713.7027437296503,364.29080584174017,242.69406438797893,250.27825390010273
707.8802360333343,375.93582123437204,242.69406438797893,250.27825390010273
707.8802360333343,364.29080584174017,242.69406438797893,250.27825390010273
707.8802360333343,372.0541494368281,242.69406438797893,250.27825390010273
707.8802360333343,360.4091340441962,242.69406438797893,250.27825390010273
708.2159882931746,374.4018809753971,238.14088807075422,245.58279082296477
708.5454415145865,369.0878710599161,233.6731337626257,240.97541919270725
706.6767464242112,378.43134651179275,233.6731337626257,240.97541919270725
706.6767464242112,367.2191759695408,233.6731337626257,240.97541919270725
704.8080513338358,376.56265142141746,233.6731337626257,240.97541919270725
702.9393562434605,369.08787105991615,233.6731337626257,240.97541919270725
702.9393562434605,378.4313465117928,233.6731337626257,240.97541919270725
702.9393562434605,367.21917596954086,233.6731337626257,240.97541919270725
701.0706611530851,376.5626514214175,233.6731337626257,240.97541919270725
701.0706611530851,367.21917596954086,233.6731337626257,240.97541919270725
699.2019660627097,376.5626514214175,233.6731337626257,240.97541919270725
699.5252384217706,371.3483374921473,229.2891988637532,236.45448632824503
698.0088093215862,379.0673050466944,224.98751084062587,232.01837055439495
698.3200656573813,384.8422215208517,220.76652666198845,227.66548062017512
698.3200656573812,379.54578048996,220.76652666198848,227.66548062017512
705.687403896592,383.4468735796695,216.62473224535046,223.39425512801716
702.5223744083114,378.6129872848129,212.56064191387912,219.20316197368737
702.5223744083114,387.1122747629146,212.56064191387912,219.20316197368737
699.1226594170707,380.31284478043324,212.56064191387912,219.20316197368737
700.8225169126911,373.5134147979519,212.56064191387912,219.20316197368737
697.4228019214504,383.7125597716739,212.56064191387912,219.20316197368737
695.7229444258301,385.41241726729424,212.56064191387912,219.20316197368737
695.7229444258301,382.0127022760536,212.56064191387912,219.20316197368737
697.4228019214504,376.91312978919257,212.56064191387912,219.20316197368737
695.7229444258301,382.0127022760536,212.56064191387912,219.20316197368737
695.7229444258301,378.6129872848129,212.56064191387912,219.20316197368737
694.0230869302097,375.21327229357223,212.56064191387912,219.20316197368737
692.3232294345894,383.7125597716739,212.56064191387912,219.20316197368737
694.0230869302097,376.91312978919257,212.56064191387912,219.20316197368737
692.3232294345894,383.7125597716739,212.56064191387912,219.20316197368737
697.4228019214504,373.5134147979519,212.56064191387912,219.20316197368737
696.0170089554084,367.07035940833623,208.57279786348175,215.09069779671512
694.3490424370611,378.7461250367669,208.57279786348175,215.09069779671512
696.3055565488589,370.755981104475,204.65976963988612,211.05538744113213
694.6688827020832,378.9393503383533,204.65976963988615,211.05538744113213
699.5789042424102,367.48263341092365,204.65976963988615,211.05538744113213
694.2494421731718,371.90896084809896,208.77199839126038,215.2961233409868
695.9190017075507,360.2220441074465,208.7719983912604,215.2961233409868
696.2078248826376,375.59810255161443,204.85523297232896,211.25695900271376
694.8529924782168,369.38861051673393,201.0119498760517,207.2935733096778
691.6379883586442,377.4261208156656,201.01194987605172,207.2935733096778
696.4604945380032,364.5661043373749,201.01194987605172,207.2935733096778
692.8335259237871,372.1285418118373,205.05088298491123,211.45872307818917
694.7570027640372,362.6335161126299,201.20392930441093,207.49155209517323
691.8172813259279,375.8431489125601,197.42914821056075,203.59880909214027
691.8172813259279,364.79119733335176,197.42914821056078,203.5988090921403
688.6595808747255,375.8431489125601,197.42914821056078,203.59880909214033
695.2481128190336,371.4376036922694,193.72518567555164,199.77909772791216
692.1496538945969,362.1422269189592,193.72518567555164,199.7790977279122
690.6004244323785,371.43760369226936,193.72518567555164,199.7790977279122
687.5019655079418,376.08529207892445,193.72518567555164,199.7790977279122
689.0511949701602,365.2406858433959,193.72518567555164,199.7790977279122
685.9527360457234,376.08529207892445,193.72518567555164,199.7790977279122
693.9668901951472,368.6639402405568,190.09071307445095,196.03104785802708
689.4063969557872,361.0631181749569,190.09071307445095,196.03104785802708
687.8862325426671,371.7042690667969,190.09071307445095,196.03104785802708
689.4063969557872,359.5429537618369,190.09071307445095,196.03104785802708
686.3660681295473,370.18410465367685,190.09071307445095,196.03104785802708
686.3660681295473,358.02278934871697,190.09071307445095,196.03104785802708
684.8459037164273,368.66394024055694,190.09071307445095,196.03104785802708
684.8459037164273,358.02278934871697,190.09071307445095,196.03104785802708
683.3257393033073,370.18410465367685,190.09071307445095,196.03104785802708
683.3257393033073,359.5429537618369,190.09071307445095,196.03104785802708
681.8055748901872,371.7042690667969,190.09071307445095,196.03104785802708
683.3257393033073,362.58328258807694,190.09071307445095,196.03104785802708
685.1088824862227,376.5834643004184,186.52442670862,192.35331504326393
683.8752828663635,369.4379638729581,183.02504733807257,188.7445800673869
687.0558066245114,359.4992000713611,179.59131972260676,185.20354846393778
684.1834060876095,370.9888022189688,179.59131972260678,185.20354846393778
679.8748052822566,363.80780087671394,179.5913197226068,185.20354846393778
679.5067413571144,373.43675557467867,183.19984810979315,188.9248433632237
679.7601870405117,364.9535574505263,179.7628410621087,185.3804298452991
676.8850431750991,370.70384518135165,179.7628410621087,185.3804298452991
676.8850431750991,359.20326971970104,179.7628410621087,185.3804298452991
675.4474712423928,369.26627324864535,179.7628410621087,185.3804298452991
675.4474712423928,359.20326971970104,179.7628410621087,185.3804298452991
680.0088778367788,371.00523168789914,176.39031560416197,181.90251296679156
675.7770727749171,359.72041818960133,176.39031560416197,181.90251296679156
680.2529029522153,371.3009638909208,173.08106199871435,178.4898451861737
680.4923499195245,360.51804843174745,169.83389320437246,175.14120236700865
678.010965294003,374.38448495426263,166.6476444497922,171.8553833388478
674.0128980366569,366.38835043957033,166.6476444497922,171.8553833388478
671.0059833909099,375.323318017113,169.9960955697219,175.30847355627526
669.6465165833274,367.166517171617,169.9960955697219,175.30847355627526
668.2870497757447,376.68278482469566,169.9960955697219,175.30847355627526
666.9275829681621,369.88545078678237,169.9960955697219,175.30847355627526
666.9275829681621,361.72864994128633,169.9960955697219,175.30847355627526
665.2197171940209,372.2026146299472,173.4118271180043,178.8309467154415
665.4596217544589,365.5594402926039,170.1584528488334,175.47590450035904
662.7380913816306,373.72403141108873,170.1584528488334,175.47590450035904
660.0165610088023,366.920205479018,170.1584528488334,175.47590450035904
661.3773261952165,373.72403141108873,170.1584528488334,175.47590450035904
661.3773261952165,366.920205479018,170.1584528488334,175.47590450035904
662.7380913816306,358.7556143605332,170.1584528488334,175.47590450035904
664.3342602859684,372.64855022085885,166.96611504015777,172.18380613516229
664.5652476015538,364.9170665514138,163.83366858870878,168.95347073210553
664.5652476015538,374.08836566655435,163.83366858870878,168.95347073210553
661.9448764257993,368.84762331504544,163.83366858870878,168.95347073210553
661.9448764257993,375.39855125443154,163.83366858870878,168.95347073210553
660.8613446071657,374.363045665708,160.759989874467,165.78373955804375
659.5757393731794,367.93501949577666,160.759989874467,165.78373955804375
660.5318746028781,376.5543150281968,163.9901403510147,169.11483223698355
657.9090008029725,368.6856936284803,163.9901403510147,169.11483223698355
657.9090008029725,377.8657519281496,163.9901403510147,169.11483223698355
656.8244341412897,374.2063835646307,160.9135260745694,165.94207376439934
654.2507680008255,372.91955049439855,160.9135260745694,165.94207376439934
652.9639349305933,374.2063835646307,160.9135260745694,165.94207376439934
651.6771018603611,369.05905128370205,160.9135260745694,165.94207376439934
650.3902687901289,376.780049705095,160.9135260745694,165.94207376439934
654.4733819331217,371.9025015752918,157.89463206951217,162.82883932168406
651.9480002686241,376.95326490428704,157.89463206951217,162.8288393216841
650.6853094363753,369.3771199107942,157.89463206951217,162.8288393216841
649.4226186041265,378.2159557365358,157.89463206951217,162.8288393216841
646.8972369396289,371.9025015752918,157.89463206951217,162.8288393216841
647.1156744183851,378.4806784750109,154.93237544750218,159.7740121802363
644.6376713661982,376.00267542282404,154.93237544750218,159.7740121802363
644.6376713661982,371.0466693184502,154.93237544750218,159.7740121802363
644.6376713661982,380.9586815271979,154.93237544750218,159.7740121802363
643.3986698401047,376.00267542282404,154.93237544750218,159.7740121802363
642.1596683140112,373.52467237063706,154.93237544750218,159.7740121802363
641.1350061674577,379.97943628394535,152.02569363623547,156.7764965623675
639.9192495131325,373.90065301231925,152.02569363623547,156.77649656236753
638.7034928588073,378.7636796296201,152.02569363623547,156.77649656236753
638.7034928588073,373.90065301231925,152.02569363623547,156.77649656236753
637.4877362044821,375.1164096666445,152.02569363623547,156.77649656236753
637.4877362044821,375.1164096666445,152.02569363623547,156.77649656236753
635.0562228958316,372.68489635799403,152.02569363623547,156.77649656236753
633.8404662415064,375.1164096666445,152.02569363623547,156.77649656236753
633.8404662415064,372.68489635799403,152.02569363623547,156.77649656236753
632.6247095871812,373.90065301231925,152.02569363623547,156.77649656236753
631.408952932856,373.90065301231925,152.02569363623547,156.77649656236753
630.1931962785308,369.0376263950185,152.02569363623547,156.77649656236753
628.9774396242055,372.68489635799403,152.02569363623547,156.77649656236753
628.9774396242055,367.8218697406933,152.02569363623547,156.77649656236753
627.7616829698803,371.4691397036688,152.02569363623547,156.77649656236753
626.5459263155551,369.0376263950184,152.02569363623547,156.77649656236753
624.1144130069047,369.0376263950184,152.02569363623547,156.77649656236753
621.6828996982542,371.4691397036688,152.02569363623547,156.77649656236753
624.324731171549,374.15553601505644,149.17354399829628,153.83521724824274
623.3381556842708,373.2126892862335,146.37490345715926,150.94911919019518
623.5406563294497,373.45809829589604,143.6287681302081,148.1171671342768
621.243444240753,375.75531038459275,143.6287681302081,148.1171671342768
620.2935397328407,380.5905394603218,140.93415296863924,145.33834524890892
618.0394255736475,376.08231114193524,140.93415296863924,145.33834524890892
618.0394255736475,378.33642530112854,140.93415296863924,145.33834524890892
615.7853114144542,374.9552540623386,140.93415296863924,145.33834524890892
614.85322803752,380.8268266249298,138.29009140412117,142.61165676049967
615.6757214229262,376.0763414322388,141.06875421070418,145.4771527797884
614.5475879308377,378.3326084164159,141.06875421070418,145.4771527797884
612.2913209466606,377.2044749243273,141.06875421070418,145.4771527797884
611.163187454572,378.3326084164159,141.06875421070418,145.4771527797884
608.9069204703949,377.2044749243273,141.06875421070418,145.4771527797884
609.1020803855686,380.82538823474357,138.42216739617976,142.7478601273101
607.9951117732713,376.39751378555474,138.42216739617976,142.7478601273101
606.8881431609741,379.71841962244633,138.42216739617976,142.7478601273101
605.7811745486769,376.39751378555474,138.42216739617976,142.7478601273101
604.6742059363796,376.39751378555474,138.42216739617976,142.7478601273101
603.5672373240824,376.39751378555474,138.42216739617976,142.7478601273101
602.4602687117851,376.39751378555474,138.42216739617976,142.7478601273101
602.6517672374391,378.8435266338641,135.8252331202774,140.0697716552858
600.4793656250331,376.67112502145807,135.8252331202774,140.0697716552858
599.39316481883,376.67112502145807,135.8252331202774,140.0697716552858
598.3069640126271,377.7573258276611,135.8252331202774,140.0697716552858
597.220763206424,376.67112502145807,135.8252331202774,140.0697716552858
597.220763206424,376.67112502145807,135.8252331202774,140.0697716552858
596.1345624002211,375.58492421525506,135.8252331202774,140.0697716552858
595.8561950018811,377.43631567292925,138.55436952936313,142.88419357715546
594.7481691628791,370.788160638917,138.55436952936313,142.88419357715546
593.3561826894023,373.78477794415227,141.33834247631663,145.75516567870125
591.936227031714,373.4507380743463,144.17825379169327,148.6838242226834
589.3347398978526,366.191984498577,147.07522744512977,151.6713283027898
588.158572355538,369.72048712552095,147.07522744512977,151.6713283027898
587.8571486253251,362.31588341415375,150.03040999018478,154.71886030237775
585.4575480718403,367.1150845211232,150.0304099901848,154.71886030237778
586.6573483485827,369.5146850746079,150.0304099901848,154.71886030237778
586.3498681113587,357.16209955389866,153.0449710181176,157.82762636243348
584.1137806559487,364.76213863735296,150.17369874671982,154.86662683255452
584.3215366999622,371.0186474438471,147.35629433129702,151.96117852914975
585.1979521839269,361.2430627313795,150.31712435329578,155.01453448933597
581.7996272132661,369.9097331990141,147.49702913421942,152.1063112946635
582.6768797307691,360.1248121701427,150.4606869406133,155.16258340750719
581.681791583394,368.79975986927116,147.6378983479917,152.25158267136618
582.5598819338563,357.8248263591016,150.60438663949787,155.31077372198195
580.359453017741,366.508059195016,147.77890210098488,152.3969927916404
579.177658155959,368.87164891858,147.77890210098488,152.3969927916404
582.4201768631293,355.52264391267886,150.74822358089997,155.45910556780285
580.2176463949136,364.2141697982213,147.92004052169267,152.54254178799533
578.05643753706,369.19386356099943,145.14491692299765,149.68069557684112
581.5386298106802,358.747286740139,145.14491692299765,149.68069557684112
576.8957067791866,363.3902097716325,145.14491692299765,149.68069557684112
580.5786980875262,370.5979411596107,142.42185733781204,146.87254037961847
579.6367756156452,367.4198596121467,139.74988499468537,144.1170689007691
578.5191891829859,367.4198596121467,139.74988499468537,144.1170689007691
576.2840163176674,368.53744604480596,139.74988499468537,144.1170689007691
579.8301109566545,373.24209342187953,137.1280414473481,141.41329274257757
582.2130579908164,373.47199934190905,134.5553862309134,138.7602420506293
578.9849206489084,371.3199077806371,134.5553862309134,138.7602420506293
577.9088748682724,370.24386200000106,134.5553862309134,138.7602420506293
576.8328290876364,371.3199077806371,134.5553862309134,138.7602420506293
575.7567833070003,371.3199077806371,134.5553862309134,138.7602420506293
575.7567833070003,370.24386200000106,134.5553862309134,138.7602420506293
574.6807375263643,370.24386200000106,134.5553862309134,138.7602420506293
574.6807375263643,370.24386200000106,134.5553862309134,138.7602420506293
574.6807375263643,367.01572465809306,134.5553862309134,138.7602420506293
572.5286459650923,370.24386200000106,134.5553862309134,138.7602420506293
572.5286459650923,367.01572465809306,134.5553862309134,138.7602420506293
570.3765544038204,370.24386200000106,134.5553862309134,138.7602420506293
570.5627034763766,378.00177512617154,132.03099652452897,136.15696516592035
569.506845359485,370.6107683079308,132.03099652452897,136.15696516592035
569.6895020946791,378.22313545049326,129.55396682035777,133.6025282834938
570.7255512880014,370.9707910972375,129.55396682035777,133.60252828349383
567.6174037080347,375.11498787052653,129.55396682035777,133.60252828349383
567.6174037080347,374.0789386772043,129.55396682035777,133.60252828349383
567.7966336255067,382.5845396134667,127.12340859876912,131.09601511748053
567.9725010156849,380.7644481728109,124.73845000962339,128.636526572424
566.7193161776632,371.49178708554444,127.24481968566676,131.22122030084373
565.8777686979944,379.84578568563114,124.85758330663398,128.7593827849662
564.6233869873043,371.56276059907566,127.3663467280142,131.3465450632645
563.7810357752994,380.94329250086776,124.97683038365753,128.8823563331467
561.5260104318546,372.6523565889998,127.48798983655635,131.47198951894862
558.2061473864065,372.3510507240752,130.0496060163423,134.11365620435285
559.4260758335057,379.8491789954776,127.60974912214401,131.59755378221087
557.1235432964132,369.34257343857314,130.17381181125526,134.24174343035682
555.0415310504163,372.46559180756856,130.1738118112553,134.24174343035685
556.262624608177,377.8888690310032,127.73162469573379,131.72323796747528
553.9578930034147,370.43665649722254,130.29813623074517,134.36995298795577
551.6068524265178,368.0447084132743,132.91621668202953,137.0698484533428
549.2085723913092,366.6676361807878,135.58690222382154,139.8239929183158
546.7621037153533,364.17859957316966,138.31124985020477,142.6334764080235
546.9534487934279,367.7287340332421,135.71639649517195,139.95753388564592
544.504643581469,363.06665936534955,138.44334604994944,142.7697006140102
543.397505602477,365.28093532333344,138.44334604994944,142.76970061401022
542.290367623485,365.28093532333344,138.44334604994944,142.76970061401022
542.290367623485,365.28093532333344,138.44334604994944,142.76970061401022
541.183229644493,365.28093532333344,138.44334604994944,142.76970061401022
541.183229644493,366.38807330232544,138.44334604994944,142.76970061401022
541.183229644493,366.38807330232544,138.44334604994944,142.76970061401022
541.183229644493,366.38807330232544,138.44334604994944,142.76970061401022
541.183229644493,366.38807330232544,138.44334604994944,142.76970061401022
540.076091665501,366.38807330232544,138.44334604994944,142.76970061401022
540.076091665501,366.38807330232544,138.44334604994944,142.76970061401022
541.3747574695075,371.0487363496828,135.84601444193672,140.0912023932471
538.9236134900024,362.03674111694033,138.57556841011856,142.90605492293463
536.7072227550964,363.14493648439327,138.57556841011856,142.90605492293463
535.5990273876434,362.03674111694033,138.57556841011856,142.90605492293463
533.3826366527375,363.14493648439327,138.57556841011856,142.90605492293463
