264.0,149.0,32.0,68.0
264.0,147.84251968503938,32.0,68.0
264.7716535433071,147.0708661417323,32.0,68.0
265.92913385826773,148.22834645669292,32.0,68.0
266.3149606299213,147.84251968503938,32.0,68.0
267.85826771653547,147.45669291338584,32.0,68.0
269.0157480314961,148.22834645669292,32.0,68.0
270.5590551181103,147.84251968503938,32.0,68.0
271.33070866141736,147.45669291338584,32.0,68.0
276.6466322297948,150.79535333083368,31.399648926237163,66.72425396825398
276.6466322297948,149.2810001838006,31.399648926237163,66.72425396825398
276.70976394361566,148.2320666795502,32.03056207211205,68.06494440323812
277.09595920481974,149.00445720195842,32.03056207211205,68.06494440323812
282.0307645632256,150.02913468907022,31.429637624198932,66.78797995142274
282.0307645632256,150.40808455215728,31.429637624198932,66.78797995142274
282.0939565719211,148.97919938540122,32.06115333298196,68.12995083258667
283.64021298266533,148.59263528271515,32.06115333298196,68.12995083258667
283.64021298266533,148.20607118002908,32.06115333298196,68.12995083258667
284.41334118803746,149.36576348808728,32.06115333298196,68.12995083258667
289.7394237077925,151.1645478139228,31.459654963309127,66.8517667970319
289.7394237077925,150.02661245968898,31.459654963309127,66.8517667970319
290.11873549253716,151.1645478139228,31.459654963309127,66.8517667970319
290.8773590620264,149.64730067494435,31.459654963309127,66.8517667970319
292.39460620100493,150.02661245968898,31.459654963309127,66.8517667970319
296.482830886536,151.79164984485314,30.86944128713941,65.59756273517125
296.1727010446448,150.3882328761739,31.489700970921902,66.91561456320905
296.1727010446448,150.0085588241131,31.489700970921906,66.91561456320905
296.9320491487664,151.14758098029554,31.48970097092191,66.91561456320905
298.0710713049489,149.62888477205226,31.48970097092191,66.91561456320905
299.96944156525296,150.7679069282347,31.48970097092191,66.91561456320905
300.7287896693746,150.00855882411307,31.48970097092191,66.91561456320905
301.86781182555706,150.7679069282347,31.48970097092191,66.91561456320905
302.24748587761786,150.00855882411307,31.48970097092191,66.91561456320905
307.0989631865722,152.9143040904549,30.898923602473047,65.66021265525521
307.0989631865722,151.79665109597568,30.898923602473047,65.66021265525521
307.16108814875963,150.3918937732152,31.519775674417538,66.97952330813726
308.2168322790365,151.40023088761475,30.928434075326905,65.72292241006966
309.3355527044974,150.28151046215388,30.92843407532691,65.72292241006966
310.51645742550744,151.11285235610893,31.549879101202453,67.0434930900552
311.65765630047713,150.73245273111905,31.549879101202453,67.0434930900552
313.1792548004367,150.73245273111905,31.549879101202453,67.0434930900552
313.5596544254266,150.73245273111905,31.549879101202453,67.0434930900552
314.3204536754064,151.11285235610893,31.549879101202453,67.0434930900552
315.84205217536595,151.87365160608874,31.549879101202453,67.0434930900552
317.7440503003154,151.11285235610893,31.549879101202453,67.0434930900552
319.26564880027496,151.49325198109887,31.549879101202453,67.0434930900552
319.26564880027496,151.11285235610893,31.549879101202453,67.0434930900552
319.64604842526484,152.25405123107862,31.549879101202453,67.0434930900552
322.9851986094886,152.12215249774613,30.957972732593248,65.78569205676064
323.35846156812465,151.37562658047395,30.957972732593248,65.78569205676064
327.75475492830185,153.11251718864014,30.377171102232843,64.55148859224478
327.6734473591209,152.61926094394158,29.807265874448376,63.34043998320279
327.6734473591209,152.9786497303215,29.807265874448376,63.34043998320279
328.3922249318808,153.33803851670143,29.807265874448376,63.34043998320279
329.4703912910205,152.6192609439416,29.807265874448376,63.34043998320279
331.2673352229201,153.69742730308135,29.807265874448376,63.34043998320279
331.2673352229201,152.97864973032154,29.807265874448376,63.34043998320279
332.70489036843975,153.69742730308135,29.807265874448376,63.34043998320279
334.1424455139594,152.6192609439416,29.807265874448376,63.34043998320279
335.22061187309913,153.33803851670143,29.807265874448376,63.34043998320279
336.65816701861877,152.9786497303215,29.807265874448376,63.34043998320279
337.3769445913786,154.05681608946125,29.807265874448376,63.34043998320279
338.45511095051836,153.33803851670143,29.807265874448376,63.34043998320279
339.892666096038,152.9786497303215,29.807265874448376,63.34043998320279
344.4849381587479,155.0103689564119,29.248052622146517,62.15211182206134
344.1910975980795,154.73860406875264,29.83573374348331,63.40093420490203
343.8913528990256,154.46137860920567,30.43522314159112,64.67484917588112
343.8913528990256,153.72745836612597,30.435223141591123,64.67484917588112
344.6252731421053,153.36049824458615,30.435223141591123,64.67484917588112
349.3142917707908,155.0680600958962,29.864228801176566,63.46148620250019
349.01426079613975,154.07041868144148,30.46429075047861,64.73661784476703
349.38157138835766,155.1723504580951,30.46429075047861,64.73661784476703
349.075511891333,153.42004225026403,31.07640974452798,66.03737070712194
350.19958478317494,154.54411514210597,31.07640974452798,66.03737070712194
351.01144852451847,153.1312887694022,31.70082804552478,67.36425959674014
352.6040643029886,153.6011726238213,32.33779278344351,68.71780966481744
352.6040643029886,152.82137348681897,32.33779278344351,68.71780966481744
352.99396387148977,153.21127305532013,32.33779278344351,68.71780966481744
357.5862033222004,155.025578179869,31.73110438904787,67.4285968267267
357.5862033222004,154.26040883190473,31.73110438904787,67.4285968267267
358.3513726701646,154.64299350588686,31.73110438904787,67.4285968267267
359.0316105096412,155.65809115654469,31.135798058058946,66.16357087337524
359.0942117284383,154.24256481379047,31.761409648439525,67.49299550293397
360.30692099488317,154.33039656870918,32.39959165250562,68.84913226157443
360.6975656777013,153.15846252025486,32.39959165250562,68.84913226157443
365.2985810892951,154.97623485747286,31.79174385131627,67.55745568404706
365.2134872731569,155.6099565927948,31.195299865130934,66.29001221340322
365.2134872731569,154.85770772793677,31.195299865130934,66.29001221340323
365.96573613801485,155.23383216036575,31.195299865130934,66.29001221340323
367.09410943530185,155.98608102522377,31.195299865130934,66.29001221340323
367.9090791524938,155.3200984175218,31.82210702532101,67.62197742880714
368.67644295379336,154.93641651687201,31.822107025321014,67.62197742880714
369.82748865574274,155.7037803181716,31.822107025321017,67.62197742880714
371.3622162583419,154.93641651687201,31.822107025321017,67.62197742880714
371.7458981589917,155.3200984175218,31.822107025321017,67.62197742880714
372.9609249633609,154.2570523206335,32.461508621780794,68.98070582128416
372.9609249633609,154.64844354171305,32.461508621780794,68.98070582128416
373.35231618444044,153.86566109955396,32.461508621780794,68.98070582128416
377.1793418859852,155.2955160543494,31.852499198123056,67.68656079601146
377.4781337937293,155.546400516596,31.254915382634834,66.416695188099
377.8549770156164,155.546400516596,31.254915382634834,66.416695188099
378.2318202375035,155.546400516596,31.254915382634834,66.416695188099
380.1160363469389,156.30008696037015,31.254915382634834,66.416695188099
380.86972279071307,155.9232437384831,31.254915382634834,66.416695188099
382.0002524563743,155.1695572947089,31.254915382634834,66.416695188099
383.88446856580975,155.9232437384831,31.254915382634834,66.416695188099
383.88446856580975,155.9232437384831,31.254915382634834,66.416695188099
384.6381550095839,155.546400516596,31.254915382634834,66.416695188099
385.76868467524514,156.67693018225725,31.254915382634834,66.416695188099
387.2760575627935,156.3000869603702,31.254915382634834,66.416695188099
390.58398961930163,158.05363747403072,30.66854281981198,65.17065349210043
390.58398961930163,157.68386419692177,30.66854281981198,65.17065349210043
390.58398961930163,156.5745443655949,30.66854281981198,65.17065349210043
392.0630827277374,156.5745443655949,30.66854281981198,65.17065349210043
392.43285600484637,156.20477108848596,30.66854281981198,65.17065349210043
395.02126894460906,158.42341075113967,30.66854281981198,65.17065349210043
395.30895476668115,157.5556500146071,30.093171175667738,63.94798874829392
395.6717907380413,157.5556500146071,30.09317117566774,63.94798874829392
397.123134623482,158.28132195732744,30.09317117566774,63.94798874829392
397.8488065662023,157.91848598596727,30.09317117566774,63.94798874829392
402.48512677921553,158.8811851402964,29.52859406228521,62.748262382356046
401.4170403306043,159.2372139565001,29.528594062285215,62.748262382356046
401.4170403306043,159.2372139565001,29.528594062285215,62.748262382356046
401.4764101265613,158.96284235467954,30.121912102778712,64.00906321840472
402.56595763618446,158.96284235467954,30.121912102778712,64.00906321840472
403.65550514580764,158.96284235467954,30.121912102778712,64.00906321840472
404.01868764901536,159.32602485788726,30.121912102778712,64.00906321840472
404.01868764901536,158.23647734826412,30.121912102778712,64.00906321840472
405.10823515863854,158.23647734826412,30.121912102778712,64.00906321840472
406.1977826682617,158.59965985147184,30.121912102778712,64.00906321840472
407.2873301778849,158.59965985147184,30.121912102778712,64.00906321840472
407.2873301778849,158.59965985147184,30.121912102778712,64.00906321840472
408.7400601907157,158.96284235467957,30.121912102778712,64.00906321840472
409.8296077003389,158.96284235467957,30.121912102778712,64.00906321840472
410.91915520996207,158.96284235467957,30.121912102778712,64.00906321840472
412.3718852227929,159.3260248578873,30.121912102778712,64.00906321840472
412.3718852227929,159.3260248578873,30.121912102778712,64.00906321840472
412.73506772600064,159.3260248578873,30.121912102778712,64.00906321840472
416.6494509186199,159.9264609490392,29.556795781694554,62.808191036100894
416.6494509186199,159.9264609490392,29.556795781694554,62.808191036100894
417.3621886121745,160.63919864259384,29.556795781694554,62.808191036100894
417.3621886121745,160.28282979581653,29.556795781694554,62.808191036100894
418.07492630572915,160.28282979581653,29.556795781694554,62.808191036100894
419.1440328460611,160.28282979581653,29.556795781694554,62.808191036100894
420.5695082331704,160.28282979581653,29.556795781694554,62.808191036100894
424.41045379601434,160.15926342928728,29.002281591553015,61.62984838205013
424.33282625759165,161.43674737241585,28.45817062608236,60.473612580424984
424.33282625759165,160.75050211617665,28.45817062608236,60.473612580424984
424.67594888571125,161.09362474429625,28.45817062608236,60.473612580424984
426.3915620263092,161.43674737241585,28.45817062608236,60.473612580424984
426.7346846544288,160.75050211617665,28.45817062608236,60.473612580424984
427.0778072825484,160.75050211617665,28.45817062608236,60.473612580424984
430.77598502144275,161.66089659190524,27.924267710685655,59.339068885206984
430.77598502144275,161.32421127748015,27.924267710685655,59.339068885206984
431.16881449473755,163.0848585229006,28.485350021796464,60.53136879631745
431.56953709063924,161.78982946139269,29.05770615978442,61.74762558954186
431.56953709063924,161.08912690143725,29.057706159784424,61.74762558954187
432.2702396505947,160.73877562145952,29.057706159784424,61.74762558954187
432.6205909305724,161.08912690143725,29.057706159784424,61.74762558954187
433.67164477050557,161.08912690143725,29.057706159784424,61.74762558954187
434.372347330461,160.73877562145952,29.057706159784424,61.74762558954187
434.372347330461,160.73877562145952,29.057706159784424,61.74762558954187
435.0730498904165,160.73877562145952,29.057706159784424,61.74762558954187
435.77375245037194,160.73877562145952,29.057706159784424,61.74762558954187
439.9001919222223,162.0187008896179,28.512555375593436,60.58918017313602
439.55641357246736,162.36247923937282,28.512555375593436,60.58918017313603
439.55641357246736,162.36247923937282,28.512555375593436,60.58918017313603
439.55641357246736,162.0187008896179,28.512555375593436,60.58918017313603
439.6137405346414,162.09754839051834,29.085458150755237,61.80659857035485
439.32153347932984,161.12592250984474,29.669872261378366,63.04847855542899
439.67926569901675,161.12592250984474,29.669872261378366,63.04847855542899
439.67926569901675,161.12592250984474,29.669872261378366,63.04847855542899
440.03699791870366,160.76819029015786,29.669872261378366,63.04847855542899
440.7524623580774,161.84138694921853,29.669872261378366,63.04847855542899
441.4679267974512,161.48365472953165,29.669872261378366,63.04847855542899
443.2565878958857,162.19911916890544,29.669872261378366,63.04847855542899
443.2565878958857,161.84138694921856,29.669872261378366,63.04847855542899
443.6143201155726,162.55685138859235,29.669872261378366,63.04847855542899
444.32978455494634,161.84138694921856,29.669872261378366,63.04847855542899
445.0452489943201,161.84138694921856,29.669872261378366,63.04847855542899
445.76071343369387,162.55685138859235,29.669872261378366,63.04847855542899
445.76071343369387,162.55685138859235,29.669872261378366,63.04847855542899
446.1184456533808,162.19911916890547,29.669872261378366,63.04847855542899
447.54937453212835,161.8413869492186,29.669872261378366,63.04847855542899
448.2648389715021,163.27231582796617,29.669872261378366,63.04847855542899
448.9803034108759,162.9145836082793,29.669872261378366,63.04847855542899
448.9803034108759,163.27231582796617,29.669872261378366,63.04847855542899
449.3380356305628,162.55685138859238,29.669872261378366,63.04847855542899
451.1266967289973,162.91458360827926,29.669872261378366,63.04847855542899
451.84216116837104,163.63004804765305,29.669872261378366,63.04847855542899
452.19989338805794,163.27231582796617,29.669872261378366,63.04847855542899
452.55762560774485,162.9145836082793,29.669872261378366,63.04847855542899
453.6308222668055,163.27231582796617,29.669872261378366,63.04847855542899
454.3462867061793,162.9145836082793,29.669872261378366,63.04847855542899
455.06175114555305,163.63004804765308,29.669872261378366,63.04847855542899
455.41948336523996,163.98778026733996,29.669872261378366,63.04847855542899
456.1349478046137,163.63004804765308,29.669872261378366,63.04847855542899
456.8504122439875,163.98778026733996,29.669872261378366,63.04847855542899
457.2081444636744,163.27231582796617,29.669872261378366,63.04847855542899
458.28134112273506,163.63004804765305,29.669872261378366,63.04847855542899
459.3545377817957,163.63004804765305,29.669872261378366,63.04847855542899
459.71227000148264,164.34551248702684,29.669872261378366,63.04847855542899
459.71227000148264,164.34551248702684,29.669872261378366,63.04847855542899
460.4277344408564,164.34551248702684,29.669872261378366,63.04847855542899
462.2163955392909,164.34551248702684,29.669872261378366,63.04847855542899
462.5741277589778,164.34551248702684,29.669872261378366,63.04847855542899
462.9318599786647,164.34551248702684,29.669872261378366,63.04847855542899
463.2895921983516,164.70324470671372,29.669872261378366,63.04847855542899
464.3627888574123,165.0609769264006,29.669872261378366,63.04847855542899
465.07825329678604,164.70324470671372,29.669872261378366,63.04847855542899
465.7937177361598,165.4187091460875,29.669872261378366,63.04847855542899
466.1514499558467,165.4187091460875,29.669872261378366,63.04847855542899
466.8669143952205,165.4187091460875,29.669872261378366,63.04847855542899
467.58237883459424,165.4187091460875,29.669872261378366,63.04847855542899
469.3710399330287,165.4187091460875,29.669872261378366,63.04847855542899
469.72877215271564,165.06097692640063,29.669872261378366,63.04847855542899
470.36482217975447,165.29467004733664,29.11323664667447,61.86562787418321
471.4178846273581,165.6456908632045,29.11323664667447,61.86562787418322
472.4709470749617,166.34773249494026,29.11323664667447,61.86562787418322
473.0950641858537,166.5770413059986,28.567044056626262,60.704968620330774
474.47280548386027,167.61034727950351,28.567044056626266,60.70496862033078
474.81724080836193,167.61034727950351,28.567044056626266,60.70496862033078
475.1616761328636,167.61034727950351,28.567044056626266,60.70496862033078
475.9079832982536,167.68934546126263,29.14104167285606,61.92471355481909
476.6692860135179,166.36450669958043,29.726572623188755,63.168966824276076
477.7445335960988,166.36450669958043,29.72657262318876,63.168966824276076
478.1029494569591,166.36450669958043,29.72657262318876,63.168966824276076
479.17819703954,166.36450669958043,29.72657262318876,63.168966824276076
479.5366129004003,166.72292256044074,29.72657262318876,63.168966824276076
480.6118604829812,166.36450669958043,29.72657262318876,63.168966824276076
481.68710806556214,167.081338421301,29.72657262318876,63.168966824276076
482.04552392642245,166.36450669958043,29.72657262318876,63.168966824276076
483.12077150900336,167.081338421301,29.72657262318876,63.168966824276076
484.5544349524445,166.36450669958043,29.72657262318876,63.168966824276076
484.91285081330483,167.43975428216132,29.72657262318876,63.168966824276076
486.346514256746,166.36450669958043,29.72657262318876,63.168966824276076
486.7049301176063,168.5150018647422,29.72657262318876,63.168966824276076
487.0633459784666,166.7229225604407,29.72657262318876,63.168966824276076
488.49700942190776,166.3645066995804,29.72657262318876,63.168966824276076
489.2138411436284,168.1565860038819,29.72657262318876,63.168966824276076
489.5722570044887,167.43975428216132,29.72657262318876,63.168966824276076
489.930672865349,166.72292256044074,29.72657262318876,63.168966824276076
491.72275216965045,167.08133842130104,29.72657262318876,63.168966824276076
492.43958389137106,167.79817014302162,29.72657262318876,63.168966824276076
493.15641561309167,167.08133842130104,29.72657262318876,63.168966824276076
494.2316631956726,168.15658600388193,29.72657262318876,63.168966824276076
494.5900790565329,167.79817014302162,29.72657262318876,63.168966824276076
495.6653266391138,167.43975428216132,29.72657262318876,63.168966824276076
496.7405742216947,167.79817014302162,29.72657262318876,63.168966824276076
498.17423766513593,168.15658600388193,29.72657262318876,63.168966824276076
498.17423766513593,168.51500186474223,29.72657262318876,63.168966824276076
498.89106938685654,167.43975428216135,29.72657262318876,63.168966824276076
500.68314869115807,167.43975428216135,29.72657262318876,63.168966824276076
501.3999804128787,167.79817014302165,29.72657262318876,63.168966824276076
502.4752279954596,168.15658600388196,29.72657262318876,63.168966824276076
502.8336438563199,168.51500186474226,29.72657262318876,63.168966824276076
504.2673072997611,167.79817014302168,29.72657262318876,63.168966824276076
504.6257231606214,167.79817014302168,29.72657262318876,63.168966824276076
506.41780246492294,167.43975428216137,29.72657262318876,63.168966824276076
507.13463418664355,168.15658600388196,29.72657262318876,63.168966824276076
507.85146590836416,168.87341772560254,29.72657262318876,63.168966824276076
508.56829763008477,168.15658600388196,29.72657262318876,63.168966824276076
509.6435452126657,168.87341772560254,29.72657262318876,63.168966824276076
511.0772086561069,168.15658600388196,29.72657262318876,63.168966824276076
512.5108720995481,169.23183358646284,29.72657262318876,63.168966824276076
513.1481376446837,169.10755744382732,29.16887325463812,61.983855666105974
514.4768307319107,169.3373044735756,28.62163686779831,60.820978344071364
515.5121113961741,170.372585137839,28.621636867798312,60.820978344071364
516.892485615192,170.71767869259347,28.621636867798312,60.820978344071364
517.2375791699465,170.02749158308455,28.621636867798312,60.820978344071364
517.9277662794553,170.37258513783902,28.621636867798312,60.820978344071364
518.6179533889642,171.06277224734794,28.621636867798312,60.820978344071364
521.9922802321673,171.6333025544756,28.084667166972288,59.67991772981607
521.9922802321673,171.6333025544756,28.084667166972288,59.67991772981607
522.3308994967298,171.29468328991317,28.084667166972288,59.67991772981607
522.6695187612922,170.95606402535074,28.084667166972288,59.67991772981607
523.346757290417,170.95606402535074,28.084667166972288,59.67991772981607
525.0398536132291,170.61744476078832,28.084667166972288,59.67991772981607
526.0557114069163,171.63330255447556,28.084667166972288,59.67991772981607
527.0715692006036,171.971921819038,28.084667166972288,59.67991772981607
527.410188465166,171.29468328991317,28.084667166972288,59.67991772981607
528.7646655234157,171.6333025544756,28.084667166972288,59.67991772981607
529.4419040525405,172.3105410836004,28.084667166972288,59.67991772981607
531.1350003753525,172.3105410836004,28.084667166972288,59.67991772981607
531.8122389044773,172.3105410836004,28.084667166972288,59.67991772981607
531.8122389044773,172.3105410836004,28.084667166972288,59.67991772981607
532.4894774336021,172.3105410836004,28.084667166972288,59.67991772981607
533.1667159627269,172.3105410836004,28.084667166972288,59.67991772981607
534.859812285539,171.971921819038,28.084667166972288,59.67991772981607
535.8756700792262,172.6491603481628,28.084667166972288,59.67991772981607
536.2142893437887,172.98777961272523,28.084667166972288,59.67991772981607
537.2301471374759,172.6491603481628,28.084667166972288,59.67991772981607
538.5846241957256,173.32639887728763,28.084667166972288,59.67991772981607
538.9232434602881,172.6491603481628,28.084667166972288,59.67991772981607
539.9391012539753,172.6491603481628,28.084667166972288,59.67991772981607
540.2777205185378,172.6491603481628,28.084667166972288,59.67991772981607
541.6321975767875,172.98777961272523,28.084667166972288,59.67991772981607
541.9708168413499,172.3105410836004,28.084667166972288,59.67991772981607
543.663913164162,172.3105410836004,28.084667166972288,59.67991772981607
544.9432187717549,173.2089869527124,27.55777153916092,58.56026452071692
545.2754852100961,173.54125339105366,27.55777153916092,58.56026452071693
545.9400180867787,173.54125339105366,27.55777153916092,58.56026452071693
546.6045509634612,173.54125339105366,27.55777153916092,58.56026452071693
550.8502535006509,174.09057710487943,27.040760984971975,57.46161709306542
550.8502535006509,174.74264269949737,27.040760984971975,57.46161709306543
550.8502535006509,174.74264269949737,27.040760984971975,57.46161709306543
550.9046212927243,174.16535456337186,27.58409099544302,58.61619336531639
551.9023726156402,174.16535456337186,27.584090995443024,58.61619336531639
552.900123938556,174.83052211198245,27.584090995443024,58.61619336531639
554.156627427845,173.0522840453885,27.066586662696587,57.51649665823021
554.7368693320566,174.2445050693704,26.558791213757686,56.437431329235054
555.6264469807304,175.4143588692301,26.060522500538234,55.37861031364372
556.3072718724275,175.1722116377137,26.58415657914155,56.491332730675765
556.9483268293063,175.81326659459262,26.584156579141553,56.491332730675765
558.9249414493102,175.24572642031387,27.118312037286245,57.62641307923323
558.9794651644913,174.66678266131336,27.663200281051438,58.784300597234264
559.6465403681191,173.33263225405793,27.66320028105144,58.784300597234264
560.3136155717468,173.99970745768564,27.66320028105144,58.784300597234264
560.9806907753746,174.3332450594995,27.66320028105144,58.784300597234264
562.6483787844438,174.66678266131333,27.66320028105144,58.784300597234264
562.6483787844438,174.3332450594995,27.66320028105144,58.784300597234264
563.3154539880716,175.0003202631272,27.66320028105144,58.784300597234264
563.9825291916993,175.0003202631272,27.66320028105144,58.784300597234264
567.9109370615337,175.88528314594024,27.144211781287513,57.68145003523592
568.2382171740542,175.88528314594024,27.144211781287517,57.681450035235926
568.2382171740542,175.88528314594024,27.14421178128752,57.681450035235926
568.292792962914,175.63306657068168,27.689620428608933,58.840443410793924
568.6266491147353,174.6314981152177,27.689620428608936,58.840443410793924
569.2943614183779,175.29921041886035,27.689620428608936,58.840443410793924
569.9620737220205,174.96535426703903,27.689620428608936,58.840443410793924
570.6297860256631,174.96535426703903,27.689620428608936,58.840443410793924
570.9636421774844,175.29921041886035,27.689620428608936,58.840443410793924
572.6329229365911,175.29921041886035,27.689620428608936,58.840443410793924
573.3006352402336,175.966922722503,27.689620428608936,58.840443410793924
573.9683475438762,175.966922722503,27.689620428608936,58.840443410793924
574.6360598475188,175.966922722503,27.689620428608936,58.840443410793924
575.6376283029828,175.63306657068168,27.689620428608936,58.840443410793924
576.3053406066254,175.29921041886035,27.689620428608936,58.840443410793924
576.9730529102679,175.966922722503,27.689620428608936,58.840443410793924
578.9761898211958,175.966922722503,27.689620428608936,58.840443410793924
579.3100459730172,175.966922722503,27.689620428608936,58.840443410793924
579.3100459730172,175.63306657068168,27.689620428608936,58.840443410793924
579.9777582766598,175.966922722503,27.689620428608936,58.840443410793924
581.6470390357664,175.966922722503,27.689620428608936,58.840443410793924
581.9808951875877,176.30077887432432,27.689620428608936,58.840443410793924
582.3147513394091,176.63463502614565,27.689620428608936,58.840443410793924
582.6486074912305,175.63306657068168,27.689620428608936,58.840443410793924
584.3178882503371,176.63463502614565,27.689620428608936,58.840443410793924
584.6517444021584,176.30077887432432,27.689620428608936,58.840443410793924
585.9871690094437,176.96849117796697,27.689620428608936,58.840443410793924
586.3210251612651,176.30077887432432,27.689620428608936,58.840443410793924
587.9161918522442,177.5204431058162,27.170136261221412,57.73653955509544
588.2437845384646,177.52044310581618,27.170136261221415,57.73653955509545
589.5541552833464,177.84803579203663,27.170136261221415,57.73653955509545
590.5915612542798,176.94039296117592,27.716065809118138,58.89663984437598
591.519901420612,177.82704704492176,27.196085500712343,57.791681689013664
592.4308250239544,177.0575388448238,26.685860527821763,56.707453621621184
593.3960862192275,178.02280004009688,26.685860527821767,56.707453621621184
594.0932479167078,177.77484233904497,27.22205952340729,57.84687648724042
594.7496853756876,177.77484233904497,27.22205952340729,57.84687648724042
595.4061228346674,177.77484233904497,27.22205952340729,57.84687648724042
596.0625602936472,178.10306106853486,27.22205952340729,57.84687648724042
597.0472164821168,178.10306106853486,27.22205952340729,57.84687648724042
598.0318726705865,178.10306106853486,27.22205952340729,57.84687648724042
599.344747588546,178.10306106853486,27.22205952340729,57.84687648724042
599.672966318036,178.10306106853486,27.22205952340729,57.84687648724042
600.9858412359955,178.43127979802475,27.22205952340729,57.84687648724042
601.8976348303646,177.98925539725724,26.711347252628745,56.76161291183601
602.8638179125833,178.31131642466343,26.711347252628748,56.76161291183602
603.8300009948019,178.63337745206962,26.71134725262875,56.76161291183602
604.4026274285326,176.91140174866578,26.21021643997976,55.696709934956914
605.2805296841078,178.06590162972861,25.71848732800169,54.65178557200352
607.1410698599033,178.9961717176263,25.71848732800169,54.651785572003526
608.071339947801,179.61635177622477,25.71848732800169,54.651785572003526
609.0016100356987,179.30626174692554,25.71848732800169,54.651785572003526
609.5529519631685,178.26847188404201,25.235983531660384,53.626465004778254
610.1614968416387,178.87701676251217,25.235983531660384,53.626465004778254
612.5956763555193,179.48556164098233,25.235983531660384,53.626465004778254
612.6464154862036,179.55534823878196,25.743050148762038,54.70398156611927
613.6293326743106,179.31615087333458,26.260305255401114,55.80314866772731
613.6821312925413,178.75552454024427,26.78795356889789,56.92440133390795
614.0589754698045,177.21467951305323,27.326203919957756,58.06818332991017
615.706347507302,177.21467951305323,27.32620391995776,58.06818332991017
616.365296322301,177.87362832805218,27.32620391995776,58.06818332991017
617.3537195447994,178.53257714305118,27.32620391995776,58.06818332991017
617.6831939522989,177.87362832805218,27.32620391995776,58.06818332991017
619.0010915822969,178.20310273555168,27.32620391995776,58.06818332991017
620.6484636197944,177.21467951305323,27.32620391995776,58.06818332991017
621.6368868422928,177.54415392055273,27.32620391995776,58.06818332991017
622.9547844722908,178.20310273555168,27.32620391995776,58.06818332991017
623.2842588797903,177.21467951305323,27.32620391995776,58.06818332991017
624.6021565097883,177.54415392055273,27.32620391995776,58.06818332991017
625.2611053247873,177.87362832805223,27.32620391995776,58.06818332991017
626.5790029547853,178.20310273555174,27.32620391995776,58.06818332991017
626.9084773622848,178.53257714305124,27.32620391995776,58.06818332991017
627.2379517697842,178.86205155055075,27.32620391995776,58.06818332991017
628.2263749922827,178.53257714305124,27.32620391995776,58.06818332991017
628.8853238072817,179.1915259580502,27.32620391995776,58.06818332991017
629.5442726222807,178.53257714305124,27.32620391995776,58.06818332991017
631.1185033126726,179.73623371138723,26.813537799169982,56.97876782323614
631.1185033126726,179.41294056371024,26.813537799169982,56.97876782323614
631.6933204636169,180.2707222183304,26.310489792635227,55.909790809349786
633.2794597350726,180.58795007262154,26.31048979263523,55.909790809349786
634.2840428165355,179.39179665067317,26.839146464038652,57.03318623608205
635.1830108686478,180.25039754231784,26.33561801408354,55.96318827992744
635.5005416960813,180.56792836975143,26.335618014083543,55.96318827992744
636.7001750620221,181.41042107492012,25.84153624680345,54.91326452445724
637.6348959843351,181.41042107492012,25.84153624680345,54.91326452445725
638.5696169066481,181.41042107492012,25.84153624680345,54.913264524457254
639.8159114697321,181.72199471569112,25.84153624680345,54.913264524457254
640.6814649080468,180.36766595420696,25.356723933258145,53.883038358173486
641.9043777749067,181.59057882106686,25.356723933258145,53.88303835817349
641.9553596646263,181.35497109291646,25.866216587249102,54.965710247904276
643.5147157334934,181.6668423066899,25.866216587249102,54.965710247904276
644.6929670451626,180.311220073541,25.380941246551068,53.934500148920954
645.3050074590805,181.22928069441772,25.380941246551068,53.934500148920954
645.6110276660394,182.14734131529445,25.380941246551068,53.934500148920954
646.5801188676417,181.2994681525894,25.89092049901802,55.01820606041322
646.9443438768029,181.37106588735813,26.41114676460479,56.12368687478511
647.5812268450438,181.37106588735813,26.411146764604794,56.12368687478511
648.2181098132847,181.37106588735813,26.411146764604794,56.12368687478511
648.5896531955551,180.17033629892964,26.941825936545996,57.25138011516017
649.8169003904212,181.03222197039275,26.43637111997922,56.17728862995577
650.1356460067792,180.07598512131867,26.436371119979224,56.177288629955775
650.7731372394952,180.3947307376767,26.436371119979224,56.177288629955775
651.4106284722112,180.71347635403473,26.436371119979224,56.177288629955775
652.933596934335,182.1966834460788,25.94039912659571,55.12334814401581
653.2463625734106,181.25838652885204,25.940399126595715,55.12334814401581
654.1846594906374,181.88391780700323,25.940399126595718,55.12334814401581
655.1229564078642,182.1966834460788,25.940399126595718,55.12334814401581
655.1751118271145,181.33012108987435,26.461619566246405,56.230941578273516
655.494161866176,181.33012108987435,26.461619566246405,56.230941578273516
656.7703620224221,181.64917112893588,26.461619566246405,56.230941578273516
657.0894120614836,181.64917112893588,26.461619566246405,56.230941578273516
658.0465621786682,181.9682211679974,26.461619566246405,56.230941578273516
658.418815595819,181.08424697436976,26.993312888190992,57.36078988740577
659.7206584418045,181.40970768586615,26.993312888190996,57.36078988740577
660.0461191533009,181.40970768586615,26.993312888191,57.36078988740577
661.6011723801746,181.29685832226068,26.486892126414695,56.28464576863113
662.2398818851915,181.29685832226068,26.486892126414695,56.28464576863113
662.5592366376999,181.29685832226068,26.486892126414695,56.28464576863113
663.5173008952252,181.61621307476912,26.486892126414695,56.28464576863113
664.156010400242,181.93556782727757,26.486892126414695,56.28464576863113
664.794719905259,181.93556782727757,26.486892126414695,56.28464576863113
665.4334294102758,181.93556782727757,26.486892126414695,56.28464576863113
666.0721389152927,181.93556782727757,26.486892126414695,56.28464576863113
666.7108484203096,182.254922579786,26.486892126414695,56.28464576863113
668.9463316878687,182.254922579786,26.486892126414695,56.28464576863113
669.2656864403771,181.61621307476912,26.486892126414695,56.28464576863113
669.904395945394,182.254922579786,26.486892126414695,56.28464576863113
670.2237506979023,181.29685832226068,26.486892126414695,56.28464576863113
671.1818149554276,182.254922579786,26.486892126414695,56.28464576863113
673.0270486262312,183.42160938985853,25.989972309891773,55.22869115851992
673.8975738798262,182.37286459177457,25.50237519166334,54.1925472822845
675.3667359274416,183.8036700369159,25.023925868856534,53.17584247132004
675.4170486978276,183.87287021878268,25.526731611339468,54.24430467409627
675.468372402709,183.63568282588903,26.039640229606114,55.33423548791289
676.4102589956598,182.6937962329382,26.039640229606114,55.33423548791289
677.0381833909603,183.63568282588903,26.039640229606114,55.33423548791289
677.6661077862608,183.94964502353932,26.039640229606114,55.33423548791289
677.6661077862608,182.69379623293824,26.039640229606114,55.33423548791289
678.2940321815613,183.63568282588906,26.039640229606114,55.33423548791289
679.8638431698126,183.63568282588906,26.039640229606114,55.33423548791289
680.4917675651132,183.94964502353935,26.039640229606114,55.33423548791289
681.6779186263803,182.8988960304601,25.55111129297355,54.2961114975687
681.7292913487232,183.27762603214305,26.064509772183268,55.38708326588935
682.6720775043608,184.22041218778057,26.064509772183268,55.38708326588936
683.9291257118775,184.84893629153893,26.064509772183268,55.38708326588936
684.8719118675151,183.9061501359014,26.064509772183268,55.38708326588936
