674.0,656.0,15.0,9.0
674.5669291338583,649.1692913385826,15.0,10.0
674.9448818897638,642.5551181102362,15.0,10.0
676.4566929133858,636.6023622047244,15.0,10.0
677.5905511811023,630.4606299212599,15.0,10.0
677.779527559055,622.240157480315,15.0,10.0
678.5354330708661,616.0039370078741,15.0,10.0
679.007874015748,609.6732283464568,15.0,10.0
680.3307086614174,604.1929133858268,15.0,10.0
681.0866141732284,597.8622047244095,15.0,10.0
682.2666915348817,590.3976377952756,14.71858543417367,10.0
682.6375535300735,585.5764318577825,14.71858543417367,10.0
683.7501395156489,579.5499244359161,14.71858543417367,10.0
684.4918635060325,573.9869945080394,14.71858543417367,10.0
684.7700100024263,569.1657885705463,14.71858543417367,10.0
685.6971649904057,562.0266951631046,14.71858543417367,10.0
686.5769564584405,556.2783342376321,14.442450478871288,10.0
687.2582900521916,550.6378181450965,14.171496083472633,10.0
687.837571899444,545.1923928783763,13.9056250556433,10.0
688.2755443421414,540.287101520165,13.905625055643302,10.0
688.3631388306809,533.1043534599272,13.905625055643302,10.0
688.8011112733783,527.4983061934001,13.905625055643302,10.0
689.9398396243917,522.41782585811,13.905625055643302,10.0
690.377812067089,517.0745620572013,13.905625055643302,10.0
690.4654065556285,511.99408172191113,13.905625055643302,10.0
691.0338205129118,506.38803445538406,13.644742026471462,10.0
691.3776250364134,502.34833130423976,13.644742026471462,10.0
692.0652340834167,498.0507747604692,13.644742026471462,10.0
692.2371363451675,493.49536482407245,13.644742026471462,10.0
692.5809408686691,489.62756393467896,13.644742026471462,10.0
693.5264033082987,483.26718024989856,13.644742026471462,10.0
693.7842567009249,479.57128162225587,13.644742026471462,10.0
693.7842567009249,474.9299205549837,13.644742026471462,10.0
694.0421100935511,470.9761685347148,13.644742026471462,10.0
694.2488327162837,467.09385377619674,13.918905828009354,10.20093
694.6872234510241,461.0440616367785,13.918905828009354,10.20093
695.6516830674531,457.01086687716634,13.918905828009354,10.20093
696.0023956552454,453.15302841145035,13.918905828009354,10.20093
696.476306396481,449.7187751841779,14.198578402811547,10.40589728649
696.0291070767074,446.14118062598914,14.198578402811549,10.40589728649
697.102385444164,442.20582661198154,14.19857840281155,10.40589728649
697.1918253081187,438.80711178170225,14.19857840281155,10.40589728649
697.9073442197565,434.9611976316494,14.19857840281155,10.40589728649
697.8541380657873,431.1896203624172,14.483870438659244,10.614982980667444
697.8541380657873,425.989112551371,14.483870438659245,10.614982980667445
698.5840338989166,419.5112870323486,14.483870438659245,10.614982980667445
699.5876406694694,415.4056229709964,14.483870438659245,10.614982980667445
700.4087734817398,410.661300055656,14.483870438659245,10.614982980667445
700.5446392187725,405.6516029179763,14.212138964593905,10.415835592216885
700.7236897884052,400.9067628227103,14.212138964593905,10.415835592216887
701.3866350976444,395.34107775663637,14.49770347280949,10.625120976771301
702.0259039121935,390.22692724024375,14.49770347280949,10.625120976771303
702.1172280285576,385.66072142203603,14.49770347280949,10.625120976771303
702.4825244940142,381.7337844183774,14.49770347280949,10.625120976771303
703.2131174249274,376.5283097856206,14.49770347280949,10.625120976771303
703.3957656576557,371.5968075019563,14.49770347280949,10.625120976771303
703.7610621231123,367.304574032841,14.49770347280949,10.625120976771303
703.578413890384,362.64704409826913,14.49770347280949,10.625120976771303
704.3090068212972,358.44613474551807,14.49770347280949,10.625120976771303
704.4003309376614,353.7886048109462,14.49770347280949,10.625120976771303
704.765627403118,346.66532373454214,14.49770347280949,10.625120976771303
704.4916550540255,342.37309026542687,14.49770347280949,10.625120976771303
705.2669193661839,336.44536737894373,14.225712477590854,10.42578338966928
705.8941948770067,331.2479417178397,14.225712477590854,10.42578338966928
705.8941948770067,326.76740235481896,14.225712477590854,10.42578338966928
706.2526380260484,318.97126386316285,14.225712477590854,10.42578338966928
706.7006919623506,313.59461662753796,14.225712477590854,10.42578338966928
706.7006919623506,307.5010830938298,14.225712477590854,10.42578338966928
706.8799135368714,302.03482507094446,14.225712477590854,10.42578338966928
707.1487458986527,296.83739940984043,14.225712477590854,10.42578338966928
707.6864106222151,289.2204824927052,14.225712477590854,10.42578338966928
707.6864106222151,284.02305683160114,14.225712477590854,10.42578338966928
707.7760214094756,278.0191340851533,14.225712477590854,10.42578338966928
707.9552429839964,272.3736544877472,14.225712477590854,10.42578338966928
708.2240753457777,266.1008993795182,14.225712477590854,10.42578338966928
708.6721292820798,259.4697011222475,14.225712477590854,10.42578338966928
708.3136861330381,253.0177244394976,14.225712477590854,10.42578338966928
709.0305724311214,247.90990956565398,14.225712477590854,10.42578338966928
709.1201832183818,242.08520839372702,14.225712477590854,10.42578338966928
708.940961643861,236.88778273262295,14.225712477590854,10.42578338966928
708.6721292820797,230.25658447535227,14.225712477590854,10.42578338966928
708.2240753457776,225.6864343250711,14.225712477590854,10.42578338966928
708.4929077075589,220.66823023848787,14.225712477590854,10.42578338966928
707.4175782604339,216.0084693009463,14.225712477590854,10.42578338966928
707.4538812145486,212.14007360318456,14.511549718403089,10.635268655317905
707.5452925513574,205.92410270018357,14.511549718403089,10.635268655317905
707.4538812145486,201.26212452293282,14.511549718403089,10.635268655317905
707.179647204122,197.05720302972625,14.511549718403089,10.635268655317905
706.4930705549583,191.94652081532521,14.239298954171648,10.435740687912395
706.2239814408638,188.44836233209566,14.239298954171648,10.435740687912395
706.3136778122287,182.1696163365554,14.239298954171648,10.435740687912395
706.3500154380152,178.74600792723444,14.52540918805782,10.645426025554618
705.4797857825839,172.44096235317306,14.25289840671735,10.445707496020102
704.8513115221302,168.670116790451,14.25289840671735,10.445707496020102
704.8513115221302,164.00145085565225,14.25289840671735,10.445707496020102
704.4024013360919,157.89627232553082,14.25289840671735,10.445707496020102
703.5943630012229,152.59913213027838,14.25289840671735,10.445707496020102
703.6841450384305,147.48155600944128,14.25289840671735,10.445707496020102
703.2352348523922,142.72310803743486,14.25289840671735,10.445707496020102
703.3250168895999,138.23400617705144,14.25289840671735,10.445707496020102
702.6965426291462,133.29599413062968,14.25289840671735,10.445707496020102
701.8885042942771,128.80689227024627,14.25289840671735,10.445707496020102
701.3498120710311,126.3827772656392,14.25289840671735,10.445707496020102
701.5293761454465,123.68931614940915,14.25289840671735,10.445707496020102
700.3622096617468,121.89367540525579,14.25289840671735,10.445707496020102
700.4519916989544,120.09803466110243,14.25289840671735,10.445707496020102
699.1052611408394,119.28999632623342,14.25289840671735,10.445707496020102
699.3746072524624,118.03304780532606,14.25289840671735,10.445707496020102
698.2074407687627,117.67391965649539,14.25289840671735,10.445707496020102
698.7461329920087,117.04544539604171,14.25289840671735,10.445707496020102
697.848312619932,116.5067531727957,14.25289840671735,10.445707496020102
698.0278766943474,115.69871483792669,14.25289840671735,10.445707496020102
697.7585305827243,115.33958668909601,14.25289840671735,10.445707496020102
697.1300563222707,114.89067650305766,14.25289840671735,10.445707496020102
696.6811461362323,114.71111242864232,14.25289840671735,10.445707496020102
696.1424539129863,114.71111242864232,14.25289840671735,10.445707496020102
695.6037616897403,114.62133039143465,14.25289840671735,10.445707496020102
694.2111661644396,114.44997008780302,13.985500192257806,10.249735880037347
693.6375758345379,114.89850814291226,13.723118627959922,10.057440881869663
693.5069708249673,114.84078374209616,13.465659596595218,10.0
691.1319253528119,115.434545110135,13.465659596595218,10.0
690.318058183059,115.24925705755803,13.736225094869607,10.20093
688.8894174046611,115.95063854899738,13.478520173458577,10.009550647535015
687.5309523793046,115.95063854899738,13.478520173458577,10.009550647535015
686.3422954821177,116.2053507412517,13.478520173458577,10.009550647535015
684.8484185038385,115.93498166250168,13.749344079303881,10.210672548695936
683.5843551797682,116.6118905137411,14.025609649889335,10.415835592216883
682.5599439223488,116.77229871248544,14.30742622458456,10.625120976771298
681.7488142466243,116.86242423201037,14.30742622458456,10.6251209767713
681.3883121685245,117.22292631011015,14.30742622458456,10.6251209767713
680.0805144607616,117.14234406461128,14.039005015312313,10.425783389669277
678.930863656358,117.3192134191349,14.039005015312314,10.425783389669277
678.8856869852017,117.68231636112043,13.775619648577797,10.230185569269068
678.1471534175337,117.69150491195562,13.517175647084919,10.038257353915826
666.9493251916091,116.60371526820737,13.26358030602341,10.0
667.6585947998607,117.27211616551878,13.014742659815262,10.0
667.4527488813139,117.5180640583027,12.770573449485042,10.0
667.4527488813139,117.59850861546481,12.770573449485042,10.0
667.1309706526655,118.08117595843747,12.770573449485042,10.0
666.3265250810443,118.08117595843747,12.770573449485042,10.0
666.1656359667201,118.24206507276169,12.770573449485042,10.0
665.3200954601961,118.64428785857224,12.53098509064237,10.0
664.8464834252742,118.80215853687955,12.53098509064237,10.0
664.9254187644278,119.03896455434051,12.53098509064237,10.0
665.0363322401756,119.64891760672339,12.782770174068647,10.20093
664.5053032050056,120.02956228501799,13.039614375176209,10.40589728649
663.8814649002811,120.17143734738141,13.301619346816626,10.614982980667444
662.8759881622541,120.08764761921249,13.301619346816627,10.614982980667445
661.7439178874959,120.52238022611346,13.052068051265193,10.415835592216885
661.9485703744593,121.0311745786637,12.807198580346359,10.220424402156741
661.1812801822642,122.09515032162768,12.56692309848371,10.028679315777158
662.0116195052641,123.77188610592987,12.331155417981531,10.0
661.2348538096433,125.40309406673373,12.331155417981531,10.0
661.3505260345795,126.17985976235462,12.09981096810898,10.0
661.3115895728743,126.8658332975545,11.872806764764242,10.0
661.6473302667562,128.51119864448245,11.65006138070784,10.0
661.3896824318241,129.8321504860745,11.431494916354374,10.0
661.4969154044451,130.9122917380135,11.217028971112258,10.0
661.531478132159,131.97216849118945,11.00658661526113,10.0
660.4560671643784,133.35882507263966,10.800092362356889,10.0
661.0336018195915,134.31127416286327,10.597472142154427,10.0
660.9327440635615,134.91207573312715,10.39865327403836,10.0
660.7027718415521,136.15663895962624,10.203564440952222,10.0
660.7342118084447,136.79938317637914,10.012135663816785,10.0
653.4873939626275,135.85335460971928,10.0,10.0
653.3017379322068,136.96729079224343,10.0,10.0
653.2410136178709,137.21018804958712,10.0,10.0
652.883503214477,138.40188939423365,10.0,10.0
652.5911672469236,139.04502852285097,10.0,10.0
651.831093731285,139.27889729689363,10.0,10.0
651.2464217961784,140.3313067800856,10.0,10.0
650.2524795064971,140.97444590870293,10.0,10.0
650.0770779259651,142.37765855295888,10.0,10.0
648.9077340557518,142.4945929399802,10.0,10.0
648.7929934713807,143.92885024461867,10.0,10.0
648.2300537734365,144.99843567071272,10.0,10.0
647.8986267318973,146.65557087840878,10.0,10.0
647.9538645721537,147.53937632251333,10.0,10.0
647.5219725306146,148.04652756533523,10.20093,10.20093
646.6306206088382,149.0146508715256,10.40589728649,10.40589728649
647.9055960626383,150.69198582975173,10.614982980667444,10.614982980667444
647.5644131424383,151.46486550455435,10.828269833697995,10.828269833697995
648.68280897776,152.52344831594326,10.625120976771298,10.625120976771298
647.7543914705572,152.94492089974926,10.838611532557564,10.838611532557564
648.454764401615,153.82490427853853,10.635268655317903,10.635268655317903
648.495781458211,154.10090904356161,10.435740687912393,10.435740687912393
647.342885904056,154.9655807091779,10.435740687912393,10.435740687912393
646.1427924587875,155.03367237348007,10.645426025554617,10.645426025554617
644.9667317742628,154.9160663050276,10.645426025554617,10.645426025554617
641.2727974138968,153.69185938216341,10.859324570686086,10.859324570686086
640.1330907056309,153.93179763653518,10.859324570686086,10.859324570686086
639.1552342979322,154.2736016278812,10.65559309673763,10.65559309673763
639.331811882727,154.09702404308632,10.655593096737633,10.655593096737633
639.165901271749,154.22540940676643,10.869695928830382,10.869695928830382
638.3361966387754,154.2963325648236,11.08810072912837,11.08810072912837
638.1023034874354,154.61367387662517,11.310893937078747,11.310893937078747
637.2712211356334,154.78225448875102,11.098690583318035,11.098690583318035
636.3331171562783,155.31551298339116,10.890468370535022,10.890468370535022
636.2128039658442,155.19519979295706,10.890468370535022,10.890468370535022
635.4727695137435,154.99657469780982,10.686152608659057,10.686152608659057
635.3368988173326,155.4509839921529,10.485670008877744,10.485670008877744
635.0577928041085,155.92484547334183,10.696358576366125,10.696358576366125
633.9942740606463,155.80667672406824,10.696358576366125,10.696358576366125
633.8868130942087,155.81738450690438,10.911280509241049,10.911280509241049
633.8977360285254,156.37075145400837,11.13052086851323,11.13052086851323
633.1096047235421,156.7507894230684,11.354166424324266,11.354166424324266
632.1499069443349,156.6691431275312,11.141151236682859,11.141151236682859
631.7806590649635,156.60760181430263,11.141151236682859,11.141151236682859
630.7959980533062,156.79222575398836,11.141151236682859,11.141151236682859
629.9158464495848,157.01981778838137,10.932132420811087,10.932132420811087
629.958008421111,157.96778083639367,10.727035000893853,10.727035000893853
629.5539701410718,157.80075785467662,10.942573315166813,10.942573315166813
629.5044799899388,158.17437858528868,11.16244244078846,11.16244244078846
628.652429457057,158.49384755599925,11.386729396751223,11.386729396751223
628.3493391783338,158.0020637754375,11.615522950520145,11.615522950520145
627.3033889010396,158.3035079407408,11.397604460655717,11.397604460655717
626.2770616666228,158.28450719353165,11.183774333272007,11.183774333272007
627.0295784339045,159.16057746883072,11.408489910950442,11.408489910950442
626.2103439876543,159.60170370911928,11.408489910950443,11.408489910950443
626.0212898846735,159.41264960613847,11.408489910950445,11.408489910950445
625.0130013354425,159.53868567479233,11.408489910950445,11.408489910950445
624.6463138042444,159.4870883152289,11.637720698731172,11.637720698731172
624.4008269318632,159.94872825544513,11.871557420730777,11.871557420730777
623.3634964608722,160.2884920884996,12.110092623985523,12.110092623985523
623.1749388791397,160.30061511532384,12.353420715079265,12.353420715079265
622.287849715034,160.57356562735637,12.353420715079265,12.353420715079265
622.0955034458118,160.10826884610168,12.601637997507353,12.601637997507353
621.1335963696575,160.3297101232982,12.85484270979127,12.85484270979127
620.2943764442473,160.55560082007747,13.113135064359106,13.113135064359106
620.4523718368022,160.56872796064286,13.376617287207274,13.376617287207274
619.1357509330126,160.3604502301786,13.645393658359131,13.645393658359131
618.6835056879298,160.58657285272,13.645393658359131,13.645393658359131
617.7790151977642,160.96344389028897,13.645393658359131,13.645393658359131
617.4158041278341,160.44948440533128,13.919570553136541,13.919570553136541
617.1990724608066,160.69408494709606,14.199256484260715,14.199256484260715
616.9779860043936,160.7867329952587,14.484562144798966,14.484562144798966
615.7778421094832,160.30667543729453,14.484562144798968,14.484562144798968
614.9777461795429,160.7867329952587,14.484562144798968,14.484562144798968
614.9777461795429,160.7867329952587,14.484562144798968,14.484562144798968
614.4176790285848,160.94675218124675,14.484562144798968,14.484562144798968
614.0976406566086,161.26679055322285,14.484562144798968,14.484562144798968
613.2175351336743,161.58682892519894,14.484562144798968,14.484562144798968
612.9920063870926,161.76134814358733,14.775600451974414,14.775600451974414
612.8287719356005,161.92458259507944,14.775600451974414,14.775600451974414
612.01259967814,162.33266872380972,14.775600451974414,14.775600451974414
611.6861307751558,161.67973091784128,14.775600451974414,14.775600451974414
610.8699585176953,162.08781704657156,14.775600451974414,14.775600451974414
610.5434896147111,162.57752040104788,14.775600451974414,14.775600451974414
609.6457001315046,162.0061998208255,14.775600451974414,14.775600451974414
609.4008484542663,162.41428594955576,14.775600451974414,14.775600451974414
608.4214417453137,162.74075485254,14.775600451974414,14.775600451974414
607.9465297723888,163.00039791132951,15.072486591855936,15.072486591855936
607.9465297723888,162.33434062602575,15.072486591855938,15.072486591855938
607.5302439690739,162.7506264293406,15.072486591855938,15.072486591855938
606.6144152017813,163.08365507199247,15.072486591855938,15.072486591855938
606.1148722378035,162.25108346536277,15.072486591855938,15.072486591855938
605.1990434705109,162.58411210801464,15.072486591855938,15.072486591855938
604.782757667196,163.0003979113295,15.072486591855938,15.072486591855938
604.782757667196,162.33434062602572,15.072486591855938,15.072486591855938
604.631331930651,162.59920069279548,15.3753380649461,15.3753380649461
603.2724511819762,162.93892087996417,15.3753380649461,15.3753380649461
603.3573812287683,163.36357111392502,15.3753380649461,15.3753380649461
602.0834305268858,162.68413073958766,15.3753380649461,15.3753380649461
602.1683605736779,163.02385092675635,15.3753380649461,15.3753380649461
601.8440321462241,163.2940328268477,15.684274732685063,15.684274732685063
600.7334580716762,163.48300694563525,15.999418864888906,15.999418864888906
600.5727199100501,163.67577812139163,16.32089518814112,16.32089518814112
599.5973741354209,162.88073854701162,16.64883093515644,16.64883093515644
599.5220762017962,163.0813342524833,16.983355895136537,16.983355895136537
598.6777646918363,163.3627714224699,16.983355895136537,16.983355895136537
598.0865776960554,163.70970832664446,16.66473164676961,16.66473164676961
597.7183681822064,163.06534167740887,16.66473164676961,16.66473164676961
596.5216872621975,163.43355119125778,16.66473164676961,16.66473164676961
596.7700629146926,163.8660316006774,16.352085098703746,16.352085098703746
596.2008503206714,164.38072364410834,16.045304103476617,16.045304103476617
595.4650551186638,166.03795989342618,15.744278617621196,15.744278617621196
595.3780871239404,167.95125577734217,15.744278617621198,15.744278617621198
594.5691281596967,170.96888858093035,15.448900662192756,15.448900662192756
594.9104737224636,172.59028000407318,15.448900662192756,15.448900662192756
593.9717734248546,174.4676805992912,15.448900662192756,15.448900662192756
593.5605568722767,177.21391050230724,15.759315423198196,15.759315423198196
592.837876354629,180.58262955978472,15.463655362695564,15.463655362695564
592.2995898101963,183.80273028406148,15.173542172030167,15.173542172030167
592.634851289646,186.65245285938443,15.173542172030167,15.173542172030167
591.7128822211591,188.58020636622055,15.173542172030167,15.173542172030167
591.0170637152811,193.08094079181373,14.888871786537543,14.888871786537543
591.18154953955,195.877199804386,14.888871786537543,14.888871786537543
589.9479058575329,199.9071024989755,14.888871786537543,14.888871786537543
590.1123916818018,202.9500902479512,14.888871786537543,14.888871786537543
588.9609909119191,206.23980673333037,14.888871786537543,14.888871786537543
589.125476736188,210.18746651578536,14.888871786537543,14.888871786537543
587.9740759663053,213.1482113526266,14.888871786537543,14.888871786537543
588.3179523887087,215.95937513906438,15.188033887344442,15.188033887344442
587.9136795493555,218.74312822049507,15.493207052242855,15.493207052242855
588.8550719751901,212.92361140624524,15.493207052242855,15.493207052242855
588.7850006001611,214.9074871421279,15.804512061543573,15.804512061543573
588.9332545968243,218.198566744108,15.508004068217154,15.508004068217154
588.8475917316825,221.19676702407057,15.508004068217156,15.508004068217156
589.2759060573915,223.85231584346596,15.508004068217156,15.508004068217156
589.4627563550872,226.95170355598253,15.819606393959843,15.819606393959843
589.1132199987229,231.75782845599196,15.819606393959845,15.819606393959845
588.7795201449039,235.09426034399831,16.13746974523368,16.13746974523368
589.1522344406676,238.0520316699644,16.46171992482466,16.46171992482466
588.7885104984455,241.05275419329683,16.46171992482466,16.46171992482466
588.69757951289,243.8716147455182,16.46171992482466,16.46171992482466
589.5159583828897,247.32699219662828,16.46171992482466,16.46171992482466
589.6068893684452,250.96423161884942,16.46171992482466,16.46171992482466
589.5794463228474,253.11913222658436,16.152882073798047,16.152882073798047
588.9548710990748,256.6881335052847,16.152882073798047,16.152882073798047
589.3279413611255,259.47027963045815,16.47744193330687,16.47744193330687
589.4189591916603,263.01997502131667,16.47744193330687,16.47744193330687
589.4189591916603,265.7505099373617,16.47744193330687,16.47744193330687
589.7995255544863,269.2256825383721,16.808523174072807,16.808523174072807
589.3072711002337,272.6329874598778,16.49317895732524,16.49317895732524
589.3983758586904,276.0038635227764,16.49317895732524,16.49317895732524
589.3983758586904,279.37473958567494,16.49317895732524,16.49317895732524
589.5970961701224,282.94433596000556,16.82457640211478,16.82457640211478
589.8927446951405,285.9351089497069,17.162632615762472,17.162632615762472
589.2463069271608,288.8911728652092,17.50748139291099,17.50748139291099
588.9269978727528,291.3763826461813,17.179024041251083,17.179024041251083
589.9880206492023,296.04334772849523,17.52420217131194,17.52420217131194
589.1343643959748,299.0616877959162,17.876315965540112,17.876315965540112
588.5418949445668,302.81399432149965,17.876315965540112,17.876315965540112
589.2510047133309,305.9917268044633,18.23550478223571,18.23550478223571
589.6721756546311,308.72966451612797,18.601910779825175,18.601910779825175
590.08318740508,312.42877027016823,18.601910779825175,18.601910779825175
589.0742798075328,316.7630154284568,18.975678973124204,18.975678973124204
588.5501920455944,320.43162976202535,18.975678973124204,18.975678973124204
589.0742798075328,323.1568861241048,18.975678973124204,18.975678973124204
588.7598271503698,326.61586535289797,18.975678973124204,18.975678973124204
589.1474633371278,331.1962036351629,18.61967680915877,18.61967680915877
589.4746561206709,334.30037539838,18.993801975285194,18.993801975285194
589.1282389055257,338.6752528804225,18.637459806200784,18.637459806200784
589.5400361165507,342.175529174135,18.637459806200784,18.637459806200784
589.6429854193069,345.7787547706038,18.637459806200784,18.637459806200784
589.7645920876325,350.2242321546921,19.01194228608678,19.01194228608678
589.2395027721499,354.63498240474644,19.01194228608678,19.01194228608678
589.6278797478082,358.8040024518798,18.65525978715649,18.65525978715649
589.7496025583765,362.12020166865636,19.030099922059826,19.030099922059826
589.8547207203326,366.1146918229868,19.030099922059826,19.030099922059826
589.4025233255029,371.7593478216087,18.673076768246617,18.673076768246617
589.4025233255029,375.7820435049361,18.673076768246617,18.673076768246617
589.8151074981519,379.39215501561455,18.673076768246617,18.673076768246617
589.2149242597507,384.2587120648122,19.048274899750997,19.048274899750997
588.7622949871275,388.54091783952657,18.690910765707397,18.690910765707397
589.1752732043776,393.9096346637781,18.690910765707397,18.690910765707397
589.6069622952451,397.6451494926465,19.066467235722754,19.066467235722754
589.1539007323572,402.35272123973283,18.708761795790565,18.708761795790565
589.7739596896413,406.4864476216266,18.708761795790565,18.708761795790565
589.4327411611681,410.7956712727841,18.35776725726319,18.35776725726319
589.4511185354627,415.2758396740614,18.726629874763383,18.726629874763383
589.2629814484259,418.7081676505036,19.102904048837004,19.102904048837004
590.1071439782544,423.24554124833156,19.102904048837004,19.102904048837004
589.5795423971116,427.4663538974738,19.102904048837004,19.102904048837004
589.3685017646545,430.84300401678763,19.102904048837004,19.102904048837004
589.8961033457973,436.3300604606726,19.102904048837004,19.102904048837004
589.4740220808831,440.8674340585006,19.102904048837004,19.102904048837004
588.8600234904421,444.0521668522877,19.48673869989029,19.48673869989029
588.7718905060362,447.6238120899281,19.878285740587184,19.878285740587184
588.7718905060362,452.2355530936398,19.878285740587188,19.878285740587188
589.2111039349612,457.1767041690452,19.878285740587188,19.878285740587188
588.3326770771114,462.337461958913,19.878285740587188,19.878285740587188
588.2228737198801,466.5099895336998,19.878285740587188,19.878285740587188
588.4093416915821,471.088591794651,19.50534979718325,19.50534979718325
588.5170850312065,476.2602720966253,19.50534979718325,19.50534979718325
589.238771380811,482.153638748204,19.139410494218918,19.139410494218918
589.3444933507594,486.6996834559848,19.139410494218918,19.139410494218918
588.6782545543191,491.42526512691245,18.780336567925417,18.780336567925417
588.8857316005797,495.5748060521245,18.780336567925417,18.780336567925417
588.9045319955105,499.53567032600694,19.157689870584743,19.157689870584743
588.4812402304083,505.77922386126494,19.157689870584743,19.157689870584743
587.9713036752969,510.66625731120695,19.542625333154405,19.542625333154405
587.6474559503931,515.631922426399,19.542625333154405,19.542625333154405
588.6943691975779,520.3491098891604,19.17598670493865,19.17598670493865
587.4972371458605,524.9777983344716,18.816226573414532,18.816226573414532
588.2247945482457,530.6943207817833,18.816226573414532,18.816226573414532
587.9318205562065,534.8706279758243,19.194301013954153,19.194301013954153
587.4757213791324,540.6700140248936,18.8341972882087,18.8341972882087
587.6837934553656,545.9758519688409,18.8341972882087,18.8341972882087
588.3080096840653,551.3857259509048,18.8341972882087,18.8341972882087
587.6837934553656,558.1480684284846,18.8341972882087,18.8341972882087
587.9959015697154,563.5579424105485,18.8341972882087,18.8341972882087
588.4120457221819,568.8637803544958,18.8341972882087,18.8341972882087
587.3716853410158,574.7938345271427,18.8341972882087,18.8341972882087
587.3716853410158,580.6198526616731,18.8341972882087,18.8341972882087
587.4757213791324,589.4629159015852,18.8341972882087,18.8341972882087
587.1322151036343,596.2978962561334,18.480849458038787,18.480849458038787
587.5405519877015,603.1375390642604,18.480849458038787,18.480849458038787
587.559052575655,609.1790086922064,18.85218516619916,18.85218516619916
586.9342401800367,616.5726220403559,18.85218516619916,18.85218516619916
586.1200293061462,615.2377341701168,19.230982122743598,19.230982122743598
589.805942386588,603.4143896408617,18.870190223777875,18.870190223777875
588.5740144673133,602.0782268662679,19.249348955944246,19.249348955944246
587.5299919128908,607.7329468266711,19.636126124516032,19.636126124516032
587.4411832915931,614.2605471139249,20.030674806735934,20.030674806735934
586.7973646310652,624.0173698763247,20.43315115562768,20.43315115562768
586.5920829779802,631.148528629809,20.84371446179771,20.84371446179771
586.3826766006397,638.5381099331063,21.26252721647861,21.26252721647861
585.6779789515392,646.524683289578,21.26252721647861,21.26252721647861
585.6992641882257,653.8278442336357,21.689755175839316,21.689755175839316
585.2200260955832,664.4908917949323,21.689755175839316,21.689755175839316
585.3615485396911,670.0238427812687,22.12556742658746,22.12556742658746
585.6059822515101,672.2237461876398,22.12556742658746,22.12556742658746
584.8726811160531,673.0792641790063,22.12556742658746,22.12556742658746
584.9948979719626,673.6903484585538,22.12556742658746,22.12556742658746
585.1171148278721,674.3014327381013,22.12556742658746,22.12556742658746
584.8726811160531,675.6458181531059,22.12556742658746,22.12556742658746
584.5281797469922,675.7901842076831,22.57013645288988,22.57013645288988
584.9021974245782,676.2888744444642,22.57013645288988,22.57013645288988
584.403507187797,677.1615823588313,22.57013645288988,22.57013645288988
584.6528523061876,677.7849451548078,22.57013645288988,22.57013645288988
584.7775248653829,677.9096177140032,22.57013645288988,22.57013645288988
583.9048169510158,678.2836353915891,22.57013645288988,22.57013645288988
584.0294895102112,678.7823256283702,22.57013645288988,22.57013645288988
583.9048169510158,678.9069981875656,22.57013645288988,22.57013645288988
