343.0,112.0,43.0,21.0
341.51181102362204,111.75196850393701,43.0,21.0
339.0314960629921,111.50393700787401,43.0,21.0
336.36721309842517,110.79689751574803,43.863999,21.421953000000002
336.0196331274848,107.96166352087563,43.04106778440056,21.02005635982353
334.2817544520663,107.713395138673,43.04106778440056,21.02005635982353
333.0404125410531,105.47897969884923,43.04106778440056,21.02005635982353
331.1183901603413,105.26780170263027,43.90589195939252,21.442412352261467
328.3979780675151,104.5458668293208,44.788093046532595,21.87325474365546
327.10625042517324,101.96241154463708,44.788093046532595,21.87325474365546
323.81448603522915,101.22597083391821,45.68802020011657,22.312754051219727
323.55094957005724,100.17182497323066,45.68802020011657,22.312754051219727
321.51072608408543,98.62997756379565,46.60602958999751,22.761084218370886
319.42950838761004,97.8636449244626,47.54248454254933,23.218422683570616
316.20953942883006,96.53344768584279,48.497755684462774,23.6849504505516
315.6500524103131,95.69421715806733,48.49775568446278,23.684950450551604
313.7641021615367,94.61703577559041,49.47222108943069,24.160852159954537
312.90800897476663,94.61703577559041,49.4722210894307,24.160852159954537
311.19582260122655,94.61703577559041,49.4722210894307,24.160852159954537
310.0543650188665,94.61703577559041,49.4722210894307,24.160852159954537
308.8062520992713,95.41440509079004,48.544074181540935,23.707571111915353
306.56616663987774,95.69441577321423,48.544074181540935,23.707571111915353
305.16611322775674,95.41440509079004,48.544074181540935,23.707571111915353
304.60609186290833,95.69441577321423,48.544074181540935,23.707571111915353
301.80598503866634,95.97442645563842,48.544074181540935,23.707571111915353
300.6859423089696,96.25443713806261,48.544074181540935,23.707571111915353
299.2858888968486,96.81445850291101,48.544074181540935,23.707571111915353
297.32581411987917,97.0944691853352,48.544074181540935,23.707571111915353
296.4857820726066,97.6544905501836,48.544074181540935,23.707571111915353
293.9656859307888,97.93450123260779,48.544074181540935,23.707571111915353
293.12565388351624,98.49452259745618,48.544074181540935,23.707571111915353
292.28562183624365,99.33455464472877,48.544074181540935,23.707571111915353
289.7655256944259,99.61456532715296,48.544074181540935,23.707571111915353
288.9254936471533,100.45459737442555,48.544074181540935,23.707571111915353
286.6854081877597,100.73460805684974,48.544074181540935,23.707571111915353
285.3576780992223,100.77644062609806,49.519470264070634,24.18392733826707
283.07258260269316,101.63335143729651,49.519470264070634,24.18392733826707
281.9300348544286,101.91898837436266,49.519470264070634,24.18392733826707
281.5376407173739,102.4314822918246,48.59043691578308,23.730213377475472
278.4545814990405,102.99203851333976,48.59043691578309,23.730213377475472
276.772912834495,103.27231662409734,48.59043691578309,23.730213377475472
275.6518003914647,103.83287284561251,48.59043691578309,23.730213377475472
274.2504098376768,103.83287284561251,48.59043691578309,23.730213377475472
273.12929739464647,104.11315095637009,48.59043691578309,23.730213377475472
271.72790684085857,104.95398528864284,48.59043691578309,23.730213377475472
269.7659600655555,105.51454151015801,48.59043691578309,23.730213377475472
267.8040132902524,106.63565395318835,48.59043691578309,23.730213377475472
266.1223446257069,106.63565395318835,48.59043691578309,23.730213377475472
265.2815102934341,106.91593206394593,48.59043691578309,23.730213377475472
263.0392854073734,107.75676639621868,48.59043691578309,23.730213377475472
263.21480918688144,108.5399235408868,47.67883313525196,23.285011531169577
260.18959115330426,108.81494336212108,47.67883313525196,23.28501153116958
259.3645316896014,109.64000282582394,47.67883313525196,23.285011531169584
257.98943258342996,109.91502264705822,47.67883313525196,23.285011531169584
256.88935329849284,110.74008211076108,47.67883313525196,23.285011531169584
254.9642145498528,111.01510193199536,47.67883313525196,23.285011531169584
254.13915508614994,111.56514157446394,47.67883313525196,23.285011531169584
252.21401633750995,112.11518121693251,47.67883313525196,23.285011531169584
250.01385776763564,112.66522085940109,47.67883313525196,23.285011531169584
248.91377848269852,113.21526050186966,47.67883313525196,23.285011531169584
247.8136991977614,114.04031996557252,47.67883313525196,23.285011531169584
245.6135406278871,114.5903596080411,47.67883313525196,23.285011531169584
243.4133820580128,114.86537942927538,47.67883313525196,23.285011531169584
242.10931719721663,115.18148620339605,48.636843929438584,23.752877267865372
240.98713401920722,115.4620319978984,48.63684392943859,23.752877267865372
239.02331345769076,115.74257779240074,48.63684392943859,23.752877267865372
236.85140863813956,115.22339871642679,49.6141040345128,24.230143830808593
235.494412138503,114.69378777527929,50.61100022687826,24.71700011080103
233.1589475611045,114.40185470310448,50.61100022687826,24.71700011080103
231.69928220023044,112.65025627005558,50.61100022687826,24.71700011080103
229.94768376718156,112.35832319788076,50.61100022687826,24.71700011080103
228.7799514784823,110.8986578370067,50.61100022687826,24.71700011080103
227.32028611760822,110.60672476483188,50.61100022687826,24.71700011080103
225.06022427078,109.77453927886909,51.627927054436924,25.213638794027357
222.97563208702184,108.58334374529299,51.62792705443693,25.213638794027357
221.56355546768737,107.73443715636076,52.66528699274173,25.720256438315747
218.7159733101881,107.36814053692899,51.677235067862966,25.23771945174705
218.1967979680788,105.3260899847899,52.71558575208154,25.744820948691004
216.06828914948625,104.71794460804917,52.71558575208154,25.744820948691007
213.63570764252333,104.10979923130843,52.71558575208154,25.744820948691007
213.8261327433764,104.35129815162685,51.72659017363469,25.261823108054173
211.92440935816776,103.39479435983051,50.756149112608696,24.7878867759252
210.75332809316342,103.10202404357943,50.756149112608696,24.7878867759252
209.289476511908,102.51648341107725,50.756149112608696,24.7878867759252
208.11839524690365,102.22371309482617,50.756149112608696,24.7878867759252
206.06900303314606,101.93094277857509,50.756149112608696,24.7878867759252
205.1906920843928,101.34540214607293,50.756149112608696,24.7878867759252
203.4340701868863,101.05263182982185,50.756149112608696,24.7878867759252
201.67744828937978,101.05263182982185,50.756149112608696,24.7878867759252
198.93309213280256,100.99238392673074,49.803914468239284,24.322841949605255
198.64581447198046,101.27966158755285,49.803914468239284,24.32284194960526
197.2094261678699,102.14149457001918,49.803914468239284,24.32284194960526
197.67661106675428,102.9442099585604,48.86954467047053,23.86652181581122
195.1396185902704,103.22609801150305,48.86954467047053,23.86652181581122
192.8845141667292,103.5079860644457,48.86954467047053,23.86652181581122
192.3207380608439,104.07176217033101,48.86954467047053,23.86652181581122
190.91129779613064,104.35365022327366,48.86954467047053,23.86652181581122
189.78374558436002,104.91742632915897,48.86954467047053,23.86652181581122
188.37430531964677,106.04497854092958,48.86954467047053,23.86652181581122
186.68297700199085,106.89064269975754,48.86954467047053,23.86652181581122
184.99164868433493,107.45441880564285,48.86954467047053,23.86652181581122
184.42787257844964,107.7363068585855,48.86954467047053,23.86652181581122
182.5274644332045,108.62408405893355,49.8514804315343,24.346071838656314
181.66480834443323,109.1991881181144,49.8514804315343,24.346071838656314
179.65194413730023,110.0618442068857,49.8514804315343,24.346071838656314
177.3515279005768,111.21205232524741,49.8514804315343,24.346071838656314
177.3515279005768,111.78715638442827,49.8514804315343,24.346071838656314
175.91376775262466,112.0747084140187,49.8514804315343,24.346071838656314
174.47600760467253,112.64981247319956,49.8514804315343,24.346071838656314
172.24986252897455,113.26787575124379,50.853146227845116,24.835257460110437
170.4898836538486,114.44119500132774,50.853146227845116,24.83525746011044
168.8056682701866,115.07167702481772,51.87493849500121,25.33427228825644
166.4118787626348,115.67012440170566,51.87493849500122,25.334272288256443
166.4118787626348,116.26857177859361,51.874938495001224,25.334272288256443
164.3945987508249,116.31327470049362,52.91726163418129,25.84331382134438
162.86841880074553,116.92374668052537,52.917261634181294,25.84331382134438
161.03700286065026,117.839454650573,52.9172616341813,25.84331382134438
159.205586920555,118.75516262062064,52.9172616341813,25.84331382134438
157.75824568149955,119.10599974834625,53.98052817219691,26.362583525956655
155.65908482140122,119.77525534324253,55.065158924760865,26.892286916743704
153.11808133320497,121.68100795938973,55.065158924760865,26.892286916743707
151.21232871705777,122.31625883143879,55.065158924760865,26.89228691674371
149.30657610091058,123.26913513951239,55.065158924760865,26.89228691674371
148.03607435681243,123.90438601156144,55.065158924760865,26.89228691674371
145.57710962152763,124.58708895912596,56.17158316303609,27.432633637761842
145.25310213761705,125.23510392694712,56.17158316303609,27.432633637761842
143.71675187563787,125.6075169409265,57.30023878353098,27.98383754544539
141.40312751164436,126.59907023978087,57.300238783530986,27.98383754544539
140.08105644650522,127.26010577235044,57.300238783530986,27.98383754544539
138.63545390943023,128.18364328802022,56.2252306622635,27.458833579244985
137.98682004535354,128.83227715209688,56.225230662263506,27.458833579244985
136.68955231720022,129.48091101617354,56.225230662263506,27.458833579244985
135.91970455155712,130.71143900328187,55.170390737243096,26.943679197258273
134.6467748257024,131.34790386620924,55.170390737243096,26.943679197258273
132.73738023692033,132.62083359206395,55.170390737243096,26.943679197258273
131.14621807960194,132.62083359206395,55.170390737243096,26.943679197258273
129.87328835374723,133.575530886455,55.170390737243096,26.943679197258273
128.28212619642883,134.21199574938237,55.170390737243096,26.943679197258273
126.45492714003242,135.53246823364552,56.278929398326525,27.485058543368783
124.71046409279555,136.43954477895346,55.223082032873144,26.969412155589225
123.20005630702511,137.44274203590192,56.332679420159664,27.51130855403148
122.22524616140981,138.0926154663121,56.332679420159664,27.511308554031483
120.60056258538432,138.7424888967223,56.332679420159664,27.511308554031483
118.00106886374354,140.0422357575427,56.332679420159664,27.511308554031483
117.67613214853844,140.3671724727478,56.332679420159664,27.511308554031483
115.40157514210276,141.3419826183631,56.332679420159664,27.511308554031483
114.10182828128237,142.31679276397838,56.332679420159664,27.511308554031483
113.12701813566707,143.29160290959368,56.332679420159664,27.511308554031483
111.82727127484668,143.94147634000387,56.332679420159664,27.511308554031483
109.2277775532059,144.59134977041407,56.332679420159664,27.511308554031483
110.73101558284978,145.49929263255916,55.27582365210246,26.995169690561685
107.2237691269894,146.13697380635196,55.27582365210246,26.995169690561685
108.37996436457385,147.02788277874066,54.238795524519176,26.48871409336985
105.9579013380901,147.70034039622496,55.32861564299334,27.02095182564793
102.84888159860932,148.7054548049203,56.44033351710801,27.563883810680675
101.87220855019939,149.03101248772361,56.44033351710801,27.56388381068068
99.67739232550318,150.05632266023287,57.57438913846726,28.117724928088688
98.68109498553153,150.72052088688062,57.57438913846727,28.11772492808869
97.68479764555988,151.38471911352838,57.57438913846727,28.117724928088695
96.68850030558824,152.04891734017613,57.57438913846727,28.117724928088695
94.7816827518131,153.09482906998164,58.731231339426486,28.68269437506878
92.83655151292996,154.500528284982,59.911317970729584,29.25901575314704
89.81559997340912,155.5888932880911,61.11511608271546,29.846917156675026
90.38888943533722,155.16382657535556,59.968537158859256,29.28696000781502
87.0191437150087,156.9450489904586,61.17348497599222,29.875422895252047
85.60770641287078,158.00362696706202,61.173484975992224,29.87542289525205
84.90198776180185,159.41506426919992,61.173484975992224,29.87542289525205
83.49055045966395,160.47364224580335,61.173484975992224,29.87542289525205
81.72625383199158,161.53222022240678,61.173484975992224,29.87542289525205
80.66767585538815,162.5907981990102,61.173484975992224,29.87542289525205
79.25623855325026,163.29651685007914,61.173484975992224,29.87542289525205
76.78622327450896,165.76653212882044,61.173484975992224,29.87542289525205
78.55051990218132,164.00223550114808,61.173484975992224,29.87542289525205
74.76020655555975,165.81924801823774,62.40264380961483,30.47570976748635
73.32040924371,167.2590453300875,62.40264380961483,30.47570976748635
72.2405612598227,169.0587919698997,62.40264380961483,30.47570976748635
71.88061193186026,170.49858928174945,62.40264380961483,30.47570976748635
70.80076394797295,170.85853860971187,62.40264380961483,30.47570976748635
69.00101730816077,172.65828524952406,62.40264380961483,30.47570976748635
67.56121999631102,174.45803188933624,62.40264380961483,30.47570976748635
65.4015240285364,175.17793054526112,62.40264380961483,30.47570976748635
66.12142268446128,176.25777852914842,62.40264380961483,30.47570976748635
64.68162537261153,178.7774238248855,62.40264380961483,30.47570976748635
62.88187873279935,178.41747449692306,62.40264380961483,30.47570976748635
62.16198007687447,179.85727180877282,62.40264380961483,30.47570976748635
61.80203074891203,181.29706912062258,62.40264380961483,30.47570976748635
59.73530527602899,181.7107935583684,63.656500131681426,31.088058203844454
57.6270530882193,183.23437633066942,64.9355501888273,31.712710557334304
56.600118509735424,185.16313202512612,66.24030019877142,32.34991405056282
54.30760491560105,187.07356002023806,66.24030019877142,32.34991405056283
54.689690514623436,187.45564561926045,66.24030019877142,32.34991405056283
51.63300572244427,189.36607361437245,66.24030019877142,32.34991405056283
50.486748925377086,190.51233041143962,66.24030019877142,32.34991405056283
49.340492128309904,192.04067280752923,66.24030019877142,32.34991405056283
49.19768710761988,195.400815500277,64.99756784406189,31.742998249425618
47.93280934131383,197.19824944459089,63.778150355088286,31.147468778066415
45.95589493116022,198.96196178270205,62.58161032232938,30.563112017881835
47.132076973089326,199.73785439183385,63.839062618535955,31.17721662765714
44.186198236617784,200.84255891801067,63.839062618535955,31.177216627657142
43.817963394558845,203.05196797036433,63.839062618535955,31.177216627657145
41.24031950014624,204.15667249654115,63.839062618535955,31.177216627657145
41.24031950014624,205.99784670683584,63.839062618535955,31.177216627657145
39.39914528985153,207.4707860750716,63.839062618535955,31.177216627657145
39.76738013191047,208.57549060124842,63.839062618535955,31.177216627657145
37.55797107955682,210.04842996948418,63.839062618535955,31.177216627657145
37.28484677901864,211.9446171149881,65.1217809037302,31.803660441356662
35.12806566820758,213.1276367793257,66.43027284742885,32.44269139060484
32.82897730194425,215.42672514558905,66.43027284742885,32.44269139060484
32.685762726225924,216.88059752578488,65.1839764213566,31.834034996476532
31.933777647568995,218.7605602224272,65.1839764213566,31.834034996476532
28.925837332941292,221.01651545839798,65.1839764213566,31.834034996476532
29.301829872269757,221.7685005370549,65.1839764213566,31.834034996476532
30.665272298375005,222.44311178095114,63.96106172645995,31.23679758734096
29.558456635831426,224.2878045518571,63.96106172645996,31.23679758734096
28.915871829196547,225.81867683580185,65.24623133972972,31.864438561263402
25.528707100243352,226.94773174545293,65.24623133972972,31.864438561263405
27.26980333870356,228.37569055987126,64.02214868211144,31.266630751728894
25.42334876675107,230.59143604621426,64.02214868211144,31.266630751728897
25.654616691515407,231.2540231378664,62.821031003801764,30.680038397205568
25.51918314720256,232.99126742697473,61.64244745948861,30.104451084866586
24.675161701910206,234.34035494336734,60.48597528693632,29.539662349434074
24.32626805211374,236.43371684214614,60.48597528693632,29.539662349434074
21.625233802614744,238.9280958227243,61.70131998837674,30.133202785021254
21.625233802614744,239.99580773242977,61.70131998837674,30.133202785021254
19.356790382581494,242.76979959436602,60.54374331001404,29.567874639774356
18.39931079959333,243.86965340509394,61.76024874434215,30.161981944911343
16.710104816865964,246.41658210339727,63.001197422362225,30.768026648130448
14.623555728782812,247.92448057140103,64.26708048216975,31.38624860757134
14.25285200507134,249.03659174253545,64.26708048216975,31.38624860757134
11.38297043873839,252.42830703301422,65.55839893029798,32.01689250084327
8.45542434209311,255.88817205882458,66.87566384000446,32.660207921862714
6.912422393028734,257.81692449515504,66.87566384000446,32.660207921862714
6.912422393028734,258.97417595695333,66.87566384000446,32.660207921862714
6.140921418496546,260.5171779060177,66.87566384000446,32.660207921862714
4.597919469432171,261.674429367816,66.87566384000446,32.660207921862714
3.4406680076338887,263.60318180414646,66.87566384000446,32.660207921862714
1.611550189066996,266.3610649233882,68.21939655354169,33.3164494796367
0.0,267.600356700918,69.590128888492,33.98587689903104
0.0,268.80458068552934,69.590128888492,33.98587689903104
0.0,270.8715895424859,70.98840334824848,34.66875512356327
0.0,272.1611838369825,72.41477333672483,35.36535442026103
0.0,273.8319879828216,72.41477333672483,35.36535442026103
0.0,274.2496890192814,72.41477333672483,35.36535442026103
0.0,276.4005972048569,73.86980337737965,36.075950486627335
0.0,278.869476653216,72.48393413437154,35.39913062376291
0.0,279.2875766212132,72.48393413437154,35.39913062376291
0.0,281.3780764611992,72.48393413437154,35.39913062376291
0.0,282.2142763971936,72.48393413437154,35.39913062376291
0.0,283.1129389353735,73.94035382293347,36.11040535538618
0.0,284.0296582999331,75.42603735229767,36.83597173019196
0.0,284.0946562421921,76.94157272081739,37.576116910166704
0.0,290.21669972090945,75.49807410206914,36.871152468452436
0.0,290.56256903302364,74.08165691912528,36.179413844224044
0.0,290.56256903302364,74.08165691912528,36.179413844224044
0.0,293.0385290587142,72.69181309795256,35.500652908302484
0.0,296.7259348203234,71.32804409647997,34.834626186653075
0.0,296.7259348203234,71.32804409647997,34.834626186653075
0.0,300.3441612691707,69.98986072576983,34.18109477305045
0.0,299.85736909842103,68.67678297454398,33.539824243382
0.0,303.4226260061821,68.67678297454398,33.539824243382
0.0,304.6110449754358,68.67678297454398,33.539824243382
0.0,305.7994639446895,68.67678297454398,33.539824243382
0.0,306.98788291394317,68.67678297454398,33.539824243382
0.0,311.66003897045147,67.38833983700195,32.91058457155915
0.0,312.0487466622415,67.38833983700195,32.910584571559156
0.0,313.2148697376117,67.38833983700195,32.910584571559156
0.0,314.68971007525846,66.12406914386948,32.29315004700609
0.0,315.7554658179842,64.88351739661667,31.68729919369657
0.0,318.00102245375797,64.88351739661667,31.687299193696575
0.0,320.6208385288274,64.88351739661667,31.687299193696575
0.0,321.7436168467143,64.88351739661667,31.687299193696575
0.0,324.3634329217837,64.88351739661667,31.687299193696575
0.0,323.91215629468593,63.666239604786405,31.0928146907097
0.0,327.2172980137771,63.66623960478641,31.0928146907097
0.0,327.87620168078183,62.47179912637468,30.50948329427606
0.0,331.1193357317482,62.47179912637468,30.509483294276063
0.0,328.9572463644373,62.47179912637468,30.509483294276063
0.0,333.3352598030283,63.727044986220925,31.12251034210795
0.0,332.5244379463891,62.5314637398081,30.538621826417966
0.0,331.08166841128275,62.5314637398081,30.538621826417966
0.0,335.3357517328991,61.35831275855324,29.96568762627024
0.0,333.8472172099764,60.20717122890095,29.403502228067957
0.0,336.2782154256828,60.207171228900954,29.403502228067957
0.0,334.8176072558592,59.07762623216678,28.85186397384894
0.0,337.20299758440575,59.07762623216678,28.851863973848943
0.0,338.61698756766856,60.26467297604971,29.43158447667549
0.0,340.0593888516651,61.47557105015748,30.02295330356533
0.0,339.7047870409931,61.475571050157484,30.02295330356533
0.0,341.12319428368124,61.475571050157484,30.02295330356533
0.0,340.82156868331697,62.71079969926831,30.62620450429387
0.0,341.83231100114085,61.534284201268875,30.05162716806159
0.0,344.3699211557004,62.77069257372497,30.65545451274945
0.0,345.45613804788445,62.77069257372497,30.65545451274945
0.0,344.6574842030975,61.59305342724144,30.080328417955172
0.0,347.1444404896214,61.59305342724145,30.080328417955172
0.0,346.78916102011806,61.59305342724145,30.080328417955172
0.0,349.63139677614527,61.59305342724145,30.080328417955172
0.0,347.49971995912483,61.59305342724145,30.080328417955172
0.0,350.6972351846555,61.59305342724145,30.080328417955172
0.0,349.27611730664194,61.59305342724145,30.080328417955172
0.0,352.82891200167603,61.59305342724145,30.080328417955172
0.0,352.4005211480576,60.437507934698445,29.515992247178357
0.0,353.49844505858465,61.651878781630344,30.109057079400912
0.0,352.48471684783175,62.89064998198964,30.714038363297316
0.0,356.47512340684284,62.89064998198965,30.71403836329732
0.0,358.34314021625016,64.15431181207776,31.331175536131056
0.0,349.0156572414702,62.95071462511224,30.7433722587758
0.0,349.30404500001157,61.76969809013336,30.16659674169309
0.0,350.4261698326978,63.01083663385841,30.77273417002393
0.0,352.66121399023854,64.27691337434253,31.39105071770222
0.0,362.7271361625377,65.5684293947732,32.02179109977301
0.0,368.8350014669484,66.88589584660238,32.66520494834075
0.0,370.68465497827606,65.6310514906306,32.05237398379639
0.0,373.76978291943567,66.94977620823184,32.69640233425281
0.0,374.4626690286607,65.69373339464454,32.08298607645436
0.0,375.2205348414903,65.69373339464454,32.08298607645436
0.0,375.2205348414903,65.69373339464454,32.08298607645436
0.0,377.92967637319174,67.01371757974313,32.72762951568856
0.0,378.76051865917265,68.36022420707292,33.3852257755473
0.0,395.6348632774135,67.07772001940465,32.75888652110466
0.0,398.34327515514263,67.07772001940465,32.75888652110466
0.0,400.58514932871594,65.81927685567926,32.14429799928528
0.0,398.3639263239477,67.14178358554042,32.79017337898492
0.0,394.16164472359355,68.49086344312468,33.44902633268886
0.0,401.9816903938653,67.20590833653019,32.82149011784038
0.0,400.81872420858747,67.2059083365302,32.82149011784038
0.0,403.9199673693283,67.2059083365302,32.82149011784038
0.0,405.0829335546061,67.2059083365302,32.82149011784038
0.0,406.55378125292674,65.94506023549762,32.2057270917547
0.0,409.51856483393647,64.70786686919338,31.601516377978207
0.0,409.51856483393647,64.70786686919338,31.601516377978207
0.0,409.51856483393647,64.70786686919338,31.601516377978207
0.0,412.0544799395654,63.49388445182392,31.00864124391405
0.0,411.0104640368695,64.76966707211442,31.631697872428013
0.0,412.50487495997635,64.76966707211443,31.631697872428013
0.0,412.56068983807774,66.07108399259442,32.26727357777871
0.0,411.4742976131862,67.39865028325762,32.91561990577702
0.0,416.44826808024004,66.13418615614138,32.29809091346444
0.0,415.98829282516914,64.89344460391416,31.692147364702315
0.0,418.90579746296584,63.67598056803513,31.097571905319533
0.0,418.5385033066038,63.67598056803513,31.097571905319533
0.0,420.00767993205193,63.67598056803513,31.097571905319533
0.0,420.742268244776,63.67598056803513,31.097571905319533
0.0,422.6336114268015,64.95542204558866,31.72241541761312
0.0,425.63100500956807,64.95542204558866,31.72241541761312
0.0,429.0030727901805,64.95542204558866,31.72241541761312
0.0,430.79934124028745,63.736795252720306,31.127272100165783
0.0,431.957200885393,65.01745867973321,31.752712378474417
0.0,433.4573290292579,65.01745867973321,31.752712378474417
0.0,436.832617352954,65.01745867973321,31.752712378474417
0.0,437.9577134608527,65.01745867973321,31.752712378474417
0.0,440.263934087706,66.32385447698509,32.3907196282951
0.0,442.55933941569543,66.32385447698509,32.3907196282951
0.0,446.3062880843795,65.07955456288046,31.783038274895166
0.0,450.7337207892359,63.8585989234482,31.186757613777083
0.0,452.4996578411685,62.66054959742687,30.60166375688295
0.0,451.7767838941555,62.66054959742688,30.601663756882953
0.0,454.95533814619773,61.48497684013361,30.027546828902516
0.0,456.3739624058309,61.48497684013361,30.027546828902516
0.0,458.1472427303724,61.48497684013361,30.027546828902516
0.0,456.4269467215226,62.720394479782414,30.630890327335656
0.0,459.3212040752866,62.720394479782414,30.630890327335656
0.0,460.0447684137276,62.720394479782414,30.630890327335656
0.0,459.3212040752866,62.720394479782414,30.630890327335656
0.0,461.13011492138907,62.720394479782414,30.630890327335656
0.0,458.59763973684557,62.720394479782414,30.630890327335656
0.0,460.40655058294806,62.720394479782414,30.630890327335656
0.0,458.95942190606604,62.720394479782414,30.630890327335656
0.0,458.88497236025694,61.543698974383474,30.056225080512917
0.0,456.40000886934837,61.54369897438348,30.05622508051292
0.0,454.2700401628553,61.54369897438348,30.05622508051292
0.0,453.9150453784398,61.54369897438348,30.05622508051292
0.0,454.6250349472708,61.54369897438348,30.05622508051292
0.0,450.6470395186651,60.38907941930198,29.492341111752186
0.08461048700616658,446.46702266818056,60.389079419301986,29.49234111175219
4.134436747924454,447.78867935977394,59.25612164827301,28.939036153807805
4.81803602714826,446.7632804409382,59.25612164827301,28.939036153807805
7.766484695971609,444.64214517347676,58.144419265192944,28.39611173416405
8.101871842438108,440.2821122694122,58.14441926519295,28.39611173416405
10.995004751128246,441.21925587750604,57.05357349834373,27.863373103842335
11.32409970904764,436.94102142455387,57.05357349834373,27.863373103842335
11.409100898735325,436.9901870045855,58.199950950645956,28.42323185961784
11.4958100173274,439.39029270897885,59.36936256509729,28.99433985737314
14.107440461415422,443.7717076899248,58.25553567245444,28.45037788654756
17.342130352883686,442.69447370684605,57.16260525390484,27.916621170511707
14.130055262459074,441.4248377559785,58.31117348127155,28.477549839690802
14.802753290168305,440.41579071441464,58.31117348127155,28.477549839690802
19.175290470278306,436.71595156201386,58.31117348127155,28.477549839690802
20.394975616922732,437.31943381999963,57.21719924340116,27.94328335142852
20.48022058420646,438.0288179630333,58.366864427798824,28.504747743808775
24.3944326006858,447.3863030581613,57.27184537369261,27.969970996454574
24.7247865888329,443.75240918854314,57.271845373692614,27.969970996454574
24.7247865888329,444.74347115298445,57.271845373692614,27.969970996454574
24.149404994286094,445.78388679195695,58.42260856278622,28.53197162368634
24.149404994286094,446.45787037361885,58.42260856278622,28.53197162368634
26.595388374838528,451.5630925739965,59.59649403663829,29.10526452952107
27.282914308606742,452.59438147464886,59.59649403663829,29.10526452952107
27.282914308606742,453.6256703753012,59.59649403663829,29.10526452952107
26.340415164383547,454.02079026897354,60.79396639131647,29.690076609712733
31.60046810704918,459.9821836039946,60.793966391316474,29.690076609712737
33.22275561747807,461.6633717226545,59.65341254752495,29.13306194181455
31.717785893884738,462.6248365541274,58.534256601383575,28.58649740997806
34.506079446747364,464.36345708498305,59.71038541927518,29.160885902436753
34.85049935898087,466.08555664615056,59.710385419275184,29.160885902436753
42.08331751588446,472.97395489082066,59.710385419275184,29.160885902436753
44.494256901518995,476.0737341009222,59.710385419275184,29.160885902436753
43.46099716481848,478.82909339879023,59.710385419275184,29.160885902436753
43.89437651440424,479.2249683830384,60.91014619350469,29.746815582874415
46.35375890511433,480.98167009068845,60.91014619350469,29.74681558287442
48.1104606127644,482.38703145680853,60.91014619350469,29.74681558287442
48.46180095429442,484.4950735059886,60.91014619350469,29.74681558287442
48.90388819515141,485.60158348935533,62.13401376097078,30.344518348381115
50.203535058029196,487.6782289196245,60.96831932726472,29.775225717966528
49.851859163722494,489.4366083911579,60.96831932726473,29.775225717966528
50.997720415134594,490.8958510575158,62.193355767507455,30.373499328317628
52.43268888733857,492.6895616477708,62.193355767507455,30.373499328317628
56.96225605958604,499.43183794355895,61.02654802013441,29.803662986577304
55.99714107734376,497.3723566055743,62.25275444950297,30.402507986966604
56.71531055735083,499.16778030559203,62.25275444950298,30.402507986966608
57.43348003735791,500.2450345256027,62.25275444950298,30.402507986966608
59.321650919805776,501.3759346891258,63.503599044656845,31.013385579948725
61.153150068227944,502.84113400786356,63.50359904465685,31.013385579948725
61.38254483032889,504.59725394119414,62.31220986108609,30.431544350763
64.61739403296906,509.62924158974545,62.31220986108609,30.431544350763005
66.50736824087534,512.9177879712479,63.56424909382489,31.043005371402884
68.34061658958024,514.3843866502118,63.5642490938249,31.043005371402888
71.50342779646093,516.1421837917936,62.37172205643721,30.460608446167036
69.92987903714167,517.1474610202823,61.20156798428036,29.88913785278811
71.08012405049715,518.9653076761756,62.4312910897885,30.489700299664186
72.38598901396776,520.6917741504498,61.260019444721166,29.917683914863858
74.24404952866416,522.1579984961761,62.49091701542396,30.518819937765215
71.45348351165698,522.9327666812771,63.746547011014876,31.132034586774733
73.52226185695187,528.0049158279496,62.55059988767938,30.54796738700623
74.96547291460573,528.3657185923631,62.55059988767938,30.54796738700623
77.3562417336586,529.3738788871598,61.377089893708195,29.974857855066816
77.44768430842886,530.8429052486874,62.61033976094248,30.577142673948675
79.47958911209787,534.0189125283478,61.435708988938174,30.00348578529541
80.7646296498508,535.7178473099482,60.28311543084786,29.440591256925718
81.20216588702255,536.4652429662332,61.49438406919988,30.032141057051128
82.266296869359,537.5293739485696,61.49438406919988,30.032141057051128
74.19957666345259,520.9109809809477,62.72999072830231,30.635576867310455
76.46405998803948,520.9650381800051,63.990424432006094,31.251137513305324
73.97564057205584,522.4966132439051,65.2761840301184,31.87906661936017
71.19924319163296,523.1721787758497,64.05153943094271,31.280984373251112
76.37168942657999,524.6500205572631,64.05153943094271,31.280984373251115
78.68387919851389,526.9219792652308,65.33852701272865,31.90951319226285
75.29192307177729,527.6757472933945,65.33852701272865,31.90951319226285
76.79945912810467,530.6908194060492,65.33852701272865,31.90951319226285
79.29678630554787,532.8745662031494,64.11271279866071,31.310859738880836
80.77603952155799,534.3538194191594,64.11271279866071,31.310859738880836
81.51566612956304,534.7236327231619,64.11271279866071,31.310859738880836
90.25296719215814,536.4965970058076,62.909896049581825,30.723437605609753
91.79819440535812,539.453811215696,64.17394459090607,31.34076363741927
92.40017716383855,541.5986352936917,62.969979073945225,30.75278047797327
95.89664067456326,543.3399985725731,61.7886011191994,30.175828453562517
98.61469228920835,544.3358773400231,60.629386962067684,29.60970060938191
96.95641653307646,546.8361704695642,61.84761323429651,30.20464832372622
99.45365123700658,548.9766573586471,61.84761323429652,30.20464832372622
103.2445422114885,551.0437306993481,60.68729195258156,29.63797979079566
101.58468269463035,552.1461922530552,61.90668170978479,30.233495718732122
104.0843024194074,553.2174578493882,61.9066817097848,30.233495718732122
106.22683361207343,556.0741661062763,61.9066817097848,30.233495718732122
108.36936480473948,557.1454317026092,61.9066817097848,30.233495718732122
109.88995051960816,558.9842220805372,63.1505726653795,30.840977348208604
109.98403531529888,561.2242227855153,64.41945712194497,31.46066510606616
111.56634119172165,564.2523971421249,65.71383727389622,32.09280425004235
113.0825366681016,566.5266903566949,65.71383727389622,32.09280425004235
114.59873214448154,567.6638369639799,65.71383727389622,32.09280425004235
117.11040418946367,567.9648830497856,64.48098187488185,31.490712078430676
118.5981543663974,569.4526332267194,64.48098187488185,31.49071207843068
120.6907674606103,571.235781572557,63.27125604032349,30.899915740623108
123.47404037059673,573.350435958623,62.08422583713188,30.320203315808598
127.27943429084536,575.7835300125489,60.919465473223866,29.75136685901631
125.96461868744854,577.2416033892,62.14352029297736,30.349161073314527
126.681528004141,578.6754220225849,62.143520292977364,30.349161073314527
130.84901098034229,580.035475863845,60.9776475074995,29.77978134087185
131.29158814728754,582.5501308976154,62.202871378867684,30.378146487353987
132.00918215879983,583.2677249091278,62.202871378867684,30.378146487353987
132.72677617031212,583.6265219148839,62.202871378867684,30.378146487353987
137.84260711510268,586.1917039122478,63.452713673483274,30.98853458472439
137.57113574117486,589.1744344254777,64.72766904932458,31.61118721013526
138.78765160837014,591.4703759851901,66.02824210353265,32.24635079474851
139.26688610696178,591.5272754328922,67.35494757211893,32.89427672126739
140.14426494371867,592.7508633993523,68.70831053368552,33.55522142342782
143.95935435930298,593.0656276682884,67.41927590851901,32.9256928855558
143.95935435930298,594.6211722140627,67.41927590851901,32.9256928855558
147.31398285634538,595.707803472547,66.15442482464425,32.30797491436115
148.69772399078403,597.1556387283375,64.91330357534306,31.701845932144288
151.6931740001205,599.0277949841728,64.91330357534306,31.701845932144288
151.55322980251998,599.3251736911358,63.695466965875866,31.107088518218447
155.68959853857064,602.3193153420536,64.97529998362121,31.732123247815014
155.7864019018005,604.6240405666481,66.28084868619212,32.36971680023336
156.26746982477428,607.3573941249468,67.61262977884378,33.02012151990046
158.9974798716952,607.7473955602212,67.61262977884378,33.02012151990046
159.4882138924453,610.1456689562924,68.97117034899009,33.68359482159982
162.27307803123898,610.1456689562924,68.97117034899009,33.68359482159982
162.3758346365546,612.1942931255976,70.35700807481234,34.36039929235022
163.2923189057507,614.2840803003364,71.77069143805954,35.05080279533142
172.81399368086042,616.7679954590607,71.77069143805954,35.05080279533142
174.88392297979732,616.7679954590607,71.77069143805954,35.05080279533142
173.90122347298436,617.5107748671985,70.42420357338641,34.393215698630584
176.44345937622185,621.6336533392839,71.83923709578647,35.08427858166317
181.10868264091567,622.5243228637847,73.2827028867521,35.78922699120453
177.56903592068488,622.0146283788018,71.90784821905508,35.11778633953855
179.90267446626177,622.7588272693295,70.55878715998368,34.45894256650368
184.2275086098508,625.5240411892315,69.23503579639306,33.812459342424546
186.07504612917654,627.0392977427824,67.9361192938189,33.17810477139996
186.85878088755607,628.2148998803517,67.9361192938189,33.17810477139996
188.4262504043151,629.390502017921,67.9361192938189,33.17810477139996
189.70306707777854,631.8002498426636,69.30115973878961,33.8447524305717
190.90229058909802,631.4005086722236,69.30115973878961,33.8447524305717
198.20087989657873,635.0578990713282,70.69362794142111,34.52479504115918
201.1606148914625,637.5654579063895,72.1140750076481,35.218501747921195
201.99254800361808,638.3973910185451,72.1140750076481,35.218501747921195
202.82448111577372,639.6452906867786,72.1140750076481,35.218501747921195
205.011752953754,642.2032339015127,73.56306311677677,35.92614710354218
211.4862193656657,643.9639247250824,75.04116574398218,36.648011177293654
212.46372039688305,645.327142583654,76.548967887276,37.38437966587902
218.31788806094266,651.5747772832799,78.08706629903506,38.135544006505526
219.33506559377128,652.9933277848204,79.65606972218157,38.901801492228245
220.37268127476693,653.9809111252235,81.25659913110937,39.68345538961159
221.43114576764088,654.5196357486741,82.88928797745075,40.480815058755056
224.299864945033,656.4321152002689,82.88928797745075,40.480815058755056
226.2123443966277,658.8227145147623,82.88928797745075,40.480815058755056
231.29296492897674,660.6368038032601,81.33420444492889,39.72135565915136
232.7004145389467,663.9208528931899,81.33420444492889,39.72135565915136
234.10786414891663,664.8591526331699,81.33420444492889,39.72135565915136
235.16733954392058,663.9909421635502,82.96845261484084,40.519476858410684
235.29094998138095,663.1052867409645,84.63553773323085,41.33363470692673
237.73191266092385,663.5934792768732,84.63553773323085,41.33363470692673
240.17287534046676,664.5698643486903,84.63553773323085,41.33363470692673
251.70703356727813,670.8159043417623,83.04769285958584,40.55817558258847
246.43766429867412,668.4207364923969,83.04769285958584,40.55817558258847
248.3537985781665,669.8578372020162,83.04769285958584,40.55817558258847
249.43559421134506,669.9294030608988,84.7163701522135,41.37311100456942
261.4694270975327,674.2267732610471,83.12700878389565,40.59691126655372
255.35988974631965,672.8599342361048,84.79727977139046,41.41262500463258
257.31639171504247,673.3490597282855,84.79727977139046,41.41262500463259
258.78376819158456,674.8164362048276,84.79727977139046,41.41262500463259
261.22939565248805,675.794687189189,84.79727977139046,41.41262500463259
262.69677212903014,676.2838126813697,84.79727977139046,41.41262500463259
262.69677212903014,675.794687189189,84.79727977139046,41.41262500463259
268.07715254301786,677.262063665731,84.79727977139046,41.41262500463259
270.15998962487873,677.8242627129833,86.50111151383702,42.24472887885067
271.656850096964,678.3232162036784,86.50111151383703,42.24472887885067
269.16208264348853,678.8221696943734,86.50111151383703,42.24472887885067
273.7815376243107,680.3935719884724,88.23917834748455,43.09355221621342
270.5374322542927,679.7798525049999,86.58372567658259,42.285075330424085
275.1612991137475,680.3538955428681,88.32345247660217,43.134709349038296
279.04660640775677,683.3058454149099,86.66641874120315,42.325460315471325
284.8586496104833,686.7023208524461,85.04047256775124,41.53139357959947
279.27950301453313,684.1487358651071,83.4450307233966,40.752224306775105
281.98755985333264,686.4563134511852,81.87952091730396,39.98767300612522
285.1171062666299,687.3037125895655,80.3433815953699,39.23746543029696
291.4319817677172,688.1352136972384,78.83606173879123,38.50133247708411
293.53572274600793,688.9511150366981,77.3570206664126,37.7790100928992
296.04620428132233,689.3055004941194,75.90572784078213,37.07023917805641
300.26093662764623,690.0910748068387,74.48166267784578,36.37476549383168
300.26093662764623,693.0984373082972,74.48166267784578,36.37476549383168
304.82621971690986,696.0173895565443,73.08431436021183,35.69233957126627
308.4627275306728,692.9796965049179,71.7131816539189,35.02271662168134
312.4446650599271,694.5491889913037,70.3677727286414,34.365656448871405
315.13421683413753,695.6833426944764,69.04760498126831,33.72092336294501
318.56986725015486,697.1944971952489,67.75220486279153,33.08828609578193
322.08712600836793,696.0220776091779,67.75220486279153,33.08828609578193
327.4123529298266,698.2864944414823,66.48110770844227,32.46751771807648
324.9681810488013,697.0571570466824,65.23385757101394,31.85839555793707
325.95638656814737,701.4950871525929,64.01000705731238,31.260701121013046
328.77215678925876,699.9422233101292,62.80911716767412,30.674220012119942
329.8590386007118,701.0291051215822,62.80911716767412,30.674220012119946
331.67050828646694,701.3913990587332,62.80911716767412,30.67422001211995
334.93115372082616,702.1159869330353,62.80911716767412,30.67422001211995
337.82950521803434,702.8405748073374,62.80911716767412,30.67422001211995
342.4039185412848,703.1283138842298,61.63075713849571,30.098741858335146
342.49573904185826,704.2479146784808,62.869103941679505,30.703515878494677
344.7652441996746,704.3397791884794,64.13233284717967,31.32044162304127
345.1351706755373,703.9698527126167,64.13233284717967,31.32044162304127
347.4502770004897,702.9153389441253,65.42094381107805,31.949763256573036
355.6111453879518,688.8753857113584,64.19358337784183,31.350354672899535
368.0622653150265,685.8369492432403,62.98924941816773,30.762191576314507
375.1931285423127,690.4855091926029,61.807509933051726,30.185062990560176
376.6191945103707,690.1289927005884,61.807509933051726,30.185062990560176
379.20689378995866,690.1822549572682,63.049408230136535,30.791571461229502
381.38897365728985,690.5459349351568,63.049408230136535,30.791571461229502
382.4800135909555,690.1822549572682,63.049408230136535,30.791571461229502
384.29841348039815,690.5459349351568,63.049408230136535,30.791571461229502
385.3894534140638,691.6369748688223,63.049408230136535,30.791571461229502
391.79976712170344,689.380054914065,61.866540107290476,30.213891680304684
393.94090905180377,692.9486247975656,61.866540107290476,30.213891680304684
395.368337005204,690.4506258791151,61.866540107290476,30.213891680304684
399.29376387705463,690.8074828674652,61.866540107290476,30.213891680304684
396.4389079702542,693.6623387742657,61.866540107290476,30.213891680304684
400.3643348421048,690.0937688907651,61.866540107290476,30.213891680304684
403.3113625304175,691.217652981399,63.10962449766627,30.820979405837043
406.8155799762024,691.8707960484772,61.92562665916803,30.24274790331465
408.8252636603895,694.2976745667875,60.76384176984716,29.675364585274224
411.01877118092506,689.092590966948,61.984769642528704,30.271631685886142
413.1640049224445,689.8076688807879,61.984769642528704,30.271631685886142
415.75912554651006,690.5761618038154,63.23022961895603,30.879879581350654
419.40635541832313,692.0350537525405,63.23022961895603,30.879879581350657
421.8231006080736,693.4188909775896,62.04396911126818,30.300543054340313
424.910266170823,692.6294834938606,60.87996400262887,29.732075443144367
427.36842988856324,692.6294834938606,60.87996400262887,29.732075443144367
429.8265936063035,692.6294834938606,60.87996400262887,29.732075443144367
432.28475732404377,692.6294834938606,60.87996400262887,29.732075443144367
436.0163371538111,693.9618835334333,59.73779676014071,29.174272836347825
437.3946492563157,695.3401956359379,59.73779676014071,29.174272836347825
439.33333089677615,696.6475985569343,58.617057684228946,28.626935148111844
439.33333089677615,694.9570315206286,58.617057684228946,28.626935148111844
441.11122847757963,698.7267919037971,59.794850224278164,29.202136156042855
440.8554066347547,697.7435984029989,60.99630814983458,29.788894677826224
443.05730593464324,700.259022982334,62.22190696948921,30.38744293858779
446.51223208335693,699.8262583383159,61.0545635738422,29.817345001178786
448.62527228029086,699.4740849721603,61.0545635738422,29.817345001178786
451.5336212689028,698.4701782832947,62.28133291973141,30.416464914287474
459.43711215214284,697.0331799408874,62.28133291973141,30.416464914287474
462.89533797904716,700.9109970058331,61.11287463555199,29.845822496432405
463.33889662759543,699.2011120920235,62.34081562560414,30.44551460785322
464.51055308450645,698.1760558450784,63.59342963396941,31.057256332868814
467.81191497815786,697.4424198687115,63.59342963396941,31.057256332868818
473.40892938645953,695.6631311902293,64.87121241560476,31.681289784365156
473.7831178484796,694.9147542661891,64.87121241560476,31.681289784365156
483.98285461152807,691.2287720301899,66.1746696866715,32.3178619400024
485.50968273467777,694.2824282764893,66.1746696866715,32.3178619400024
490.090167104127,688.5568228146778,66.1746696866715,32.3178619400024
492.76211631963895,688.1751157838904,66.1746696866715,32.3178619400024
493.9072374120012,687.0299946915281,66.1746696866715,32.3178619400024
496.29606983929347,685.5601921991856,67.5043173246858,32.96722473996287
494.59303309006214,690.9313374857836,66.23787078126385,32.348727590849826
496.602075421289,687.5497733082925,67.56878831887178,32.998710574332776
494.6533326708362,688.3292704084736,67.56878831887178,32.998710574332776
495.53349703935294,686.0490061122358,68.92644798256288,33.66175366590285
491.95527912998534,684.8562668091133,68.92644798256288,33.66175366590285
493.3970022131658,688.3526685438682,67.63332088703194,33.03022647971332
492.6167606427789,689.913151684642,67.63332088703194,33.03022647971332
491.6907108897656,684.7613002533978,66.36445411151081,32.4105473567844
493.70359258457563,684.8184894298124,67.6979150879734,33.061772484824274
491.3606323297456,685.5994761814225,67.6979150879734,33.061772484824274
495.2655660877957,685.5994761814225,67.6979150879734,33.061772484824274
492.14161908135566,686.7709563088375,67.6979150879734,33.061772484824274
493.0234654806444,687.6102813389839,69.05816929583605,33.72608267936185
490.0862086054372,689.9183461654836,67.76257098055946,33.09334861841282
491.503587066359,691.4013768100508,66.49127934777479,32.47248526286682
493.0377202283842,687.1825106144815,66.49127934777479,32.47248526286682
492.1273075499887,689.0212514545584,65.24383838051537,31.863269906763385
493.6326588841665,690.5266027887362,65.24383838051537,31.863269906763385
493.115664265223,693.4598605657679,64.01980061713564,31.26548402232212
494.2234963762502,688.2899773809745,64.01980061713564,31.265484022322124
493.34692370804595,690.0603722827271,62.81872699080502,30.678913181556
493.70927307633207,691.8721191241576,62.81872699080502,30.678913181556
491.6287672624746,694.4626983691678,64.08094367223127,31.295344584113003
493.9420184950161,689.7127290400867,65.36852207343742,31.924161942841586
492.81084740255324,690.8439001325496,65.36852207343742,31.924161942841586
493.0469788469991,692.2745353640963,64.14214512290374,31.325233664673974
492.90869716147085,694.4182966390329,62.93877619484165,30.737541862597137
493.63478082751647,690.7878783088047,62.93877619484165,30.73754186259714
495.3143026058019,692.1653368744675,61.75798363640752,30.160875729408378
495.89362247751353,693.5169529798503,60.599343892984244,29.59502841285282
496.8116213255597,695.5423066139612,59.46244135625061,29.03979694142476
496.12564187025043,692.7983887927242,59.46244135625061,29.039796941424765
496.34043871317056,694.0997653706199,58.34686821510108,28.494982151561043
497.01354852777433,695.4459849998275,58.34686821510108,28.494982151561043
497.3501034350762,697.8018693509408,58.34686821510108,28.494982151561043
498.57053520254925,694.3670621383003,57.252224309362504,27.96038861620034
497.5798127712665,695.0275437591554,57.252224309362504,27.96038861620034
499.4378296745305,695.6200665903417,56.17811698625511,27.435824574682776
498.87343622222807,695.3444325787522,57.306903890859935,27.987092597861878
497.7582217458758,695.6069650958244,56.23177072570677,27.462027563717307
499.0556403709333,696.5800290646175,56.23177072570677,27.462027563717307
499.3799950271977,696.9043837208819,56.23177072570677,27.462027563717307
499.90747633867835,697.8107001855292,55.1768081027454,26.946813259480358
500.4250615885423,698.0634743773232,54.14163760301761,26.441264875892365
500.5057244344555,695.6117433814258,55.22950552737504,26.97254921104367
499.95086120717474,695.0221902498986,56.33923198193659,27.514508642341173
500.03479813611557,696.6956128079655,57.471256170149644,28.067357664491738
500.1204216097697,694.7561129772704,58.626026120376466,28.63131508204437
502.2367563484658,692.7776427764773,59.803998863213195,29.20660409598789
499.3481479853165,697.1911335942783,58.6820177715619,28.658659841925626
497.99419555183965,695.8371811608015,58.6820177715619,28.658659841925626
499.00965987694724,696.8526454859091,58.6820177715619,28.658659841925626
500.7021004187933,695.160204944063,58.6820177715619,28.658659841925626
498.54466137027293,699.4908943883795,57.58108613469543,28.12099555415363
499.7490754009509,698.7582697518985,56.50080904440185,27.593418370521878
501.0527014657,698.4323632357113,56.50080904440185,27.593418370521878
501.90861300342283,697.7134833488296,55.44079900133073,27.075739047161562
503.27038017707844,696.1622981626106,56.55477097566447,27.61977187183618
502.7022026704714,693.2750739003898,57.6911259888785,28.174735948056984
502.5778284992229,696.8670913214673,56.60878444406568,27.646150542450723
502.9043578363384,694.907915298774,56.60878444406568,27.646150542450727
503.1088463824324,698.7590723221009,55.546748677646804,27.127481912339185
503.1088463824324,696.1958456847145,55.546748677646804,27.127481912339185
502.87119930151573,693.680486129969,56.66284949882676,27.672554406403815
504.05640672874176,695.5742740949706,55.599799419480426,27.153390414164907
504.57795984253056,697.7532420943767,54.55669319190282,26.64396644255724
505.8367299106829,694.921009441034,54.55669319190282,26.643966442557243
506.97788321567634,694.8562502656067,53.53315665006818,26.144099759335674
507.48005021687607,695.1014946150298,52.52882264766872,25.65361106048943
507.6698006712752,695.6451333485383,51.54333092641792,25.17232440592508
507.6698006712752,694.7532005939976,51.54333092641792,25.17232440592508
507.9671115894554,695.0505115121778,51.54333092641792,25.17232440592508
508.85904434399606,695.347822430358,51.54333092641792,25.17232440592508
509.45366618035655,695.0505115121778,51.54333092641792,25.17232440592508
506.48055699855433,695.347822430358,51.54333092641792,25.17232440592508
506.7778679167345,695.0505115121778,51.54333092641792,25.17232440592508
507.0751788349147,695.347822430358,51.54333092641792,25.17232440592508
507.3724897530949,694.4558896758173,51.54333092641792,25.17232440592508
508.2644225076356,693.5639569212766,51.54333092641792,25.17232440592508
507.6698006712751,695.0505115121776,51.54333092641792,25.17232440592508
508.2644225076356,694.158578757637,51.54333092641792,25.17232440592508
507.4492815153031,693.3110631641324,52.57899107472244,25.678111920213336
504.7980531762564,692.7498032262667,53.63546074238683,26.194062223026183
505.8060979582757,691.5585085171225,54.71315805508361,26.72037951527345
502.41606691307055,693.183632426192,55.81250953988441,27.25727210087384
504.02574833635055,693.505568710848,55.81250953988441,27.25727210087384
505.8370419129694,693.7612551573106,54.76541266389478,26.74589920794867
505.52114546563143,694.3930480519866,54.76541266389478,26.745899207948675
505.40307873185907,693.0644553357381,53.73796034208746,26.24412016706603
507.6529296223798,692.8007937824797,54.81771717924103,26.77144327358289
505.2050145333351,692.8480326265322,55.91916957052352,27.309361883278992
503.91480846010927,692.8480326265322,55.91916957052353,27.309361883278992
505.2050145333351,692.5254811082258,55.91916957052353,27.309361883278992
503.5922569418028,692.8480326265322,55.91916957052353,27.309361883278992
503.91480846010927,693.4931356631452,55.91916957052353,27.309361883278992
505.08446045759075,694.0718622553642,54.87007164878634,26.79701173545385
505.40096059619844,694.7048625325797,54.87007164878635,26.79701173545385
506.86516892501845,695.2727316519532,53.840655822792826,26.29427377392213
507.05965812908926,695.5193847065468,52.830552837314414,25.800967664734998
506.64102684971226,695.4566744717627,51.83940036470923,25.316916457183623
505.7439707547727,695.7556931700758,51.839400364709235,25.316916457183623
504.5478959615199,695.7556931700758,51.83940036470924,25.316916457183623
505.7439707547727,695.7556931700758,51.83940036470924,25.316916457183623
504.84691465983315,696.054711868389,51.83940036470924,25.316916457183623
505.9312308013373,694.7971033452517,50.866842874953775,24.841946520326303
506.22463961850644,695.0905121624209,50.86684287495378,24.841946520326307
506.22463961850644,695.38392097959,50.86684287495378,24.841946520326307
506.22463961850644,696.5575562482669,50.86684287495378,24.841946520326307
507.6916837043525,696.2641474310977,50.86684287495378,24.841946520326307
510.2227011079574,696.7905857680769,49.912531508113034,24.375887480706403
508.56963812878917,695.681980865973,50.91542400370555,24.86567218785624
508.16618240201814,696.2089219856528,49.96020120771447,24.39916803167455
505.8607492021749,697.073459435594,49.96020120771447,24.39916803167455
508.6348333464003,697.3023354781992,49.02289931895013,23.94141594646406
510.61424175142287,696.7367902196213,49.02289931895014,23.941415946464062
508.0692880878224,697.3023354781992,49.022899318950145,23.941415946464062
509.5561879348371,696.4962627843151,50.00791643496581,24.422470817076366
511.179103990135,696.4369030386323,49.06971936220412,23.96428154898345
509.76389051283286,697.569073820474,49.06971936220412,23.96428154898345
507.8556980999583,695.6300604931296,50.05567723334889,24.44579585814718
507.6415436109738,696.2506554220616,51.061445955998565,24.93698523432493
507.53146212244906,696.7791077728181,50.103483646387104,24.469143176142587
509.0511368704484,695.3772560136402,51.11021294329396,24.96080166998082
506.69263592525334,695.966881249939,51.11021294329396,24.960801669980825
507.5770737797015,697.1461317225366,51.11021294329396,24.960801669980825
508.53765811611356,695.1264873196628,52.13717045196357,25.46233905793575
507.1116531689104,695.1714162184031,53.18476261785488,25.973953836626855
509.4512259588672,696.3354014634277,52.18696482580954,25.48665724051169
507.12078855245653,694.875255718602,53.235557510054534,25.99876064444529
508.42838938062476,692.1574833608637,54.30521956710406,26.521153742074134
506.0033601522543,693.4572484564519,55.39637434386588,27.05404328421363
506.322896096556,693.7767844007536,55.39637434386589,27.05404328421363
505.68382420795257,694.4158562893571,55.396374343865894,27.05404328421363
506.20346909576364,695.9477801280532,54.35708456824377,26.546483161235383
507.2250763441469,696.308163164373,55.4492814684735,27.07988164739409
506.90523522232724,695.6684809207338,55.44928146847351,27.079881647394092
507.6275285033327,694.4368995243045,56.563423881019546,27.623997709335182
508.9325992612541,693.131828766383,56.56342388101955,27.623997709335185
506.97499312437213,693.4580964558634,56.56342388101955,27.62399770933519
505.42792561791043,691.2229658259946,57.69995275706088,28.179046695308863
507.63329612051336,693.1514158965254,56.61744561350567,27.650380415898184
506.3269789355103,693.8045744890269,56.61744561350567,27.650380415898184
507.95987541676413,692.8248366002746,56.61744561350567,27.650380415898184
504.4518545831511,690.9141505721724,57.75505994821785,28.205959509594827
505.45127834530206,691.9135743343234,57.755059948217855,28.205959509594827
508.3250376276411,693.8438661995452,56.671518940244425,27.676788319654314
506.44812241010453,692.9120289444402,57.81021977031075,28.23289802736113
507.9907886165641,693.8437860868265,56.725643910511636,27.70322144466854
507.42089443501715,692.5838554639133,57.86543227360555,28.259862273156266
508.42222813760935,692.9176333647774,57.86543227360555,28.259862273156266
505.17065986536016,692.6337206584501,59.02812240427911,28.827687685810794
506.8730823664907,692.293236158224,59.02812240427911,28.827687685810794
504.83017536513404,691.6122671577717,59.02812240427911,28.827687685810794
505.8516288658124,690.9312981573195,59.02812240427911,28.827687685810794
508.1077638148744,692.9041383655793,57.9206975084162,28.28685227155216
506.4372804130111,692.235945004834,57.9206975084162,28.286852271552164
505.10089369152047,692.235945004834,57.9206975084162,28.286852271552167
503.18260668251156,691.6176644631151,59.08449808345281,28.855219994244464
502.2482045875447,689.2829123856145,60.27168290344363,29.43500792958882
508.37610342028563,693.7309179391594,59.14092760505065,28.882778597815502
507.9074684949029,692.6373117046348,58.0313863740812,28.34090962455135
508.7865662279742,693.9073686563431,56.942661214030394,27.80920663941026
508.7865662279742,692.9220030667577,56.942661214030394,27.809206639410263
506.57221579944513,692.9710730687833,58.086810105803906,28.367977028415932
508.2474900334067,692.636018221991,58.086810105803906,28.367977028415936
509.1274273617377,694.2423430071209,56.997045142726485,27.835766232494404
506.49727622165955,693.9135741146112,56.997045142726485,27.835766232494404
506.3743983937141,695.1609937944326,55.92772522857821,27.313540227910362
505.7291966560469,694.5157920567653,55.92772522857821,27.313540227910366
506.3743983937141,693.8705903190981,55.92772522857821,27.31354022791037
507.86683021731,695.73980893208,54.878466794387904,26.801111690282543
509.4495730336652,695.73980893208,54.878466794387904,26.801111690282543
509.7661215969362,695.423260368809,54.878466794387904,26.801111690282543
509.1330244703941,695.106711805538,54.878466794387904,26.801111690282543
508.8164759071231,694.4736146789959,54.878466794387904,26.801111690282543
510.2809082604748,695.991216372413,53.848893467310745,26.298296809616954
511.83395728466473,695.680606567575,53.848893467310745,26.298296809616957
510.2809082604748,693.195728128871,53.848893467310745,26.298296809616957
507.2550369135515,694.1739615093252,54.93087928374942,26.82670848741259
509.03771878227445,695.6930126106295,53.90032264747642,26.32341338597694
509.42892856274057,695.4285544380472,54.98334183043217,26.852329731141378
509.82799892132573,695.4759360081648,56.08812211783105,27.391873592429203
508.7365024088576,693.7917286856571,55.03585448224415,26.877975444816993
505.32647707077786,691.6169606880014,56.14168990635588,27.418034605429703
504.7624495831336,693.9321858384967,57.269744881644286,27.968945174756605
505.42313332741924,692.2804764777827,57.26974488164429,27.96894517475661
507.2817188290188,695.1855737403575,56.19530885558745,27.444220603891637
505.4205753072362,694.2615667023781,57.32444119642277,27.995657328485635
504.09794582715034,692.6082798522707,57.32444119642277,27.99565732848564
502.77531634706446,691.6163077422062,57.32444119642277,27.99565732848564
506.95027850831843,691.8789206006102,56.248979014387544,27.47043161167774
508.4512829919221,694.4077840034923,55.193693547220334,26.955059639340263
505.2676145305827,692.1792160805547,55.193693547220334,26.955059639340263
510.24249401998935,696.5708366271368,54.1582062601575,26.44935654565841
506.26205987636075,693.8059613670112,55.246407098542846,26.98080346673033
504.0313635267492,692.849948645749,55.246407098542846,26.98080346673033
505.624718062186,693.8059613670112,55.246407098542846,26.98080346673033
502.20164686948414,690.9855314682837,56.356473156373866,27.522928750787344
504.4771646008484,693.261049199648,56.356473156373866,27.522928750787347
503.17686875435453,691.9607533531541,56.356473156373866,27.522928750787347
502.61068344678904,692.0093182110828,57.48884377150489,28.075946958176917
503.9371061377266,693.3357409020203,57.48884377150489,28.075946958176917
502.61068344678904,692.3409238838173,57.48884377150489,28.075946958176917
503.60550046499213,693.004135229286,57.48884377150489,28.075946958176917
503.60550046499213,691.6777125383485,57.48884377150489,28.075946958176917
503.93710613772646,692.0093182110828,57.48884377150489,28.075946958176917
503.2738947922577,692.6725295565516,57.48884377150489,28.075946958176917
501.2842607558515,692.3409238838173,57.48884377150489,28.075946958176917
505.80280209565785,694.2623182616024,56.41029723751717,27.549214929950356
505.03042035927285,692.2430522754024,55.35198528383516,27.03236490605914
504.71114045880756,693.2008919767982,55.35198528383516,27.03236490605914
503.1147409564812,693.8394517777288,55.35198528383516,27.03236490605914
503.1972070372577,691.013631919978,56.46417272414327,27.575526214116586
503.40117320081595,694.5292556595971,55.40485001401609,27.058182564984705
504.35992770115,693.8900859927077,55.40485001401609,27.058182564984705
504.35992770115,694.2096708261523,55.40485001401609,27.058182564984705
503.0815883673712,692.9313314923735,55.40485001401609,27.058182564984705
503.7207580342606,693.2509163258181,55.40485001401609,27.058182564984705
504.04034286770525,692.9313314923735,55.40485001401609,27.058182564984705
504.67951253459466,693.8900859927076,55.40485001401609,27.058182564984705
504.9990973680393,693.8900859927076,55.40485001401609,27.058182564984705
503.7207580342605,694.2096708261522,55.40485001401609,27.058182564984705
506.27743670181815,693.8900859927076,55.40485001401609,27.058182564984705
504.04034286770525,693.8900859927076,55.40485001401609,27.058182564984705
504.04034286770525,693.8900859927076,55.40485001401609,27.058182564984705
504.67951253459466,694.529255659597,55.40485001401609,27.058182564984705
504.67951253459466,693.8900859927076,55.40485001401609,27.058182564984705
505.63826703492873,694.2096708261522,55.40485001401609,27.058182564984705
504.9990973680393,693.5705011592628,55.40485001401609,27.058182564984705
504.67951253459466,693.5705011592628,55.40485001401609,27.058182564984705
505.9578518683735,693.5705011592628,55.40485001401609,27.058182564984705
504.35992770115,693.8900859927074,55.40485001401609,27.058182564984705
505.63826703492884,694.2096708261521,55.40485001401609,27.058182564984705
505.9578518683735,693.8900859927074,55.40485001401609,27.058182564984705
506.7971610955304,694.7830745495494,54.36540122659161,26.550544785079722
505.5428046489912,694.1558963262797,54.36540122659161,26.550544785079726
505.2292155373564,694.1558963262797,54.36540122659161,26.550544785079726
505.5428046489912,694.4694854379145,54.36540122659161,26.550544785079726
505.2292155373564,693.2151289913753,54.36540122659161,26.550544785079726
506.67995673166604,696.6000771088281,53.345453507781244,26.052430782870008
506.14402163300014,695.7229296121916,54.41732370511309,26.575902274590216
506.14402163300014,695.4090410026491,54.41732370511309,26.575902274590216
505.51624441391533,694.4673751740219,54.41732370511309,26.575902274590216
503.5155964550396,694.71667004069,53.396401870186075,26.07731254125376
505.2484796477029,695.8852871568533,52.394633520253635,25.588076835472798
506.75958654743556,694.9786230170138,52.39463352025364,25.588076835472798
507.6662506872751,695.2808443969603,52.39463352025364,25.588076835472798
507.0618079273821,695.2808443969603,52.39463352025364,25.588076835472798
509.36662330851897,697.0319798811258,51.411659317338184,25.10801966660711
507.1799269142262,696.9709538828486,50.44712666499152,24.636968836391297
509.79881730234655,698.7168808082621,50.44712666499152,24.636968836391297
506.9640976770886,695.2684994709224,51.4607607810712,25.13199945122091
510.1183363515207,697.878926941554,50.49530693758469,24.66049873696005
509.90230098348604,697.922440974107,51.50990913988158,25.15600213808179
508.1195921705511,697.3282047031287,51.509909139881586,25.156002138081792
507.8224740350618,697.0310865676395,51.50990913988159,25.156002138081792
508.7138284415293,696.7339684321503,51.50990913988159,25.156002138081792
507.304979732888,696.48123865667,52.54489774422923,25.66146168904227
509.1235085140012,696.7843267868556,52.54489774422923,25.66146168904227
508.2142441234446,696.48123865667,52.54489774422923,25.66146168904227
507.98943993844273,696.223430781811,53.600682374604034,26.177077438760197
507.0619056984866,696.5326088617963,53.60068237460404,26.177077438760197
508.80141844370945,697.0873406378495,52.59508152404109,25.685970046624803
508.99140824578984,696.721532310181,51.60834672192853,25.2040763060582
507.0940320703336,697.2556447238278,50.640124022877444,24.73122336001
508.62998350748813,696.7150814250343,51.65763603486912,25.228147830982678
502.96854875801563,676.15513417695,51.65763603486913,25.228147830982678
502.15160006761914,673.2199473400159,52.695592915717754,25.735057005350615
499.71994113797973,669.5724589455567,52.695592915717754,25.73505700535062
501.1261234833058,670.7257383739608,51.70697242229524,25.25224234577218
500.82786865245015,671.6205028665275,51.706972422295244,25.25224234577218
499.9331041598834,673.410031851661,51.706972422295244,25.25224234577218
501.90941482064176,675.1381842998014,50.73689940933429,24.778485758047065
501.61675554003494,674.8455250191946,50.73689940933429,24.778485758047065
501.61675554003494,673.0895693355535,50.73689940933429,24.778485758047065
501.1070272801191,674.0112694008127,51.75635592916605,25.276359872383505
500.5099479130549,673.4141900337485,51.75635592916605,25.27635987238351
504.0924241154399,674.0112694008127,51.75635592916605,25.27635987238351
500.2885173667445,672.5631717172264,52.796296388850784,25.78423777129931
499.7580993750739,672.304130372457,53.85713237219196,26.30232046083803
500.0687567033516,671.9934730441794,53.85713237219196,26.30232046083803
500.37941403162927,672.304130372457,53.85713237219196,26.30232046083803
500.2633054258464,672.8615162371584,52.84672027064719,25.80886338799058
499.8445460351221,674.0181031920531,51.855264481293204,25.32466404900375
500.44276644572847,675.2145440132658,51.85526448129321,25.32466404900375
502.4247450302382,675.4521016578674,50.882409365305705,24.84954875980055
501.8377478154398,676.9195946948635,50.882409365305705,24.84954875980055
501.25075060064137,673.9846086208713,50.882409365305705,24.84954875980055
501.033059082352,674.3219548440545,51.90478961668279,25.34885074303122
507.8072645834331,676.9549063709309,50.93100536106374,24.873281687961452
503.9881386549666,675.4860117830591,50.93100536106374,24.873281687961452
503.4005808198179,676.9549063709309,50.93100536106374,24.873281687961452
503.18268139203235,675.8236801937297,51.95436205178359,25.373060536917663
502.28363593993686,675.8236801937297,51.95436205178359,25.373060536917663
503.67003853335194,678.159464542442,50.979647769144485,24.897037282605538
502.8638120065753,674.9687415027439,52.003981831769906,25.397293452724934
502.8638120065753,675.2687095356501,52.00398183176991,25.397293452724934
505.75137886877246,677.6067247096656,51.028336633874716,24.92081556538077
505.827403367427,675.8846560294711,52.053649001859156,25.421549512535968
505.52714884562533,675.5844015076694,52.05364900185916,25.421549512535968
504.9266398020221,674.9838924640662,52.05364900185916,25.421549512535968
504.62638528022046,674.9838924640662,52.05364900185916,25.421549512535968
504.9266398020221,676.4851650730743,52.05364900185916,25.421549512535968
505.30444638272985,675.9295129540949,53.09956297125352,25.932344706891353
506.2233089904543,676.235800490003,53.099562971253526,25.932344706891357
502.54785855955635,676.8483755618194,53.099562971253526,25.932344706891357
502.01439380016564,677.2004213325379,54.166492490034926,26.453403309086923
504.084710655882,678.6983341849017,53.150276492273704,25.957111775296557
505.0044508368964,677.7785940038873,53.15027649227371,25.957111775296557
505.6176109575727,676.8588538228729,53.15027649227371,25.957111775296557
505.0044508368964,676.2456937021966,53.15027649227371,25.957111775296557
502.5518103541912,675.9391136418585,53.15027649227371,25.957111775296557
503.6635458742883,677.7155042548943,52.1531256934322,25.47013115260652
503.6635458742883,676.512190972094,52.1531256934322,25.47013115260652
504.0420744591094,676.5571336201693,53.201038447990335,25.98190249785584
502.200837274222,676.8640064843172,53.201038447990335,25.98190249785584
503.6205074378774,677.4146022088242,52.20293530556693,25.494456777137433
506.82023699804097,677.3526369604288,51.22355754730852,25.016156011476347
507.3007388382828,676.7009014210961,50.2625538668248,24.546828632635457
505.85112297415077,677.2807477667488,50.2625538668248,24.54682863263546
505.56119980132434,676.9908245939224,50.2625538668248,24.546828632635464
504.1115839371923,676.700901421096,50.2625538668248,24.546828632635464
506.0326869604495,679.8303943200955,49.31957954857447,24.08630629116437
505.17923516273106,678.4079746572314,49.31957954857447,24.08630629116437
503.756815499867,678.4079746572314,49.31957954857447,24.08630629116437
504.61026729758544,677.554522859513,49.31957954857447,24.08630629116437
505.3573928323382,678.6339159048077,48.394296344214524,23.634423796011838
508.6028222062925,681.0887921771633,47.48637235126933,23.19101905527116
506.95936416300555,680.540972829401,47.48637235126934,23.191019055271163
505.93447297541616,683.0470809952737,48.44051603092339,23.65699620114873
505.65505963445776,679.9735342447308,48.44051603092339,23.65699620114873
504.3301619672778,680.2946909143129,49.41383131953273,24.132336225818413
506.50385325614116,680.8060915382433,48.486779860425955,23.679590164394163
505.66481265976495,681.0857717370354,48.486779860425955,23.679590164394163
504.26641166580464,681.0857717370354,48.486779860425955,23.679590164394163
508.0774035880673,682.985978982623,47.577120786910044,23.235338058723602
505.9528212840146,685.7713095522722,48.53308787488143,23.702205706337537
504.62539168220303,689.452447703534,49.50826320955143,24.17845412559498
504.4135792086902,688.0672496928731,50.503032742220945,24.664271804340558
503.5396483179852,686.9020085052665,50.503032742220945,24.664271804340558
503.83095861488687,683.4062849424466,50.503032742220945,24.664271804340558
503.6148901933438,689.8586321645025,51.51779017911039,25.159851017705172
503.39448030900667,689.0115365318586,52.552937137179256,25.665387904203925
502.26023822044687,691.7850342403347,53.608883303076595,26.181082543363097
501.4124311899721,690.5943298414514,54.68604659528532,26.707139034906895
502.12478242292696,691.9032098192303,55.78485332952439,27.243765579535278
501.2425631351385,690.6641750518952,56.90573838747452,27.79117456132488
499.92959425822545,689.3512061749822,56.90573838747453,27.791174561324883
500.34261741520044,691.0414554551213,58.049145388894054,28.349582631785584
501.6819677757572,689.0324299142861,58.04914538889406,28.349582631785584
500.6774550053396,692.0459682255389,58.04914538889406,28.349582631785584
500.34261741520044,690.3717802748429,58.04914538889406,28.349582631785584
501.22198417354645,693.9860890258243,56.96008705248038,27.817716932606807
500.97829037077616,692.0638397736486,58.10458608162587,28.376658318933675
501.9837625159352,691.0583676284896,58.10458608162587,28.37665831893368
500.97829037077616,689.3825807198912,58.10458608162587,28.37665831893368
500.6431329890565,692.0638397736486,58.10458608162587,28.37665831893368
501.31344775249585,692.734154537088,58.10458608162587,28.37665831893368
500.97829037077616,691.7286823919289,58.10458608162587,28.37665831893368
501.31344775249585,692.734154537088,58.10458608162587,28.37665831893368
502.8639691264775,694.3409708966476,57.01448762398058,27.84428465357202
502.2062301189128,694.0121013928652,57.01448762398058,27.84428465357202
505.0431402214063,695.5887723172124,55.944840471946364,27.321898835136707
505.3658398139473,696.2341715022943,55.944840471946364,27.321898835136707
505.3658398139473,696.5568710948353,55.944840471946364,27.321898835136707
503.63173243254823,695.5223654012793,54.895260939170626,26.809313481920647
504.66345436765204,697.1528982423382,55.99827141722139,27.34799301771288
505.51175313379656,698.0554512781439,54.9476894680279,26.8349181122928
506.34413699134336,697.9902279874091,53.91681745637423,26.3314689903224
505.41113218459964,696.1242183739216,53.91681745637423,26.3314689903224
505.49146008252,697.4146872819499,55.00016806952516,26.860547196744946
505.49146008252,697.097436724508,55.00016806952517,26.860547196744946
505.8087106399619,696.7801861670662,55.00016806952517,26.860547196744946
506.4432117548456,698.3664389542755,55.00016806952517,26.860547196744946
505.17420952507814,697.097436724508,55.00016806952517,26.860547196744946
