423.0,250.0,43.0,68.0
422.13385826771656,249.13385826771656,43.0,68.0
421.7007874015748,248.70078740157481,43.0,68.0
421.7007874015748,248.26771653543307,43.0,68.0
421.26771653543307,248.70078740157481,43.0,68.0
420.40157480314963,248.26771653543307,43.0,68.0
419.9685039370079,248.70078740157481,43.0,68.0
419.53543307086613,248.70078740157481,43.0,68.0
419.1023622047244,248.26771653543307,43.0,68.0
418.23622047244095,248.70078740157481,43.0,68.0
417.8031496062992,248.26771653543307,43.0,68.0
417.37007874015745,248.70078740157481,43.0,68.0
416.9370078740157,248.26771653543307,43.0,68.0
416.50393700787396,248.26771653543307,43.0,68.0
416.0708661417322,248.26771653543307,43.0,68.0
415.2047244094488,248.70078740157481,43.0,68.0
414.771653543307,248.26771653543307,43.0,68.0
414.771653543307,248.70078740157481,43.0,68.0
414.3385826771653,248.70078740157481,43.0,68.0
413.47244094488184,248.70078740157481,43.0,68.0
413.0393700787401,248.70078740157481,43.0,68.0
412.17322834645665,248.26771653543307,43.0,68.0
411.7401574803149,248.26771653543307,43.0,68.0
411.7401574803149,248.70078740157481,43.0,68.0
411.30708661417316,248.70078740157481,43.0,68.0
410.8740157480314,248.70078740157481,43.0,68.0
410.8740157480314,248.70078740157481,43.0,68.0
410.44094488188966,248.70078740157481,43.0,68.0
410.0078740157479,248.70078740157481,43.0,68.0
409.57480314960617,248.70078740157481,43.0,68.0
409.1417322834644,248.70078740157481,43.0,68.0
408.7086614173227,248.70078740157481,43.0,68.0
408.7086614173227,248.70078740157481,43.0,68.0
408.2755905511809,248.70078740157481,43.0,68.0
407.8425196850392,248.70078740157481,43.0,68.0
407.8425196850392,248.70078740157481,43.0,68.0
407.40944881889743,248.70078740157481,43.0,68.0
406.9763779527557,248.70078740157481,43.0,68.0
406.54330708661394,248.70078740157481,43.0,68.0
406.1102362204722,248.70078740157481,43.0,68.0
405.67716535433044,248.70078740157481,43.0,68.0
405.67716535433044,248.70078740157481,43.0,68.0
405.67716535433044,248.70078740157481,43.0,68.0
406.1102362204722,248.70078740157481,43.0,68.0
405.67716535433044,248.70078740157481,43.0,68.0
406.5433070866139,248.70078740157481,43.0,68.0
406.5433070866139,248.26771653543307,43.0,68.0
406.5433070866139,248.70078740157481,43.0,68.0
406.9763779527556,248.26771653543307,43.0,68.0
407.4094488188974,248.70078740157481,43.0,68.0
407.8425196850391,248.70078740157481,43.0,68.0
409.1417322834643,248.70078740157481,43.0,68.0
410.41123489343215,249.33866041744784,42.19327824463119,66.72425396825398
410.8361809295894,249.33866041744784,42.19327824463119,66.72425396825398
412.5359650742184,249.33866041744784,42.19327824463119,66.72425396825398
413.8108031826901,248.91371438129062,42.19327824463119,66.72425396825398
415.5105873273191,248.4887683451334,42.19327824463119,66.72425396825398
416.3604793996336,248.06382230897617,42.19327824463119,66.72425396825398
418.88100301635325,248.68972820766155,41.40169137276436,65.47244217088318
419.7149502880991,247.8557809359157,41.40169137276436,65.47244217088318
420.96587119571785,247.43880730004278,41.40169137276436,65.47244217088318
424.2730546135664,248.05297059627975,40.624955439288215,64.24411557840928
423.8639038080068,247.64381979072016,40.624955439288215,64.24411557840928
424.2730546135664,247.23466898516057,40.624955439288215,64.24411557840928
424.2730546135664,247.23466898516057,40.624955439288215,64.24411557840928
424.682205419126,246.82551817960098,40.624955439288215,64.24411557840928
425.09135622468557,246.41636737404139,40.624955439288215,64.24411557840928
425.50050703024516,245.5980657629222,40.624955439288215,64.24411557840928
425.50050703024516,245.1889149573626,40.624955439288215,64.24411557840928
425.50050703024516,245.1889149573626,40.624955439288215,64.24411557840928
426.31880864136434,245.1889149573626,40.624955439288215,64.24411557840928
426.31880864136434,245.1889149573626,40.624955439288215,64.24411557840928
426.31880864136434,244.77976415180302,40.624955439288215,64.24411557840928
426.31880864136434,244.37061334624343,40.624955439288215,64.24411557840928
426.72795944692393,244.37061334624343,40.624955439288215,64.24411557840928
427.1371102524835,243.96146254068384,40.624955439288215,64.24411557840928
427.5462610580431,243.55231173512425,40.624955439288215,64.24411557840928
427.1371102524835,243.14316092956466,40.624955439288215,64.24411557840928
427.5462610580431,243.14316092956466,40.624955439288215,64.24411557840928
427.5462610580431,243.14316092956466,40.624955439288215,64.24411557840928
427.9554118636027,242.73401012400507,40.624955439288215,64.24411557840928
428.3645626691623,242.73401012400507,40.624955439288215,64.24411557840928
428.3645626691623,242.32485931844548,40.624955439288215,64.24411557840928
428.3645626691623,242.32485931844548,40.624955439288215,64.24411557840928
428.3645626691623,242.32485931844548,40.624955439288215,64.24411557840928
428.7737134747219,242.32485931844548,40.624955439288215,64.24411557840928
429.1828642802815,242.32485931844548,40.624955439288215,64.24411557840928
430.00116589140066,242.32485931844548,40.624955439288215,64.24411557840928
431.60970011463473,243.33665112041822,39.862791826177464,63.03883358558297
431.9836324564477,243.52651124740174,39.11492714255152,61.85616385333729
431.58968977326873,243.13256856422277,39.11492714255152,61.8561638533373
431.9836324564477,242.7386258810438,39.11492714255152,61.8561638533373
431.9836324564477,241.95074051468583,39.11492714255152,61.8561638533373
432.3775751396267,241.55679783150686,39.11492714255152,61.8561638533373
433.16546050598464,241.55679783150686,39.11492714255152,61.8561638533373
433.16546050598464,241.16285514832788,39.11492714255152,61.8561638533373
433.5594031891636,240.7689124651489,39.11492714255152,61.8561638533373
434.3472885555216,239.98102709879095,39.11492714255152,61.8561638533373
434.74123123870055,239.58708441561197,39.11492714255152,61.8561638533373
435.1351739218795,239.193141732433,39.11492714255152,61.8561638533373
435.1351739218795,239.193141732433,39.11492714255152,61.8561638533373
435.1351739218795,238.799199049254,39.11492714255152,61.8561638533373
435.5291166050585,238.01131368289606,39.11492714255152,61.8561638533373
435.9230592882375,237.61737099971708,39.11492714255152,61.8561638533373
436.71094465459544,237.2234283165381,39.11492714255152,61.8561638533373
436.71094465459544,237.2234283165381,39.11492714255152,61.8561638533373
437.1048873377744,236.82948563335913,39.11492714255152,61.8561638533373
437.1048873377744,236.43554295018015,39.11492714255152,61.8561638533373
437.4988300209534,236.43554295018015,39.11492714255152,61.8561638533373
437.89277270413237,236.04160026700117,39.11492714255152,61.8561638533373
439.07460075366924,235.25371490064322,39.11492714255152,61.8561638533373
439.07460075366924,234.85977221746424,39.11492714255152,61.8561638533373
439.4685434368482,234.07188685110629,39.11492714255152,61.8561638533373
441.8051738607147,234.65212770092194,38.381093126608214,60.69568215370602
441.8051738607147,233.49247189321449,38.38109312660822,60.69568215370602
442.1917257966172,232.71936802140954,38.38109312660822,60.69568215370602
443.7379335402272,231.9462641496046,38.38109312660822,60.69568215370602
444.1244854761297,230.78660834189714,38.38109312660822,60.69568215370602
445.28414128383713,230.0135044700922,38.38109312660822,60.69568215370602
446.0572451556421,229.62695253418968,38.38109312660822,60.69568215370602
446.830349027447,228.46729672648223,38.38109312660822,60.69568215370602
447.21690096334953,227.30764091877478,38.38109312660822,60.69568215370602
449.8962458673699,227.49044395089953,37.66102654939726,59.55697221765148
449.5169460211482,227.49044395089953,37.66102654939726,59.556972217651484
449.8962458673699,227.1111441046778,37.66102654939726,59.556972217651484
450.27554571359167,225.97324456601262,37.66102654939726,59.556972217651484
451.0341454060351,225.21464487356917,37.66102654939726,59.556972217651484
451.4134452522568,225.21464487356917,37.66102654939726,59.556972217651484
451.7927450984786,224.45604518112572,37.66102654939726,59.556972217651484
451.7927450984786,224.076745334904,37.66102654939726,59.556972217651484
452.55134479092203,223.31814564246054,37.66102654939726,59.556972217651484
453.68924432958715,222.9388457962388,37.66102654939726,59.556972217651484
453.68924432958715,221.80094625757363,37.66102654939726,59.556972217651484
453.68924432958715,221.4216464113519,37.66102654939726,59.556972217651484
454.4478440220306,221.4216464113519,37.66102654939726,59.556972217651484
455.20644371447406,220.28374687268672,37.66102654939726,59.556972217651484
455.58574356069585,218.7665474877998,37.66102654939726,59.556972217651484
456.3443432531393,216.87004825669118,37.66102654939726,59.556972217651484
456.3443432531393,216.11144856424772,37.66102654939726,59.556972217651484
456.72364309936097,214.97354902558254,37.66102654939726,59.556972217651484
456.72364309936097,213.0770497944739,37.66102654939726,59.556972217651484
457.10294294558275,211.93915025580873,37.66102654939726,59.556972217651484
457.8615426380262,210.0426510247001,37.66102654939726,59.556972217651484
457.8615426380262,208.9047514860349,37.66102654939726,59.556972217651484
458.2408424842479,207.00825225492628,37.66102654939726,59.556972217651484
458.62014233046966,205.49105287003937,37.66102654939726,59.556972217651484
459.7580418691348,204.73245317759591,37.66102654939726,59.556972217651484
459.7580418691348,202.45665410026555,37.66102654939726,59.556972217651484
459.7580418691348,202.07735425404383,37.66102654939726,59.556972217651484
460.13734171535657,200.1808550229352,37.66102654939726,59.556972217651484
460.51664156157824,197.90505594560483,37.66102654939726,59.556972217651484
461.2752412540217,196.38785656071792,37.66102654939726,59.556972217651484
461.6545411002435,195.62925686827447,37.66102654939726,59.556972217651484
462.41314079268693,194.4913573296093,37.66102654939726,59.556972217651484
462.7924406389086,192.97415794472238,37.66102654939726,59.556972217651484
463.52501919962947,191.63633202956578,36.9544691203991,58.43962558574741
463.89720301241505,190.89196440399465,36.9544691203991,58.43962558574741
464.6415706379861,190.5197805912091,36.9544691203991,58.43962558574741
465.01375445077167,189.03104534006684,36.9544691203991,58.43962558574741
465.38593826355725,189.03104534006684,36.9544691203991,58.43962558574741
465.75812207634283,188.2866777144957,36.9544691203991,58.43962558574741
466.502489701914,186.4257586505679,36.9544691203991,58.43962558574741
466.87467351469957,186.4257586505679,36.9544691203991,58.43962558574741
467.6190411402706,185.30920721221122,36.9544691203991,58.43962558574741
467.9912249530562,184.5648395866401,36.9544691203991,58.43962558574741
468.73559257862735,183.82047196106896,36.9544691203991,58.43962558574741
469.1077763914129,183.4482881482834,36.9544691203991,58.43962558574741
469.1077763914129,182.33173670992673,36.9544691203991,58.43962558574741
469.4799602041985,181.5873690843556,36.9544691203991,58.43962558574741
470.22432782976955,181.21518527157005,36.9544691203991,58.43962558574741
470.22432782976955,180.8430014587845,36.9544691203991,58.43962558574741
470.9686954553407,180.09863383321337,36.9544691203991,58.43962558574741
471.71306308091175,179.72645002042782,36.9544691203991,58.43962558574741
470.9686954553407,178.23771476928556,36.9544691203991,58.43962558574741
470.9686954553407,178.23771476928556,36.9544691203991,58.43962558574741
470.22432782976955,177.49334714371443,36.9544691203991,58.43962558574741
469.8266110669605,176.92498776739995,36.26116739487512,57.343241461662984
468.7310072178203,175.4641826352131,36.26116739487512,57.343241461662984
468.00060465172686,175.4641826352131,36.26116739487512,57.343241461662984
467.63540336868016,175.0989813521664,36.26116739487512,57.343241461662984
466.9050008025867,173.63817621997953,36.26116739487512,57.343241461662984
466.17459823649324,173.63817621997953,36.26116739487512,57.343241461662984
465.80939695344654,172.54257237083937,36.26116739487512,57.343241461662984
465.0789943873531,172.1773710877926,36.26116739487512,57.343241461662984
464.7137931043064,170.71656595560574,36.26116739487512,57.343241461662984
463.9833905382129,170.71656595560574,36.26116739487512,57.343241461662984
463.6181892551662,169.62096210646558,36.26116739487512,57.343241461662984
462.88778668907275,168.89055954037218,36.26116739487512,57.343241461662984
462.88778668907275,167.42975440818532,36.26116739487512,57.343241461662984
462.52258540602605,167.42975440818532,36.26116739487512,57.343241461662984
462.8627327619855,167.60246057177218,35.58087268295615,56.26742656839576
462.5043830096393,165.8107118100412,35.580872682956155,56.26742656839576
462.1460332572931,166.16906156238738,35.580872682956155,56.26742656839576
462.1460332572931,165.45236205769498,35.580872682956155,56.26742656839576
461.78768350494687,165.45236205769498,35.580872682956155,56.26742656839576
461.0709840002545,165.45236205769498,35.580872682956155,56.26742656839576
460.7126342479083,165.81071181004117,35.580872682956155,56.26742656839576
459.9959347432159,165.81071181004117,35.580872682956155,56.26742656839576
459.9959347432159,166.52741131473357,35.580872682956155,56.26742656839576
459.6375849908697,166.88576106707976,35.580872682956155,56.26742656839576
458.5625357338311,166.88576106707976,35.580872682956155,56.26742656839576
458.2041859814849,166.88576106707976,35.580872682956155,56.26742656839576
458.2041859814849,167.24411081942594,35.580872682956155,56.26742656839576
457.8458362291387,167.96081032411834,35.580872682956155,56.26742656839576
457.48748647679247,168.31916007646453,35.580872682956155,56.26742656839576
456.4124372197539,169.03585958115693,35.580872682956155,56.26742656839576
456.4124372197539,169.75255908584933,35.580872682956155,56.26742656839576
456.05408746740767,170.8276083428879,35.580872682956155,56.26742656839576
456.77078697210004,171.5443078475803,35.580872682956155,56.26742656839576
456.77078697210004,171.9026575999265,35.580872682956155,56.26742656839576
456.77078697210004,172.6193571046189,35.580872682956155,56.26742656839576
456.77078697210004,173.3360566093113,35.580872682956155,56.26742656839576
457.12913672444625,174.0527561140037,35.580872682956155,56.26742656839576
457.48748647679247,175.12780537104229,35.580872682956155,56.26742656839576
458.17960209039853,176.37232065633168,34.91334096043642,55.211795007201765
457.8279753273837,177.42720094537617,34.91334096043642,55.21179500720177
457.47634856436883,177.778827708391,34.91334096043642,55.21179500720178
457.8279753273837,178.48208123442066,34.91334096043642,55.21179500720178
457.8279753273837,179.88858828648,34.91334096043642,55.21179500720178
457.8279753273837,181.64672210155416,34.91334096043642,55.21179500720178
457.47634856436883,183.0532291536135,34.91334096043642,55.21179500720178
457.8279753273837,184.45973620567284,34.91334096043642,55.21179500720178
457.47634856436883,185.86624325773218,34.91334096043642,55.21179500720178
457.8279753273837,187.27275030979152,34.91334096043642,55.21179500720178
457.45222589095164,189.54879756888047,34.258332781241236,54.175968119172175
457.10719598745993,191.61897698983077,34.258332781241236,54.17596811917218
457.10719598745993,193.34412650728936,34.258332781241236,54.17596811917218
456.0729598401898,194.179967257547,34.94668546181472,55.26452584659071
456.4249224295324,196.29174279360245,34.94668546181472,55.264525846590715
456.4249224295324,198.05155574031534,34.94668546181472,55.264525846590715
456.0729598401898,199.81136868702822,34.94668546181472,55.264525846590715
455.72099725084723,201.21921904439853,34.94668546181472,55.264525846590715
455.0170720721621,202.62706940176884,34.94668546181472,55.264525846590715
455.0170720721621,203.68295716979657,34.94668546181472,55.264525846590715
455.69685153871484,205.96117820139997,34.291051707394324,54.227709676809624
455.00613267993197,208.72405363653155,34.29105170739433,54.22770967680963
454.6607732505405,210.10549135409732,34.29105170739433,54.22770967680963
454.31541382114904,212.177647930446,34.29105170739433,54.22770967680963
454.6607732505405,213.55908564801177,34.29105170739433,54.22770967680963
454.31541382114904,214.5951639361861,34.29105170739433,54.22770967680963
454.31541382114904,217.3580393713177,34.29105170739433,54.22770967680963
454.31541382114904,219.43019594766636,34.29105170739433,54.22770967680963
454.31541382114904,220.12091480644926,34.29105170739433,54.22770967680963
453.62469496236616,221.1569930946236,34.29105170739433,54.22770967680963
452.9339761035833,221.8477119534065,34.29105170739433,54.22770967680963
452.9102833884573,222.70175362861312,33.64771827886336,53.21034518517925
451.8936429350582,223.37951393087917,33.647718278863366,53.21034518517926
451.8936429350582,224.05727423314522,33.647718278863366,53.21034518517926
451.21588263279216,224.39615438427825,33.647718278863366,53.21034518517926
451.21588263279216,225.41279483767735,33.647718278863366,53.21034518517926
450.5381223305261,226.42943529107646,33.647718278863366,53.21034518517926
450.5381223305261,227.44607574447556,33.647718278863366,53.21034518517926
450.5381223305261,228.12383604674162,33.647718278863366,53.21034518517926
450.1992421793931,229.14047650014072,33.647718278863366,53.21034518517926
449.182601725994,229.47935665127378,33.647718278863366,53.21034518517926
449.182601725994,230.49599710467285,33.647718278863366,53.21034518517926
448.843721574861,231.51263755807193,33.647718278863366,53.21034518517926
448.843721574861,232.529278011471,33.647718278863366,53.21034518517926
448.1659612725949,233.20703831373706,33.647718278863366,53.21034518517926
448.50484142372795,233.54591846487008,33.647718278863366,53.21034518517926
448.50484142372795,233.8847986160031,33.647718278863366,53.21034518517926
448.843721574861,233.8847986160031,33.647718278863366,53.21034518517926
447.82791947090635,234.02798118536626,34.323801882240566,54.279500650985064
448.51929801092587,231.95384556530777,34.32380188224057,54.279500650985064
448.1736087409161,232.29953483531753,34.32380188224057,54.279500650985064
448.8649872809356,232.99091337533704,34.32380188224057,54.279500650985064
449.8783397477618,231.77163509558721,33.67985402862726,53.26116451038727
448.86072833689866,231.43243129196617,33.67985402862726,53.261164510387275
449.53913594414075,231.43243129196617,33.67985402862726,53.261164510387275
450.21754355138285,230.41481988110303,33.67985402862726,53.261164510387275
449.8783397477618,229.73641227386094,33.67985402862726,53.261164510387275
451.21188454191025,230.57523166035185,33.04798726205658,52.26193334464758
452.2104045745488,230.57523166035185,33.04798726205658,52.26193334464758
452.87608459630786,230.57523166035185,33.04798726205658,52.26193334464758
452.2104045745488,228.9110316059542,33.04798726205658,52.26193334464758
453.2089246071874,228.9110316059542,33.04798726205658,52.26193334464758
451.8783879705206,228.3859820926072,33.71202047011309,53.31203237134159
452.873678621081,227.52796377983802,33.07955022986474,52.3118468751349
454.18345454719736,228.35183219701182,32.4589457454869,51.330425830072265
454.837269605246,228.35183219701182,32.4589457454869,51.33042583007227
454.51036207622167,226.71729455189023,32.4589457454869,51.33042583007227
454.18345454719736,227.04420208091454,32.4589457454869,51.33042583007227
454.837269605246,226.71729455189023,32.4589457454869,51.33042583007227
454.837269605246,227.04420208091454,32.4589457454869,51.33042583007227
455.4910846632946,225.40966443579296,32.4589457454869,51.33042583007227
455.1641771342703,225.73657196481727,32.4589457454869,51.33042583007227
455.8179921923189,226.06347949384158,32.4589457454869,51.33042583007227
456.4493803921481,223.92972357826875,31.849984403877126,50.36741719682891
457.0909292448173,224.57127243093794,31.84998440387713,50.36741719682891
458.35202084157413,225.36451768534718,31.252447768370963,49.42247554067963
457.09377396524843,225.18275117143466,31.880403201380844,50.4155213417185
456.13132592111975,225.3184132096411,32.52097614290619,51.42852041203765
456.4588581840496,224.00828415792176,32.52097614290619,51.428520412037656
455.8037936581899,223.68075189499191,32.52097614290619,51.428520412037656
456.1313259211197,224.00828415792176,32.52097614290619,51.428520412037656
456.4588581840495,224.00828415792176,32.52097614290619,51.428520412037656
455.47707167137014,223.81913979053206,33.174420116545605,52.46187367267673
454.4747315653035,220.81211947233209,33.174420116545605,52.46187367267673
455.1437848596692,221.6215147332351,33.84099373994736,53.51599010038183
456.1662649854871,222.64399485905295,33.840993739947365,53.515990100381835
456.14288322889644,220.41938716083416,33.20610383591678,52.51197815912416
457.45767001112836,221.91527241775154,32.583125082998876,51.52680245683539
456.47319543894474,221.91527241775154,32.583125082998876,51.52680245683539
457.1295118204005,222.24343060847943,32.583125082998876,51.52680245683539
458.11398639258414,222.57158879920732,32.583125082998876,51.52680245683539
457.1295118204005,220.27448146411217,32.583125082998876,51.52680245683539
457.1295118204005,220.93079784556792,32.583125082998876,51.52680245683539
456.1458490727984,221.06945020614108,33.23781781529157,52.56213049860059
454.8068415797817,218.7261870933619,33.23781781529157,52.562130498600595
454.80766971635455,219.2023772690702,33.90566528865423,53.61826138670898
453.78408036474514,220.0296135766225,34.58693182129916,54.69561311275213
454.13328147611105,219.82845346043953,35.281887042384525,55.794612067026655
454.1341605416737,219.62325143404212,35.99080599872716,56.91569320728942
453.746815054283,216.5323646595312,35.31558352913573,55.84789953444716
453.39113713923035,217.95507631974175,35.31558352913573,55.84789953444716
451.969305384147,218.81671205727946,36.02517954898666,56.97005137979281
452.3330275206077,217.8815378846926,36.74903348166445,58.11475062216699
451.5937135706231,217.66780282767806,37.48743181141153,59.28245030641819
451.9712650721114,216.53514832321315,37.48743181141153,59.2824503064182
451.5937135706231,215.78004532023655,37.48743181141153,59.2824503064182
451.2161620691348,216.15759682172487,37.48743181141153,59.2824503064182
450.83954458544144,216.31711868769804,38.24066677879823,60.473612580425055
451.60981987305684,215.93198104389035,38.24066677879823,60.473612580425055
450.42798531910813,213.41815174103766,37.5232347362339,59.339068885207055
448.1614477032305,214.71156222358246,38.277189091789054,60.53136879631752
448.93245865362366,214.71156222358246,38.277189091789054,60.53136879631752
448.5469531784271,215.09706769877903,38.277189091789054,60.53136879631752
447.39043675283745,214.71156222358246,38.277189091789054,60.53136879631752
447.0049312776409,213.5550457979928,38.277189091789054,60.53136879631752
446.62037949743024,213.71792835177368,39.046292652210376,61.74762558954194
447.4068823708496,212.93142547835433,39.046292652210376,61.74762558954194
446.62037949743024,212.93142547835433,39.046292652210376,61.74762558954194
446.59340124384886,211.15113956629918,38.31374628595374,60.589180173136086
446.59435584967525,213.24354597290716,39.08358439007741,61.80659857035491
447.38160988426756,213.24354597290716,39.08358439007741,61.80659857035491
448.562490936156,212.84991895561097,39.08358439007741,61.80659857035491
448.9561179534521,212.84991895561097,39.08358439007741,61.80659857035491
450.13699900534056,213.24354597290716,39.08358439007741,61.80659857035491
448.562490936156,213.24354597290716,39.08358439007741,61.80659857035491
450.53062602263674,213.24354597290716,39.08358439007741,61.80659857035491
450.53062602263674,213.63717299020328,39.08358439007741,61.80659857035491
450.53062602263674,212.06266492101872,39.08358439007741,61.80659857035491
450.92425303993286,212.45629193831485,39.08358439007741,61.80659857035491
453.25901112414925,211.46155977252624,38.350338394606055,60.647046763563
449.7837869117226,211.6247536016524,39.120911743968875,61.86562787418327
450.9667704982324,210.609217614628,39.90696822364045,63.108693935059236
452.17252947221164,210.2072979566349,39.90696822364045,63.108693935059236
449.76101152425315,210.609217614628,39.90696822364045,63.108693935059236
451.36869015622545,209.00153898265566,39.90696822364045,63.108693935059236
452.17252947221164,209.40345864064875,39.90696822364045,63.108693935059236
450.9667704982324,209.40345864064875,39.90696822364045,63.108693935059236
453.3782884461909,209.40345864064875,39.90696822364045,63.108693935059236
451.36869015622545,208.5996193246626,39.90696822364045,63.108693935059236
454.182127762177,207.79578000867645,39.90696822364045,63.108693935059236
450.5658451419735,207.1617585150579,40.70881893615805,64.37673692229637
453.02581772006033,206.75176308537675,40.70881893615805,64.37673692229637
449.3368731331691,206.51499762756802,41.52678123504228,65.67025869727608
451.84627394026745,205.26029722401887,41.52678123504228,65.67025869727608
454.7452161177465,205.87631613531877,40.747698494280655,64.4382208746763
450.64236134803764,205.22893754930132,41.56644200012624,65.73297804671118
452.316892979612,205.22893754930132,41.56644200012624,65.7329780467112
450.64236134803764,204.81030464140773,41.56644200012624,65.7329780467112
449.8061311805898,203.73128536956784,42.40163651923477,67.05375077460377
451.0872646773255,203.73128536956784,42.40163651923477,67.05375077460377
450.2331756795017,203.30424087065595,42.40163651923477,67.05375077460377
448.9530986403874,202.20354086458698,43.25361260181576,68.40106178891789
450.25997395247305,202.20354086458698,43.25361260181576,68.4010617889179
452.00247436858723,201.76791576055845,43.25361260181576,68.4010617889179
448.95309864038745,201.76791576055845,43.25361260181576,68.4010617889179
451.13122416053017,201.76791576055845,43.25361260181576,68.4010617889179
452.87372457664435,201.33229065652992,43.25361260181576,68.4010617889179
449.8243488484446,200.8966655525014,43.25361260181576,68.4010617889179
452.0024743685873,200.8966655525014,43.25361260181576,68.4010617889179
449.38980142944047,199.7738491812105,44.12270743982405,69.77544432344263
450.7229357871718,199.3294710619667,44.12270743982405,69.77544432344263
448.94542331019665,199.3294710619667,44.12270743982405,69.77544432344263
450.278557667928,199.3294710619667,44.12270743982405,69.77544432344263
452.91434068272224,199.98399860762072,43.29492260267337,68.46638923213456
449.4260114490331,199.5479574534096,43.29492260267337,68.46638923213456
450.73413491166656,199.5479574534096,43.29492260267337,68.46638923213456
450.73413491166656,199.5479574534096,43.29492260267337,68.46638923213456
453.3204680776128,200.19020542672484,42.48266781289231,67.18189328550405
449.89758328770756,199.33448422924852,42.48266781289231,67.18189328550405
451.6090256826602,199.33448422924852,42.48266781289231,67.18189328550405
453.3204680776129,199.33448422924852,42.48266781289231,67.18189328550405
450.75330448518395,198.90662363051035,42.48266781289231,67.18189328550405
452.8926074788747,198.05090243303403,42.48266781289231,67.18189328550405
450.75330448518395,198.05090243303403,42.48266781289231,67.18189328550405
452.4647468801366,198.05090243303403,42.48266781289231,67.18189328550405
451.1811650839221,197.62304183429586,42.48266781289231,67.18189328550405
452.89260747887477,197.1951812355577,42.48266781289231,67.18189328550405
449.8975832877077,196.76732063681953,42.48266781289231,67.18189328550405
451.60902568266033,196.33946003808137,42.48266781289231,67.18189328550405
452.8926074788748,196.33946003808137,42.48266781289231,67.18189328550405
449.89758328770773,195.9115994393432,42.48266781289231,67.18189328550405
451.1811650839222,195.9115994393432,42.48266781289231,67.18189328550405
452.8926074788749,195.9115994393432,42.48266781289231,67.18189328550405
450.32544388644595,195.48373884060504,42.48266781289231,67.18189328550405
452.0368862813986,195.05587824186688,42.48266781289231,67.18189328550405
454.57469732567967,196.11393761828273,41.685651711711685,65.92149573014865
450.797234278321,195.03182379300017,42.523241511555106,67.24605634385453
451.22550351163636,195.03182379300017,42.52324151155511,67.24605634385455
452.0820419782673,195.03182379300017,42.52324151155511,67.24605634385455
451.6537727449519,195.03182379300017,42.52324151155511,67.24605634385455
452.5103112115827,195.03182379300017,42.52324151155511,67.24605634385455
451.2255035116365,194.17528532636933,42.52324151155511,67.24605634385455
451.6537727449519,194.60355455968477,42.52324151155511,67.24605634385455
452.0820419782673,194.17528532636933,42.52324151155511,67.24605634385455
448.6569475992135,193.4996978213108,43.37766100324679,68.59723135397162
449.0949028219852,192.37366128949267,44.249248345785034,69.97555552356698
449.0949028219852,192.37366128949267,44.249248345785034,69.97555552356698
448.6492502567008,191.92800872420827,44.249248345785034,69.97555552356698
447.31229256084754,191.48235615892386,44.249248345785034,69.97555552356698
448.6492502567008,191.48235615892386,44.249248345785034,69.97555552356698
447.757945126132,191.48235615892386,44.249248345785034,69.97555552356698
447.31229256084754,191.48235615892386,44.249248345785034,69.97555552356698
448.20359769141635,191.03670359363946,44.249248345785034,69.97555552356698
448.6492502567008,190.59105102835505,44.249248345785034,69.97555552356698
450.4012873862664,191.24745571422574,43.419089478360334,68.66274615182559
448.214828934234,190.81016402381925,43.419089478360334,68.66274615182559
449.52670400545344,190.81016402381925,43.419089478360334,68.66274615182559
451.6831629075503,191.8915456107844,42.60450519741851,67.3745663587083
449.10863686558946,191.46245793712424,42.60450519741851,67.3745663587083
451.6537261783027,192.0944640817767,41.80520330859336,66.11055406940342
448.28646719762133,191.43028440031844,42.64519525867293,67.43891343231994
450.8339872354317,192.06289415176363,41.84512998478636,66.17369392942955
448.72783137552096,191.3980801357016,42.68592418157068,67.50332196155358
450.8478767818499,192.03129407042312,41.88509479354052,66.23689409211055
447.8960250215646,191.36584511392672,42.72669200322713,67.56779200510333
449.1869798248117,191.79616338167577,42.72669200322713,67.56779200510333
446.1747519505685,190.93552684617768,42.72669200322713,67.56779200510333
447.46570675381565,190.50520857842864,42.72669200322713,67.56779200510333
446.1747519505685,190.93552684617768,42.72669200322713,67.56779200510333
447.0353884860666,190.50520857842864,42.72669200322713,67.56779200510333
447.46570675381565,190.93552684617768,42.72669200322713,67.56779200510333
445.31411541507043,190.50520857842864,42.72669200322713,67.56779200510333
444.8837971473214,190.50520857842864,42.72669200322713,67.56779200510333
445.31411541507043,190.50520857842864,42.72669200322713,67.56779200510333
442.7322058085763,190.0748903106796,42.72669200322713,67.56779200510333
444.0231606118234,190.0748903106796,42.72669200322713,67.56779200510333
444.45347887957246,190.0748903106796,42.72669200322713,67.56779200510333
442.30188754082724,189.64457204293055,42.72669200322713,67.56779200510333
442.7322058085763,190.50520857842864,42.72669200322713,67.56779200510333
440.5816790263697,190.2567070237984,43.58519942564797,68.92543164986186
441.8985729844785,190.69567167650132,43.58519942564797,68.92543164986186
438.3879417095283,190.003212327431,44.46095683770752,70.31035034800254
439.2835112484677,190.003212327431,44.46095683770753,70.31035034800254
437.49237217058896,190.45099709690066,44.46095683770753,70.31035034800254
438.3879417095283,190.45099709690066,44.46095683770753,70.31035034800254
436.1490178621799,190.45099709690066,44.46095683770753,70.31035034800254
437.49237217058896,190.45099709690066,44.46095683770753,70.31035034800254
434.3578787843012,190.45099709690066,44.46095683770753,70.31035034800254
435.25344832324055,190.45099709690066,44.46095683770753,70.31035034800254
435.70123309271025,190.45099709690066,44.46095683770753,70.31035034800254
433.0145244758922,190.45099709690066,44.46095683770753,70.31035034800254
434.8056635537709,191.34656663584002,44.46095683770753,70.31035034800254
434.32715937698845,191.1105423207767,43.62682611339375,68.99125990025053
433.44839159224694,192.4286939978889,43.62682611339375,68.99125990025053
433.8877754846177,192.86807789025966,43.62682611339375,68.99125990025053
433.0090076998762,192.4286939978889,43.62682611339375,68.99125990025053
433.0090076998762,193.3074617826304,43.62682611339375,68.99125990025053
432.13023991513467,193.3074617826304,43.62682611339375,68.99125990025053
432.13023991513467,193.3074617826304,43.62682611339375,68.99125990025053
430.8120882380224,192.86807789025966,43.62682611339375,68.99125990025053
432.1000968337333,191.757713835798,42.80834449145498,67.69691687020783
427.3586165619608,191.07759676046146,43.668492557321784,69.05715102088092
430.4070694190421,191.72538636618626,42.84922923243452,67.76157180943129
431.67212077591853,192.3610228098683,42.04533608307195,66.49029892206724
428.70792843166237,191.51411071150937,42.04533608307196,66.49029892206724
428.28447238248293,191.51411071150937,42.04533608307196,66.49029892206724
427.8610163333035,191.51411071150937,42.04533608307196,66.49029892206724
429.1023340982904,192.98473409662884,41.256524749815966,65.24287634854615
426.60926448330423,192.56922249413114,41.256524749815966,65.24287634854615
427.8557992907973,193.81575730162422,41.256524749815966,65.24287634854615
425.3627296758111,194.6467805066196,41.256524749815966,65.24287634854615
424.9472180733134,195.47780371161497,41.256524749815966,65.24287634854615
422.86966006082497,195.47780371161497,41.256524749815966,65.24287634854615
423.7006832658204,195.47780371161497,41.256524749815966,65.24287634854615
422.86966006082497,195.89331531411267,41.256524749815966,65.24287634854615
422.45414845832727,195.89331531411267,41.256524749815966,65.24287634854615
420.3765904458388,195.0622921091173,41.256524749815966,65.24287634854615
418.71557196244675,195.23785275687698,42.08549210161402,66.55380146301749
419.98715339382676,195.66171323400368,42.08549210161402,66.55380146301749
417.02013005394,196.50943418825705,42.08549210161402,66.55380146301749
417.4439905310667,196.08557371113034,42.08549210161402,66.55380146301749
416.99105192639206,195.86215972830388,41.29592740245648,65.30518752016371
414.91150971147255,195.44625128532,41.29592740245648,65.30518752016371
413.24890484787204,195.62197960486645,42.12568647175404,66.61736465300638
414.94596601318716,196.04624489619528,42.12568647175404,66.61736465300638
412.8246395565433,195.1977143135377,42.12568647175404,66.61736465300638
413.67317013920086,195.6219796048665,42.12568647175404,66.61736465300638
411.12757839122816,196.04624489619528,42.12568647175404,66.61736465300638
410.27904780857057,195.19771431353774,42.12568647175404,66.61736465300638
409.430517225913,195.19771431353774,42.12568647175404,66.61736465300638
409.85478251724174,195.19771431353774,42.12568647175404,66.61736465300638
407.73345606059786,195.19771431353774,42.12568647175404,66.61736465300638
408.1577213519266,195.6219796048665,42.12568647175404,66.61736465300638
406.03639489528274,196.4705101875241,42.12568647175404,66.61736465300638
405.18786431262515,196.04624489619528,42.12568647175404,66.61736465300638
404.33933372996756,196.04624489619528,42.12568647175404,66.61736465300638
403.49080314731,196.04624489619528,42.12568647175404,66.61736465300638
403.0665378559812,196.4705101875241,42.12568647175404,66.61736465300638
400.5209461080085,197.31904077018163,42.12568647175404,66.61736465300638
401.79374198199486,196.89477547885286,42.12568647175404,66.61736465300638
400.5209461080085,196.89477547885286,42.12568647175404,66.61736465300638
398.8238849426934,196.89477547885286,42.12568647175404,66.61736465300638
399.24815023402215,197.31904077018163,42.12568647175404,66.61736465300638
397.12682377737826,197.74330606151045,42.12568647175404,66.61736465300638
396.67345258700686,196.671148121206,41.335367687181716,65.36755820298504
396.2571469245284,197.50375944616295,41.335367687181716,65.36755820298504
395.39597575545827,197.70063321737848,40.55987605045105,64.14119933559701
395.3679517217539,199.52779490144934,39.798933389870555,62.937848151423196
394.93962185184006,198.11402450369548,39.05226675251979,61.757073003984786
394.9126394705738,199.8732706463011,38.31960830634017,60.598450344910034
394.8861633049815,200.05578083602202,37.600695244062585,59.46156457200595
394.1027994088083,200.61355918193487,36.89526968893752,58.34600788018026
395.1920701335892,201.1608730644449,36.203078602233674,57.251380115160224
396.6255213285118,201.69791880704707,35.523873692472065,56.177288629955825
398.0320795870577,202.22488905001705,34.85741132636297,55.123348144015864
398.00799555710046,202.39090934708003,34.20345244141376,54.089180605026414
399.7067492708672,202.8982921229422,33.5617624601763,53.074415053302054
400.7207926339745,203.2363065773113,33.5617624601763,53.07441505330206
400.3827781796054,202.8982921229422,33.5617624601763,53.07441505330206
401.3968215427127,202.8982921229422,33.5617624601763,53.07441505330206
402.41086490582,202.8982921229422,33.5617624601763,53.07441505330206
403.0868938145582,201.88424875983486,33.5617624601763,53.07441505330206
404.1009371776655,201.20821985109666,33.5617624601763,53.07441505330206
406.4670383582493,200.53219094235845,33.5617624601763,53.07441505330206
409.50916844757126,200.19417648798935,33.5617624601763,53.07441505330206
412.5512985368932,199.18013312488202,33.5617624601763,53.07441505330206
418.6355587155372,198.16608976177469,33.5617624601763,53.07441505330206
424.381804439812,197.82807530740558,33.5617624601763,53.07441505330206
431.14209352719416,198.5041042161438,33.5617624601763,53.07441505330206
438.5784115233145,196.13800303556005,33.5617624601763,53.07441505330206
447.70480179128043,196.81403194429825,33.5617624601763,53.07441505330206
460.8641766843431,195.6218234547431,32.93211120610317,52.0786874887213
468.8243280837308,194.62680452981962,32.93211120610317,52.0786874887213
478.75176355055123,195.1153279041011,32.31427282098251,51.10164074015839
486.8880252478321,194.78987743620985,32.31427282098251,51.10164074015839
493.70015817418715,193.64198329815048,31.708025683921818,50.14292433736473
502.32246510343526,193.32263859706723,31.708025683921818,50.14292433736473
505.8352568153512,192.6839491949007,31.708025683921818,50.14292433736473
510.6035193065519,193.47365887203932,31.11315233185175,49.20219438525393
513.0888501724446,193.621845860004,30.529439381521318,48.27911344054534
513.0888501724446,193.92932052874298,30.529439381521318,48.27911344054534
513.7037995099226,193.31437119126497,30.529439381521318,48.27911344054534
514.6262235161396,193.31437119126497,30.529439381521318,48.27911344054534
514.9336981848786,193.00689652252598,30.529439381521318,48.27911344054534
514.9336981848786,192.08447251630898,30.529439381521318,48.27911344054534
515.2411728536176,191.77699784757,30.529439381521318,48.27911344054534
516.1635968598346,192.391947185048,30.529439381521318,48.27911344054534
516.4710715285736,191.77699784757,30.529439381521318,48.27911344054534
517.3934955347905,192.391947185048,30.529439381521318,48.27911344054534
518.0084448722686,192.084472516309,30.529439381521318,48.27911344054534
518.9308688784855,191.162048510092,30.529439381521318,48.27911344054534
521.3906662283975,191.162048510092,30.529439381521318,48.27911344054534
524.1579382470485,190.547099172614,30.529439381521318,48.27911344054534
526.0027862594825,191.162048510092,30.529439381521318,48.27911344054534
527.5401596031775,190.239624503875,30.529439381521318,48.27911344054534
531.2087619235889,190.69250602878674,29.956677452956512,47.373350390721924
533.0189987958606,190.99421217416534,29.956677452956512,47.373350390721924
534.8292356681324,190.08909373802948,29.956677452956512,47.373350390721924
536.3377663950254,189.78738759265087,29.956677452956512,47.373350390721924
539.0531217034329,190.08909373802948,29.956677452956512,47.373350390721924
540.5616524303259,189.48568144727227,29.956677452956512,47.373350390721924
544.1614282087914,190.23177262038232,29.39466109435497,46.48458033525902
545.9377032794996,189.9357267752643,29.394661094354973,46.48458033525902
547.4179325050898,189.34363508502824,29.394661094354973,46.48458033525902
548.6021158855618,189.04758923991022,29.394661094354973,46.48458033525902
550.37839095627,188.7515433947922,29.394661094354973,46.48458033525902
552.7467577172142,188.4554975496742,29.394661094354973,46.48458033525902
554.5230327879224,188.15945170455618,29.394661094354973,46.48458033525902
556.2993078586305,187.2713141692021,29.394661094354973,46.48458033525902
559.8315483479114,187.70736210229097,28.843188708389636,45.61248446908128
560.7030235606718,187.1263786271174,28.843188708389636,45.61248446908128
562.7364657237792,186.8358868895306,28.843188708389636,45.61248446908128
564.1889244117132,186.25490341435702,28.843188708389636,45.61248446908128
565.6413830996471,186.25490341435702,28.843188708389636,45.61248446908128
568.2558087379282,185.38342820159667,28.843188708389636,45.61248446908128
569.1272839506886,185.09293646400988,28.843188708389636,45.61248446908128
570.2899695432636,183.7632154260309,29.42273489910731,46.52897611951853
572.0679410716843,182.57790107375044,29.42273489910731,46.52897611951854
574.1422411881751,182.57790107375044,29.42273489910731,46.52897611951854
575.6035550793574,182.7180368727809,28.87073582130361,45.65604734531734
576.1850934313705,181.55496016875477,28.87073582130361,45.65604734531735
576.7666317833837,181.55496016875477,28.87073582130361,45.656047345317354
577.9297084874098,180.9734218167417,28.87073582130361,45.656047345317354
579.0728375349707,179.36631347606357,28.329092782221025,44.799495562582095
579.0728375349707,179.65162753997532,28.329092782221025,44.7994955625821
579.3581515988825,178.2250572204165,28.329092782221025,44.7994955625821
582.4770328828523,178.64529824018257,27.797611492516854,43.959013523049926
583.3169167679036,176.96553047007993,27.797611492516857,43.959013523049926
584.4367619479721,176.96553047007993,27.79761149251686,43.959013523049926
586.3964910130918,176.1256465850286,27.79761149251686,43.959013523049926
587.7962974881773,175.56572399499439,27.79761149251686,43.959013523049926
589.1961039632629,174.16591751990885,27.79761149251686,43.959013523049926
590.8758717333656,174.44587881492595,27.79761149251686,43.959013523049926
591.995716913434,173.6059949298746,27.79761149251686,43.959013523049926
593.3955233885195,172.48614974980617,27.79761149251686,43.959013523049926
595.3552524536392,172.76611104482328,27.79761149251686,43.959013523049926
598.9755430861503,171.49870016487873,27.27610130790515,43.13429974273373
600.3490878324742,170.67457331708448,27.27610130790515,43.13429974273373
603.9014582972178,171.35390294082669,26.764375160771877,42.32505839377879
605.7883442955509,170.0061272277316,26.764375160771877,42.32505839377879
608.2143405791221,170.0061272277316,26.764375160771877,42.32505839377879
610.1018934250214,169.0417982433405,27.302151750877265,43.17549579208499
614.2075992617868,168.89686272856338,26.789936872137417,42.36548156524058
615.8264747731959,167.54779980238908,26.789936872137417,42.36548156524058
618.7944132107793,166.7383620466845,26.789936872137417,42.36548156524058
621.222726477893,166.46854946144964,26.789936872137417,42.36548156524058
624.1906649154765,165.3892991205102,26.789936872137417,42.36548156524058
626.6189781825902,164.84967395004048,26.789936872137417,42.36548156524058
629.8567292054086,164.31004877957076,26.789936872137417,42.36548156524058
632.824667642992,163.77042360910104,26.789936872137417,42.36548156524058
634.9831683248709,163.23079843863133,26.789936872137417,42.36548156524058
638.4907319329241,162.6911732681616,26.789936872137417,42.36548156524058
640.6492326148029,161.88173551245703,26.789936872137417,42.36548156524058
643.3473584671515,160.8024851715176,26.789936872137417,42.36548156524058
646.0454843195,159.72323483057815,26.789936872137417,42.36548156524058
649.2832353423183,159.993047415813,26.789936872137417,42.36548156524058
651.711548609432,158.91379707487357,26.789936872137417,42.36548156524058
654.9492996322504,157.83454673393413,26.789936872137417,42.36548156524058
657.1084677985781,157.67873450862382,27.32822707370927,43.21673118633096
659.585573164168,156.02733093156394,27.32822707370927,43.21673118633096
661.5128915669518,156.69408975974036,27.877333140301314,44.08508496605791
664.882756602681,154.84736792935075,28.437472395089387,44.97088657828092
667.1740014028712,153.7017455292556,28.437472395089387,44.97088657828092
669.4659547366681,152.9635399172231,29.008866527923917,45.87448660229832
673.5561996050991,153.54786061271324,29.008866527923917,45.87448660229832
675.3098844617417,151.6261808443379,29.591741683069493,46.7962426615983
678.8869904618828,150.55998094121355,30.186328548707408,47.7365195653978
682.2312000886852,149.6479237702674,30.186328548707408,47.736519565397806
684.9673716015236,149.34390471328535,30.186328548707408,47.736519565397806
688.3123333355436,148.2562816555075,30.79286244823659,48.695689453025345
692.654888521367,147.4569326995237,31.411583433409007,49.67413194120499
699.2984297895573,147.77329180753276,31.411583433409007,49.674131941205
703.0955217207114,146.64152242496732,32.042736379336496,50.672234274299626
707.6143400431707,146.45515953489686,32.686571081406505,51.69039147757313
712.553155020542,144.94825190184108,33.34334235414521,52.729006513532006
716.9195762977946,145.09013924736195,34.01331013206705,53.788490441408406
724.4324434115597,144.909577046322,33.37518740519158,52.77936612914023
728.4660679651994,144.57344166685203,33.37518740519158,52.779366129140236
732.5005240780428,144.71546452397558,34.0457950457241,53.83986193277305
736.9580855974884,143.6867964810266,34.045795045724105,53.83986193277305
741.7593847323066,143.14589430811898,34.72987720557784,54.921666278588255
746.3073773473286,142.94390281116313,35.42770462826952,56.025207319123936
749.8763313782821,142.38104556583153,36.13955349736534,57.1509218097871
752.7890434846688,141.8068788298695,36.865705545787904,58.299255281711154
756.5019418641201,142.17816866781462,36.865705545787904,58.299255281711154
757.9880197430799,141.963755037572,37.60644816731942,59.470662218086574
760.6402078788386,141.366283029598,38.36207453034537,60.66560623403459
762.1866052556568,140.7568060165678,39.1328836938836,61.88456026009505
764.1572229109979,141.15092954763603,39.1328836938836,61.88456026009506
766.5219640974072,141.54505307870426,39.1328836938836,61.88456026009506
768.4935567677859,141.31745337511944,39.919180725944805,63.12800672940115
772.1119406643877,142.1215386854754,39.91918072594481,63.12800672940115
774.1221539402776,142.52358134065338,39.91918072594481,63.12800672940115
776.5344098713455,142.92562399583136,39.91918072594481,63.12800672940115
779.7507511127693,143.32766665100934,39.91918072594481,63.12800672940115
782.5650496990152,144.1317519613653,39.91918072594481,63.12800672940115
785.781390940439,144.53379461654328,39.91918072594481,63.12800672940115
787.3905561671658,143.49753644175837,40.72127682427122,64.39643776861502
790.6715233531536,144.3177782382553,40.72127682427122,64.39643776861502
792.7221278443959,144.72789913650377,40.72127682427122,64.39643776861502
794.3636260280232,144.90118212095834,41.5394894395013,65.6903553926998
798.547240602593,145.3195435784153,41.53948943950131,65.69035539269981
801.0584443241379,145.4963083378765,42.37414240080921,67.01027170360533
803.1922822952462,145.9230759320982,42.37414240080921,67.01027170360533
806.1796554547979,146.34984352631986,42.37414240080921,67.01027170360533
809.1670286143495,146.77661112054153,42.37414240080921,67.01027170360533
813.4347045565662,147.63014630898485,42.37414240080921,67.01027170360533
815.5695983002664,147.81046280275788,43.22556604406867,68.35670909294588
818.1827310994512,148.4297450313327,44.09409734259215,69.73020044875045
822.179540875057,149.3179249814673,44.09409734259215,69.73020044875045
825.7322606755955,150.20610493160194,44.09409734259215,69.73020044875045
829.2545145430391,150.86020806774422,43.26684925864752,68.42199417646592
832.3048234543337,151.73172489954266,43.26684925864752,68.42199417646592
837.068271666619,154.55234850517678,42.455121152061146,67.13833112418979
838.3510211612336,155.40751483491982,42.455121152061146,67.13833112418979
841.7423529648712,158.60280396760288,41.65862185298705,65.87875083728191
844.2597207018215,159.44192654658633,41.65862185298705,65.87875083728191
848.8461116961281,163.41639153132192,40.87706565420827,64.64280149967827
851.3162511698305,164.6514612681731,40.87706565420828,64.64280149967827
853.3747007312492,166.29822091730804,40.87706565420828,64.64280149967827
856.2282869277293,168.55136143037063,40.11017220865272,63.43003977182296
858.6520841862636,170.57119247914915,40.11017220865273,63.43003977182297
859.0570497606808,171.95377363336004,40.91610589884119,64.70453956095821
859.4701523083846,173.3641349907025,41.73823321466661,66.00464787435655
861.5719677513499,175.04558734507475,41.73823321466661,66.00464787435655
863.6737831943152,175.88631352226082,41.73823321466661,66.00464787435655
864.0951862115102,177.32501327035638,42.5768795346489,67.330879264096
865.3816145439066,179.46906049101716,42.5768795346489,67.330879264096
869.2114818992467,180.52946627364298,41.77809593008336,66.06768658710862
870.0530110243719,180.10870171108036,41.77809593008336,66.06768658710862
870.8945401494972,180.10870171108036,41.77809593008336,66.06768658710862
872.1568338371851,180.10870171108036,41.77809593008336,66.06768658710862
870.8945401494972,180.10870171108036,41.77809593008336,66.06768658710862
871.3153047120599,180.9502308362056,41.77809593008336,66.06768658710862
869.6332873836103,182.39030463572144,42.617543211606524,67.3951846137034
870.4917253534468,178.95655275637571,42.61754321160653,67.3951846137034
869.2051302357349,181.28399992858164,43.47385750735734,68.74935605814655
867.4548402803407,178.4040931130326,44.347377726252674,70.13073686942289
867.4548402803407,176.1708887777974,44.347377726252674,70.13073686942289
865.2227408818258,175.46632032983874,45.23844958690627,71.5398737653402
863.401407132085,174.29197976606662,46.14742575445598,72.97732444890718
861.5434773233108,172.6292732787026,47.07466598014027,74.44365782905908
860.5964331713238,170.4590495096705,48.02053724367923,75.93945424581835
860.1127983886096,169.00814516152784,48.02053724367923,75.93945424581835
859.6291636058953,168.5245103788136,48.02053724367923,75.93945424581835
859.145528823181,167.07360603067093,48.02053724367923,75.93945424581835
858.1782592577526,165.62270168252826,48.02053724367923,75.93945424581835
858.1782592577526,165.13906689981403,48.02053724367923,75.93945424581835
857.2109896923242,163.68816255167135,48.02053724367923,75.93945424581835
857.2109896923242,163.68816255167135,48.02053724367923,75.93945424581835
857.2109896923242,162.72089298624292,48.02053724367923,75.93945424581835
858.1782592577526,161.26998863810024,48.02053724367923,75.93945424581835
859.145528823181,160.3027190726718,48.02053724367923,75.93945424581835
859.145528823181,158.85181472452913,48.02053724367923,75.93945424581835
860.1127983886095,157.8845451591007,48.02053724367923,75.93945424581835
861.0800679540379,156.43364081095802,48.02053724367923,75.93945424581835
862.0473375194663,155.4663712455296,48.02053724367923,75.93945424581835
863.0146070848947,154.49910168010115,48.02053724367923,75.93945424581835
863.498241867609,154.01546689738691,48.02053724367923,75.93945424581835
864.9491462157516,154.01546689738691,48.02053724367923,75.93945424581835
867.8177760839619,152.79327671805254,47.11962533440076,74.51475634277332
870.632587670247,152.54313866240545,46.23561540737545,73.11678715584956
872.9289325645556,151.36637725301884,45.368190365003464,71.74504522837759
874.2683520082275,151.12553682091453,44.517039058743876,70.39903851150197
875.582642642486,153.57931237010246,43.68185617750453,69.07828418768162
876.9024570115187,150.49974550902587,43.68185617750453,69.07828418768162
878.6320284002409,149.38798086207225,42.862342138125825,67.78230849750133
880.3291513502015,150.88718073919483,42.05820297791914,66.51064656973261
882.841605899668,149.81674034867564,41.269150249221354,65.26284225458264
882.42596714052,147.7385465529357,41.269150249221354,65.26284225458264
883.672883417964,146.07599151634372,41.269150249221354,65.26284225458264
886.582354732,143.99779772060378,41.269150249221354,65.26284225458264
889.8789507126828,145.02563362700727,40.49490091592761,64.0384479600716
891.1024736299375,143.80211070975253,40.49490091592761,64.0384479600716
894.7450632412647,142.36361758195716,39.73517725196521,62.837024491479895
895.9181774558905,142.1526804213142,38.98970674167228,61.65814089380734
897.8546459816787,142.33838218313016,38.25822198204537,60.50137429718804
894.7721303852495,141.18243883446917,38.25822198204537,60.50137429718805
895.5427592843569,139.64118103625458,38.25822198204537,60.50137429718805
897.0575833306299,138.66745550403127,37.54046058682106,59.36630976520542
898.1659022304989,137.33391243201513,36.836165092357014,58.25254014605297
900.366404962862,136.76737257050343,36.14508286527884,57.15966592648748
901.82253355293,135.31124398043542,36.14508286527884,57.159665926487484
892.357697717488,121.8420545223064,36.14508286527884,57.159665926487484
896.7011097668848,118.37388631860208,35.46696601185956,56.08729508852211
897.7727174196878,119.08829142047071,35.46696601185956,56.08729508852211
903.4634530450826,118.54280982752479,34.80157128909925,55.03504296880813
904.8663244802037,119.39190460520038,35.50083926101112,56.140862087180395
907.7275586210731,119.54297283924265,36.21415762428262,57.26890042909811
909.9168278833051,118.96762083108172,36.94180869342733,58.41960444541998
912.5221424371886,118.00865197065556,37.68408045550437,59.5934295575418
916.3174627540769,117.24958790727788,37.68408045550437,59.59342955754181
917.8365297982249,116.27135048553922,38.441266684096824,60.7908403376415
920.9337935486374,115.88419251673764,38.441266684096824,60.790840337641505
924.4182152678515,115.49703454793607,38.441266684096824,60.790840337641505
927.5154790182639,114.33556064153137,38.441266684096824,60.790840337641505
931.3870587062795,113.9484026727298,38.441266684096824,60.790840337641505
934.484322456692,114.33556064153137,38.441266684096824,60.790840337641505
937.9687441759061,113.9484026727298,38.441266684096824,60.790840337641505
941.4531658951202,113.56124470392822,38.441266684096824,60.790840337641505
944.163271676731,113.17408673512665,38.441266684096824,60.790840337641505
948.0348513647466,112.78692876632508,38.441266684096824,60.790840337641505
944.9375876143341,113.17408673512665,38.441266684096824,60.790840337641505
949.9440809857435,113.74433433312115,37.72007119251554,59.650345141652494
952.2234480418742,114.12422884247627,37.72007119251555,59.650345141652494
956.4022876447807,113.74433433312115,37.72007119251555,59.650345141652494
962.1007052851078,112.9845453144109,37.72007119251555,59.650345141652494
967.4192284160795,112.60465080505577,37.72007119251555,59.650345141652494
973.0915841289707,112.0245164763047,37.01240602867688,58.53124674302391
978.6575209405181,113.31910262820902,36.31801735049368,57.43314371705978
982.6810332087929,112.95332878563859,36.31801735049369,57.433143717059785
988.8991885324903,114.05065031334989,36.31801735049369,57.433143717059785
993.6291552794809,117.51559182735264,35.636656078202876,56.35564217018128
997.1936485469478,120.55661610380633,34.96807780501956,55.298355598635574
999.6347343378399,122.836231730793,34.3120427094675,54.26090474985557
997.5613093068704,126.29194011574214,34.3120427094675,54.26090474985558
998.2524509838602,125.2552276002574,34.3120427094675,54.26090474985558
1000.9933104733813,124.38193787799523,33.66831546935421,53.24291748642061
1000.3151352853884,122.6864999080131,33.66831546935421,53.24291748642061
999.976047691392,123.02558750200953,33.66831546935421,53.24291748642061
998.2814485840433,122.82977012547863,34.34481293207995,54.31272742747525
996.5527998968308,121.2464146663107,35.03490325832423,55.40403305967551
994.0837153366962,118.92554271105173,35.73885956949374,56.51726629594358
990.8451376526493,116.19809657167302,36.45696047482358,57.65286772762798
989.7445264062284,113.04867466051047,37.18949018164421,58.81128679887921
990.1200038082038,110.58507302997228,37.93673860786399,59.99298198452909
990.8851023345358,105.3974336534414,38.6990014967118,61.19842097154423
991.6655739855573,102.83383510122042,39.47658053378523,62.42808084412547
992.8583291197955,99.25556969850595,39.47658053378524,62.428080844125475
992.4607440750494,96.87005943002964,39.47658053378524,62.428080844125475
995.2438393882718,91.70145384833096,39.47658053378524,62.428080844125475
997.6293496567481,84.14733799815596,39.47658053378524,62.428080844125475
999.6172748804784,81.3642426849336,39.47658053378524,62.428080844125475
1001.6052001042086,73.41254179001255,39.47658053378524,62.428080844125475
1003.5658497755669,66.0464466039622,38.735961549037015,61.2568694263841
1005.8798417184213,62.7198061487827,38.0092372956245,60.10763107215037
1007.4110690037238,54.2980560796185,38.0092372956245,60.10763107215037
1009.325103110352,45.87630601045429,38.0092372956245,60.10763107215037
1011.2391372169801,37.45455594129009,38.0092372956245,60.10763107215037
1013.1531713236083,29.41561269345152,38.0092372956245,60.10763107215037
1014.6843986089108,22.90789673091554,38.0092372956245,60.10763107215037
1016.2156258942133,14.103339840425683,38.0092372956245,60.10763107215037
1017.7468531795158,6.447203413912767,38.0092372956245,60.10763107215037
1018.1296600008415,0.0,38.0092372956245,60.10763107215037
1018.5124668221671,0.0,38.0092372956245,60.10763107215037
1017.3640463581902,0.0,38.0092372956245,60.10763107215037
1016.5984327155389,0.0,38.0092372956245,60.10763107215037
1014.6843986089108,0.0,38.0092372956245,60.10763107215037
1015.8065573519266,0.0,37.2961470948953,58.9799535454158
1015.4309323582954,0.0,37.2961470948953,58.9799535454158
1013.902663358197,0.0,36.59643515878164,57.87343234411978
1011.6659103605775,0.0,35.90985049804831,56.78767055505312
1009.85759523753,0.0,35.90985049804831,56.78767055505312
1008.7477949719851,0.0,35.236146832261866,55.72227871148385
1006.2636498464731,0.0,35.236146832261866,55.72227871148385
1003.7795047209611,0.0,35.236146832261866,55.72227871148385
1001.6502374705223,0.0,35.236146832261866,55.72227871148385
999.1660923450103,0.0,35.236146832261866,55.72227871148385
993.4637006341734,0.0,34.57508250144895,54.67687465345412
991.6987115660072,0.0,33.926420379411965,53.651083390697956
987.9167129519449,0.0,33.28992778867105,52.64453696813093
982.5522858407875,0.0,33.28992778867105,52.644536968130936
1013.3747407213298,7.02867888890745,32.6653764170018,51.656874333863286
1007.4537961896713,7.496667835174385,33.32172182534862,52.6948159098536
1004.0978271356626,4.140698781165636,33.32172182534862,52.6948159098536
1000.7426883087363,3.611300313127291,33.99125518198535,53.75361284593029
995.266094353234,0.0,34.67424147235698,54.83368418884357
986.536490960845,0.0,35.37095100626105,55.935457405250006
981.9063101745267,0.0,36.08165952482986,57.059368550893694
977.9098819350758,0.0,36.806648309662265,58.2058624431868
980.8763593746736,0.0,37.54620429414831,59.375392837257756
972.936282961604,0.0,38.30062017703064,60.56842260553678
965.222408052558,0.0,39.07019453824772,61.78542392094984
957.746056964393,0.0,39.07019453824772,61.785423920949846
950.663198038763,0.0,39.07019453824772,61.785423920949846
943.5813125662395,0.0,39.85523195710473,63.02687844379349
935.1519419545464,0.0,39.85523195710473,63.02687844379349
926.3211727422964,0.0,39.85523195710473,63.02687844379349
917.4904035300465,0.0,39.85523195710473,63.02687844379349
908.2582357172397,0.0,39.85523195710473,63.02687844379349
896.2162777005352,0.0,39.85523195710473,63.02687844379349
885.7523769120718,0.0,39.10750910396364,61.84443300161689
878.2418648746354,0.0,38.373814257627565,60.684171384155185
869.7128214539764,0.0,37.65388423906686,59.54567740131502
860.5853353439663,0.0,36.94746080674607,58.4285426711333
848.6777120112666,0.0,36.94746080674607,58.4285426711333
837.8864283660075,0.0,36.94746080674607,58.4285426711333
827.8393711790421,0.0,36.94746080674607,58.4285426711333
817.4202007629299,0.0,36.94746080674607,58.4285426711333
808.4639551556354,0.0,36.25429056399169,57.332366473289156
799.3106053893159,0.0,35.57412486809787,56.25675560536404
757.3916356903212,28.84019327582883,35.57412486809787,56.25675560536405
750.9425634289374,27.765347898931527,35.57412486809787,56.256755605364056
745.9020391079313,29.367908957611544,34.90671974113738,55.20132424179862
740.9560799178138,28.12792379094196,34.25183578244581,54.16569379549568
738.862627481041,26.911201950093005,33.609238082747694,53.149492782019585
737.1469428459295,25.378814391392552,32.978696139893685,52.15235668634348
736.7920147253903,25.20374451611944,32.359983776178574,51.17392783209633
738.073299610615,24.054226595968327,31.75287905721055,50.21385525326318
737.7315641569853,22.926274748244484,31.15716421230249,49.2717945682923
740.8480042018762,21.191890879838848,30.57262555635684,48.347407856564296
742.0585191173943,19.490045736986787,29.999053413215968,47.440363537178726
743.8505894601833,20.237192311849974,29.436242040450566,46.55033625001484
744.7196449508343,18.598604698626737,28.88398955555909,45.67700673902367
743.8469369712212,20.634923317724024,28.88398955555909,45.67700673902367
747.6087147356774,18.154369219670574,28.342097863551764,44.82006173770976
748.7309125049748,16.29124281222999,27.81037258589318,43.9791938567613
749.5519669371135,14.182980648100738,27.28862299077801,43.15410147378847
750.9072877114877,15.137457193101021,26.776661924714798,42.34448862513037
751.6978235765959,12.568201290859232,26.274305745393328,41.55006489969177
751.4150504215528,11.634863823734406,25.781374255811453,40.7705453347716
750.3586175692573,9.680416945509037,25.297690639637768,40.00565031384577
747.7933031026564,9.800905815886587,24.823081397786936,39.255105466267715
746.0261271261325,9.16912349843269,24.357376286184945,38.51864156885061
743.065538802628,9.03982054447981,23.900408254701926,37.795994449296074
740.1604939909669,7.468677787781775,23.45201338723066,37.08690489143454
736.3651707571751,7.344181020499356,23.012030842889274,36.39111854224352
732.6410514727172,6.063201313835268,22.58030279832702,35.70838582061019
727.4104924102958,6.518032536654527,22.58030279832702,35.70838582061019
722.6191631628911,6.852994533056727,22.156674391112468,35.03846182780579
718.5871711259321,6.289076022313878,21.740993664183783,34.381106259639495
713.3170476925103,5.735737170428507,21.333111511341166,33.73608332026047
709.6645189865766,5.735737170428507,21.333111511341166,33.73608332026047
706.8566691137149,4.548215603444589,20.932881623761915,33.103161637577
704.1159603861944,4.969863099986213,20.932881623761915,33.103161637577
700.5174935104412,3.38297309420615,20.54016043751892,32.4821141802625
698.03507163006,3.589841584237927,20.54016043751892,32.4821141802625
697.0007291799011,2.762367624110812,20.54016043751892,32.4821141802625
695.7595182397104,3.1761046041743697,20.54016043751892,32.4821141802625
694.1045703194561,5.451657994523934,20.54016043751892,32.4821141802625
694.1045703194561,7.727211384873499,20.54016043751892,32.4821141802625
693.4697730370466,15.892912008053084,20.154807082083753,31.872718176318507
691.845873546822,24.824359204288722,20.154807082083753,31.872718176318507
690.6284510960814,34.65352175503447,20.55977762078406,32.51313670263528
690.4213850332462,48.112815839323645,20.55977762078406,32.51313670263528
689.5931207819053,60.32971354660151,20.55977762078406,32.51313670263528
689.3718493526561,76.78585545604267,20.174056227941474,31.903158686047
688.3559428405367,86.74173927481257,20.174056227941474,31.903158686047004
687.9495802356889,96.69762309358248,20.174056227941474,31.903158686047004
687.3260974684715,108.17186184523304,19.795571342985333,31.304624449372177
686.1298809251305,117.74159419196101,19.795571342985333,31.30462444937218
685.1330338056796,131.69745386427263,19.795571342985333,31.30462444937218
684.7206176045014,144.7507495698358,19.424187202000645,30.717319296187085
683.9381013649042,154.33657350490114,19.424187202000645,30.717319296187085
682.7509062525419,167.14497670755873,19.059770588135287,30.141032557981404
681.599153039928,176.55096127723914,19.059770588135287,30.141032557981408
679.2956466147001,189.22024661599235,19.059770588135287,30.141032557981408
677.3760579270103,198.81819005444174,19.059770588135287,30.141032557981408
675.8272180102497,206.77928232489666,18.70219078381465,29.57555751859063
674.6841509023129,210.07043595798078,18.35131952385276,29.020691340046245
671.3573231549015,210.44008348547095,18.35131952385276,29.02069134004625
667.4760241162547,209.8856121942357,18.35131952385276,29.020691340046252
664.1491963688433,210.07043595798078,18.35131952385276,29.020691340046252
661.376839912667,208.22219832052994,18.35131952385276,29.020691340046252
657.8651884015104,208.5918458480201,18.35131952385276,29.020691340046252
654.5383606540989,208.7766696117652,18.35131952385276,29.020691340046252
647.6872019189906,209.2337215506249,18.007030949443074,28.47623498981698
644.0476345124794,208.59406100850998,17.669201563012486,27.94199316941512
639.9546954944954,207.70429165677433,17.669201563012486,27.94199316941512
636.7515258282469,207.88224552712146,17.669201563012486,27.94199316941512
635.8617564765112,206.4586145643444,17.669201563012486,27.94199316941512
635.4936405550148,206.89867789722797,17.33771018392228,27.41777424434224
635.4936405550148,204.80329450199108,17.33771018392228,27.41777424434224
635.6682558379513,203.05714167262698,17.33771018392228,27.41777424434224
636.7039683920943,203.48894899005992,17.012437905000198,26.90339017534918
636.5326290614269,203.48894899005992,17.012437905000198,26.903390175349184
636.1899504000919,201.7755556833853,17.012437905000198,26.903390175349184
637.0466470534292,199.8908230460432,17.012437905000198,26.903390175349184
636.7039683920942,199.0341263927059,17.012437905000198,26.903390175349184
635.847271738757,199.37680505404083,17.012437905000198,26.903390175349184
635.3332537467545,197.6634117473662,17.012437905000198,26.903390175349184
634.8192357547521,195.77867911002411,17.012437905000198,26.903390175349184
633.2771817787449,194.40796446468443,17.012437905000198,26.903390175349184
632.4204851254076,194.75064312601936,17.012437905000198,26.903390175349184
630.8784311494004,192.86591048867726,17.012437905000198,26.903390175349184
629.5077165040607,191.83787450467247,17.012437905000198,26.903390175349184
626.7662872133812,190.63849919000023,17.012437905000198,26.903390175349184
625.7382512293765,190.98117785133516,17.012437905000198,26.903390175349184
625.224233237374,189.26778454466054,17.012437905000198,26.903390175349184
624.8815545760391,189.439123875328,17.012437905000198,26.903390175349184
624.1961972533693,188.23974856065576,17.012437905000198,26.903390175349184
622.996821938697,186.6976945846486,17.012437905000198,26.903390175349184
621.2834286320224,185.6696586006438,17.012437905000198,26.903390175349184
620.0840533173501,185.84099793131125,17.012437905000198,26.903390175349184
618.7133386720104,184.12760462463663,17.012437905000198,26.903390175349184
617.5139633573382,184.47028328597156,17.012437905000198,26.903390175349184
616.9881909622245,183.00925684147867,16.693268049887998,26.3986564509857
616.8085322446855,181.57564067182165,16.380086131189213,25.90339202141553
617.7870386716617,181.98359771900937,16.072779809402114,25.41741923347314
617.301411740962,180.6885925704767,16.072779809402114,25.41741923347314
616.8157848102622,181.336095144743,16.072779809402114,25.41741923347314
618.423436080751,179.63201515521112,15.771238852623107,24.940563766938897
618.2645973814479,178.36130556078626,15.771238852623107,24.940563766938897
618.7302166578626,178.91293755685703,15.475355097006155,24.472654572009763
619.4988179266359,177.2721981661337,15.185022407964002,24.013523807943105
619.1824567998065,177.49745667867944,14.900136642097316,23.563006782851605
618.7322603987909,175.84673654162233,14.900136642097316,23.563006782851605
618.2717690468997,176.2178344527395,14.620595609838063,23.12094189462767
617.8199169599326,175.25671936858654,14.346299038793735,22.68717057297617
616.5195291144458,173.81184398471243,14.346299038793735,22.687170572976175
614.9301661921843,174.10081906148724,14.346299038793735,22.687170572976175
613.3408032699227,172.94491875438794,14.346299038793735,22.687170572976175
611.4624652708864,171.78901844728864,14.346299038793735,22.687170572976175
611.0190903678439,171.85734758412198,14.077148537779278,22.26153722253471
610.3102063085344,170.0142490299172,14.07714853777928,22.261537222534713
610.1684294966725,170.0142490299172,14.07714853777928,22.261537222534713
609.8848758729487,168.31292728757433,14.07714853777928,22.261537222534713
610.4422567966622,168.3799745034493,13.813047561523819,21.843889167060958
609.7466720906707,166.7105712090699,13.81304756152382,21.843889167060958
610.0249059730672,166.84968815026818,13.81304756152382,21.843889167060958
610.0249059730672,165.59763567948366,13.81304756152382,21.843889167060958
610.2935960070076,164.82872337729262,13.553901376039509,21.43407659466716
609.2015402286781,163.60016062667194,13.55390137603951,21.43407659466716
608.1094844503486,163.8731745712543,13.55390137603951,21.43407659466716
606.7350499308452,162.98218083821735,13.299617024640106,21.031952504082057
604.1900765210761,163.384018745023,13.299617024640106,21.031952504082057
601.1093192355662,162.4463969624765,13.299617024640106,21.031952504082057
598.2964538879266,162.4463969624765,13.299617024640106,21.031952504082057
596.9569941985745,162.4463969624765,13.299617024640106,21.031952504082057
595.8854264470929,161.3748292109948,13.299617024640106,21.031952504082057
594.1441288509351,161.3748292109948,13.299617024640106,21.031952504082057
591.599155441166,160.8390453352539,13.299617024640106,21.031952504082057
588.9202360624616,160.97299130418912,13.299617024640106,21.031952504082057
585.9734247458869,160.97299130418912,13.299617024640106,21.031952504082057
583.0174243253986,161.3042271992049,13.050103294597069,20.637372651920973
579.4687329881936,159.85846406182506,13.050103294597069,20.637372651920977
574.8685775510759,159.85846406182506,13.050103294597069,20.637372651920977
570.2684221139582,158.80699996191245,13.050103294597069,20.637372651920977
565.9311327018187,159.0698659868906,13.050103294597069,20.637372651920977
562.6453073895918,159.0698659868906,13.050103294597069,20.637372651920977
557.5194199025179,158.01840188697798,13.050103294597069,20.637372651920977
550.6758865456849,158.34342347495496,12.805270684421217,20.25019550094521
545.6461656853876,158.34342347495496,12.805270684421217,20.25019550094521
538.8109040034451,157.82755466877063,12.805270684421217,20.25019550094521
533.3942815385095,158.2144562734089,12.805270684421217,20.25019550094521
528.4935278797583,156.92478425794806,12.805270684421217,20.25019550094521
522.0451678024541,156.15098104867155,12.805270684421217,20.25019550094521
517.1444141437029,156.15098104867155,12.805270684421217,20.25019550094521
512.63056208959,156.40891545176373,12.805270684421217,20.25019550094521
509.1484476478456,155.1192434363029,12.805270684421217,20.25019550094521
506.18220201228564,155.1192434363029,12.805270684421217,20.25019550094521
503.3449235782718,153.70060421929597,12.805270684421217,20.25019550094521
501.5393827566266,154.08750582393424,12.805270684421217,20.25019550094521
500.3786779427118,152.53989940538122,12.805270684421217,20.25019550094521
499.6048747334353,152.6688666069273,12.805270684421217,20.25019550094521
498.3155217675895,151.1757510023662,13.062566988283292,20.657082679145702
498.18396322806274,150.1232826861522,13.062566988283294,20.657082679145702
498.578638846643,148.93925583041147,13.062566988283296,20.657082679145702
498.18396322806274,147.88678751419747,13.062566988283296,20.657082679145702
497.9211716092882,146.7583463563742,13.325033146778871,21.072145441417778
498.32377744507255,146.89254830163566,13.325033146778873,21.072145441417778
498.1895754998111,145.81893273954395,13.325033146778873,21.072145441417778
498.72638328085696,145.01372106797518,13.325033146778873,21.072145441417778
499.5223882877517,143.8693685707081,13.075042585604058,20.67681153072272
498.9866176032436,143.27322198332257,12.829742090111488,20.28889446808331
499.76189958268634,143.66086297304395,12.829742090111488,20.288894468083313
499.8822487926848,142.42983235832665,12.589043670114654,19.908255106227855
500.00903828212927,141.4155164427708,12.589043670114656,19.908255106227855
500.5161962399072,140.90835848499287,12.589043670114657,19.908255106227855
501.0233541976851,139.64046359054808,12.589043670114657,19.908255106227855
500.64298572935166,138.75293716443673,12.589043670114657,19.908255106227855
500.3894067504627,137.99220022776984,12.589043670114657,19.908255106227855
501.0146560501937,137.54500187945007,12.35286098620839,19.534756908422594
501.3878884367025,136.6741263109296,12.35286098620839,19.534756908422594
501.3878884367025,135.80325074240915,12.35286098620839,19.534756908422594
501.87699665691616,135.11562067835223,12.121109318798599,19.168265899495484
501.5107664724075,134.1390068529958,12.121109318798599,19.168265899495484
502.1211501132553,133.04031629946982,12.121109318798599,19.168265899495484
502.60945702593347,132.30785593045252,12.121109318798599,19.168265899495484
501.7549199287466,132.5520093867916,12.121109318798599,19.168265899495484
501.2582381784416,133.0980472121586,11.893705537713053,18.808650617778806
500.6593059274123,132.13975561051168,11.893705537713055,18.808650617778806
499.58122787555953,130.58253175783545,11.893705537713055,18.808650617778806
498.7427227241185,129.50445370598268,11.893705537713055,18.808650617778806
496.82613952082465,129.86381305660026,11.893705537713055,18.808650617778806
495.9876343693836,128.7857350047475,11.893705537713055,18.808650617778806
495.26891566814845,127.70765695289474,11.893705537713055,18.808650617778806
494.789769867325,126.74936535124782,11.893705537713055,18.808650617778806
493.8232605481376,127.04558607636638,11.670568072382274,18.455782067953383
494.05833882829916,125.98773381563954,11.670568072382274,18.455782067953383
494.5284953886222,124.92988155491271,11.670568072382274,18.455782067953383
494.2934171084607,123.87202929418588,11.670568072382274,18.455782067953383
494.17587796837995,123.04925531362058,11.670568072382274,18.455782067953383
494.0583388282992,123.04925531362058,11.670568072382274,18.455782067953383
494.88111280886454,121.99140305289374,11.670568072382274,18.455782067953383
494.88111280886454,122.46155961321678,11.670568072382274,18.455782067953383
494.99058840376574,121.22421412883563,11.451616882579867,18.109533674777484
494.4060061801446,121.85542631408589,11.236773429711823,17.76978123768383
493.0479636121882,120.72372417412222,11.236773429711823,17.76978123768383
493.61381468217,119.59202203415856,11.236773429711823,17.76978123768383
492.7084529701991,118.57349010819127,11.236773429711823,17.76978123768383
492.4821125422064,117.66812839622034,11.236773429711823,17.76978123768383
492.1426019002173,116.76276668424941,11.236773429711823,17.76978123768383
492.36894232821004,116.98910711224215,11.236773429711823,17.76978123768383
492.7084529701991,115.97057518627486,11.236773429711823,17.76978123768383
492.5952827562028,116.87593689824578,11.236773429711823,17.76978123768383
492.1426019002173,116.1969156142676,11.236773429711823,17.76978123768383
493.0479636121882,115.29155390229667,11.236773429711823,17.76978123768383
492.82162318419546,114.38619219032574,11.236773429711823,17.76978123768383
492.4821125422064,113.59400069235119,11.236773429711823,17.76978123768383
492.36894232821004,112.57546876638389,11.236773429711823,17.76978123768383
493.1611338261846,111.33059641242386,11.236773429711823,17.76978123768383
493.5006444681737,110.19889427246022,11.236773429711823,17.76978123768383
492.93479339819186,108.95402191850019,11.236773429711823,17.76978123768383
492.93479339819186,109.2935325604893,11.236773429711823,17.76978123768383
492.93479339819186,108.16183042052563,11.236773429711823,17.76978123768383
493.0479636121882,107.030128280562,11.236773429711823,17.76978123768383
493.7192210727037,107.30998767028608,11.02596064864441,17.436402886228386
493.2750329491546,106.42161142318783,11.02596064864441,17.436402886228386
493.49712701092915,105.311141114315,11.02596064864441,17.436402886228386
493.38607998004187,105.311141114315,11.02596064864441,17.436402886228386
493.05293888738004,104.08962377455491,11.02596064864441,17.436402886228386
493.38607998004187,103.20124752745666,11.02596064864441,17.436402886228386
492.6087507638309,102.09077721858384,11.02596064864441,17.436402886228386
492.7197977947182,101.09135394059831,11.02596064864441,17.436402886228386
491.8314215476199,99.86983660083821,11.02596064864441,17.436402886228386
490.94304530052165,98.53727223019084,11.02596064864441,17.436402886228386
491.6093274858453,97.20470785954346,11.02596064864441,17.436402886228386
490.72095123874703,95.31690833445968,11.02596064864441,17.436402886228386
489.9436220225361,93.87329693292503,11.02596064864441,17.436402886228386
489.16629280632515,92.76282662405221,11.02596064864441,17.436402886228386
488.61105765188876,91.87445037695396,11.02596064864441,17.436402886228386
488.3889635901142,90.54188600630658,11.02596064864441,17.436402886228386
488.04820433085695,90.70544793123328,10.819102920060647,17.109279036374993
487.61234960783673,89.61581112368276,10.819102920060647,17.109279036374993
487.1767644480852,88.46324962504836,11.036491155033428,17.453055780052875
487.62137680005503,88.46324962504835,11.036491155033428,17.45305578005288
487.9548360640324,87.4628718331162,11.036491155033428,17.45305578005288
487.84368297603993,87.79633109709357,11.036491155033428,17.45305578005288
487.1767644480852,86.57364712917649,11.036491155033428,17.45305578005288
486.6133735656851,87.29313070629502,10.829435863924104,17.12561950574046
487.26778005444083,86.09338547690953,10.829435863924104,17.12561950574046
488.14032203944845,84.89364024752405,10.829435863924104,17.12561950574046
488.4675252838263,83.91203051439047,10.829435863924104,17.12561950574046
488.0312542913225,84.02109826251643,10.829435863924104,17.12561950574046
487.9221865431966,83.25762402563475,10.829435863924104,17.12561950574046
487.5949832988187,83.14855627750882,10.829435863924104,17.12561950574046
487.1587123063149,82.2760142925012,10.829435863924104,17.12561950574046
488.0312542913225,81.73067555187143,10.829435863924104,17.12561950574046
487.48591555069277,80.85813356686381,10.829435863924104,17.12561950574046
488.4675252838263,79.87652383373026,10.829435863924104,17.12561950574046
487.70405104694464,79.9855915818562,10.829435863924104,17.12561950574046
487.1587123063149,79.44025284122645,10.829435863924104,17.12561950574046
487.81311879507064,78.45864310809287,10.829435863924104,17.12561950574046
486.4968234358263,79.05556072652051,10.626265131138085,16.804326253892803
487.0319310921279,78.9485391952602,10.626265131138085,16.804326253892803
486.4968234358263,78.19938847643797,10.626265131138085,16.804326253892803
487.02458908714203,78.78510734070403,10.426906078589106,16.489060775443257
487.4446439007823,77.73497030660332,10.426906078589106,16.489060775443257
487.9697124178327,76.57981956909252,10.426906078589106,16.489060775443257
488.7048083417032,75.5296825349918,10.426906078589106,16.489060775443257
488.49478093488307,74.58455920430116,10.426906078589106,16.489060775443257
487.9697124178327,74.58455920430116,10.426906078589106,16.489060775443257
488.1797398246528,74.58455920430116,10.426906078589106,16.489060775443257
488.7048083417032,73.74444957702059,10.426906078589106,16.489060775443257
488.2850133195545,72.8436963040696,10.636413902426197,16.820375473604237
487.53514711328563,73.05794379157497,10.636413902426197,16.820375473604237
487.0993031211989,73.42997456777834,10.436864449072836,16.504808896208225
487.7299871109799,72.27372058651318,10.436864449072836,16.504808896208225
487.3095311177926,71.22258060354484,10.436864449072836,16.504808896208225
486.7839611263084,71.64303659673217,10.436864449072836,16.504808896208225
487.0993031211989,70.80212461035751,10.436864449072836,16.504808896208225
487.0993031211989,71.32769460184167,10.436864449072836,16.504808896208225
486.7839611263084,70.38166861717018,10.436864449072836,16.504808896208225
486.3562939907416,71.48251772282745,10.241058737237896,16.195162654236693
486.03979226354386,72.25328795742556,10.048926530695113,15.891325676448105
486.2422060922156,71.54483955707441,10.048926530695113,15.891325676448105
486.84944757823087,69.11587361301332,10.048926530695113,15.891325676448105
486.36787627189904,69.77097653521413,10.0,15.593188975405276
486.1681030975536,68.7205459930637,10.20093,15.906502921488094
486.26940667104617,67.91011740512313,10.20093,15.906502921488096
486.061185626801,68.76845314001999,10.009550647535015,15.608081480590375
485.56417052638847,68.07263199944248,10.009550647535015,15.608081480590375
486.35939468704845,66.78039273836998,10.009550647535015,15.608081480590375
486.061185626801,65.88576555762748,10.009550647535015,15.608081480590375
486.5570427967155,64.63552574612524,10.210672548695936,15.921694661779878
486.35424214678545,63.72292282144007,10.210672548695936,15.921694661779878
486.7598434466455,64.02712379633513,10.210672548695936,15.921694661779878
486.6584431216805,63.01312054668495,10.210672548695936,15.921694661779878
486.1458222379599,63.46667474792881,10.019110416556863,15.622988209082266
485.74667137594986,62.41423678925591,10.220424402156741,15.936900911167356
486.1526600513154,62.61723112693868,10.220424402156741,15.936900911167358
486.9646374020465,61.29776793200067,10.220424402156741,15.936900911167358
486.66014589552236,61.602259438524825,10.220424402156741,15.936900911167358
485.94966571363267,60.48579058126958,10.220424402156741,15.936900911167358
486.66014589552236,60.587287750110974,10.220424402156741,15.936900911167358
485.9440410879811,59.72181193004823,10.028679315777158,15.63790917446513
486.44200600495395,59.522625963259074,10.028679315777158,15.63790917446513
485.6452621377973,58.825475079497025,10.028679315777158,15.63790917446513
486.4563456628425,58.97216626018915,10.0,15.344526813080885
485.9649825735792,57.74303772608748,10.20093,15.65284439033612
485.26716586558024,57.34428532151662,10.20093,15.652844390336123
484.3671774131935,56.09045990777925,10.40589728649,15.967356992671146
483.9604128765576,55.378621968666415,10.40589728649,15.967356992671148
483.5536483399217,54.97185743203051,10.40589728649,15.967356992671148
483.2485749374448,55.27693083450744,10.40589728649,15.967356992671148
482.435045864173,53.64987268796383,10.40589728649,15.967356992671148
482.0282813275371,52.83634361469203,10.40589728649,15.967356992671148
481.31644338842426,52.02281454142022,10.40589728649,15.967356992671148
480.2995320468345,50.90421206567149,10.40589728649,15.967356992671148
479.58769410772163,50.29406526071763,10.40589728649,15.967356992671148
478.6696221873611,49.32012013541895,10.614982980667444,16.28818909672489
478.15095011677295,48.49024482247789,10.614982980667445,16.28818909672489
478.56172705335115,47.087019732805146,10.415835592216885,15.982606852541423
477.8492092629125,46.0691371750356,10.415835592216887,15.982606852541425
476.62775019358907,45.153042873043006,10.415835592216887,15.982606852541425
476.42417368203513,44.54231333838128,10.415835592216887,15.982606852541425
475.7116558915965,44.74588984993519,10.415835592216887,15.982606852541425
475.10092635693474,44.9494663614891,10.415835592216887,15.982606852541425
474.99913810115777,44.23694857105042,10.415835592216887,15.982606852541425
474.28376587421883,43.26207326509073,10.625120976771301,16.30374537202954
473.66076495101714,43.57357372669157,10.625120976771303,16.30374537202954
474.3875993614191,42.43140536748848,10.625120976771303,16.30374537202954
473.8684319254177,41.49690398268595,10.625120976771303,16.30374537202954
474.798768616571,41.649841030193045,10.42578338966928,15.997871277015356
473.8817993851997,41.751726500345406,10.42578338966928,15.997871277015358
473.47425750459024,41.1404136794312,10.42578338966928,15.997871277015358
474.0855703255044,40.223444448059894,10.42578338966928,15.997871277015358
473.47425750459024,40.223444448059894,10.42578338966928,15.997871277015358
473.1686010941331,40.529100858517,10.42578338966928,15.997871277015358
472.76105921352365,39.81590256745042,10.42578338966928,15.997871277015358
473.5761429747426,40.121558977907526,10.42578338966928,15.997871277015358
473.67802844489495,39.102704276383854,10.42578338966928,15.997871277015358
472.862944683676,39.40836068684096,10.42578338966928,15.997871277015358
472.1497463926094,39.71401709729806,10.42578338966928,15.997871277015358
472.4525456403946,40.062721834275365,10.635268655317905,16.319316504584428
472.8653616883696,40.10663513082034,10.848963108409208,16.647220531111046
473.6075085045435,40.42469805203772,10.848963108409208,16.647220531111046
472.96840952797925,40.57551467218929,11.066951324146475,16.98171313324266
472.5327716420078,41.05381541018298,11.28931957710255,17.322926695228908
472.6430959783021,41.605437091654494,11.28931957710255,17.322926695228908
473.5256906686565,40.94349107388868,11.28931957710255,17.322926695228908
473.3050419960679,40.17122071982857,11.28931957710255,17.322926695228908
474.29796102271666,40.72284240130007,11.28931957710255,17.322926695228908
474.18321164903693,39.782096501516364,11.077520979284884,16.9979317689103
473.64193892596484,40.32336922458842,11.077520979284884,16.9979317689103
473.8541059958065,39.292018086786335,10.869695928830383,16.679034062997403
473.11054090615227,39.610688839495296,10.869695928830385,16.679034062997403
472.78889133753063,40.08046442919932,11.088100729128374,17.014165894425208
473.32633484480573,39.156486218991404,10.880077192293289,16.69496362055342
473.4283952514466,38.356167771878354,10.675956379011545,16.38174989130246
472.38216679202174,38.81757016403747,10.890468370535025,16.7109083918684
473.127152865536,37.85973092666197,10.890468370535025,16.7109083918684
472.4885933739523,38.391863836315025,10.890468370535025,16.7109083918684
471.95646046429925,39.13684990982931,10.890468370535025,16.7109083918684
471.42134304609226,38.1175511132255,11.109290551504186,17.046680674186213
472.1812981247817,37.03190100081207,11.109290551504188,17.046680674186213
471.3127780348509,36.16338091088133,11.109290551504188,17.046680674186213
470.7699529786442,36.70620596708804,11.109290551504188,17.046680674186213
470.9870830011269,37.3575960345361,11.109290551504188,17.046680674186213
470.4442579449202,36.48907594460536,11.109290551504188,17.046680674186213
470.1185629111962,35.8376858771573,11.109290551504188,17.046680674186213
469.6812583899465,36.31781646721215,11.332509526555562,17.389199628972637
469.34591351696355,35.257144609041944,11.560213640472643,17.738600817117586
469.11997024578676,34.466343159923106,11.560213640472643,17.738600817117586
469.22977383062454,34.401103942402344,11.792493013150661,18.095022523335928
468.76557582558104,34.10407072395937,12.029439575263897,18.458605810897318
468.41290445471515,33.28117085860556,12.029439575263897,18.458605810897318
467.82182219553437,32.74305510446046,12.271147104649675,18.829494577455677
467.5786209172406,32.07420779156042,12.5177112634234,19.207835612000494
467.21163471112897,31.58489285007824,12.517711263423402,19.207835612000494
466.8412180541799,31.75890753571391,12.76922963583937,19.59377865295242
466.46685799422886,31.384547475762872,12.76922963583937,19.59377865295242
466.5916446808792,30.88540072916149,12.76922963583937,19.59377865295242
466.0889985553917,31.062911891875643,13.02580176691229,19.987476447426193
465.8344105043013,30.426441764149583,13.02580176691229,19.987476447426197
465.57982245321085,30.426441764149583,13.02580176691229,19.987476447426197
465.1979403765752,30.17185371305916,13.02580176691229,19.987476447426197
465.32523440212043,29.662677610878315,13.02580176691229,19.987476447426197
465.1979403765752,30.426441764149583,13.02580176691229,19.987476447426197
465.07064635103,30.04455968751395,13.02580176691229,19.987476447426197
466.72546868311775,29.535383585333104,13.02580176691229,19.987476447426197
468.1257029641151,29.408089559787893,13.02580176691229,19.987476447426197
471.68482999879495,29.213699716699473,12.781425076993925,19.612491980331768
475.1821942472562,28.963887984666528,12.781425076993925,19.612491980331768
480.1734189948547,29.897297877945938,12.541633131081657,19.244542585970606
486.42410703951055,29.161922813868784,12.541633131081657,19.244542585970606
490.8363574239735,29.039360303189255,12.541633131081657,19.244542585970606
497.20617097273697,28.723457495419773,12.79363216558448,19.631223180150513
503.8289983443423,28.651257570947,13.050694616687569,20.025673347509276
510.4609374103308,28.778794860677547,13.050694616687569,20.025673347509276
509.4406390924864,34.64551018828274,13.050694616687569,20.025673347509276
516.3240762242,35.46462057884138,13.312922223620673,20.428049202080782
525.4274206020907,34.86909049305336,13.580418769859882,20.838509994698192
534.9791064659931,35.057878383531644,13.853290124202676,21.257218176021667
546.0765205138491,35.11507897310428,14.13164428266828,21.684339460832472
558.3636206331113,34.48292480059277,14.415591411239934,22.12004289361898
567.0939621367485,33.97894443274932,14.70524388946598,22.564500915480465
575.7163397445629,34.41006331314004,14.70524388946598,22.564500915480465
580.3149411353972,34.84118219353076,14.70524388946598,22.564500915480465
585.0572488196952,34.984888486994336,14.70524388946598,22.564500915480465
588.7878484837687,36.77732368936758,14.429359234497689,22.141168966932614
589.3462335507941,36.844008380573335,14.158650443555803,21.725779136818165
589.6174133014928,37.32453620758753,13.893020412405136,21.31818242328307
589.6174133014928,37.1887673292549,13.893020412405136,21.31818242328307
589.888951058158,37.73184284258541,13.893020412405136,21.31818242328307
590.4265809700684,38.20335550094582,13.632373858580248,20.918232619892756
590.2933592477323,38.603020667953956,13.632373858580248,20.918232619892756
590.4212375334188,38.932465568642705,13.376617287207276,20.52578626318734
590.6774390517483,39.25572976308539,13.125658957466982,20.140702581220747
590.5440243552985,39.70119908250288,12.879408849686978,19.762843443065314
591.1682930946347,40.515901188176606,12.637778633051349,19.39207330926372
592.0278541222311,41.56232286723688,12.400681633916056,19.028259183210466
590.9323278477648,43.55859321071692,12.168032804718788,18.67127056344553
591.1668162642014,44.56012748436568,12.412525087864005,19.04643240287684
590.4356097884338,44.36877750123017,12.661929954454457,19.429132369147844
590.432139814786,44.54479703980217,12.916346113029311,19.819521925841133
590.3023757435614,45.48169959133967,13.17587425547841,20.21775557989706
590.2987649246247,45.14982130813523,13.440617096893739,20.623990942763932
589.3756470337064,44.81127459458637,13.710679416221625,21.03838879277689
589.5058766122665,44.7338993812373,13.986168097731767,21.461113138790154
589.6387228937486,44.791648627364374,14.267192173319492,21.892331285087863
589.0771111856017,44.57170732110874,14.553862865658001,22.332213897599132
588.7926573263223,44.57170732110874,14.553862865658001,22.332213897599132
588.3659765374034,44.57170732110874,14.553862865658001,22.332213897599132
588.6504303966827,44.57170732110874,14.553862865658001,22.332213897599132
588.7886688726823,44.48957366382615,14.846293632217666,22.780935071443594
589.0730190105738,44.70326989556776,14.567762747108283,22.353542607960385
588.3572129198665,44.763420560891156,14.860472803985932,22.802692339582133
587.9174706586098,44.67955657291722,15.159064284036422,23.26086683676136
588.3618943533835,44.67955657291722,15.159064284036422,23.260866836761362
587.9174706586098,44.82769780450845,15.159064284036422,23.260866836761362
588.2137531217923,44.975839036099686,15.159064284036422,23.260866836761362
587.4688926560978,43.70516011628555,15.463655362695567,23.728247434112408
587.4688926560978,44.30963144971592,15.463655362695569,23.72824743411241
587.4688926560978,44.7629849497887,15.463655362695569,23.72824743411241
587.4646548758541,44.52459911194189,15.77436658989821,24.20501910980603
587.0021921439044,44.83290759990839,15.774366589898213,24.205019109806035
586.0729437500427,47.056199779153694,16.09132093778904,24.69137055877937
584.4960173073728,47.59439625087293,16.414643849392036,25.187494267416923
582.885470084359,47.67025585340692,16.106689191254006,24.714952416515704
583.1939604999446,47.90209410686399,15.80451206154358,24.25127590960156
585.3500494057516,45.34950374459027,15.508004068217161,23.796298424212555
587.0128629904463,45.71663914832676,15.81960639395985,24.27443744845026
587.7815094016538,44.854380621271275,16.137469745233687,24.76218372010197
587.4616816596345,45.55182325587068,16.461719924824667,25.259730277589977
586.9745562471796,45.61979411886695,16.79248526327417,25.767274038057593
586.4776430238123,45.853234480498294,17.12989666966914,26.285015875304286
583.2923277720673,51.95040375208579,17.4740876834528,26.813160699286776
582.0901257012728,54.25110046409745,17.14625683020946,26.310119767512017
580.9124999770861,53.148970966734815,17.49077656869886,26.838769004000635
579.3693566622017,52.36655193840346,17.842218742293724,27.37804038959802
576.7490335865041,52.788947377087396,18.200722443482633,27.928147355146216
574.9653888125426,51.97477017270626,18.56642955953953,28.48930761995317
574.7788611779728,51.86999188968403,18.93948482867936,29.06174327796089
574.4035004328624,51.57802308584199,19.320035897342013,29.645680885644957
573.4541851805428,51.46899188074359,19.708233378627305,30.24135155168022
572.8709908753814,50.00958552681057,20.104230911904068,30.848991028408136
572.2760784470464,50.28906404716151,20.508185223616955,31.468839805141943
568.0617377551125,76.62814198847295,20.92025618931509,32.101143203346666
568.2661799593951,80.51254386984132,20.92025618931509,32.101143203346666
566.8350845294173,81.3303126869715,20.92025618931509,32.101143203346666
564.9893715413509,81.41669296034416,21.340606896927,32.746151473731516
564.3637213568713,81.83379308333056,21.340606896927,32.746151473731516
563.3151227037087,81.29625881105652,21.769403711306957,33.404119895293206
562.2514204143148,81.72173972681408,21.769403711306957,33.404119895293206
562.4641608721936,80.87077789529897,21.769403711306957,33.404119895293206
561.6072331841716,80.74792386264969,22.206816340078248,34.07530887634933
560.9561880284748,80.74792386264969,22.206816340078248,34.07530887634934
562.0412632879695,79.87986365505394,22.206816340078248,34.07530887634934
561.6072331841716,80.09687870695288,22.206816340078248,34.07530887634934
560.305142872778,80.09687870695288,22.206816340078248,34.07530887634934
560.305142872778,80.31389375885182,22.206816340078248,34.07530887634934
