1020.0,230.0,11.0,7.0
1019.4330708661416,228.0748031496063,11.0,10.0
1019.787401574803,228.5,11.0,10.0
1020.1417322834643,228.0748031496063,11.0,10.0
1019.5748031496059,228.5,11.0,10.0
1019.4330708661414,227.7204724409449,11.0,10.0
1019.2913385826769,227.93307086614175,11.0,10.0
1018.8973625157478,227.90347200787403,11.221022999999999,10.20093
1017.9575917992123,227.8311819527559,11.221023,10.20093
1017.4845300021232,227.7100014636341,11.010505712288516,10.009550647535015
1017.4845300021232,226.92972940528293,11.010505712288516,10.009550647535015
1016.6333241202856,226.92972940528293,11.010505712288516,10.009550647535015
1016.5623902967991,226.78786175831,11.010505712288516,10.009550647535015
1015.9239858854208,226.5041264643641,11.010505712288516,10.009550647535015
1015.9949197089073,225.79478822949943,11.010505712288516,10.009550647535015
1014.292507945232,225.8657220529859,11.010505712288516,10.009550647535015
1013.9378388277997,225.8657220529859,11.010505712288516,10.009550647535015
1014.0797064747727,225.72385440601295,11.010505712288516,10.009550647535015
1013.0156991224757,225.3691852885806,11.010505712288516,10.009550647535015
1012.0538761949996,225.55235963194605,11.23173980356553,10.210672548695936
1011.9815170981979,225.19056414793712,11.231739803565532,10.210672548695936
1011.9091580013961,224.8287686639282,11.231739803565533,10.210672548695936
1011.4356443996584,225.72049979481733,11.021021458212553,10.019110416556863
1010.583625561085,224.51347310683843,11.021021458212553,10.019110416556863
1010.4416224213228,224.15846525743288,11.021021458212553,10.019110416556863
1009.6929861150369,224.80703459464132,10.814256393637518,10.0
1009.5536470920695,224.7373650831576,10.814256393637518,10.0
1009.7626556265205,224.52835654870648,10.814256393637518,10.0
1008.5392980159227,224.00987447980424,11.031547247354876,10.20093
1008.2550204920109,223.86773571784835,11.031547247354876,10.20093
1007.3311185392976,223.58345819393656,11.031547247354876,10.20093
1007.4021879202755,223.29918067002478,11.031547247354876,10.20093
1006.833632872452,223.7255969558925,11.031547247354876,10.20093
1006.6204247295182,223.29918067002478,11.031547247354876,10.20093
1006.1229390626726,223.37025005100276,11.031547247354876,10.20093
1007.5443266822315,222.94383376513503,11.031547247354876,10.20093
1008.326089872989,222.65955624122324,11.031547247354876,10.20093
1007.6153960632095,221.664584907532,11.031547247354876,10.20093
1004.5196536227152,222.55707259797825,11.253204126195978,10.40589728649
1002.8522139275666,222.91955948822795,11.253204126195978,10.40589728649
1002.449169100113,222.38003237283962,11.479314756703634,10.614982980667444
1002.0793987607775,222.6018945764409,11.479314756703635,10.614982980667445
999.0810094563008,225.36381471388165,11.263951664820866,10.415835592216885
999.766078961045,224.89633893290224,11.490278245622113,10.6251209767713
1000.728400045324,222.08340037885588,11.490278245622115,10.6251209767713
999.8401036598357,221.7873015836931,11.490278245622115,10.6251209767713
999.6180295634636,221.49120278853033,11.490278245622115,10.6251209767713
998.9518072743473,222.08340037885588,11.490278245622115,10.6251209767713
998.5816837803939,221.56522748732104,11.490278245622115,10.6251209767713
998.319344675231,221.88697037724413,11.274709468041083,10.425783389669277
998.2787092301197,220.76532481458935,11.501252205382432,10.635268655317901
997.3154690668915,220.76532481458935,11.501252205382434,10.635268655317901
996.8708966838632,220.69122941741796,11.501252205382434,10.635268655317901
996.648610492349,220.54303862307518,11.501252205382434,10.635268655317901
995.6450668646393,221.60604277000607,11.28547754565998,10.435740687912391
995.0634245000813,221.5333374744363,11.28547754565998,10.435740687912391
995.3542456823603,221.46063217886655,11.28547754565998,10.435740687912391
995.0634245000813,221.31522158772705,11.28547754565998,10.435740687912391
993.972845066535,221.02440040544806,11.28547754565998,10.435740687912391
993.100381519698,220.51546333645982,11.28547754565998,10.435740687912391
992.6234754916867,220.48332596320847,11.512236645984926,10.645426025554615
992.549309328613,220.26082747398758,11.512236645984927,10.645426025554615
991.955980024024,219.81583049554578,11.512236645984927,10.645426025554615
990.7693214148459,220.03832898476668,11.512236645984927,10.645426025554615
989.9120020986458,220.0797120383482,11.743552016912702,10.859324570686084
989.1899420967114,219.12238840228665,11.523231577439475,10.655593096737629
989.4126530863971,220.23594335071493,11.523231577439477,10.655593096737629
989.1157051001495,219.2708623954104,11.523231577439477,10.655593096737629
987.9279131551593,219.12238840228662,11.523231577439477,10.655593096737629
987.0709257068975,220.1874239944225,11.30704456335405,10.455683823074931
986.9252372300612,219.8960470407498,11.307044563354053,10.455683823074931
986.7795487532248,219.60467008707712,11.307044563354053,10.455683823074931
985.6461331921647,219.71815977480313,11.534237009765526,10.665769878131977
985.1598667539005,219.74390197708433,11.317843523082784,10.465669678168107
985.3786081820488,219.8897295958499,11.317843523082786,10.465669678168108
986.5452291321733,218.65019483634262,11.317843523082788,10.465669678168108
984.317023945118,219.49293100789706,11.54525295299209,10.67595637901154
983.0109726964504,219.1625384124712,11.77723172057656,10.890468370535018
981.7545523211637,218.67376051638468,12.013871637538106,11.109290551504179
981.0932694245356,218.77797105562433,11.788479739486704,10.900869473024839
980.1059736983224,219.00580853090432,11.788479739486705,10.90086947302484
980.1819195234157,219.2336460061843,11.788479739486705,10.90086947302484
979.6502987477623,218.47418775525102,11.788479739486705,10.90086947302484
978.4351655462691,218.62607940543768,11.788479739486705,10.90086947302484
978.2073280709891,218.77797105562433,11.788479739486705,10.90086947302484
977.0681406945891,218.85391688071766,11.788479739486705,10.90086947302484
976.9921948694958,218.929862705811,11.788479739486705,10.90086947302484
975.7770616680026,218.929862705811,11.788479739486705,10.90086947302484
974.6378742916027,219.00580853090432,11.788479739486705,10.90086947302484
973.574632740296,219.00580853090432,11.788479739486705,10.90086947302484
973.4986869152027,218.929862705811,11.788479739486705,10.90086947302484
973.4227410901094,218.85391688071766,11.788479739486705,10.90086947302484
972.4354453638962,218.62607940543768,11.788479739486705,10.90086947302484
971.6000412878695,218.24635027997104,11.788479739486705,10.90086947302484
970.8405830369362,217.79067532941107,11.788479739486705,10.90086947302484
969.3216665350697,218.01851280469106,11.788479739486705,10.90086947302484
969.625449835443,218.32229610506437,11.788479739486705,10.90086947302484
968.1824791586697,217.63878367922442,11.788479739486705,10.90086947302484
967.4576567462311,217.89293077774045,11.567316412310696,10.696358576366123
967.0105307002291,218.04197279307442,11.567316412310696,10.696358576366123
965.8927155852241,218.19101480840845,11.567316412310696,10.696358576366123
965.7436735698901,217.2967627164045,11.567316412310696,10.696358576366123
964.5513374472182,217.37128372407147,11.567316412310696,10.696358576366123
964.6258584548852,217.52032573940545,11.567316412310696,10.696358576366123
963.2844803168792,217.59484674707244,11.567316412310696,10.696358576366123
961.4959761328713,217.66936775473943,11.567316412310696,10.696358576366123
961.7195391558723,217.7438887624064,11.567316412310696,10.696358576366123
960.9743290792023,217.59484674707244,11.567316412310696,10.696358576366123
963.9891554224134,217.17353673022646,11.350302323914281,10.495684502720069
963.8762580054987,217.2719913468059,11.13735963054882,10.298775269561196
962.7282409784414,217.2002402826148,11.137359630548822,10.298775269561196
962.5129877858682,217.1284892184237,11.137359630548822,10.298775269561196
956.662123298838,218.30136269365747,10.928411948889982,10.105560244826096
955.778967885227,217.9317131487548,10.723384328638772,10.0
955.0190430115439,218.20804946645774,10.723384328638772,10.0
954.5354544555638,217.58629275162613,10.723384328638772,10.0
954.980394610312,217.62399591047762,10.938849289954112,10.20093
953.6724703017487,217.59198445306623,11.15864358873716,10.40589728649
952.6660357332585,217.37631990267548,11.15864358873716,10.40589728649
951.6596011647682,217.0887671688211,11.15864358873716,10.40589728649
950.653166596278,217.7357608199934,11.15864358873716,10.40589728649
950.653166596278,217.44820808613903,11.15864358873716,10.40589728649
949.5029556608605,217.23254353574828,11.15864358873716,10.40589728649
948.1687512291652,217.70310615636828,11.382854214365656,10.614982980667444
946.9954291054224,216.67644929809336,11.382854214365658,10.614982980667445
944.7954501234047,217.70310615636828,11.382854214365658,10.614982980667445
944.6822289244229,216.70269035958472,11.169300815925649,10.415835592216885
943.0272215737454,216.99051772491995,11.169300815925649,10.415835592216887
940.7965594923973,217.06247456625377,11.169300815925649,10.415835592216887
939.5330376504091,217.02978871531036,11.393725577220042,10.625120976771301
936.59693084454,216.6627753645767,11.393725577220042,10.625120976771303
936.6292691208218,216.84964076727047,11.622659705243125,10.838611532557568
935.4312283208541,216.84964076727047,11.622659705243127,10.838611532557568
933.1100242709165,216.7747632172725,11.622659705243128,10.838611532557568
931.0883304209708,216.7747632172725,11.622659705243128,10.838611532557568
929.5488899202804,216.5909955565127,11.85619380670058,11.056391754081247
929.2006304753711,215.94524306448463,12.094420308858615,11.278547833596
927.9539615244222,215.789409445616,12.094420308858616,11.278547833596003
926.0839580979988,216.64649434939338,12.094420308858618,11.278547833596003
924.7593723376156,216.56857753995908,12.094420308858618,11.278547833596003
923.2010361489295,216.56857753995908,12.094420308858618,11.278547833596003
923.3568697677981,216.64649434939338,12.094420308858618,11.278547833596003
922.2236523515205,217.219793460724,11.867517239516046,11.066951324146475
920.5416420341088,217.2962484751518,11.867517239516046,11.066951324146475
919.3183618032639,218.06079861942985,11.867517239516046,11.066951324146475
918.095081572419,218.13725363385765,11.867517239516046,11.066951324146475
917.8657165291355,218.29016366271327,11.867517239516046,11.066951324146475
917.7892615147077,219.13116882141912,11.867517239516046,11.066951324146475
915.724976125157,219.58989890798597,11.867517239516046,11.066951324146475
915.342701053018,219.66635392241378,11.867517239516046,11.066951324146475
914.535378911221,220.3197199402138,12.105971263409643,11.28931957710255
914.1454227860575,220.6316848403446,12.105971263409643,11.28931957710255
912.9755544105669,222.03552689093326,12.105971263409643,11.28931957710255
911.7620546198112,222.31206486696541,12.349216544005333,11.516155875365271
909.968497001664,223.85214144939835,12.117533249870228,11.300101608321654
909.2234425182129,224.73879900602313,11.890196559310338,11.08810072912837
908.9936391487774,224.73879900602313,11.89019655931034,11.08810072912837
908.5340324099064,225.96441697634575,11.890196559310342,11.08810072912837
907.0786110701483,227.41983831610384,11.890196559310342,11.08810072912837
905.0453154388281,229.59208040944077,11.667124925821806,10.880077192293285
904.5943313686818,230.56921256142442,11.667124925821808,10.880077192293285
905.0453154388281,230.49404854973338,11.667124925821808,10.880077192293285
903.7254774812039,231.51220202958675,11.901552466956346,11.098690583318035
902.5753632485346,232.6623162622561,11.901552466956346,11.098690583318035
901.1952261693314,234.27247618799322,11.901552466956346,11.098690583318035
899.6617405257722,236.49603037115398,11.901552466956346,11.098690583318035
899.968437654484,235.65261326719644,11.901552466956346,11.098690583318035
899.2016948327044,237.3394474751115,11.901552466956346,11.098690583318035
897.2848377782555,239.56300165827227,11.901552466956346,11.098690583318035
896.211397827764,240.25307019787388,11.901552466956346,11.098690583318035
894.8312607485608,242.47662438103467,11.901552466956346,11.098690583318035
895.2913064416285,241.63320727707713,11.901552466956346,11.098690583318035
893.7578207980694,243.01334435628038,11.901552466956346,11.098690583318035
892.9144036941118,244.93020141072932,11.901552466956346,11.098690583318035
891.8409637436204,246.00364136122073,11.901552466956346,11.098690583318035
890.4608266644171,247.15375559389008,11.901552466956346,11.098690583318035
890.0774552535273,247.307104158246,11.901552466956346,11.098690583318035
888.3906210456123,248.53389267309333,11.901552466956346,11.098690583318035
887.3938553772989,249.147286930517,11.901552466956346,11.098690583318035
886.1670668624516,250.83412113843204,11.901552466956346,11.098690583318035
884.6335812188925,251.8308868067455,11.901552466956346,11.098690583318035
885.0519206882759,251.85832363095903,11.678267785613158,10.890468370535022
883.9233837154356,253.58874698931402,11.678267785613158,10.890468370535022
882.7196109444061,254.4915765675862,11.678267785613158,10.890468370535022
880.9139517878617,255.54487774223708,11.678267785613158,10.890468370535022
879.8606506132109,256.6734147150773,11.678267785613158,10.890468370535022
879.7854148150215,256.82388631145596,11.678267785613158,10.890468370535022
878.4643163266837,257.91824799200094,11.912919220229485,11.109290551504182
877.3898511715306,259.06946065823644,11.912919220229487,11.109290551504184
876.1618909942127,260.22067332447193,11.912919220229488,11.109290551504184
875.2409208612244,261.5253810128722,11.912919220229488,11.109290551504184
875.1979852293606,260.8765389477699,12.15228550612156,11.332509526555558
878.7567219158693,262.0788977728901,11.92429682948804,11.119900643346334
877.7580513868428,263.2312099217669,11.92429682948804,11.119900643346334
871.646230764586,264.9631932781564,12.163891725682943,11.343332806973091
869.5649169648904,265.084325596488,12.40830080212709,11.571254393063603
869.7600127539001,265.68752550101925,12.657620790144232,11.80375560758343
868.2465802637743,265.73202938829087,12.9119503646806,12.040928469006603
867.0354729581094,265.77742749216947,13.171390183358128,12.282866844734354
865.6777920802257,266.2017027665081,13.171390183358128,12.282866844734354
864.1504010926064,265.6925724373017,13.171390183358128,12.282866844734354
864.6120601052035,265.9934478898847,13.436042926312343,12.529666488245601
863.4002194404108,265.9934478898847,13.436042926312343,12.529666488245601
862.1399536178442,265.9541286429957,13.706013336830738,12.78142507699392
860.7660659755853,265.7374207574404,13.98140826280768,13.03824225106596
859.0546695454206,265.91756775008935,13.98140826280768,13.038242251065961
859.0546695454206,266.18778823906274,13.98140826280768,13.038242251065961
857.7035671005536,266.18778823906274,13.98140826280768,13.038242251065961
856.0822441667134,266.18778823906274,13.98140826280768,13.038242251065961
855.2225881050083,266.1299462891546,13.719103467079767,12.793632165584478
853.8084500239349,266.39509717935584,13.719103467079767,12.793632165584478
854.0241555712213,266.7084841041397,13.9947614130438,13.050694616687567
852.761922258377,266.9789626711778,13.994761413043802,13.050694616687567
851.3193699008407,265.98720792537154,13.994761413043802,13.050694616687567
850.4588928119309,266.28994882203983,13.732206099250815,12.805850912735089
848.8664680531059,266.9092251171385,13.732206099250815,12.80585091273509
848.9549360952628,267.0861612014524,13.732206099250815,12.80585091273509
847.8048515472225,267.35156532792325,13.732206099250815,12.80585091273509
846.6937424749199,267.75371959967015,14.008127316403062,13.063158875124676
844.6578515827474,267.9834630961432,14.28959261857155,13.325636926402558
843.685760766665,267.9416460207443,14.576713403056509,13.593388949164765
843.685760766665,267.28428528746406,14.576713403056509,13.593388949164765
842.0367769965349,267.6172626863008,14.869603305464125,13.866520913320333
840.3124564986929,267.8088538527277,14.869603305464125,13.866520913320333
839.0671139169182,268.19203618558146,14.869603305464125,13.866520913320333
837.6301801687166,267.5214671030874,14.869603305464125,13.866520913320333
837.1512022526495,267.90464943594117,14.869603305464125,13.866520913320333
836.3848375869419,268.28783176879494,14.869603305464125,13.866520913320333
835.1394950051672,268.0004450191546,14.869603305464125,13.866520913320333
833.798356840179,268.67101410164867,14.869603305464125,13.866520913320333
832.1698319255505,268.8626052680755,14.869603305464125,13.866520913320333
832.1162400391556,268.9148864321467,15.168378244680817,14.145140918031679
830.6504339811514,268.426284412812,15.168378244680817,14.145140918031679
829.3800687308811,269.0126068360137,15.168378244680817,14.145140918031679
827.5233810574091,269.3057680476145,15.168378244680817,14.145140918031679
826.1983470989705,269.6522609087162,15.47315646875119,14.429359234497689
826.2422638323909,269.5072963511668,15.78405860167781,14.719288349596452
824.2085268615233,269.60898319971017,15.78405860167781,14.719288349596454
822.4798504362859,269.9140437453403,15.78405860167781,14.719288349596455
821.6663556479389,269.20223580553665,15.78405860167781,14.719288349596455
820.1410529197882,269.9140437453403,15.78405860167781,14.719288349596455
819.3739334161767,269.3403098768758,15.48793433511991,14.443140206918173
818.8750378935708,269.7394262949605,15.487934335119911,14.443140206918175
817.278572221232,270.3381009220875,15.487934335119911,14.443140206918175
815.9256234346802,269.8936606004352,15.799133399715476,14.733346223095783
814.8059998079287,269.6900926682986,15.799133399715476,14.733346223095785
814.6472738142285,269.74564203760485,16.11658538711596,15.029383348756447
812.986008033452,270.4724458166946,16.11658538711596,15.029383348756449
811.7400586978697,270.2647875940975,16.11658538711596,15.029383348756449
810.1826220283917,270.160958482799,16.11658538711596,15.029383348756449
810.2864511396903,270.0571293715005,16.11658538711596,15.029383348756449
808.8328435815108,270.2647875940975,16.11658538711596,15.029383348756449
806.9639195781373,270.5762749279931,16.11658538711596,15.029383348756449
805.6141411312565,270.9915913731872,16.11658538711596,15.029383348756449
804.0567044617785,270.36861670539605,16.11658538711596,15.029383348756449
804.2643626843756,270.88776226188867,16.11658538711596,15.029383348756449
803.1222424600918,271.30307870708276,16.11658538711596,15.029383348756449
801.6686349019124,270.88776226188867,16.11658538711596,15.029383348756449
800.0073691211359,271.4069078183813,16.11658538711596,15.029383348756449
798.6575906742551,271.19924959578424,16.11658538711596,15.029383348756449
798.1857974024412,270.61342872968544,15.814222595161414,14.747417522774597
796.7594609335862,271.5303593168065,15.814222595161414,14.747417522774597
795.7406491701183,271.83600284584685,15.814222595161414,14.747417522774597
794.4626577874467,270.8536478426733,15.517532422794861,14.470741649492517
792.9631109892525,271.8533457081361,15.517532422794861,14.470741649492517
792.4073349535819,272.0078747617933,15.82932620176608,14.761502261455771
790.6737008026369,271.90589628232595,15.82932620176608,14.761502261455771
789.2460020900938,272.0078747617933,15.82932620176608,14.761502261455771
787.4103894596815,272.4157886796627,15.82932620176608,14.761502261455771
785.8807122676711,272.92568107699947,15.82932620176608,14.761502261455771
786.0276183803871,272.67540116506245,16.147384853138167,15.058105126395201
784.6752604506684,273.19553883033893,16.147384853138167,15.058105126395201
782.6987373226178,272.7794286981178,16.147384853138167,15.058105126395201
781.2423518598438,273.40359389644954,16.147384853138167,15.058105126395201
780.5141591284568,273.40359389644954,16.147384853138167,15.058105126395201
779.7859663970697,273.40359389644954,16.147384853138167,15.058105126395201
778.433608467351,273.5076214295048,16.147384853138167,15.058105126395201
776.7691679384662,273.5076214295048,16.147384853138167,15.058105126395201
775.3127824756922,273.7156764956154,16.147384853138167,15.058105126395201
774.168479612084,273.923731561726,16.147384853138167,15.058105126395201
773.9604245459734,274.1317866278366,16.147384853138167,15.058105126395201
772.5040390831994,273.195538830339,16.147384853138167,15.058105126395201
770.5733463193324,273.46036770940776,16.471834256992274,15.36066763269986
769.0299759897606,273.2861049549988,16.162806651272625,15.072486591855942
767.676326470649,273.80673938542634,16.162806651272625,15.072486591855942
767.468072698478,274.3273738158539,16.162806651272625,15.072486591855942
765.9061694071953,274.11912004368287,16.162806651272625,15.072486591855942
764.4483930019982,273.80673938542634,16.162806651272625,15.072486591855942
762.8864897107155,274.3273738158539,16.162806651272625,15.072486591855942
761.3245864194329,274.5356275880249,16.162806651272625,15.072486591855942
761.5328401916039,274.7438813601959,16.162806651272625,15.072486591855942
759.5544293559792,274.7438813601959,16.162806651272625,15.072486591855942
757.726019541589,275.21721694016395,16.487565925316645,15.375338064946103
756.34517114269,275.11099783255634,16.487565925316645,15.375338064946103
754.7518845285756,275.4296551553792,16.487565925316645,15.375338064946103
755.2252032249454,274.29925400028696,16.178243178222914,15.086881792547446
753.8135679908753,274.54500261060207,15.87472362623409,14.803837239925919
752.1200183784314,275.82806911453525,16.193694448056014,15.10129074158775
750.2421525941901,275.93239499143755,16.193694448056014,15.10129074158775
748.781590317558,276.454024375949,16.193694448056014,15.10129074158775
748.3642868099488,275.93239499143755,16.193694448056014,15.10129074158775
747.1123762871213,276.454024375949,16.193694448056014,15.10129074158775
745.5474881335869,276.454024375949,16.193694448056014,15.10129074158775
742.9393412110295,276.6626761297536,16.193694448056014,15.10129074158775
741.7917565651043,276.9756537604605,16.193694448056014,15.10129074158775
741.7350095277071,275.9697265537839,15.889885015241086,14.817975863090343
740.4509036540909,276.62056947264233,15.591775342401462,14.539976246827903
739.0446304306531,276.92191373480756,15.591775342401462,14.539976246827905
737.1803701740727,277.1776302129975,15.905060884356335,14.832127989555419
734.7679075973053,277.3167627749462,15.606666497475503,14.553862865658
734.8684516191216,277.11567473131373,15.606666497475505,14.553862865658
733.3602912918781,278.2216589712923,15.606666497475505,14.553862865658
732.3548510737157,278.62383505855723,15.606666497475505,14.553862865658
730.5893543496892,278.2765316316449,15.92025124740928,14.846293632217666
728.9483263041437,278.68678864303126,15.92025124740928,14.846293632217666
729.153454809837,277.86627462025854,15.92025124740928,14.846293632217666
726.7944769943655,278.1739673787983,15.92025124740928,14.846293632217666
725.7130456466276,278.72348983273935,15.621571874566895,14.567762747108283
723.90152478501,279.1260500242099,15.621571874566895,14.567762747108283
722.2912840191277,279.5286102156805,15.621571874566895,14.567762747108283
722.2912840191277,279.3273301199452,15.621571874566895,14.567762747108283
720.6810432532454,279.3273301199452,15.621571874566895,14.567762747108283
719.2157805091281,279.78481537871227,15.935456118242568,14.860472803985932
716.3412386753434,279.99013979541115,15.935456118242568,14.860472803985932
715.0066299668006,280.400788628809,15.935456118242568,14.860472803985932
715.4625076570054,280.764803930531,16.255647238026416,15.159064284036422
713.1585576547654,281.1837039309383,16.255647238026416,15.159064284036422
711.9018576535436,280.4506289302256,16.255647238026416,15.159064284036422
710.1676702920395,281.0314083916087,16.582271957980083,15.463655362695567
707.7593183054623,281.71061118458573,16.27117243374881,15.173542172030169
707.8641433247205,282.0250862423604,16.27117243374881,15.173542172030169
706.3965930551054,282.2347362808768,16.27117243374881,15.173542172030169
704.5559244131183,282.6064203857366,16.598109101460125,15.478424154892771
703.3796804610463,282.92721419084717,16.598109101460125,15.478424154892771
701.3967534158535,283.17934059299154,16.286712457038426,15.188033887344442
700.8721277461565,283.17934059299154,16.286712457038426,15.188033887344442
699.5081010049443,283.59904112874915,16.286712457038426,15.188033887344442
697.8292988619138,284.01874166450676,16.286712457038426,15.188033887344442
696.1504967188833,284.12366679844615,16.286712457038426,15.188033887344442
694.7864699776711,284.33351706632493,16.286712457038426,15.188033887344442
694.5766197097923,284.64829246814315,16.286712457038426,15.188033887344442
692.6879672988831,285.06799300390077,16.286712457038426,15.188033887344442
690.845540699153,284.7055561535728,16.6139613704377,15.493207052242855
688.6466530409193,284.95792335275723,16.302267322056558,15.202539443185232
687.2813235658438,285.06294869699383,16.302267322056558,15.202539443185234
687.8064502870267,285.1679740412304,16.302267322056558,15.202539443185234
686.1260447792413,285.48305007394015,16.302267322056558,15.202539443185234
684.4456392714559,285.7981261066499,16.302267322056558,15.202539443185234
682.0300563540144,286.2182274835962,16.302267322056558,15.202539443185234
680.6647268789388,286.3232528278328,16.302267322056558,15.202539443185234
680.3496508462291,286.4282781720694,16.302267322056558,15.202539443185234
678.4591946499706,286.6383288605426,16.302267322056558,15.202539443185234
676.2536624210023,286.9534048932523,16.302267322056558,15.202539443185234
674.9346029057489,286.6956472364998,16.629828779358643,15.508004068217154
673.2204330100956,287.55273218432643,16.629828779358643,15.508004068217156
672.2562124437906,287.65986780280474,16.629828779358643,15.508004068217156
670.483767179371,288.0196116474844,16.317837042978017,15.217058852771135
668.5326939754202,287.97185911596114,16.645711342682574,15.522815216299865
666.8168869365181,287.97185911596114,16.645711342682574,15.522815216299865
665.2083178375474,288.07909705589253,16.645711342682574,15.522815216299865
664.7793660778218,288.07909705589253,16.645711342682574,15.522815216299865
663.3852728587138,288.40081087568666,16.645711342682574,15.522815216299865
661.454989939949,288.7225246954808,16.645711342682574,15.522815216299865
659.5247070211841,289.4731902750005,16.645711342682574,15.522815216299865
657.5944241024192,289.6876661548633,16.645711342682574,15.522815216299865
657.4871861624879,289.90214203472607,16.645711342682574,15.522815216299865
655.3896721047187,289.7461920716555,16.980173620691097,15.834715142440977
653.6892789560295,290.1135147315988,16.661609074882932,15.537640509988067
651.376744679337,290.3666057026429,16.34902110929785,15.24613928611581
650.2181526322214,291.3145446502829,16.34902110929785,15.24613928611581
649.9502081891756,291.4575608392073,16.04229759748728,14.960106908267141
648.2965998469865,291.4575608392073,16.042297597487284,14.960106908267141
645.9195378550897,291.76761240336776,16.042297597487284,14.960106908267141
644.3130635319555,291.90794546971125,15.741328516603707,14.679440775580108
642.7918900532572,292.31359173069745,15.741328516603707,14.679440775580108
641.7777744007917,292.1107686002043,15.741328516603707,14.679440775580108
639.6943812697019,293.5668192301573,15.446005907935064,14.404040212084562
638.0027285109946,293.5668192301573,15.446005907935065,14.404040212084563
636.5100937239,293.66632821596363,15.446005907935065,14.404040212084563
633.5702061987822,294.3984990215491,15.156223838179567,14.133806430589313
634.1560588024055,294.496141122153,15.156223838179569,14.133806430589313
631.6173641867047,294.1055727197375,15.156223838179569,14.133806430589313
630.0996212148051,294.824007290032,14.871878361447036,13.868642497246801
627.748060415044,295.6247735701289,14.59286748197313,13.608453296782583
626.0046936604315,295.94045296301493,14.319091117533087,13.35314549837712
625.5434487783349,295.8482039865956,14.31909111753309,13.35314549837712
624.108106359552,295.8063005867655,14.606804615357682,13.621450250876013
621.7984593661846,296.0281789388105,14.332766776761622,13.365898616990998
619.767043602549,297.2285609809588,14.332766776761623,13.365898616990998
617.3662795182526,297.41323514128925,14.332766776761625,13.365898616990998
617.0892682777568,296.7668755801325,14.332766776761625,13.365898616990998
614.4114929529645,297.69024638178496,14.332766776761625,13.365898616990998
612.5647513496596,297.7825834619502,14.332766776761625,13.365898616990998
609.9290872560213,298.46198456148096,14.063870154123464,13.11514137991238
607.9357828247282,299.0056130427427,14.063870154123466,13.11514137991238
607.6639685840973,298.8244035489888,14.063870154123466,13.11514137991238
605.3082451652964,299.82105576463533,14.063870154123466,13.11514137991238
603.3149407340034,300.00226525838923,14.063870154123466,13.11514137991238
601.2310315558333,299.82105576463533,14.063870154123466,13.11514137991238
598.6034938964015,300.81770798028185,14.063870154123466,13.11514137991238
597.7880511745088,300.90831272715883,14.063870154123466,13.11514137991238
595.7041419963388,301.1801269677897,14.063870154123466,13.11514137991238
593.4390233244148,301.0895222209127,14.063870154123466,13.11514137991238
591.4457188931218,301.2707317146666,14.063870154123466,13.11514137991238
589.4923312840791,301.4107846874242,14.346455497130268,13.37866391565896
588.7012227425355,301.27637594039555,14.634718827434108,13.647481409716296
586.0613164114593,302.2191996300656,14.634718827434108,13.647481409716297
584.4585161390202,302.5020467369666,14.634718827434108,13.647481409716299
581.4830173673103,302.9306315287859,14.928774232833742,13.921700253681728
578.9824209675371,303.02680831339256,14.928774232833742,13.921700253681728
579.2709513213571,303.1229850979992,14.928774232833742,13.921700253681728
576.3856477831573,303.70004580563915,14.928774232833742,13.921700253681728
573.9812281679908,303.7962225902458,14.928774232833742,13.921700253681728
571.7691621220376,304.2771065132791,14.928774232833742,13.921700253681728
569.0762121530512,305.431227928559,14.928774232833742,13.921700253681728
568.4029746608046,305.431227928559,14.928774232833742,13.921700253681728
566.4794389686714,305.8159350669856,14.928774232833742,13.921700253681728
563.8826657842916,305.9121118515923,14.928774232833742,13.921700253681728
561.9591300921584,306.2968189900189,14.928774232833742,13.921700253681728
559.2661801231719,306.8738796976588,14.928774232833742,13.921700253681728
558.6353142698085,306.63783855145357,15.228738093494071,14.201428976878955
557.4031168404149,306.5932731599771,15.53472912800665,14.486778289311385
561.251821387433,306.4289244514722,15.243282524487475,14.214992261144126
563.3588700873563,311.96343107987985,14.957303742261026,13.948305202784493
563.8831256124481,313.46142933328207,15.257840846354277,14.228568499224043
564.0247279812796,313.80996579801206,15.564416642480074,14.514463126078951
565.7735248839864,313.6641462442159,15.877152466077426,14.806102233671256
568.7398361178061,313.050426678598,15.877152466077426,14.806102233671258
571.7527961562828,312.26873575789347,15.57928166822412,14.528325378226667
574.0051012654486,311.1191009526288,15.892316174783748,14.820243020051375
574.7668976723139,311.7892836578526,16.211640483683677,15.118026163053267
577.3211250477287,312.3488640515636,15.907494365813783,14.834397311798153
578.9035055651885,312.30231234718275,16.22712365010608,15.132464856984114
581.3540107776552,312.1502840389971,16.55317524560766,15.436521473355498
583.1072614784904,312.31512638867173,16.885778195817657,15.74668749931963
583.1551875898251,312.59206545666785,17.225064137106223,16.06308569124346
585.75811472765,310.96721941917633,16.90190520740793,15.761726605534635
589.8366465465683,312.0950680029218,16.584809053035897,15.46602130890998
593.6249699791838,311.59907328527584,16.27366193043772,15.175863730796134
594.7195693249986,312.8095427182365,16.600648619606005,15.480792360739022
595.0404122117054,313.023437976041,16.600648619606005,15.480792360739024
604.6075256992282,308.9976977975478,16.28920433135788,15.190357663349362
606.3328175834895,308.95002905681497,16.616503313987856,15.495577519879042
606.5940789661978,310.50714907027094,16.950378715075814,15.806930158985972
605.4409804897145,314.27957073331817,17.290962674597832,16.12453880667048
605.8242412930158,314.78594490597095,17.638389987618527,16.44852916491291
608.210537433073,313.30871396212603,17.638389987618527,16.44852916491291
609.5105642919073,315.07522735582177,17.992798157639747,16.779029461423505
611.532210872816,316.1817370207373,18.354327451021206,17.11617050039189
615.316066496219,316.2999825089686,18.354327451021206,17.11617050039189
615.6046516984077,316.71925234319315,18.723120952494575,17.460085714256262
616.864006601675,316.66446098689124,19.09932462179305,17.810911216512814
620.5553578170537,316.9105510679165,19.09932462179305,17.810911216512814
622.8243772624934,318.08510919401874,19.483087351418735,18.168785855586208
624.707138030168,318.8382135010886,19.483087351418735,18.168785855586208
625.7112771062612,319.0892482701119,19.483087351418735,18.168785855586208
628.2216247964941,319.59131780815846,19.483087351418735,18.168785855586208
630.6064551022154,320.2189047307167,19.483087351418735,18.168785855586208
631.9169268792791,321.1660284842233,19.87456102557079,18.533851269782502
636.0141878494755,321.93426491613513,19.87456102557079,18.533851269782502
635.6864786668135,321.491985768716,20.27390058025759,18.906251943346245
638.0374964864282,322.7981067796131,20.27390058025759,18.90625194334625
640.5191264071325,323.5817793861513,20.27390058025759,18.90625194334625
642.5358503834779,323.65306192818184,20.681264064616705,19.286135263643907
645.6002896543265,324.18600788832947,20.681264064616705,19.286135263643907
646.266472104511,323.7862984182188,20.681264064616705,19.286135263643907
646.991353215344,324.2587227104771,21.09681270346705,19.673651579496305
650.5251070969555,323.7150682671523,21.09681270346705,19.67365157949631
653.2433793135797,324.66646354297075,21.09681270346705,19.67365157949631
