376.0,280.0,18.0,11.0
384.61050158267716,283.885551492126,18.361674,11.221022999999999
386.2410439370079,284.11848611417327,18.361674,11.221023
385.891642003937,284.3514207362205,18.361674,11.221023
385.65870738188977,284.58435535826777,18.361674,11.221023
386.4739785590551,284.2349534251969,18.361674,11.221023
386.2410439370079,284.7008226692914,18.361674,11.221023
386.35751124803147,284.5843553582678,18.361674,11.221023
386.47397855905507,284.5843553582678,18.361674,11.221023
386.7069131811023,284.5843553582678,18.361674,11.221023
386.9398478031496,284.7008226692914,18.361674,11.221023
386.47397855905507,284.817289980315,18.361674,11.221023
386.59044587007867,285.1666919133859,18.361674,11.221023
386.59044587007867,285.5160938464567,18.361674,11.221023
386.70691318110227,285.1666919133859,18.361674,11.221023
386.82338049212586,285.86549577952763,18.361674,11.221023
386.35751124803136,285.74902846850404,18.361674,11.221023
386.5904458700786,285.74902846850404,18.361674,11.221023
386.7069131811022,285.74902846850404,18.361674,11.221023
386.8233804921258,285.86549577952763,18.361674,11.221023
386.2410439370077,286.0984304015749,18.361674,11.221023
386.3575112480313,286.680766956693,18.361674,11.221023
386.4739785590549,286.680766956693,18.361674,11.221023
386.4739785590549,286.91370157874024,18.361674,11.221023
386.5904458700785,287.2631035118111,18.361674,11.221023
386.35751124803124,287.7289727559056,18.361674,11.221023
385.940106068143,287.3833061262888,18.730615115682,11.446487015139
386.058913556847,287.73972859240087,18.730615115682,11.446487015139
386.17772104555104,288.21495854721695,18.730615115682,11.446487015139
385.22726113591887,288.09615105851293,18.730615115682,11.446487015139
385.10845364721484,288.21495854721695,18.730615115682,11.446487015139
385.4648761133269,288.452573524625,18.730615115682,11.446487015139
384.63322369239876,288.80899599073706,18.730615115682,11.446487015139
384.7520311811028,288.571381013329,18.730615115682,11.446487015139
384.63322369239876,289.40303343425717,18.730615115682,11.446487015139
384.2768012262867,289.40303343425717,18.730615115682,11.446487015139
383.8015712714706,289.40303343425717,18.730615115682,11.446487015139
384.03918624887865,289.5218409229612,18.730615115682,11.446487015139
384.03918624887865,289.87826338907325,18.730615115682,11.446487015139
384.03918624887865,289.6406484116652,18.730615115682,11.446487015139
383.3263413166545,290.7099158100014,18.730615115682,11.446487015139
382.37588140702235,290.94753078740945,18.730615115682,11.446487015139
382.2570739183183,290.7099158100014,18.730615115682,11.446487015139
382.37588140702235,291.42276074222553,18.730615115682,11.446487015139
382.37588140702235,291.54156823092956,18.730615115682,11.446487015139
382.1382664296143,292.01679818574564,18.730615115682,11.446487015139
381.4254214973902,292.01679818574564,18.730615115682,11.446487015139
381.4254214973902,292.13560567444966,18.730615115682,11.446487015139
381.30661400868615,292.3732206518577,18.730615115682,11.446487015139
380.71257656516605,292.8484506066738,18.730615115682,11.446487015139
380.9501915425741,292.8484506066738,18.730615115682,11.446487015139
380.83138405387007,292.9672580953778,18.730615115682,11.446487015139
380.11853912164594,293.20487307278586,18.730615115682,11.446487015139
380.11853912164594,293.79891051630597,18.730615115682,11.446487015139
379.52450167812583,293.68010302760194,18.730615115682,11.446487015139
378.6928492571977,294.86817791464216,18.730615115682,11.446487015139
378.504672132438,294.1591433393245,19.1069693652014,11.676481278734189
377.41391994426704,295.2498955274954,19.1069693652014,11.67648127873419
377.8986986945652,294.64392208962266,19.1069693652014,11.67648127873419
377.4643511516886,294.76900369560497,19.490885700656392,11.911096817067797
376.1044227749368,295.63441266262885,19.490885700656392,11.911096817067797
376.35168247980073,295.63441266262885,19.490885700656392,11.911096817067797
375.3626436603449,295.7580425150608,19.490885700656392,11.911096817067797
375.1668284771532,295.7620075333201,19.88251606703968,12.15042648541314
375.0407145300963,296.0142354274339,19.88251606703968,12.150426485413142
374.53625874186866,296.51869121566153,19.88251606703968,12.150426485413142
374.53625874186866,296.51869121566153,19.88251606703968,12.150426485413142
374.03180295364103,296.64480516271846,19.88251606703968,12.150426485413142
373.5273471654134,296.89703305683224,19.88251606703968,12.150426485413142
373.2751192712996,297.27537489800295,19.88251606703968,12.150426485413142
372.5184355889582,298.03205858034437,19.88251606703968,12.150426485413142
372.01397980073057,298.03205858034437,19.88251606703968,12.150426485413142
371.1311821713323,298.03205858034437,19.88251606703968,12.150426485413142
370.5006124360478,298.28428647445816,19.88251606703968,12.150426485413142
370.6267263831047,298.66262831562887,19.88251606703968,12.150426485413142
369.3655869125357,298.28428647445816,19.88251606703968,12.150426485413142
369.2919511619251,298.41444510888624,20.28201546237471,12.394565004784548
368.5200634343544,298.41444510888624,20.28201546237471,12.394565004784548
368.5200634343544,298.41444510888624,20.28201546237471,12.394565004784548
368.0670788138931,298.659360101129,19.901505157346236,12.16203092948937
367.496358230742,298.6472114622059,19.528133595136566,11.933859419250128
367.06021103416174,298.8830229720058,19.161766845998304,11.70996862811008
367.30329556545394,299.2476497689441,19.161766845998304,11.70996862811008
367.18175329980784,299.0045652376519,19.161766845998304,11.70996862811008
366.6322463825123,299.6005794914803,18.80227349283617,11.49027824562211
366.27446033835724,299.9583655356353,18.80227349283617,11.49027824562211
365.55888825004723,299.71984150619863,18.80227349283617,11.49027824562211
365.37747666027667,300.9009840274542,18.449524584067213,11.274709468041078
365.1921235115429,300.55366357175905,18.820230881534876,11.501252205382428
364.1177402525576,301.15054316008417,18.820230881534876,11.501252205382428
364.23711617022263,300.9117913247541,18.820230881534876,11.501252205382428
364.29428315596687,300.9003027369503,18.467145074716314,11.285477545659974
364.70178656213335,301.82612016244207,18.12068350049944,11.073751028082995
365.2165835273084,301.4702424492308,17.780721881848145,10.865996705573872
365.4961576882338,301.1210413474962,17.44713827328421,10.662140055895913
366.87715126756706,300.77839159752364,17.119813017144995,10.462107954921947
368.12364582628373,298.4875459687372,16.79862870066181,10.265828650404444
367.21569530272177,297.7314205722437,16.48347011384351,10.073231736237707
368.2067498099017,297.6634824960709,16.174224208150275,10.0
368.871433939851,297.97125972837824,15.870780055942653,10.0
369.11465885809974,298.17279776093886,16.189671639606708,10.20093
369.56815168096006,298.37838529718766,16.514970711861327,10.40589728649
370.3014279396013,298.5878927996566,16.514970711861327,10.40589728649
370.449771540048,298.48334995256783,16.846806018374757,10.614982980667444
371.45596435532264,298.6972822311267,17.18530889170196,10.828269833697995
382.0295150798103,304.69259449758874,17.185308891701965,10.828269833697995
383.4919480376104,304.47480260713246,17.530613303262932,11.04584225946649
384.2053941602711,305.03100612478164,17.882855916365394,11.26778636798595
384.5928849905368,304.9178043090357,18.242176140292923,11.494189999477893
385.79812706261134,304.33949056431663,18.608716185479828,11.725142759137402
388.08989466477965,303.8675910505404,18.982621119794675,11.96073605259675
390.3073048013936,304.5902691796809,19.36403892595471,12.201063122101576
392.3236188223267,303.853564855135,19.75312056009392,12.446219083413963
394.1298602470755,303.35264432440306,20.150020011507888,12.696300963457
396.1002051938806,303.6085230761003,20.554894363599118,12.951407738715742
399.8050648606775,303.2176491307186,20.967903856046917,13.211640374409757
401.8553855742183,302.55292432460755,21.389211948226468,13.477101864452774
404.2974609541339,302.55292432460755,21.389211948226468,13.477101864452774
406.7959913250912,302.4175266207263,21.81898538390218,13.747897272215223
408.79113711112007,302.14101148186296,22.257394257220927,14.024133772105843
413.3764309016491,302.83727545617677,21.83982392779951,13.761027404334675
415.73142503909554,302.69874638926814,21.839823927799515,13.761027404334676
418.3634773103592,302.5602173223595,21.839823927799515,13.761027404334678
421.2725877154401,302.4216882554509,21.839823927799515,13.761027404334678
424.0431690536124,301.8675719878164,21.839823927799515,13.761027404334678
428.6146282615967,302.4216882554509,21.839823927799515,13.761027404334678
431.24668053286035,301.8675719878164,21.839823927799515,13.761027404334678
434.29432000484985,302.1446301216336,21.839823927799515,13.761027404334678
437.480488543748,301.7290429209078,21.839823927799515,13.761027404334678
441.4256415025594,302.68930244076995,21.430087623241835,13.502857167513673
445.97643019637303,302.5441055428222,21.02803836963418,13.249530455032954
450.111208519711,302.94424538056455,21.02803836963418,13.249530455032955
452.5120475461653,302.27734565099394,21.02803836963418,13.249530455032955
456.9774590250164,303.335292301073,20.63353195043618,13.000956397672566
460.5111544574729,302.6809042580255,20.63353195043618,13.000956397672567
464.5683603243675,303.46616990968255,20.63353195043618,13.000956397672567
468.3638109740432,302.81178186663504,20.63353195043618,13.000956397672567
472.0283840151093,303.85880273551106,20.63353195043618,13.000956397672567
475.9547122733943,302.9426594752445,20.63353195043618,13.000956397672567
480.0119181402889,303.72792512690154,20.63353195043618,13.000956397672567
483.992706837053,303.0738005840143,21.048121507916292,13.262184614571002
487.73091214423323,303.0738005840143,21.048121507916292,13.262184614571003
491.52467216348276,302.8070547138847,21.471041413374856,13.528661690031578
495.9479677088272,303.88728939567943,21.06822382689592,13.27485085965081
500.49155228741853,303.2191151929454,21.06822382689592,13.27485085965081
505.3024065471034,304.0209242362262,21.06822382689592,13.27485085965081
509.04418208241384,303.6200197145858,21.06822382689592,13.27485085965081
513.3844923080641,304.81362298532946,20.6729634894974,13.02580176691228
517.3183239432046,304.28911210064405,20.6729634894974,13.025801766912283
521.1210278571739,305.2070061488435,20.6729634894974,13.025801766912283
526.9534423023667,304.6735558879459,20.28511861984803,12.781425076993918
529.7841303337453,304.41622061236603,20.285118619848035,12.781425076993918
533.697700298809,305.1884854898596,20.69270750827664,13.038242251065956
536.8477712580742,305.05723253322356,20.69270750827664,13.038242251065956
540.5228540438836,305.31973844649565,20.69270750827664,13.038242251065956
545.7729723093256,305.4509914031317,20.69270750827664,13.038242251065956
548.6605373553188,306.10725618631193,20.69270750827664,13.038242251065956
552.3356201411282,305.58224435976774,20.69270750827664,13.038242251065956
556.4044617968458,305.9760032296759,20.69270750827664,13.038242251065956
559.9482916260191,306.6322680128561,20.69270750827664,13.038242251065956
563.2842321692106,305.9762674855366,21.108486080240443,13.300219652616624
566.7653779488478,306.24404793012405,21.108486080240443,13.300219652616624
568.96333554473,306.2443174956778,21.532618891050717,13.56746096609665
571.0120427226842,306.92721988832926,21.532618891050717,13.56746096609665
572.9810029234799,306.38117295614245,21.965273802428598,13.84007195928843
576.882097045871,305.82387379580086,21.965273802428598,13.840071959288432
578.472645193725,306.38145346328884,22.406622048940797,14.118160525166413
580.7466330832063,306.665701949474,22.406622048940797,14.118160525166413
582.3691401149952,308.0872305237764,22.856838305770165,14.401836724598581
582.4294687799743,309.24736198070406,23.316100757848005,14.691212829905941
583.6741538492521,309.3955527661167,23.78459117037545,14.986403369297243
585.6353941972905,310.9041991876847,23.784591170375453,14.986403369297243
586.3016301550381,310.15017971760784,24.262494960761806,15.287525172196533
586.5195648956498,311.2277613192586,24.750001272008394,15.59469741548148
587.5268195842278,310.7571127975846,25.24730304756686,15.90804167065075
587.9137427977121,311.8784331440435,25.75459710770162,16.227681951939136
588.4038237138035,313.02195528159024,25.75459710770162,16.227681951939136
588.4718007646886,313.34900479095154,26.27208422738667,16.55374476539945
587.7079301585596,313.51598300212487,26.799969215767554,16.886359158970624
587.608675323664,313.85630736232594,27.338460997219975,17.22565677355182
586.9872061030247,314.8970966043579,27.887772694037118,17.571771895102795
585.9994678080162,314.54367085135425,28.44812171077841,17.924841507791097
584.9918828874461,314.7244793640476,29.01972982031308,18.285005348207143
583.7799816608822,315.2770626665562,29.602823251592632,18.65240596066867
582.9192685806177,315.2774407088948,30.197632779186883,19.027188753636388
581.8497189022748,315.8524532177082,30.804393814619083,19.409502057263204
580.758678762245,316.04823755407557,31.423346499536223,19.799497182099795
579.6457163526816,316.4472727248525,32.0547358007514,20.197328478979728
577.6971039293861,316.85432570931584,32.69881160719591,20.603153400107868
576.7463738378601,317.0621504491579,33.3558288288193,21.017132561376236
574.7186677650611,317.908874788424,34.02604749747677,21.43942980593197
573.5135220365096,318.1251350780628,34.70973286984357,21.87021226902256
571.183349576836,317.4650912953028,35.40715553239734,22.30965044414403
568.3571848226305,318.36388774036544,36.1185915085098,22.757918250518216
565.9324312951136,318.364348992209,36.84432236769029,23.21519310192588
562.1931999787075,320.9350705222381,36.84432236769029,23.21519310192588
559.018620006736,320.2344351701889,37.584635337024295,23.681655976922876
556.2570486607935,320.4733128748225,38.339823414851125,24.15749149046719
552.7104254928793,320.7169903491754,39.11018548672573,24.64288796698515
548.348317335944,321.4617124948258,39.89602644371051,25.138037514905783
543.8985613398114,322.4744571279529,40.69765730304399,25.643136102692786
540.3919703787656,323.24940734341413,41.51539533123405,26.158383636404192
536.0249303670316,323.5132678878829,42.34956416962454,26.683984038810465
531.7269868467548,324.8563752379694,42.34956416962454,26.68398403881047
527.6976647964952,326.46810405807327,42.34956416962454,26.68398403881047
521.7879924561146,326.7367255280906,42.34956416962454,26.68398403881047
517.6018269794422,327.5431307625139,43.200493962484806,27.220145330102287
512.6694871175837,327.81714964372827,43.200493962484806,27.220145330102287
508.1251901367742,328.9137768597412,44.06852148767301,27.76707971022003
503.6527942552606,330.0318758301196,44.06852148767301,27.76707971022003
498.4581392300264,330.59148809159467,44.953990289924825,28.325003642837483
493.8958794980655,332.87261795757513,44.95399028992483,28.325003642837483
488.7633372996095,333.1577591908227,44.95399028992483,28.325003642837483
484.2010775676486,334.58346535706045,44.95399028992483,28.325003642837483
480.6128937384778,335.15432190770537,45.85725081682029,28.894137941033016
475.2073890753442,335.7366486790224,46.77866055748266,29.474707854682194
471.3500935744319,337.22022387168096,46.77866055748267,29.474707854682197
468.20969641435573,338.1109663733457,47.71858418406417,30.066943159606325
464.8802501425455,339.0189971747485,47.71858418406418,30.066943159606325
461.67675298233195,339.92763736549927,48.677393696074574,30.671078248512295
457.7913707108146,341.1632934850346,49.6554685676098,31.287352223759655
454.45784447014006,342.10881513456746,50.65319589753879,31.91600899199166
450.92364291910883,343.0726882848487,50.653195897538794,31.916008991991664
449.450882436243,343.7159172507919,51.67097056270805,32.557297360667754
447.94852977699486,344.04432386518454,52.70919537422454,33.21147113653565
444.9395402772852,345.7159846983566,52.70919537422455,33.21147113653565
443.74133301268927,347.05398648675543,53.76828123687885,33.87878922608206
442.17800026666714,348.41887274508855,54.84864731177146,34.559515738001735
440.5832554757793,348.07167057022673,55.950721182206884,35.253920087725405
439.6662535295509,348.7821711396796,57.07493902292097,35.96227710404807
438.5801818552302,350.5922905968807,57.07493902292098,35.96227710404807
437.2827306974559,350.95504336283534,58.22174577270853,36.68486713789971
435.5899118160776,350.9557868826253,59.39159531051956,37.42197617330153
434.4597567872029,352.8393785974165,59.39159531051956,37.42197617330153
433.1096424389993,353.2168553997079,60.58495063509383,38.173895940551674
432.725354694376,355.1382941228244,60.58495063509384,38.173895940551674
431.5724914605061,356.29115735669427,60.58495063509384,38.173895940551674
430.96382475395063,356.6762188003741,61.80228404820478,38.94092403168518
429.7877970391226,357.8522465152021,61.80228404820479,38.94092403168518
429.3957878008466,359.02827423003015,61.80228404820479,38.94092403168518
428.2197600860186,360.9883204214102,61.80228404820479,38.94092403168518
428.2197600860186,362.5563573745143,61.80228404820479,38.94092403168518
428.6117693242946,363.7323850893423,61.80228404820479,38.94092403168518
429.0037785625706,364.9084128041703,61.80228404820479,38.94092403168518
429.7877970391226,366.08444051899835,61.80228404820479,38.94092403168518
430.96382475395063,367.6524774721024,61.80228404820479,38.94092403168518
432.13985246877866,368.82850518693044,61.80228404820479,38.94092403168518
432.9238709453307,370.00453290175847,61.80228404820479,38.94092403168518
438.2077172357262,372.72187310572303,60.642813186038055,38.21035448306833
439.54588579577415,375.0035786044707,59.50509512315564,37.493491128606806
444.2558934208371,377.2424770924002,58.388721755919825,36.79007682678879
446.6553937752115,378.3283001936196,57.29329263711339,36.099859260326916
451.553739466271,379.7571610981204,56.21841483229778,35.42259084565115
455.6470054451667,382.22898817020405,55.16370277886608,34.75802864409964
461.0630817870244,381.1554313473532,54.12877814774026,34.10593427477574
465.34753771947084,384.56539024400945,53.11326970766319,33.466073829039914
471.2360890622263,382.8579471083732,52.1168131920366,32.83821778660584
476.02244132813996,386.1411579417028,51.13905116825734,32.222140933210625
480.7189969777333,384.4971804129084,50.17963290950497,31.617622279829675
486.9188769845367,387.0217798836546,49.23821426893477,31.024444983407065
491.60361521878576,385.14788458995497,49.23821426893477,31.024444983407065
497.68717945623655,382.94038188885577,48.314457556231034,30.442396269073175
501.05820131984933,384.77912108719,48.314457556231034,30.44239626907318
506.26796238179634,386.6178602855242,48.314457556231034,30.44239626907318
509.9454407784648,388.45659948385844,48.314457556231034,30.44239626907318
515.3019583772335,386.5969682100943,47.40803141647628,29.87126735382156
518.3090294863276,388.40121087555076,47.40803141647628,29.87126735382156
522.2182219281499,386.5969682100943,47.40803141647628,29.87126735382156
529.5791958316579,388.6814178666527,46.51861071129303,29.310853371617696
532.234785813208,390.15674563418054,46.518610711293036,29.310853371617696
539.3163590973418,387.7962212061359,46.518610711293036,29.310853371617696
542.3897965168977,389.567208592277,47.45330915631504,29.899796348413613
549.7578006271324,387.43972875382246,46.56303899676524,29.338847134567978
552.2434786580084,388.91706018737926,47.49863013932725,29.928352590042856
559.6185196892725,387.0888302426418,46.60750971412697,29.366867633374575
565.8267378467317,389.1582362951282,46.60750971412698,29.366867633374575
573.0634159466781,387.0686762833965,45.73310757343047,28.815916679726215
580.1643269382564,389.07948241743173,44.87511006598609,28.275302100972024
583.2953768313118,390.7873278136438,44.87511006598609,28.275302100972024
590.547708736681,392.76040927200097,44.03320942494421,27.7448299766818
597.3846790933972,395.2550753256176,43.20710365746017,27.224310024560914
604.9155636658252,394.68827015312166,42.39649643636835,26.713555532195365
610.293946853291,396.3017851093614,42.39649643636835,26.713555532195365
617.1457063994899,394.9388562741807,41.601096993888476,26.212383290077344
622.4231858956524,393.61948640014003,41.601096993888476,26.212383290077344
628.4922873162394,395.73047819860506,41.601096993888476,26.212383290077344
634.5613887368264,394.6749822993725,41.601096993888476,26.212383290077344
640.3666161826053,394.4111083245644,41.601096993888476,26.212383290077344
645.3802217039597,395.73047819860506,41.601096993888476,26.212383290077344
621.3676899964199,397.0498480726457,41.601096993888476,26.212383290077344
627.1729174421988,394.41110832456445,41.601096993888476,26.212383290077344
632.0324515174123,393.09226971660814,42.436987835786674,26.73906870752487
636.0700914361714,393.3614457111921,42.43698783578668,26.739068707524872
640.236634910573,392.53556717988727,41.64082873533434,26.237417813462972
643.5326320088288,389.87630099101744,40.85960635272083,25.745178377304327
647.4201929807084,390.39464245393475,40.85960635272083,25.74517837730433
650.2710710267535,387.80293513934834,40.85960635272083,25.74517837730433
651.4155993802827,388.32179839915665,41.68059842316605,26.262476246439505
654.0593818699411,385.9423941584641,41.68059842316606,26.262476246439505
657.7606773554629,384.6205029136349,41.68059842316606,26.262476246439505
659.0825686002921,385.9423941584641,41.68059842316606,26.262476246439505
661.3076069578922,383.2991439501617,42.51808668728274,26.790168181659215
662.3863685623814,384.3779055546509,42.51808668728274,26.79016818165922
663.734820567993,385.18697675801786,42.51808668728274,26.79016818165922
665.6226533758492,382.75976314791706,42.51808668728274,26.79016818165922
666.7014149803384,383.8385247524063,42.51808668728274,26.79016818165922
668.04986698595,385.1869767580178,42.51808668728274,26.79016818165922
669.6680093926839,382.759763147917,42.51808668728274,26.79016818165922
670.4770805960508,383.8385247524062,42.51808668728274,26.79016818165922
671.55584220054,384.37790555465085,42.51808668728274,26.79016818165922
673.8425153052251,382.47168713058085,41.720406093624874,26.28755861184215
675.6949305364162,380.8839026467027,41.720406093624874,26.28755861184215
676.4888227783553,382.2070563832678,41.720406093624874,26.28755861184215
677.0180842729812,383.7948408671459,41.720406093624874,26.28755861184215
677.6740726858588,385.8938461614499,40.93769076249583,25.794378485616434
678.453070738426,386.9325102315395,40.93769076249583,25.794378485616434
679.2320687909933,387.45184226658426,40.93769076249583,25.794378485616434
677.5224581931359,385.37503692047176,41.760251782986664,26.312664932527923
676.0433798763482,386.4351041662895,42.599340522062214,26.841365309017206
674.9625567134963,388.05633891056743,42.599340522062214,26.841365309017206
672.5307045970793,385.8946925848635,42.599340522062214,26.841365309017206
670.3690582713754,388.05633891056743,42.599340522062214,26.841365309017206
668.7478235270974,389.9477794455584,42.599340522062214,26.841365309017206
666.1751623265046,390.73997606580514,41.80013552756194,26.337795231375672
664.849479988032,391.00511253349964,41.80013552756194,26.337795231375672
660.4524879110368,392.59646514756923,42.64002565071725,26.867000550959705
657.8603940554176,393.6788651002335,43.49679168611711,27.40683919303014
654.1126241180649,394.78301371514664,44.37077272146627,27.957524812935695
650.7353212075071,396.1902232612124,44.37077272146627,27.957524812935695
647.1936892380162,397.87944135267134,45.262314657758694,28.519275359002012
642.0259446511068,399.6020228816412,45.262314657758694,28.519275359002012
637.4323939071872,401.037507489116,45.262314657758694,28.519275359002012
633.2454060835435,402.76066703968655,46.17177034617704,29.09231315879044
629.5600202334364,404.2255844751682,47.09949972774278,29.67686500709002
626.0993340330774,405.71993649668093,48.04586997577232,30.273162255677477
621.2232877363236,408.46271253860493,48.04586997577232,30.27316225567748
617.8710059073054,410.5959827934347,48.04586997577232,30.27316225567748
616.4740543939525,412.7298666172099,49.01125564119552,30.881440904880808
615.0490339338418,415.52837915553056,49.99603880079406,31.501941696982577
612.3268896144214,417.43175401388015,51.00060920841842,32.13491021150005
609.7389321917719,420.6667007921919,51.00060920841842,32.13491021150005
608.9030598935284,422.2848254837391,52.02536444924317,32.78059696237972
606.9230919551713,424.9247827348818,52.02536444924318,32.78059696237972
606.2631026423857,426.9047506732388,52.02536444924318,32.78059696237972
605.4311471950956,428.8622218705929,51.04931809268049,32.165601131599985
603.1645217417242,431.45265096016027,51.049318092680494,32.165601131599985
602.5169144693324,433.3954727773358,51.0493180926805,32.165601131599985
602.5169144693324,439.5477418650582,51.0493180926805,32.165601131599985
602.1931108331365,440.51915277364594,51.0493180926805,32.165601131599985
599.413618405547,442.13882287905284,52.07505204111673,32.811904555137225
598.752998760231,444.78130146031685,52.07505204111673,32.811904555137225
599.2414880322489,448.7225011053655,51.0980734970811,32.19632136351596
597.9450364737053,450.6671784431809,51.0980734970811,32.19632136351596
597.6209235840694,452.93596867063223,51.0980734970811,32.19632136351596
594.0556817980745,455.8529846773554,51.0980734970811,32.19632136351596
590.8145529017155,458.4458877944426,51.0980734970811,32.19632136351596
588.8698755639001,460.390565132258,51.0980734970811,32.19632136351596
586.2769724468129,462.98346824934526,51.0980734970811,32.19632136351596
581.7393919919102,464.60403269752476,51.0980734970811,32.19632136351596
578.1741502059153,466.22459714570425,51.0980734970811,32.19632136351596
570.7195537442896,468.16927448351964,51.0980734970811,32.19632136351596
564.3721649354547,468.81815280984875,52.12478708785795,32.84324204867309
556.4371579771981,470.1406539695582,52.12478708785796,32.84324204867309
547.8409004390868,467.49565165013934,52.12478708785796,32.84324204867309
538.39034593757,468.48819317860676,53.17213043481429,33.50316131115708
525.574141270211,469.83726735411824,53.17213043481429,33.503161311157086
515.5964282332175,469.83794638788356,54.24051805164102,34.176340331382164
505.4182330081715,470.5267296269344,55.33037278085264,34.863045537660625
494.684569123913,470.87839440505167,56.442125961138316,35.56354871164884
484.6602895350144,470.87839440505167,56.442125961138316,35.56354871164884
470.69790010761994,471.95242436100506,56.442125961138316,35.56354871164884
460.8225946708884,472.3111551395091,57.57621759807547,36.278127095912005
449.65325428215823,472.67709389554557,58.73309653827361,37.00706350365017
439.00457136394823,473.05038545900715,59.91322064701714,37.75064643062902
428.3638156409872,473.4304124491129,59.91322064701714,37.75064643062902
418.64124970721895,472.29109659953605,61.11705698947766,38.50917016935965
411.824631235487,472.2918770938475,62.34508201556724,39.28293492557259
405.6619508138295,472.2926732706312,63.59778174850604,40.07224693703212
400.41777677201264,471.4858772641978,63.59778174850604,40.07224693703212
397.35845363837615,469.8730974256949,64.87565197717878,40.877418594737904
396.2951769214921,467.8164085226016,66.17919845235623,41.698768566561974
397.3093948790597,465.7183945693784,67.50893708685942,42.53662192336991
397.48757893033263,464.4346378095092,68.86539415974569,43.39131026767618
400.10844038785575,462.6873968378271,68.86539415974569,43.39131026767618
403.16611208829937,461.81377635198606,68.86539415974569,43.39131026767618
404.65830712047614,458.32017385293824,70.24910652459747,44.2631718648846
408.2230036895283,457.8745867818067,70.24910652459747,44.2631718648846
410.4509390451859,456.0922384972806,70.24910652459747,44.2631718648846
411.34211318744894,454.755477283886,70.24910652459747,44.2631718648846
414.0156356142381,452.9731289993599,70.24910652459747,44.2631718648846
414.9068097565011,450.2996065725708,70.24910652459747,44.2631718648846
416.2435709698957,448.9628453591762,70.24910652459747,44.2631718648846
416.6891580410272,445.84373586125554,70.24910652459747,44.2631718648846
415.7979838987642,444.06138757672943,70.24910652459747,44.2631718648846
414.0156356142381,441.8334522210718,70.24910652459747,44.2631718648846
410.00535197405435,438.26875565201965,70.24910652459747,44.2631718648846
405.5494812627391,436.93199443862505,70.24910652459747,44.2631718648846
401.09361055142386,434.2584720118359,70.24910652459747,44.2631718648846
396.1921527689771,432.0305366561783,70.24910652459747,44.2631718648846
390.84510791539884,429.35701422938916,70.24910652459747,44.2631718648846
382.5643700574636,427.1299759887225,71.6606218219962,45.152551777165726
375.4808680902041,424.8581898686861,73.10049869626557,46.05980200002432
369.91678813694506,422.5398232214948,73.10049869626557,46.05980200002432
364.352708183686,420.22145657430355,73.10049869626557,46.05980200002432
356.9339349126739,418.83043658598876,73.10049869626557,46.05980200002432
348.12414165334707,416.97574326823576,73.10049869626557,46.05980200002432
342.0963883706498,415.584723279921,73.10049869626557,46.05980200002432
335.6049617585142,414.6573766210445,73.10049869626557,46.05980200002432
329.5772084758169,413.730029962168,73.10049869626557,46.05980200002432
323.5494551931196,412.8026833032915,73.10049869626557,46.05980200002432
317.52170191042234,412.3390099738532,73.10049869626557,46.05980200002432
311.95762195716327,412.3390099738532,73.10049869626557,46.05980200002432
305.929868674466,412.3390099738532,73.10049869626557,46.05980200002432
300.8294620506452,412.3390099738532,73.10049869626557,46.05980200002432
295.7290554268244,412.3390099738532,73.10049869626557,46.05980200002432
289.7013021441271,411.8753366444149,73.10049869626557,46.05980200002432
284.13722219086804,411.41166331497664,73.10049869626557,46.05980200002432
278.573142237609,411.8753366444149,73.10049869626557,46.05980200002432
273.9364089432264,411.8753366444149,73.10049869626557,46.05980200002432
268.8360023194056,412.3390099738532,73.10049869626557,46.05980200002432
263.49396720678493,414.16209326823076,71.7290623561124,45.195675387898746
259.3991978990541,413.7071189007051,71.7290623561124,45.195675387898746
254.15738455255655,418.68081995484533,70.38335549344072,44.34776063013119
248.35368266694257,419.57369716801674,70.38335549344072,44.34776063013119
242.5499807813286,420.9130129877738,70.38335549344072,44.34776063013119
237.85294754988652,424.4540867606436,69.06289539826827,43.5157535765913
233.24403522294435,427.05260058133734,67.76720841672073,42.699355783300504
227.86190157110065,430.0322082572861,66.49582978113048,41.89827440537907
222.15896177526452,432.5341354022215,65.2483034433226,41.11222209200159
217.19255547642894,434.6034713600697,65.2483034433226,41.11222209200159
210.57068041131484,437.91440889262674,65.2483034433226,41.11222209200159
204.36267253777038,442.05308080832305,65.2483034433226,41.11222209200159
199.81013343050444,446.19175272401935,65.2483034433226,41.11222209200159
195.45578789781575,450.7160772440549,64.02418191102878,40.340916883323175
191.5637478249031,453.5596133519301,65.31061979816708,41.151486926259786
186.79098114873466,460.57383366406964,64.08532915054377,40.379445071162365
185.16501916678735,464.63873861893796,64.08532915054377,40.379445071162365
181.2692619435818,468.7044619743856,65.37299566916565,41.19078926097723
178.95385970654098,472.85187790921424,66.6865352711462,42.01843578959805
177.46446261354887,477.898919416396,65.43543111316008,41.2301291319693
177.24817045937985,484.9265441957342,64.20779888406884,40.45661187272685
176.02636851211082,486.9628807745159,64.20779888406884,40.45661187272685
176.8409031436235,492.6646231951047,64.20779888406884,40.45661187272685
180.5063089854306,497.9590982999372,64.20779888406884,40.45661187272685
182.94991287996865,499.58816756296255,64.20779888406884,40.45661187272685
189.05892261631377,506.5117119308204,64.20779888406884,40.45661187272685
191.50252651085182,508.54804850960215,64.20779888406884,40.45661187272685
198.01880356295328,512.2134543514093,64.20779888406884,40.45661187272685
202.90601135202937,514.6570582459473,64.20779888406884,40.45661187272685
210.0245887323183,520.7383033287016,63.00319822769387,39.69760654839567
217.61749385555962,521.9371830850029,63.00319822769388,39.69760654839567
224.60251981166354,525.1069520067446,61.821197049366106,38.952840900984924
230.8765870537689,525.8912104120077,61.821197049366106,38.952840900984924
237.54278349850586,527.0675980199024,61.821197049366106,38.952840900984924
242.6404631327165,528.2439856277972,61.821197049366106,38.952840900984924
250.4830471853482,528.6361148304288,61.821197049366106,38.952840900984924
258.12128567693384,529.3936405933889,60.66137136093202,38.22204778032807
264.8466784412446,529.7521819594253,59.523305128667594,37.504965048255116
268.7793228285302,528.6202807826913,60.719306898617916,38.258552310969705
273.4010023562465,527.8500008614053,60.719306898617916,38.258552310969705
280.333521647821,527.0797209401193,60.719306898617916,38.258552310969705
284.18492125425126,524.3837412156181,60.719306898617916,38.258552310969705
288.42146082132456,523.228321333689,60.719306898617916,38.258552310969705
291.50258050646875,522.0729014517599,60.719306898617916,38.258552310969705
295.73912007354204,520.1472016485448,60.719306898617916,38.258552310969705
298.4350997980432,518.6066418059727,60.719306898617916,38.258552310969705
300.36079960125835,517.4512219240436,60.719306898617916,38.258552310969705
300.74593956190137,516.2958020421145,60.719306898617916,38.258552310969705
299.59051967997226,515.1403821601854,60.719306898617916,38.258552310969705
298.43509979804315,513.5998223176133,60.719306898617916,38.258552310969705
295.35398011289897,512.8295423963273,60.719306898617916,38.258552310969705
293.81342027032684,511.2889825537552,60.719306898617916,38.258552310969705
291.5025805064687,509.74842271118314,60.719306898617916,38.258552310969705
290.3471606245396,508.59300282925403,60.719306898617916,38.258552310969705
288.0363208606814,504.74160322282376,60.719306898617916,38.258552310969705
285.1154645800663,499.73555914931524,61.93933993213185,39.027281402554024
284.7225860021941,496.59253052633744,61.93933993213186,39.027281402554024
282.3653145349607,493.0566233254874,61.939339932131865,39.027281402554024
281.18667880134404,489.5207161246374,61.939339932131865,39.027281402554024
279.61516448985515,487.5563232352763,61.939339932131865,39.027281402554024
275.6863787111329,484.8061731901706,61.939339932131865,39.027281402554024
275.29350013326064,482.84178030080955,61.939339932131865,39.027281402554024
274.9006215553884,481.2702659893206,61.939339932131865,39.027281402554024
272.1504715102828,480.4845088335761,61.939339932131865,39.027281402554024
271.94573543635727,480.0648465262077,60.77729776849384,38.29509170580191
272.5158559984779,480.0385652854854,59.63705664425262,37.57663859875739
271.1839040768583,479.6345018126843,58.518207550739106,36.871664369658575
271.73283327588587,479.9803759266803,57.420349152684025,36.17991614166647
271.73283327588587,478.5235166743375,57.420349152684025,36.17991614166647
273.36410846935627,477.40604260174933,56.34308764425744,35.50114578215713
274.6073975666195,477.02429700693096,55.2860366078092,34.8351098137156
275.8273613531159,474.8963285296135,54.24881687525952,34.18156932679965
277.0244374343256,475.2169682459923,53.231056392089975,33.540289894042054
277.3620797430243,473.1911143937999,53.23105639208998,33.54028989404206
278.3750066691205,474.54168362859485,53.23105639208999,33.54028989404206
279.72557590391546,475.8922528633898,53.23105639208999,33.54028989404206
280.4008605213129,477.91810671558216,53.23105639208999,33.54028989404206
281.4137874474091,479.6063182590758,53.23105639208999,33.54028989404206
282.4267143735053,480.95688749387074,53.23105639208999,33.54028989404206
283.77728360830025,483.6580259634606,53.23105639208999,33.54028989404206
285.8031374604926,486.02152212435175,53.23105639208999,33.54028989404206
287.15370669528755,488.3850182852429,53.23105639208999,33.54028989404206
288.3071324307381,489.39862499761733,54.30062800817625,34.214214938883046
288.6515589863455,490.776331220047,54.30062800817625,34.214214938883046
289.82816050509837,491.81030433209315,55.39169052674453,34.901681159650025
290.3257092413892,492.1623588291012,56.504675764498415,35.602960639190876
290.8332552244383,493.2383006291957,57.64002421463448,36.318330927314136
290.98539112633847,493.604644922707,58.79818522117914,37.04807515063666
292.10425423094097,494.3505536591087,58.79818522117914,37.04807515063666
293.9690260719451,495.842371131912,58.79818522117914,37.04807515063666
294.8701275769238,496.58903074951365,59.9796171568283,37.79248212463841
297.1528164188503,498.11082331079797,59.9796171568283,37.79248212463841
298.29416083981357,500.01306401240345,59.9796171568283,37.79248212463841
299.81595340109794,501.9153047140089,59.9796171568283,37.79248212463841
301.11560887893734,503.05741510362805,61.18478760436045,38.55184646796877
295.4557136078108,451.0538034990811,62.414173541694865,39.32646871904967
297.03927531621775,451.4496939261828,62.414173541694865,39.32646871904967
298.22694659752295,450.65791307197935,62.414173541694865,39.32646871904967
299.8105083059299,451.0538034990811,62.414173541694865,39.32646871904967
300.60228916013335,451.4496939261828,62.414173541694865,39.32646871904967
304.7507782556705,449.44325273424084,61.243223038451845,38.588665977712736
306.10219569955865,449.0283068804562,60.094240703707115,37.864705132250386
306.8645460846888,447.1224309176309,60.09424070370712,37.864705132250386
310.0964855878542,445.19056908073827,58.966814393287336,37.15432649525477
312.8937667917384,444.04299879947087,57.86053969524409,36.45727525130599
317.1065959752291,438.1458680542915,56.77501978478981,35.773301365568834
319.6274465912204,432.74404530573867,56.77501978478982,35.773301365568834
323.04099597519917,426.9575504597777,55.709865281955295,35.102159494104434
327.09723443243297,422.3397117377966,54.66469411191764,34.443608895864436
331.77084553997025,416.7683007205276,53.63913136794868,33.79741334633633
335.6763137432431,409.6002612302067,52.6328091769345,33.163341052808846
340.84390217963636,404.2359393825836,51.64536656741803,32.54116457122707
343.94903556223704,397.33433569128,50.67644934011726,31.930660724607407
347.9602292643741,391.5265284241121,49.725709940872655,31.33161052298319
352.5269851704322,385.5122732145455,48.7928073359782,30.743799084852192
356.07959224551524,378.9918699024795,47.8774068898514,30.16701556009782
356.6869609243454,375.0439734900836,47.8774068898514,30.16701556009782
360.3311729973262,369.8813397200275,47.8774068898514,30.16701556009782
361.24222601557136,367.1481806652919,47.8774068898514,30.16701556009782
361.8495946944015,363.8076529317261,47.8774068898514,30.16701556009782
364.1017533808182,361.3787896339962,48.83940762648919,30.773161403746865
364.23066080979254,358.281550648331,49.82073784392824,31.39148653583235
364.6781691800841,356.07011125276745,50.82178592942629,32.02223567479683
364.81230892662137,353.1695165865517,51.84294807410625,32.66565845621052
365.2779815402313,353.4990162431623,52.884628429759275,33.32200953157116
365.6134264712162,350.815456795283,52.884628429759275,33.32200953157116
396.809805052813,395.42963261627625,52.884628429759275,33.32200953157116
397.620279357233,391.0695238756984,53.94723926879843,33.99154866908902
398.1263306544449,390.70401105408126,52.935136674374554,33.35383420839061
398.1263306544449,387.68212333054413,52.935136674374554,33.35383420839061
399.13362656229066,385.3317662122375,52.935136674374554,33.35383420839061
399.4693918649059,382.6456437913156,52.935136674374554,33.35383420839061
399.80515716752114,381.3025825808547,52.935136674374554,33.35383420839061
400.1409224701364,378.28069485731754,52.935136674374554,33.35383420839061
399.80515716752114,376.9376336468566,52.935136674374554,33.35383420839061
400.63747975360894,374.9001516876299,51.94202210742945,32.728083890230764
399.3196156756427,373.25282159017206,51.94202210742945,32.728083890230764
399.8068570622928,373.23036088795703,50.96753933412919,32.11407325567763
398.9918176592462,371.9151819021812,50.0113388039325,31.511582056866867
398.3573781031158,370.9635225679856,50.0113388039325,31.51158205686687
397.2404098526533,370.3074571732245,49.073077524205694,30.92039417799794
395.8331285842163,370.908773910308,48.15241893718995,30.34029755781259
394.7576780079645,369.97166571628384,47.249032799276826,29.771084113527692
394.30180110783846,370.2509329399501,46.36259506254866,29.212549666195187
393.41957324903666,369.9568569870161,46.362595062548664,29.212549666195187
389.71895595546755,368.487069295059,47.29415868514045,29.799517426638047
388.94383036918106,368.4876732642885,48.24444021560098,30.39827913029149
386.0110432720293,368.7943017851374,49.21381575285305,31.009071752856435
383.01932768373456,369.1070913928558,50.20266895277513,31.63213703158658
379.64906617712705,369.107732505165,51.21139118004324,32.26772156096225
375.8862543472263,369.4332181581849,52.240381663023854,32.91607689028666
372.37919484058955,369.43388529306884,53.290047651779,33.57745962324319
370.3510959142095,371.1239677317189,53.290047651779,33.57745962324319
366.43555257317587,371.800681246804,54.36080457924619,34.252131519453016
362.9874700429962,373.17991425887584,54.3608045792462,34.252131519453016
358.5049627537627,375.5935720300016,54.3608045792462,34.252131519453016
354.51074440037763,376.6286910027632,55.45307622565699,34.940359598073385
350.08453373237217,377.6846086210446,56.56729488625912,35.64241624347747
346.1376905414893,379.837432179708,56.56729488625912,35.64241624347747
342.1908473506064,383.0666675177031,56.56729488625912,35.64241624347747
337.1675923803918,386.29590285569816,56.56729488625912,35.64241624347747
332.29364193499015,387.7318409531275,57.70390154240873,36.35857931305766
327.9014814501349,390.659947943031,57.70390154240874,36.35857931305766
324.2413477127555,393.9540683066724,57.70390154240874,36.35857931305766
319.84918722790025,396.51616192283797,57.70390154240874,36.35857931305766
315.8230401167829,401.6403491551691,57.70390154240874,36.35857931305766
311.7968930056656,405.3004828925485,57.70390154240874,36.35857931305766
307.1910236477025,407.86331341538335,58.86334603610035,37.089132247194925
307.71975608312016,357.8327959475536,60.046087248003715,37.83436418143781
305.43453753956095,358.9754052193332,60.046087248003715,37.83436418143782
301.24497020970244,362.403233034672,60.046087248003715,37.83436418143782
295.9127936080643,365.06932133549105,60.046087248003715,37.83436418143782
293.6275750645051,368.49714915082984,60.046087248003715,37.83436418143782
289.4380077346466,370.4014979371292,60.046087248003715,37.83436418143782
286.57344137172333,374.1842304581158,58.919564343172595,37.12455477014218
282.26771997234766,377.14854670223065,57.8141761019519,36.42806207266649
278.2338787263891,379.3488237454808,57.8141761019519,36.42806207266649
276.94263956589197,382.62423937888343,56.72952601752938,35.74463625452822
273.87646054813627,385.11853913128493,55.665225021945616,35.074032168382345
271.92705243408034,387.5660433982289,54.6208913465339,34.41600926608608
270.01421710922676,390.3140880806966,53.596150384978436,33.77033151241338
268.47722651678004,392.67061869217423,52.59063455894168,33.13676730038824
267.30265150081595,394.64935836059374,51.60398318621263,32.51508936820645
265.33872038218055,395.63132391991144,51.60398318621263,32.51508936820646
264.35675482286285,396.61328947922914,51.60398318621263,32.51508936820646
262.06550185112155,398.24989874475864,51.60398318621263,32.51508936820646
261.08353629180385,399.23186430407634,51.60398318621263,32.51508936820646
260.91296300303395,401.1734808948511,50.63584235132881,31.90507471771592
259.94942007115174,400.5311189402629,50.63584235132882,31.90507471771592
260.4244088575034,401.7939469637899,49.685864778625515,31.30650453442641
259.16378761640095,400.53332572268744,49.685864778625515,31.30650453442641
257.9031663752985,400.53332572268744,49.685864778625515,31.30650453442641
258.84863230612535,399.272704481585,49.685864778625515,31.30650453442641
259.3147098416048,400.8269959353906,48.75370970766667,30.719164109020035
260.0812860005533,399.5689431566251,47.83904277101294,30.14284276033419
260.0812860005533,399.5689431566251,47.83904277101294,30.142842760334194
261.4403624412801,397.72761067472,46.94153587428282,29.577333759789475
262.6313550400152,396.2388699263011,46.94153587428282,29.577333759789475
264.5604301863435,396.81406782726197,46.06086707846399,29.022434257235368
265.7290786074069,395.0610951956669,46.06086707846399,29.022434257235368
268.65069966006536,393.015960458806,46.06086707846399,29.022434257235368
269.6670971676127,391.8273944570008,45.196720484432646,28.477945208187162
271.38718233040606,390.68067101513856,45.196720484432646,28.477945208187165
272.82058663273386,388.3872241314141,45.196720484432646,28.47794520818717
274.65996466411144,386.3810352920867,46.104858189126354,29.050152561255274
276.53630131827356,383.1647715444311,47.031243104720474,29.63385727666858
278.45033920482774,380.4805177268953,47.97624187242363,30.22929037092868
280.0985246091639,376.5250842155137,48.94022850036624,30.83668750235175
281.7798270028295,374.04230303522684,49.9235845116241,31.456289064336506
317.5627636705005,416.15850282991926,49.9235845116241,31.45628906433651
319.594511629513,409.50921409481293,50.926699095216165,32.08834028050622
321.2096409752712,404.98685192669006,50.926699095216165,32.08834028050622
323.7938479284843,400.14146388941555,50.926699095216165,32.08834028050622
324.7629255359392,396.265153459596,50.926699095216165,32.08834028050622
324.89734219178234,392.3894933882999,51.94996926013634,32.733091301762435
326.5449243314848,387.4467469691925,51.94996926013634,32.733091301762435
326.5449243314848,384.481099117728,51.94996926013634,32.733091301762435
326.87444075942534,381.185934838323,51.94996926013634,32.733091301762435
326.87444075942534,377.2317377030371,51.94996926013634,32.733091301762435
328.6798224059884,375.89120785256256,50.97533739053418,32.11898672330649
328.0331536464409,371.04119215595665,50.97533739053418,32.11898672330649
327.3864848868934,368.77785149754055,50.97533739053418,32.11898672330649
327.7098192666671,365.867842079577,50.97533739053418,32.11898672330649
329.8046645801893,363.2591243517308,50.018990561226985,31.51640334307176
329.30214879151595,360.72161661570885,51.02402213857372,32.1496624354441
329.11317913814423,356.8385499965733,52.04924781540408,32.79564560275948
328.5902663699668,353.867899362541,53.095073351759,33.454608509855724
329.2638259181737,352.52078026612713,53.095073351759,33.454608509855724
329.40396581195216,349.4904403489052,54.1619126606159,34.126811958644254
329.7475125020567,348.4598002785917,54.1619126606159,34.126811958644254
329.8904682267208,344.681478361204,55.25018797170566,34.81252199132929
329.54001865297204,343.9805792137064,55.250187971705664,34.81252199132929
329.3353972132631,341.52813776902775,56.36032999862115,35.51200999570107
328.97790605622896,340.0981731408913,56.36032999862115,35.51200999570107
328.97790605622896,339.02569966978893,56.36032999862115,35.51200999570107
328.97790605622896,336.8807527275842,56.36032999862115,35.51200999570107
328.6204148991948,336.16577041351593,56.36032999862115,35.51200999570107
328.2629237421607,336.52326157055006,56.36032999862115,35.51200999570107
328.6204148991948,335.4507880994477,56.36032999862115,35.51200999570107
328.6204148991948,334.73580578537945,56.36032999862115,35.51200999570107
329.3353972132631,335.0932969424136,56.36032999862115,35.51200999570107
330.40787068436543,333.6633323142771,56.36032999862115,35.51200999570107
331.2716112571708,333.6640520628894,57.49277810928344,36.22555281254469
332.365633937728,332.9347036091846,57.49277810928345,36.22555281254469
333.24672964986274,332.206089366001,58.64798049983328,36.95343284520715
334.36273452814044,332.206089366001,58.64798049983328,36.95343284520716
335.85074103251065,332.206089366001,58.64798049983328,36.95343284520716
339.74890219964203,333.29673376018366,57.547687435236504,36.260150561212065
340.113924713995,333.29673376018366,57.54768743523651,36.26015056121207
342.4788625348898,335.0969616351616,56.46803693697675,35.57987492608002
342.83703687241655,335.45513597268837,56.46803693697675,35.57987492608002
382.5943883378863,332.9479156100011,56.46803693697675,35.57987492608002
384.0270856879933,335.45513597268837,56.46803693697675,35.57987492608002
383.66891135046654,336.88783332279536,56.46803693697675,35.57987492608002
383.66891135046654,339.0368793479559,56.46803693697675,35.57987492608002
382.5943883378863,341.5440997106432,56.46803693697675,35.57987492608002
381.1616909877793,344.0513200733305,56.46803693697675,35.57987492608002
378.29629628756527,346.20036609849103,56.46803693697675,35.57987492608002
376.5054245999315,348.7075864611783,56.46803693697675,35.57987492608002
373.9982042372442,350.85663248633887,56.46803693697675,35.57987492608002
369.34193784939634,354.4383758616064,56.46803693697675,35.57987492608002
365.7601944741288,356.58742188676695,56.46803693697675,35.57987492608002
362.1784510988613,359.452816586981,56.46803693697675,35.57987492608002
357.1640103734867,362.318211287195,56.46803693697675,35.57987492608002
353.73130954018535,364.4679784364375,57.60264920315142,36.29478135296974
346.9412952386243,368.487796529463,58.76005923359034,37.02405239469496
340.6051821147923,371.842209359727,58.76005923359034,37.02405239469496
335.915011276046,373.3338099008237,59.94072510377087,37.76797667946157
329.45158663121686,376.3754214983904,59.94072510377087,37.76797667946157
323.36836343608354,379.7972345456529,59.94072510377087,37.76797667946157
316.6829457461952,383.98021596429265,61.14511409328094,38.526848634881986
310.63887963351306,386.30804184145427,62.373702870757235,39.30096860450267
304.30874005957793,389.4731116284218,62.373702870757235,39.30096860450267
298.37423420901376,392.24254769201843,62.373702870757235,39.30096860450267
294.0222632519334,395.40761747898597,62.373702870757235,39.30096860450267
288.8790248481111,397.3857860958407,62.373702870757235,39.30096860450267
287.2964899546273,399.75958843606634,62.373702870757235,39.30096860450267
285.3183213377726,402.133390776292,62.373702870757235,39.30096860450267
284.92268761440164,403.7159256697758,62.373702870757235,39.30096860450267
285.3183213377726,404.50719311651767,62.373702870757235,39.30096860450267
289.43928861233286,404.90362338217443,63.62697768253936,40.090642966672945
292.432308907017,405.7116023129337,64.90543454511463,40.89618425580231
296.9609251843336,406.12329470178065,64.90543454511463,40.89618425580231
302.7246186281911,406.5349870906276,64.90543454511463,40.89618425580231
309.72338923858945,406.12329470178065,64.90543454511463,40.89618425580231
321.25077612630446,404.06483275754584,64.90543454511463,40.89618425580231
331.9547782363255,402.418063202158,64.90543454511463,40.89618425580231
343.48216512404053,401.1829860356171,64.90543454511463,40.89618425580231
354.5978596229086,399.53621648022926,64.90543454511463,40.89618425580231
366.53693889947056,397.8894469248414,64.90543454511463,40.89618425580231
383.4163268421961,395.8309849806066,64.90543454511463,40.89618425580231
394.9437137299111,393.7725230363718,64.90543454511463,40.89618425580231
407.29448539532007,392.125753480984,64.90543454511463,40.89618425580231
418.4101798941881,389.2439067590552,64.90543454511463,40.89618425580231
428.2907972265152,387.5971372036674,64.90543454511463,40.89618425580231
436.11295261460754,385.95036764827955,64.90543454511463,40.89618425580231
439.81818411423023,384.71529048173863,64.90543454511463,40.89618425580231
441.05326128077115,383.0685209263508,64.90543454511463,40.89618425580231
441.4649536696181,380.18667420442205,64.90543454511463,40.89618425580231
441.8766460584651,378.5399046490342,64.90543454511463,40.89618425580231
443.111723225006,376.06975031595243,64.90543454511463,40.89618425580231
443.30887532556847,373.571529658567,63.68774556629578,40.12893212671563
444.9247498849933,371.9556550991422,63.68774556629579,40.12893212671564
446.33010914027227,369.50430348719925,62.492901615162666,39.37607439261471
448.31205811975576,367.91874430361247,62.492901615162666,39.37607439261471
450.88022085841453,364.72060283651354,61.3204740968121,38.63734100067185
452.8249865504613,361.60897772923875,61.320474096812106,38.63734100067185
456.32556479614544,359.664212037192,61.320474096812106,38.63734100067185
459.04823676501087,356.94154006832656,61.320474096812106,38.63734100067185
464.29089024573034,354.58130511754075,60.1700424571975,37.91246696451266
468.4891062439469,351.14640111899996,60.1700424571975,37.91246696451266
472.3056662423255,347.3298411206213,60.1700424571975,37.91246696451266
477.0683064530035,345.0138864694304,59.04119403227456,37.20119226916444
481.74159490854316,341.9923898510715,57.93352389997718,36.503261777787856
488.1645572271773,340.12998901883725,56.84663473497042,35.81842514015845
497.3516246726961,336.49964979906406,55.78013666612845,35.14643670286508
503.01260092227693,333.66916167427365,55.78013666612845,35.14643670286508
509.38119920305536,330.48486253388444,55.78013666612845,35.14643670286508
516.1036084994325,326.9467523778964,55.78013666612845,35.14643670286508
522.1183957646122,323.7624532375072,55.78013666612845,35.14643670286508
529.7178608413093,320.5540337223552,54.73364713668632,34.487055421193126
534.2311121471996,318.1238214807219,54.73364713668632,34.487055421193126
538.9106184605492,315.3227682086024,53.70679076701551,33.84004477266089
542.6578770464369,311.91616949415913,53.70679076701552,33.84004477266089
546.0644757608801,309.8722102654932,53.70679076701552,33.84004477266089
551.3375097346214,307.12370747273576,52.699199219973835,33.205172672178094
553.3431223033606,303.78101985817045,52.699199219973835,33.205172672178094
557.180153993522,302.0868879311223,51.71051106878156,32.58221138879614
561.6011943530033,299.76854445432457,50.7403716673763,31.970937464020157
565.1414783779143,297.1937924362075,50.7403716673763,31.970937464020157
569.4795757271779,293.9534113274798,49.78843302320021,31.371131631653626
573.2692464822246,290.79535236494087,49.78843302320022,31.371131631653626
576.4273054447635,287.95309929865584,49.78843302320022,31.371131631653626
579.5853644073024,285.4266521286247,49.78843302320022,31.371131631653626
583.8420748377624,282.8786755085931,48.85435367237374,30.782578739146796
587.7090441760714,280.3785014041789,47.93779855721127,30.205067670420675
590.4456507866208,277.64189479362943,47.93779855721127,30.205067670420675
593.1822573971702,275.20935558425214,47.93779855721127,30.205067670420675
595.9188640077197,272.47274897370266,47.93779855721127,30.205067670420675
600.321420048546,270.3235479644663,47.03843890603476,29.638391270138918
603.3050480631457,267.33991994986656,47.03843890603477,29.638391270138918
606.5870388792055,264.95301753818677,47.03843890603478,29.638391270138918
610.0119102892015,262.54577482541623,46.1559521152421,29.08234626940045
613.0797625602295,259.8909290979247,45.29002163358798,28.53673321282616
616.9518769405638,258.4349815169018,44.4403368486359,28.00135638701354
619.7707084554597,255.89803315349542,44.4403368486359,28.00135638701354
624.4158276644516,253.90563425991863,43.606592975340256,27.476023750333557
627.1817751628874,251.1396867614828,43.606592975340256,27.47602375033356
629.3945331616361,249.4801182624213,43.606592975340256,27.47602375033356
633.1227211740697,248.0782882065043,42.788490946718866,26.960546864044623
636.1081823752953,245.9070436965221,42.788490946718866,26.960546864044623
638.5508324490253,243.73579918653988,42.788490946718866,26.960546864044623
641.2648880865031,241.83596024030544,42.788490946718866,26.960546864044623
643.1647270327376,240.20752685781878,42.788490946718866,26.960546864044623
645.3359715427198,238.57909347533212,42.788490946718866,26.960546864044623
646.6929993614586,236.40784896534987,42.788490946718866,26.960546864044623
647.2358104889543,236.1364434016021,42.788490946718866,26.960546864044623
648.864243871441,234.50801001911543,42.788490946718866,26.960546864044623
649.1356494351887,233.42238776412432,42.788490946718866,26.960546864044623
650.2212716901798,232.608171072881,42.788490946718866,26.960546864044623
651.3068939451709,230.97973769039433,42.788490946718866,26.960546864044623
651.3068939451709,229.62270987165545,42.788490946718866,26.960546864044623
651.3068939451709,228.26568205291656,42.788490946718866,26.960546864044623
651.5782995089187,227.18005979792545,42.788490946718866,26.960546864044623
651.5782995089187,226.09443754293434,42.788490946718866,26.960546864044623
650.7640828176753,224.73740972419546,42.788490946718866,26.960546864044623
649.248585988388,223.3809283351347,43.64824009531129,27.502265132183872
648.6948681569077,222.27349267217406,43.648240095311294,27.502265132183876
646.4799968309864,221.44291592495358,43.648240095311294,27.502265132183876
645.926278999506,220.88919809347325,43.648240095311294,27.502265132183876
643.4345487578446,219.50490351477245,43.648240095311294,27.502265132183876
641.4965363476634,219.7817624305126,43.648240095311294,27.502265132183876
639.004806106002,218.3974678518118,43.648240095311294,27.502265132183876
636.2362169486004,217.84375002033147,43.648240095311294,27.502265132183876
633.4676277911988,217.29003218885114,43.648240095311294,27.502265132183876
630.6990386337972,218.3974678518118,43.648240095311294,27.502265132183876
626.3845017693174,217.56744851368097,44.52526418354638,28.054868145484846
623.3953821252902,217.28559528085736,45.419910316786385,28.618574611132075
619.9382235972408,216.70940219284913,45.419910316786385,28.618574611132075
616.7691616131956,217.86178836886558,45.419910316786385,28.618574611132075
613.6000996291503,218.4379814568738,45.419910316786385,28.618574611132075
609.9747265161075,218.15046494704308,46.33253257478158,29.193607630793554
606.7419885696168,218.15046494704308,46.33253257478158,29.193607630793558
603.8031358909889,219.03212075063144,46.33253257478158,29.193607630793558
601.1581684802238,219.9137765542198,46.33253257478158,29.193607630793558
598.5132010694588,221.97097342925932,46.33253257478158,29.193607630793558
595.5743483908309,223.73428503643603,46.33253257478158,29.193607630793558
592.757786459416,226.08595886813833,47.263492151806666,29.780194788919093
590.3594640230164,230.2830231318377,47.26349215180667,29.780194788919097
589.1603028048165,233.58071648188718,47.26349215180668,29.780194788919097
586.7619803684169,240.47589348653614,47.26349215180668,29.780194788919097
585.087986476314,244.07398071873868,48.21315749961293,30.37856824281285
583.2531025294783,249.88444655038492,48.21315749961293,30.37856824281285
582.3356605560605,254.77747040861337,48.21315749961293,30.37856824281285
580.8065906003641,259.05886628456324,48.21315749961293,30.37856824281285
579.2775206446677,266.0925880807666,48.21315749961293,30.37856824281285
578.9717066535284,270.06816996557717,48.21315749961293,30.37856824281285
578.3600786712498,275.57282180608416,48.21315749961293,30.37856824281285
578.0542646801105,279.54840369089476,48.21315749961293,30.37856824281285
577.7484506889712,283.21817158456605,48.21315749961293,30.37856824281285
577.8948995239941,289.9252311182401,47.30863184728827,29.8086368033144
577.8948995239941,292.32584410786626,47.30863184728827,29.8086368033144
578.4950527714007,293.22607397897605,47.30863184728827,29.8086368033144
579.2389073314754,295.60622983102826,46.421075974545445,29.249397831055767
581.3000355954371,295.3117829361766,46.421075974545445,29.249397831055767
581.5944824902888,297.0784643052866,46.421075974545445,29.249397831055767
582.4778231748438,296.4895705155833,46.421075974545445,29.249397831055767
583.6556107542505,297.66735809498994,46.421075974545445,29.249397831055767
583.9500576491022,297.0784643052866,46.421075974545445,29.249397831055767
585.2688505650094,298.8250723325885,45.55017151184093,28.700650724968558
585.4072105044733,299.0942983713452,44.695606062552955,28.162198647455213
586.3934816166283,299.9254780945218,43.857073090923755,27.633848453782647
586.3934816166283,300.760028697958,43.85707309092376,27.63384845378265
587.2280322200645,300.2036616290005,43.85707309092376,27.633848453782655
586.671665151107,301.3163957669155,43.85707309092376,27.633848453782655
588.0625828235007,301.87276283587295,43.85707309092376,27.633848453782655
588.6189498924582,302.9854969737879,43.85707309092376,27.633848453782655
588.6189498924582,303.8200475772241,43.85707309092376,27.633848453782655
590.143084669783,302.9665323548002,43.03427181210404,27.115410622800532
590.143084669783,302.69356781355987,43.03427181210404,27.115410622800535
591.2349428347445,304.05839051976176,43.03427181210404,27.115410622800535
592.326800999706,302.9665323548002,43.03427181210404,27.115410622800535
592.8727300821868,304.05839051976176,43.03427181210404,27.115410622800535
595.0564464121098,302.9665323548002,43.03427181210404,27.115410622800535
594.7834818708694,304.6043196022425,43.03427181210404,27.115410622800535
596.6942336595521,304.6043196022425,43.03427181210404,27.115410622800535
599.0086678121565,306.223498025365,42.22690708426033,26.606699188959333
599.2765112735397,305.1521241798326,42.22690708426033,26.606699188959333
601.1514155032214,304.08075033430015,42.22690708426033,26.606699188959333
601.6871024259876,305.95565456398185,42.22690708426033,26.606699188959333
604.0976935784356,307.0270284095143,42.22690708426033,26.606699188959333
604.3655370398187,307.8305587936636,42.22690708426033,26.606699188959333
606.2404412695005,306.49134148674807,42.22690708426033,26.606699188959333
607.3118151150329,308.09840225504666,42.22690708426033,26.606699188959333
608.6510324219485,308.6340891778129,42.22690708426033,26.606699188959333
611.0616235743964,309.9733064847284,42.22690708426033,26.606699188959333
611.5973104971627,309.1697761005791,42.22690708426033,26.606699188959333
613.7400581882275,310.24114994611153,42.22690708426033,26.606699188959333
615.3471189565262,309.9733064847284,42.22690708426033,26.606699188959333
615.8828058792924,311.31252379164397,42.22690708426033,26.606699188959333
617.8691644097183,312.65228035654064,43.075372328304375,27.141307595763095
619.2352906099817,314.018406556804,43.075372328304375,27.141307595763095
619.781741090087,312.9255055965933,43.075372328304375,27.141307595763095
623.4645118774383,314.81945568001004,42.26723651486589,26.632110309561725
624.0007104159034,315.62375348770763,42.26723651486589,26.632110309561725
625.720866778117,317.23288887611034,43.11651209815909,27.167229302011748
628.4557286566092,315.8654579368643,43.11651209815909,27.167229302011748
631.0480719771379,317.76121686525056,42.30760446268915,26.65754569942975
632.3898485841129,318.8346381508306,42.30760446268915,26.657545699429754
633.9999805124829,320.1764147578056,42.30760446268915,26.657545699429754
636.951889047828,321.24983604338564,42.30760446268915,26.657545699429754
638.4053329493586,320.44531036772634,43.15769115915796,27.193175765168398
640.4354756689384,321.8145984366083,44.02485864761893,27.739568245817928
642.2271622551107,322.0944084463706,44.90945013242553,28.29693939058115
643.200273049045,322.949558112535,45.81181571393636,28.8655097937561
645.3552660907114,323.5313079178042,46.73231252707649,29.44550448204204
647.2571383526023,322.34622049214,47.67130488268303,30.037153003599713
647.9877167609749,324.4634685802423,48.62916441169079,30.640689518901045
612.3355554737816,291.15119744209903,49.606270212214895,31.256352893404326
610.4476528016631,289.57794521533367,49.6062702122149,31.256352893404326
609.31998251727,290.20787960204933,50.60300899958894,31.8843867920915
608.8115993873555,290.8504712603972,51.61977525941768,32.525039775905
609.1390214089047,292.1601593465942,51.61977525941768,32.525039775905
610.4487094951016,293.1424254112419,51.61977525941768,32.525039775905
610.1212874735525,293.46984743279114,51.61977525941768,32.525039775905
609.7938654520033,294.1246914758896,51.61977525941768,32.525039775905
609.6232399636609,295.73948022698727,50.65133814990556,31.914838446103637
608.9806814307007,294.7756424275468,50.65133814990556,31.914838446103637
608.0168436312601,296.0607594934674,50.65133814990556,31.914838446103637
608.4919777757261,298.2878117725059,49.701069860973675,31.31608508578846
608.0124426758771,299.52732712181586,48.768629527905006,30.728564919935287
607.0844306966716,299.52732712181586,48.768629527905006,30.728564919935287
606.1564187174661,300.76467642742324,48.768629527905006,30.728564919935287
603.3723827798494,300.14600177461955,48.768629527905006,30.728564919935287
603.5205188769322,301.6715999387406,47.853682680935634,30.15206720290797
603.0588080814355,303.7756441154128,46.955901125279205,29.586385142863122
599.1868975993203,302.2864477761377,46.95590112527921,29.586385142863122
597.6977012600453,303.7756441154128,46.95590112527921,29.586385142863122
595.0171478493502,304.0734833832678,46.95590112527921,29.586385142863122
593.0749028574486,303.75533950520276,46.074962823402245,29.031315827573163
588.3988786339012,304.33984253314617,46.074962823402245,29.031315827573167
586.6453695500709,305.508848589033,46.074962823402245,29.031315827573167
582.8460998684386,306.97010615889155,46.074962823402245,29.031315827573167
579.4790357087535,308.11918853877285,45.21055177950811,28.486660151640926
576.898118382758,306.9721141716637,45.21055177950811,28.48666015164093
572.447149249204,308.099638650276,44.362357926188174,27.952222745079847
570.0494043604241,308.36184407119896,43.530077013199474,27.427811903234016
566.183872587161,309.1901723083268,43.530077013199474,27.427811903234016
562.1571253075607,310.2951658579206,44.40472685062569,27.978918927805697
558.6304613019543,309.430992586804,43.57165105547199,27.454007239648462
554.2084914660534,309.98373881629163,43.57165105547199,27.454007239648462
549.6424986428019,311.3467631928515,42.75420457119785,26.93894340447922
545.3034892549988,311.88913936632684,42.75420457119786,26.938943404479225
541.9079112378928,311.0570873881091,41.95209417675428,26.43354266701312
536.8520048749463,312.38758906256874,41.95209417675428,26.433542667013125
531.2638978422159,312.1214887276768,41.95209417675428,26.433542667013125
527.272392818837,312.91978973235257,41.95209417675428,26.433542667013125
523.2808877954582,312.91978973235257,41.95209417675428,26.433542667013125
519.0232824371874,313.98419107192024,41.95209417675428,26.433542667013125
514.3442053647699,313.984726820408,42.7950376050478,26.96467183982142
509.29966450781535,313.7138262447693,43.654918295646034,27.506472991098953
505.0018471573577,314.52565286713326,42.83590963708916,26.990424847485368
500.65454574187004,312.8954148363254,42.83590963708916,26.990424847485368
496.0355379879145,314.25394652866527,42.83590963708916,26.990424847485368
492.5033555878308,315.0690655440692,42.83590963708916,26.990424847485368
487.3409351569393,315.8841845594731,42.83590963708916,26.990424847485368
482.9936337414517,315.8841845594731,42.83590963708916,26.990424847485368
478.10291964902814,316.69930357487704,42.83590963708916,26.990424847485368
473.0706145100785,317.49589954147706,42.032266376269334,26.48405826815715
468.2716549631816,318.82894386005955,42.032266376269334,26.48405826815715
460.9342809818358,318.27755059420514,41.24370024340437,25.98719161756697
454.9173194633864,319.58558570691156,41.24370024340437,25.987191617566975
448.11553687731316,320.3704067745354,41.24370024340437,25.987191617566975
442.360182381405,321.15522784215926,41.24370024340437,25.987191617566975
435.5583997953318,322.2016559323244,41.24370024340437,25.987191617566975
427.1869750740109,323.5096910450308,41.24370024340437,25.987191617566975
420.1235854653964,323.7712980675721,41.24370024340437,25.987191617566975
412.4006536998524,324.7998916100661,40.469928376933105,25.499646667826756
406.49657622229023,325.8266876931204,40.469928376933105,25.499646667826756
399.0523046201466,327.11018279693826,40.469928376933105,25.499646667826756
389.66125775798264,328.39419472127133,41.28309064781082,26.0120110683234
381.5436946581616,328.39419472127133,41.28309064781082,26.0120110683234
372.90241780996496,329.4416222180224,41.28309064781082,26.0120110683234
364.7848547101439,331.27462033733684,41.28309064781082,26.0120110683234
356.9291484845106,332.8457615824635,41.28309064781082,26.0120110683234
345.66930289443627,334.1550459534024,41.28309064781082,26.0120110683234
338.3373104171785,335.4643303243413,41.28309064781082,26.0120110683234
329.9578904431697,337.5591853178435,41.28309064781082,26.0120110683234
321.31661359497303,338.08289906621906,41.28309064781082,26.0120110683234
313.9846211177153,339.9158971855335,41.28309064781082,26.0120110683234
305.0814873953309,341.48703843066016,41.28309064781082,26.0120110683234
296.96392429550986,343.05817967578685,41.28309064781082,26.0120110683234
291.59032849773286,345.13518308847,40.50857977910265,25.524000481585936
286.9653331686227,346.6768481981734,40.50857977910265,25.524000481585936
281.56950528466086,347.44768075302505,40.50857977910265,25.524000481585936
276.68756577060014,347.7046249379756,40.50857977910265,25.524000481585936
272.57645881139115,349.246290047679,40.50857977910265,25.524000481585936
270.37088006998647,348.98986317684074,41.32251867260416,26.03685422326244
266.4392756031048,350.03829103467586,41.32251867260416,26.03685422326244
264.18938016804907,350.825139636557,42.1528120402928,26.560012735170453
259.91140449291873,351.3598865959483,42.1528120402928,26.560012735170456
257.7724166553536,352.96412747412217,42.1528120402928,26.560012735170456
255.09868185839713,353.7662479132091,42.1528120402928,26.560012735170456
251.62282662235373,354.03362139290476,42.1528120402928,26.560012735170456
248.94909182539726,355.37048879138297,42.1528120402928,26.560012735170456
244.9384896299626,356.97472966955684,42.1528120402928,26.560012735170456
241.4626343939192,357.5094766289481,42.1528120402928,26.560012735170456
238.78889959696272,358.8463440274263,42.1528120402928,26.560012735170456
237.18465871878885,359.113717507122,42.1528120402928,26.560012735170456
233.03472340725216,360.6997307206738,41.36198435371428,26.061721105023135
229.0993640035195,360.962088014256,41.36198435371428,26.06172110502314
225.42636189336903,361.7491598950025,41.36198435371428,26.061721105023143
222.01571707680074,362.7985890693312,41.36198435371428,26.061721105023143
217.55564308590374,363.84801824365985,41.36198435371428,26.061721105023143
213.62028368217108,365.15980471157076,41.36198435371428,26.061721105023143
208.6354951041097,366.47159117948166,41.36198435371428,26.061721105023143
204.02223523098527,366.7344766855644,42.19307070533346,26.585379267186372
199.20491613470705,368.07262087897504,42.19307070533346,26.585379267186372
194.65522587711095,369.14313623370356,42.19307070533346,26.585379267186372
190.6407932968791,369.94602274974994,42.19307070533346,26.585379267186372
185.02058768455453,371.2841669431606,42.19307070533346,26.585379267186372
180.2032685882763,372.3546822978891,42.19307070533346,26.585379267186372
176.7240936854087,373.1575688139355,42.19307070533346,26.585379267186372
174.85069181463382,373.69282649129974,42.19307070533346,26.585379267186372
170.83625923440198,375.0309706847104,42.19307070533346,26.585379267186372
166.554197815488,374.76334184602825,42.19307070533346,26.585379267186372
163.0750229126204,375.2985995233925,42.19307070533346,26.585379267186372
159.8634768484349,376.1014860394389,42.19307070533346,26.585379267186372
158.5253326550243,376.369114878121,42.19307070533346,26.585379267186372
157.29855345413682,376.36965370399537,43.040856075015725,27.11955929280195
156.04712457876587,376.0971970515602,43.905675996131016,27.664472597672216
155.21164911689723,376.9326725134288,43.905675996131016,27.664472597672216
153.81919001378284,376.65418069280594,43.905675996131016,27.664472597672216
152.2641243573962,376.9332332100992,44.78787274392128,28.22033484557724
148.5709861193257,377.50140832364855,44.787872743921284,28.22033484557724
146.58237322190314,378.0695834371979,44.787872743921284,28.22033484557724
144.3096727677059,378.92184610752184,44.787872743921284,28.22033484557724
141.75288475673403,379.4900212210712,44.787872743921284,28.22033484557724
139.76427185931146,380.0581963346205,44.787872743921284,28.22033484557724
137.04161004159243,381.19511852446766,45.68779547096489,28.787366033629425
135.71322042023462,382.3548848918754,46.605800345362994,29.365790579343145
134.82636463938454,383.53735926634215,46.605800345362994,29.365790579343148
134.35813946621485,384.7204288193702,47.54225069170237,29.955837409453892
134.78518161869536,384.7210359568544,48.49751713485075,30.55774005052205
134.91318665703048,385.6445083098976,49.471977746641315,31.171736721357192
135.98515960260386,386.27273735892953,50.46601819550458,31.79807042729942
138.22588613228177,386.9129449388375,50.46601819550459,31.79807042729942
137.71887928048065,387.23369320419755,51.48003189910686,32.43698905639515
138.04541491588617,389.1929070166307,51.48003189910687,32.43698905639515
137.8547564108173,390.1731713476978,52.51442018005562,33.0887454775053
137.8547564108173,392.50484835919195,52.51442018005562,33.0887454775053
137.8547564108173,393.8372352229029,52.51442018005562,33.0887454775053
138.5209498426728,395.16962208661386,52.51442018005562,33.0887454775053
140.18643342231144,396.83510566625256,52.51442018005562,33.0887454775053
140.5195301382392,398.50058924589126,52.51442018005562,33.0887454775053
143.1843038656611,399.49987939367446,52.51442018005562,33.0887454775053
146.1821743090107,402.4977498370241,52.51442018005562,33.0887454775053
146.32078161852723,404.1639040511508,53.569592424733486,33.75359764038481
146.4621739647139,405.523746673661,54.64596624532366,34.43180867777306
148.88849311340172,407.95006582234885,54.64596624532366,34.43180867777306
152.00804630457176,410.3763849710366,54.64596624532366,34.43180867777306
155.1275994957418,412.10947007724224,54.64596624532366,34.43180867777306
157.3515349657871,414.18987006004875,55.743967645090954,35.12364700953556
160.53376933922732,416.66494123939117,55.74396764509096,35.12364700953556
164.06958530971647,418.78643082168463,55.74396764509097,35.12364700953556
167.60540128020563,421.61508359807596,55.74396764509097,35.12364700953556
171.8483804447926,423.0294099862716,55.74396764509097,35.12364700953556
176.0913596093796,425.1508995685651,55.74396764509097,35.12364700953556
180.33433877396658,426.56522595676074,55.74396764509097,35.12364700953556
184.57731793855356,428.6867155390542,55.74396764509097,35.12364700953556
189.88104189428728,431.86894991249443,55.74396764509097,35.12364700953556
193.0632762677275,435.05118428593465,55.74396764509097,35.12364700953556
195.89192904411883,437.5262554652771,55.74396764509097,35.12364700953556
199.42774501460798,440.0013266446195,55.74396764509097,35.12364700953556
203.67072417919496,442.4763978239619,55.74396764509097,35.12364700953556
206.49937695558629,445.30505060035324,55.74396764509097,35.12364700953556
211.26526160191594,453.4133225978769,54.69815668160562,34.46469328464051
214.38779416838554,456.18890710140545,54.698156681605624,34.46469328464051
217.51032673485514,458.6175435419929,54.69815668160563,34.46469328464051
220.63285930132474,462.0870241714036,54.69815668160563,34.46469328464051
221.47112652198726,458.9651901267909,55.797206743809134,35.15719236680879
220.40936865087804,459.67302870753036,55.79720674380914,35.15719236680879
218.43312485184737,460.7354991358962,56.9183400189125,35.86360583303508
214.9730500234782,462.5413789639215,58.06200022491251,36.58421326503826
213.3079911063113,466.5674044302857,56.97270071929238,35.89785789889969
210.05561252194227,470.90390920944446,56.97270071929238,35.89785789889969
207.16460933583645,473.43353699728704,56.97270071929238,35.89785789889969
203.33985451369105,475.24114155748515,58.11745319484512,36.61915355766228
200.9127949494664,475.9791567736897,59.28520718188914,37.35494221009639
196.93279436694112,476.7320009296334,60.47642484979484,38.10551506392386
189.03682993051513,480.1851675747398,61.69157765430177,38.87116917810329
184.50397517195688,483.7077186972463,62.93114652410966,39.652207580398915
180.67838089186841,490.0952353914246,64.19562205121859,40.44893938731187
176.77591894591012,492.539195672263,65.48550468509373,41.261679926421124
172.7950448320717,495.4476341959018,66.80130493073132,42.090750861182705
167.8867473878086,499.26194760165146,68.1435435507045,42.93648031823645
165.0409854002622,501.42397570485144,69.51275177126881,43.79920301727077
