461.0,304.0,22.0,17.0
458.0826771653543,303.53937007874015,22.0,17.0
455.31889763779526,303.3858267716535,22.0,17.0
452.5551181102362,304.4606299212598,22.0,17.0
449.87740219685037,304.13629611417315,22.442045999999998,17.341581
445.8050624251968,304.29292456692906,22.442046,17.341581
442.98575027559053,304.7628099251968,22.442046,17.341581
440.3230665787401,304.6061814724409,22.442046,17.341581
438.28689669291333,304.7628099251968,22.442046,17.341581
435.7808414488188,305.2326952834645,22.442046,17.341581
432.7021612286563,307.1182807133747,22.021011424577033,17.016236100809525
430.08943206357134,306.65721086071267,22.021011424577033,17.016236100809525
427.7840828002611,306.50352090982534,22.021011424577033,17.016236100809525
424.0955239789647,305.8887611062759,22.021011424577033,17.016236100809525
413.3372274168503,303.5834118429657,22.021011424577033,17.016236100809525
401.0949091739452,298.36388411838544,21.607875866636768,16.696994987855682
395.51506578175537,298.06227096205083,21.607875866636768,16.696994987855682
395.0626460472535,296.8558183367125,21.607875866636768,16.696994987855682
393.40377368741326,296.40339860221064,21.607875866636768,16.696994987855682
397.07501735210894,302.1398679142375,21.202491132940846,16.383743148181562
409.94904247989496,316.1977114445786,21.202491132940846,16.383743148181562
410.8878186427123,314.723648606554,20.80471181049997,16.07636821720452
422.6491079428858,312.98123537689867,20.804711810499974,16.07636821720452
417.0676526142443,308.02808776205234,21.22274088490835,16.39939068379281
400.2330899822982,313.66231125328187,20.82458165745694,16.091722189853083
393.547460151683,313.22629191650265,20.82458165745694,16.091722189853083
397.37629931169846,316.4293754410726,20.43389228374706,15.789825855622722
392.71913498214946,317.2905569916978,20.050532622068882,15.493593389780493
381.01253087461936,323.03339457960664,19.67436515990714,15.202918532655508
369.25092974686015,322.48944463426915,19.30525496461488,14.917697018111486
363.9078451231109,304.7094876953203,18.943069635012634,14.637826536146115
370.38604950258645,299.1567410843413,18.943069635012634,14.637826536146116
363.6434286178262,297.83465855791775,18.943069635012634,14.637826536146116
371.78223698520657,315.1390889824135,19.323692733188942,14.9319443847369
371.2891790399155,313.2561871746721,18.961161493144157,14.651806608338656
375.8627284540194,314.16766396025804,19.342148111025903,14.946205358520007
367.9737770600137,314.4224874609136,19.73078989302075,15.24651946278875
378.073689297943,314.29009533138833,19.36062111494375,14.960479952456524
375.2361179498509,313.6144831056521,19.36062111494375,14.960479952456524
387.3085051489815,329.15877841811715,18.997397062597752,14.679806821098254
374.049763462487,328.62842875065735,18.997397062597752,14.679806821098254
364.7103743492164,328.87871032202406,19.379111761776528,14.974768179554582
352.8840534613487,329.94552977599625,19.768496254405903,15.275656196586374
343.4116542647209,329.8128846395966,19.397620068374366,14.98907005283473
333.3339871816006,328.85001292869947,19.787376448408214,15.29024543740634
318.5571937100173,330.0929207907953,19.787376448408214,15.290245437406341
308.7520316868172,329.5405172965305,19.787376448408214,15.290245437406341
303.5041984913016,328.43571030800086,19.787376448408214,15.290245437406341
287.94631410315725,330.09824984326724,19.416146051603484,15.003385585329958
278.46061640793937,331.046819612789,19.416146051603484,15.00338558532996
263.69002999681436,331.7243694481617,19.416146051603484,15.00338558532996
253.43789540911246,331.45857858828543,19.051880297527976,14.72190750263525
251.22319326343353,333.05932158210214,18.69444852272104,14.445710222102619
248.483258879019,346.6285204382504,18.69444852272104,14.445710222102619
237.82935741109807,347.41639354354646,18.343722515095426,14.174694670755553
239.493685849744,344.9839135178332,18.34372251509543,14.174694670755553
243.76256733767732,342.3003232168026,17.999576467947143,13.908763634322789
235.13777506817817,342.68204094523924,17.661886934828132,13.647821722367189
237.6031064585085,329.12271829842234,17.661886934828132,13.64782172236719
232.98806980882313,329.84847144410423,18.016767229009634,13.922047404234714
230.85043260896032,330.60293163229113,18.016767229009638,13.922047404234716
243.55051244343937,313.75332076278426,18.016767229009638,13.922047404234716
240.15544159659842,312.8731172098996,18.016767229009638,13.922047404234716
235.1257070086859,313.6275773980865,18.016767229009638,13.922047404234716
229.9702290560756,314.50778095097115,18.016767229009638,13.922047404234716
221.21145618677576,315.8958101621385,17.678755180519918,13.660856275856297
214.59115515491254,311.58212093212353,17.347084566288185,13.40456534667723
212.21141998585895,311.4657232876684,17.021636414849876,13.153082684202175
213.20267794672782,313.7274715098354,16.702293986760637,12.90631808067867
203.68409844934797,316.87934184985795,16.38894273272144,12.664183020739289
192.2852138189934,317.9131971142513,16.081470252489346,12.426590649650853
190.6016669153237,324.6473847289301,16.081470252489346,12.426590649650853
189.85462723233164,325.661843864633,15.779766254559124,12.193455742159319
194.25985904283849,318.3932113772967,15.779766254559124,12.193455742159319
182.40362422818626,315.2036680545367,15.483722516601276,11.964694671919164
176.8923278635621,315.41979732373767,15.483722516601276,11.964694671919165
176.0883828376962,317.78508061452715,15.794836953127346,12.205101281962037
168.54388952891202,318.3238779283189,16.112202612026536,12.450338382020501
168.20653668252564,317.3118193891597,16.112202612026536,12.450338382020503
158.93613858655158,315.6124237814683,16.435945099109986,12.700503031130442
153.01066316907605,316.5345336463116,16.12759080884256,12.462229261378337
145.53234479036007,316.74700690023667,16.451642490964634,12.712632833927213
140.93954552659758,317.0914668450189,16.451642490964634,12.712632833927213
136.96035058350216,317.5551774581167,16.14299370238298,12.474131497295934
129.4748899264872,317.76785363775764,16.467354874844965,12.724774221471103
123.44803889805156,317.7549438356531,16.798233436345225,12.980453109903124
117.46885380411979,318.1066606058844,16.798233436345228,12.980453109903124
113.13101363793402,318.34113845270525,16.798233436345228,12.980453109903124
106.74858724496315,318.5624471007679,17.135760340781715,13.241269354240407
102.15143244005453,318.9077971085946,17.48006917330904,13.50732617937516
118.20150231843954,326.09195292605887,17.83129620320834,13.778728884297346
114.59248370608651,327.21199318506496,17.83129620320834,13.778728884297347
109.68428271742187,326.2024227616575,18.189580437819405,14.055584883769535
104.47935445685042,327.3449679895878,18.189580437819405,14.055584883769537
98.83778563687035,328.7271521932934,18.55506367755651,14.338003750839118
91.32677023983513,328.46815166236115,18.55506367755651,14.338003750839118
85.44234511208907,327.28810278394934,18.927890572029654,14.626097260204727
79.43968423025123,327.8016732693253,19.308208677293447,14.91997943245402
72.56709527908146,329.68826631474445,19.308208677293447,14.91997943245402
67.38711945485441,329.26885944917353,19.696168514246306,15.21976657919032
59.628704771344474,327.3289180161464,20.091923628203055,15.52557734906599
52.555758552400405,327.7338458305101,20.49563064966454,15.837532774740772
48.34461858536458,328.1469098594478,20.907449356308252,16.155756320783638
42.50789328188553,330.1897637156655,20.907449356308256,16.155756320783638
36.898875686209266,328.568273583919,21.327542736224558,16.480373932537145
28.349004853107196,330.0400542290813,21.756077052423517,16.811514085963616
22.27536845336119,328.2179633091575,21.75607705242352,16.811514085963616
18.41261418540641,328.96011189285474,22.193221908637867,17.14930783849288
10.445057511593648,329.8720643174424,22.639150316448127,17.49388888089172
4.91491431510981,331.4521052307235,22.639150316448127,17.49388888089172
0.0,329.71406022611427,22.639150316448127,17.49388888089172
0.0,330.6681818542225,22.21441787264944,17.165686537956375
0.0,334.8602386381092,21.79765382193502,16.843641589677052
13.244874246347075,338.64642718461835,22.235634080179164,17.182080880138432
8.899614329461668,340.6638692888866,22.235634080179164,17.182080880138432
1.6927705938236013,340.49124951332425,22.682414675752206,17.527320431263053
0.0,340.18074615778113,22.2568705505609,17.198490879978863
0.0,340.1867402839522,21.839310046384973,16.875830490388374
0.0,343.69244198610096,21.839310046384973,16.875830490388374
0.0,344.1555890960551,21.42958338274164,16.559223523027615
12.62563718327496,350.1380783725542,21.42958338274164,16.559223523027615
8.820851307920787,348.17696935048036,21.86016800165107,16.89194800127581
2.8707232602272867,348.0244019646421,21.86016800165107,16.891948001275814
0.0,349.55596311094473,21.45005002251272,16.575038653759815
0.0,351.0587906829125,21.047626254910156,16.264074833339652
0.0,349.2960331511842,21.047626254910156,16.264074833339656
0.0,351.0587906829125,21.047626254910156,16.264074833339656
0.0,359.58445387721514,20.652752347963464,15.958944996153575
0.0,358.4368916632626,20.265286658955407,15.659539691010984
11.451373261248733,356.739655772713,20.26528665895541,15.659539691010986
3.8624736577789616,357.7351678034273,19.885090202523674,15.365751520131916
0.0,361.2047388391218,19.885090202523678,15.365751520131916
0.0,362.315001570544,19.885090202523678,15.365751520131916
0.0,363.5694025117206,19.512026600806305,15.077475100623037
0.0,364.37118064201985,19.904081751296307,15.380426807819855
0.0,366.31599607441206,19.904081751296307,15.380426807819855
1.005183210053767,369.0943038349724,19.904081751296307,15.380426807819855
0.6362316087487958,373.12821057083505,19.53066184968212,15.091875065663437
0.0,375.5664648566161,19.923091438227782,15.395116111357812
0.0,375.55084588382215,20.323406114496095,15.704450179383324
0.0,376.24412284857243,20.731764313554663,16.019999696837672
0.0,368.7038867226811,21.148327653906918,16.34188955074623
0.0,359.99552918301754,21.148327653906918,16.34188955074623
0.0,364.55452736031094,21.57326100145687,16.670247137489376
0.0,364.855657345657,21.57326100145687,16.670247137489376
0.0,344.83051332014577,21.57326100145687,16.670247137489376
0.4402226624877983,349.20270812700403,21.168525676244666,16.35749711346176
0.0,352.30525331827903,21.16852567624467,16.35749711346176
0.0,351.8620325766683,21.16852567624467,16.35749711346176
3.8382483481698753,364.7154340833788,21.16852567624467,16.35749711346176
0.8185140580956798,360.7098520613356,21.593864862657455,16.68616830296255
11.11856405829579,356.19440386990215,21.188742989001643,16.373119582410332
2.7402065302828866,358.12256786566184,20.791221595091272,16.065943959843228
0.0,358.9988089754819,20.40115808854583,15.764531250239934
0.0,359.85311659765796,20.40115808854583,15.764531250239934
0.0,360.13788580504996,20.40115808854583,15.764531250239934
0.0,362.1152764972845,20.811078558018984,16.081287976651005
0.0,363.5677318726652,20.811078558018984,16.081287976651005
3.009008395684063,364.1487140228175,20.811078558018984,16.081287976651005
0.0,365.29436320100274,21.22923555948526,16.404409295965856
5.086594445694828,368.8502981479745,21.22923555948526,16.404409295965856
4.345774665075712,369.4429539724698,21.22923555948526,16.404409295965856
0.3453478497324838,369.8874458408413,21.22923555948526,16.404409295965856
0.13206833468411538,369.72263894284936,21.655794589581998,16.734023091949698
0.0,357.61438043481274,22.09092447027047,17.070259817936243
0.0,357.9227362166096,22.090924470270473,17.070259817936247
2.6948318824214628,368.2353364324435,22.534797415651617,17.41325254845804
0.0,369.3186004887976,22.987589100124307,17.76313703191421
0.0,370.2874069869177,22.556319606390602,17.429883332210892
8.801987152602583,378.4796335421468,22.133141147145782,17.10288179552171
0.0,379.41242953366077,21.71790192672599,16.782015125197326
0.0,380.17615088999514,21.31045299730143,16.46716822518744
0.0,381.96665963757096,20.91064820544823,16.15822815875542
0.0,380.36694616544344,20.51834413972267,15.855084107967492
0.0,384.2389388612749,20.133400079218987,15.557627333941918
0.0,385.0874562391105,19.75567794309224,15.265751137843978
0.0,385.6442953228789,19.385042241028234,14.979350822612702
0.40793724063688686,387.1377377672557,19.021360024642632,14.698323655405646
0.0,385.5498045975347,18.66450083979189,14.422568830748256
6.91451213088623,385.0287483822506,18.66450083979189,14.422568830748256
2.2980213932844364,382.14830691425095,19.03952665516583,14.71236150626448
0.0,364.34219268735467,19.03952665516583,14.71236150626448
0.0,359.6913419564489,19.03952665516583,14.71236150626448
0.0,362.0682817562108,19.422087864248077,15.007976986009853
0.0,361.5313066850341,19.05771063599753,14.726412764179885
0.0,352.88576329522493,19.05771063599753,14.726412764179887
0.0,353.55080509444105,19.05771063599753,14.726412764179887
0.0,350.36373700016765,18.700169478379326,14.450130960565819
0.0,345.5200959807242,19.0759119837084,14.740477441956468
3.93870074593152,346.72345194755457,18.71802935113263,14.463931771329735
0.5421220483566316,347.6379154430555,18.71802935113263,14.463931771329737
0.0,347.62324119472925,19.094130714884937,14.754555552411066
2.6108411214784546,344.80975866518327,19.47778908333912,15.051018837125662
0.0,345.6101299250788,19.869156299390653,15.353438958620028
0.0,346.4475108113985,19.496391633168756,15.065393534721288
0.0,354.32428753566734,19.888132630254017,15.368102487014443
0.0,357.37797719149376,19.888132630254017,15.368102487014443
12.414923039042712,360.29821895975573,19.51501194963806,15.07978196108393
5.243184620777063,360.84827456427956,19.14889137531119,14.796870608194986
0.0,361.65530005596537,18.78963957848194,14.519266947008749
0.0,362.3160475384952,18.43712769421449,14.246871400074813
0.0,379.30143289458255,18.43712769421449,14.246871400074813
0.0,382.6470391010846,18.43712769421449,14.246871400074813
6.578588613289368,379.6924297891408,18.09122927520436,13.979586258112437
12.709987742414766,382.3297710479758,18.45473634503104,14.260478084796691
14.842983256310628,372.912899064552,18.825547362411747,14.547013870954512
11.952446456570243,372.2559588827928,18.825547362411747,14.547013870954512
14.785240431085995,377.23394572565985,19.203809085564686,14.8393070206636
18.94010893223984,379.51242200048614,19.203809085564686,14.8393070206636
16.066617540936655,383.1161233551581,19.589671221520938,15.137473216629793
13.51595734641785,375.8751839844559,19.222149966755282,14.853479519765422
8.14971648239884,374.93609183325253,19.222149966755282,14.853479519765422
9.53743377637455,372.1239922077109,18.861523767612415,14.574813820427751
9.451085778379348,374.7618544007049,18.507663266153372,14.3013761602094
2.4759356641132477,372.1784654694953,18.507663266153372,14.3013761602094
3.250952343476147,367.27002650019693,18.507663266153372,14.3013761602094
14.662305061655012,368.6958748178966,18.16044153131974,14.033068456019778
17.395016538994895,370.58282923265097,18.52533928300855,14.315034900506586
11.879909499202615,370.58781839861535,18.177785928934327,14.046470945085598
5.5802011516183345,371.60765118736003,17.83675301327599,13.782945510258703
9.980076625197201,372.3593769185518,17.502118206277157,13.524364068486875
17.351193787839158,375.66218115045314,17.17376147320645,13.270633865659512
14.182161988979498,371.9330630022589,17.51883386248759,13.53728071192221
8.233088775696686,371.57097659759626,17.190163527474553,13.283308180321226
0.14208412571349882,379.8357267063158,17.535565483232098,13.550209691588421
0.0,381.41298370751343,17.88790760048668,13.822474054921507
0.0,382.023180355513,18.24732932790326,14.100209026107045
0.0,383.1693529743559,18.24732932790326,14.100209026107047
0.0,384.3155255931988,18.24732932790326,14.100209026107047
0.0,384.68327789603705,18.61397291608882,14.383524526068616
8.42098799367217,367.1306452450391,18.987983473891795,14.672532684370914
7.832660066226172,364.4653250194138,19.369509025832706,14.967347883597979
0.5792092841426992,365.9575707698354,19.006118227647782,14.686545903182354
0.0,363.84031687347584,18.649544993709288,14.411012040593521
0.0,362.4085604664785,18.649544993709288,14.411012040593521
0.0,365.2720732804732,18.649544993709288,14.411012040593521
1.8816493596737818,380.11027604390046,18.649544993709288,14.411012040593521
0.0,378.29306323333356,18.299661419891734,14.140647460825411
0.0,380.8474182633113,18.299661419891734,14.140647460825413
7.652782690951078,363.5911755477453,18.66735651680162,14.42477549025578
6.3499428481535425,363.9820275005846,18.66735651680162,14.42477549025578
0.0,346.5239736070976,18.66735651680162,14.42477549025578
5.8736317943981415,329.20123111133506,18.31713878151488,14.154152694806939
5.150577338091987,326.90504906163034,17.97349147102284,13.88860704579036
0.3838066938443436,332.2990263695948,17.97349147102284,13.888607045790362
0.0,348.9827236244615,17.97349147102284,13.888607045790364
0.3838066938443436,345.84669030587753,17.97349147102284,13.888607045790364
0.0,344.59711752309136,17.6362913177761,13.62804329100879
0.0,340.28903991951864,17.6362913177761,13.62804329100879
10.679275841428616,348.4128434005415,17.6362913177761,13.62804329100879
5.578575579478612,348.39901719514904,17.990657319224173,13.901871564855028
0.0,350.53840169759127,17.65313511799619,13.641058954815223
0.0,355.4713755042471,17.321945161015897,13.385139442603178
0.6320552979699379,355.1133584755825,16.996968649232244,13.134021228952175
7.434548002925034,345.7464864194551,16.67808901237975,12.887614236838884
7.732593207634107,347.9450191328844,17.013201854905496,13.146565069699687
7.205452355616847,349.2378130452395,17.355048119776114,13.410719001645163
6.304344460238493,349.3453323916038,17.70376310164678,13.680180578545219
5.1923149597592495,348.23330289112454,17.70376310164678,13.680180578545219
4.396659936825641,343.52418812163864,18.05948481364817,13.955056446909929
21.160179573259597,357.1366702324271,18.05948481364817,13.95505644690993
22.168511581466152,360.0356247560209,18.05948481364817,13.95505644690993
23.499574979595664,355.1058482424459,18.422354042008802,14.235455396097692
25.729570451564925,352.66790266764843,18.07673279106008,13.968384429455497
24.412505646191192,353.78918808168714,18.43994858303085,14.249051177796547
31.048181723711814,336.4006571624512,18.81046246990969,14.535357363112013
30.523050702719345,334.30013307848134,18.81046246990969,14.535357363112015
30.96206748418098,332.9923714801344,18.457559927978885,14.2626599443473
32.16576646417417,328.61747044063605,18.11127818042251,13.995078593962829
36.84267670296258,324.82538105783465,18.11127818042251,13.99507859396283
41.77239290060443,324.69897807840795,18.11127818042251,13.99507859396283
37.39177822409951,325.71507956660247,17.771493014708945,13.732517329547802
31.066169847890475,326.9553949344866,17.771493014708945,13.732517329547802
24.43798863032076,329.0499988613267,18.128575623853493,14.008444800250405
16.03181923560409,328.6562156157268,18.49283309386358,14.289916481621837
5.004491758238499,328.77078385621536,18.86440958921858,14.577043773487066
0.0,326.27433830021687,18.510494946943915,14.303564277183915
0.0,324.34148532521033,18.163220087028936,14.035215521795067
2.7413064505585822,307.48656619521597,17.82246044070898,13.77190124963874
0.0,311.4529860640417,18.180567138344145,14.048620061447732
11.792279971589783,320.06701950332524,18.545869273854894,14.330898984342403
12.439460449113351,321.8791248403912,18.545869273854898,14.330898984342404
7.003144437915374,321.36138045837237,18.545869273854898,14.330898984342404
0.0,332.1095710802782,18.197930757216646,14.062037403303759
0.0,331.3475245882974,18.197930757216646,14.062037403303759
0.0,323.8589684068389,17.856519905017997,13.798219926604801
0.0,317.503095448521,17.856519905017997,13.798219926604801
15.869352970442517,334.0782151241345,17.856519905017997,13.798219926604801
15.49547809054146,327.5977172058495,17.856519905017997,13.798219926604801
15.121603210640405,326.47609256614635,17.856519905017997,13.798219926604801
13.793606517577507,333.33527440669275,17.52151425193534,13.53935192195002
14.282754016378851,334.6804300283965,17.52151425193534,13.539351921950022
17.217639009186918,331.0118237873864,17.52151425193534,13.539351921950024
17.748859944148865,331.5056901062436,17.19279363021346,13.28534053243766
33.70788295057642,343.8649334871612,17.19279363021346,13.285340532437662
27.149571068117403,354.4289173457331,16.870240126560912,13.036094643251602
36.399402238422134,343.3479930020314,17.2092138614239,13.298028892918458
27.819002025678444,343.57471611957374,17.55499859554149,13.565226187463871
15.390578731105125,343.80599478471686,17.907731182321708,13.837792277248582
4.712149140475223,346.04163854528,18.2675512249681,14.115835037475339
0.0,344.89911546453294,17.924834225189123,13.851008264918857
1.1790037950118535,351.90964046189106,17.588546929123087,13.591149899776921
4.903879550750318,349.95030194410697,17.25856870928474,13.336166729901835
1.0494246922701205,347.30036422890186,17.25856870928474,13.336166729901835
5.626589836715356,347.0594608002468,17.25856870928474,13.336166729901835
2.8562004071827136,347.42081594322934,17.25856870928474,13.336166729901835
0.0,345.8549436569718,17.25856870928474,13.336166729901835
0.0,351.1594670920573,16.93478120127759,13.08596729189631
0.0,343.3633609643542,16.61706826133616,12.840461838305206
2.831579701123733,342.0876411568894,16.61706826133616,12.840461838305206
0.8600127259508863,340.34802323761926,16.61706826133616,12.840461838305206
12.497367161469615,335.5975428301041,16.305315924664804,12.599562305422792
6.352235569246268,336.28033522924,16.305315924664804,12.599562305422792
13.86295195974147,334.6871529645895,16.305315924664804,12.599562305422792
4.6844076182704875,339.9262859699683,15.99941236455809,12.363182281703967
0.6154379762051825,339.2437604669259,16.320888557199158,12.611595703290245
0.0,340.2733227046869,16.014692839384217,12.374989921342337
5.301971105566366,339.6027002772682,16.014692839384217,12.374989921342337
0.9813805171826937,339.49524288198927,15.714241650568395,12.142823093621018
0.0,339.8284954247722,15.419427217809414,11.915011941034532
0.0,339.72087952257203,15.419427217809414,11.915011941034532
0.0,339.07933680424424,15.130143790090045,11.691474746887748
0.0,340.24497774764234,14.846287600384837,11.472131327570088
0.0,342.098423608729,15.144594057139372,11.702640862334954
0.0,340.6227334328693,14.860466766392314,11.48308795584859
0.0,340.5073685897209,15.159058125129436,11.713817642145457
10.595419045435209,352.5725056413179,14.874659474421474,11.49405504841658
2.845098983851571,352.6803254583524,14.595596418567553,11.278415414347641
0.0,352.8879886592389,14.321768856627052,11.0668213892118
0.0,354.2873597751513,14.321768856627052,11.0668213892118
0.0,349.0784678889552,14.60953615826326,11.289187031385232
0.0,347.6395258688246,14.903085568291246,11.516020666406856
0.0,348.1479035428223,15.202533266614923,11.74741206965697
0.0,349.4092110783761,15.507997767541017,11.983452820372587
0.0,350.47939395137627,15.819599966684219,12.224236337892334
0.0,353.35002286444313,15.819599966684219,12.224236337892334
0.0,360.5308556148145,15.522808909606175,11.994897793786574
0.0,364.1101712748891,15.23158594095938,11.769861863468599
0.0,366.6655912839253,14.945826597997947,11.549047825725673
0.0,363.11903329019856,14.945826597997947,11.549047825725673
0.0,363.33167949541195,14.665428377798534,11.3323764737534
0.0,361.37546465183004,14.960100830193642,11.560077914240527
0.0,359.39167175362434,14.960100830193642,11.560077914240527
0.0,360.64862257510475,14.679434811537172,11.34319962709689
0.0,364.02951602579344,14.679434811537174,11.34319962709689
0.0,363.7261154789813,14.404034359932865,11.130390187220833
0.0,358.8040624180182,14.133800688229663,10.92157325908654
0.8349918904959539,359.77941408195767,14.417791145458262,11.141020430581365
1.3945202487305757,358.45998291109765,14.707487822943957,11.364876954093038
2.9917622644812623,358.1405114639355,15.00300537577037,11.59323142673163
0.0,358.87751916581533,14.721534426176202,11.375731147499774
0.0,359.69948028624606,14.721534426176202,11.375731147499774
0.0,363.28401904521104,15.017334217401363,11.604303713446487
0.0,355.42734358862845,14.735594444824102,11.38659570736406
0.0,341.53195020055045,15.031676744003953,11.615386574912126
0.0,342.1496241060674,15.333708224821226,11.848774537361837
0.7983307054508249,340.85339125730763,15.64180842418256,12.086851964141049
0.09534550569358036,339.5311132019177,15.956099280849662,12.329713080656536
0.0,340.310643463849,15.956099280849664,12.329713080656537
0.0,345.7673552973679,15.956099280849664,12.329713080656537
0.0,354.01240100976304,15.656747364089522,12.098395690432792
0.0,353.2474954925124,15.656747364089524,12.098395690432794
0.0,353.1424398846928,15.363011579975005,11.871418039071575
0.0,353.14657738594525,15.074786564404103,11.648698708857696
0.0,353.5714795514244,14.791968930007679,11.430157809551368
0.0,354.29812029801695,14.514457229064034,11.215716949731277
0.0,353.6903209079667,14.514457229064035,11.215716949731277
0.0,353.99422060299185,14.514457229064035,11.215716949731277
0.0,352.9812216195747,14.514457229064035,11.215716949731277
0.0,351.4503443424552,14.80609621816762,11.441074350402229
0.0,353.1076969328051,14.52831947557972,11.226428685675216
0.0,351.47396092245214,14.820236998802542,11.452001317256489
0.0,351.99512229154345,14.542194961438454,11.237150652020603
0.0,352.8070701848808,14.542194961438454,11.237150652020603
0.0,357.15988956421035,14.834391284798638,11.462938720071653
0.0,359.0274750149881,14.556083699284672,11.247882858538134
0.0,358.62503351976324,14.282997434326946,11.036861653798072
0.0,359.4225093965546,14.282997434326948,11.036861653798073
0.0,360.60752586573557,14.569985701774879,11.258625315007839
0.0,362.4378998747989,14.56998570177488,11.25862531500784
0.0,364.0648989939663,14.56998570177488,11.25862531500784
5.801975159592565,355.1164038385455,14.56998570177488,11.25862531500784
7.66733526371997,354.7135779856332,14.296638621750827,11.04740257135289
7.102986847247433,355.4158861239905,14.028419798383098,10.840142571477827
0.5980481464793579,356.4818733420333,14.310292837392009,11.057953556166531
0.0,353.67415499499316,14.597829551373728,11.280141016970585
0.0,346.23678550094144,14.59782955137373,11.280141016970585
2.5972058053997573,347.0557711177376,14.32396009369329,11.068514617853882
0.0,348.259273260603,14.055228692981265,10.8608585354855
0.0,349.244006871385,13.791538954299591,10.657098282867844
0.0,344.4312830058009,13.791538954299593,10.657098282867846
0.0,343.3616716947853,14.068652346508337,10.87123135866551
0.0,340.0232620649589,14.068652346508337,10.871231358665511
5.624351839459953,343.25245386894045,14.351333778106728,11.089667010355178
0.17161588202639244,343.74201005188297,14.639695127710226,11.312491689594246
0.0,345.2746195095978,14.639695127710226,11.312491689594248
8.504977184281246,341.993575682561,14.933850521911307,11.539793585113266
4.335899372151393,341.0555331748318,14.933850521911308,11.539793585113266
0.0,341.5806898227608,14.653676984528708,11.323295851681257
0.0,341.99372247541936,14.378759774771346,11.110859825959661
0.0,340.4923024060355,14.109000278828788,10.902409306367685
0.0,341.0831231048984,14.109000278828788,10.902409306367687
1.3673845394487714,340.69304241522633,13.844301732981442,10.697869520940193
0.30453460325531534,340.8862878581706,13.844301732981442,10.697869520940195
0.0,343.20896166224634,13.584569188891063,10.49716710050672
0.0,339.7046507414424,13.329709479542428,10.300230052373685
0.0,340.9176469963751,13.079631185823992,10.106987734500349
0.0,340.4612174900695,13.079631185823992,10.106987734500349
0.0,337.4109907144416,12.834244603735513,10.0
0.0,338.3067236055398,12.593461712210903,10.0
0.0,338.3946164127653,12.593461712210903,10.0
0.0,338.4825092199908,12.593461712210903,10.0
0.29150219545619827,337.8672595694121,12.357196141544748,10.0
0.0,338.3847226862914,12.125363142411175,10.0
0.0,336.43832849539257,12.125363142411175,10.0
0.0,331.69928176972576,11.897879555463959,10.0
0.0,327.38129684873775,11.674663781506968,10.0
0.0,327.19935155391335,11.909242800868789,10.20093
0.0,325.62011946453543,11.90924280086879,10.20093
0.0,325.62011946453543,11.90924280086879,10.20093
0.0,323.88722461622507,11.685813841393667,10.009550647535015
0.0,323.1532015921862,11.685813841393667,10.009550647535015
0.0,323.6425502748788,11.685813841393667,10.009550647535015
0.0,323.8682217794267,11.920616898908792,10.210672548695936
0.0,323.6186311965397,11.920616898908792,10.210672548695936
0.0,327.2792930788818,11.920616898908792,10.210672548695936
0.0,327.4456868008064,11.920616898908792,10.210672548695936
0.0,328.37343647649914,11.696974550309562,10.019110416556863
0.0,328.6183444976849,11.696974550309562,10.019110416556863
0.0,328.6183444976849,11.696974550309562,10.019110416556863
0.0,328.8632525188707,11.696974550309562,10.019110416556863
0.0,330.3327006459855,11.696974550309562,10.019110416556863
0.0,329.49731958962815,11.932001859948933,10.220424402156741
0.0,318.2356133027271,12.171751573320886,10.425783389669277
0.0,317.8958149409808,12.171751573320888,10.425783389669277
6.354860904446269,321.0191567447459,12.416318577683626,10.635268655317901
2.50389160989576,322.90540861701595,12.665799666865023,10.848963108409205
0.0,324.58496437097926,12.665799666865023,10.848963108409205
0.0,322.8170109457547,12.665799666865023,10.848963108409205
0.0,317.7033168827696,12.428176965925417,10.645426025554615
3.1303721070189194,323.7750640404247,12.428176965925417,10.645426025554615
4.721521608040624,325.95666518781655,12.19501229760017,10.445707496020098
1.1468204370547497,325.6162174572465,12.19501229760017,10.445707496020098
0.0,326.56532259166306,11.966222024868443,10.249735880037342
0.0,327.2460761417113,11.741724079821122,10.057440881869658
0.0,328.0123315060565,11.521437934222762,10.0
0.0,327.93192061138313,11.521437934222762,10.0
0.0,328.63556455811664,11.752938186635099,10.20093
0.0,328.30745819499657,11.7529381866351,10.20093
0.0,329.30544036980933,11.532441653503394,10.009550647535015
0.0,330.0346049241387,11.316081849447519,10.0
0.0,330.42949324923575,11.316081849447519,10.0
0.0,331.45620289448806,11.316081849447519,10.0
0.0,331.6141582245269,11.10378116541302,10.0
0.0,332.07913402851875,11.10378116541302,10.0
0.0,331.9241420938548,10.895463448366668,10.0
0.0,333.29289931303043,10.691053973980084,10.0
0.0,333.5167456471313,10.691053973980084,10.0
0.0,333.04320342362985,10.905869321479265,10.20093
0.0,333.3476621949525,10.905869321479265,10.20093
0.0,336.087791136856,10.905869321479265,10.20093
0.0,337.4774305912096,10.701264622808413,10.009550647535015
0.0,340.53958558975484,10.701264622808413,10.009550647535015
0.0,340.7636457115996,10.701264622808413,10.009550647535015
0.0,339.76684427364006,10.916285132874503,10.210672548695936
3.3145573678207167,342.05246589237004,10.916285132874503,10.210672548695936
0.4956240380537338,342.05246589237004,10.916285132874503,10.210672548695936
0.0,343.21487038051356,10.71148502346755,10.019110416556863
0.0,343.3739416646385,10.510527162985259,10.0
0.0,343.8874301964021,10.31333946710677,10.0
0.0,344.2473266166036,10.313339467106772,10.0
0.0,344.8951401729662,10.119851203883078,10.0
0.0,345.10702682129374,10.11985120388308,10.0
0.0,345.95457341460394,10.0,10.0
0.0,346.0931810473048,10.0,10.0
0.0,346.4331990945942,10.0,10.0
0.0,346.9092243607994,10.0,10.0
0.0,347.109407747927,10.0,10.0
0.0,346.6510763256697,10.0,10.0
0.0,346.8718489540345,10.20093,10.20093
0.0,348.2481564293668,10.20093,10.20093
0.0,348.1170795269542,10.20093,10.20093
0.0,348.2481564293668,10.20093,10.20093
0.0,348.64138713660464,10.20093,10.20093
0.0,349.62446390469916,10.20093,10.20093
0.0,349.8866177095244,10.20093,10.20093
0.0,350.5066149954073,10.009550647535015,10.009550647535015
0.0,350.7638505402882,10.009550647535015,10.009550647535015
0.0,350.2774362723864,10.210672548695936,10.210672548695936
0.0,350.76682360648226,10.019110416556863,10.019110416556863
0.0,350.76682360648226,10.019110416556863,10.019110416556863
0.0,350.6017963083115,10.220424402156741,10.220424402156741
0.0,352.79890718483273,10.028679315777158,10.028679315777158
0.0,353.0847447571705,10.230185569269068,10.230185569269068
0.0,356.33401415885254,10.435740687912393,10.435740687912393
0.0,356.96828288755506,10.239956058928058,10.239956058928058
0.0,355.1548883855657,10.4457074960201,10.4457074960201
0.0,355.58842962381846,10.249735880037345,10.249735880037345
0.0,355.6187251059929,10.057440881869661,10.057440881869661
