556.0,253.0,22.0,16.0
556.0,252.85039370078738,22.0,16.0
556.1496062992126,253.59842519685037,22.0,16.0
556.2992125984251,253.59842519685037,22.0,16.0
556.4488188976377,253.59842519685037,22.0,16.0
556.5984251968503,253.44881889763775,22.0,16.0
556.8976377952755,253.29921259842513,22.0,16.0
557.1968503937007,253.1496062992125,22.0,16.0
556.7480314960629,252.9999999999999,22.0,16.0
557.0472440944882,253.74803149606288,22.0,16.0
556.5984251968504,253.59842519685026,22.0,16.0
556.8976377952756,253.59842519685026,22.0,16.0
557.1968503937009,253.74803149606288,22.0,16.0
556.4488188976379,253.8976377952755,22.0,16.0
556.3774021968505,253.88650009448813,22.442045999999998,16.321488000000002
556.2247898582679,253.88650009448813,22.442046,16.321488000000002
556.6826268740159,253.88650009448813,22.442046,16.321488000000002
555.9993258431288,253.8751386038788,22.892974030278,16.649435658384004
556.0806891361373,253.86354882683867,23.352962557468377,16.983972769067915
555.4454618081603,254.3399693228214,23.35296255746838,16.983972769067915
555.6042686401545,254.3399693228214,23.35296255746838,16.983972769067915
555.6042686401545,254.3399693228214,23.35296255746838,16.983972769067915
555.4454618081603,254.3399693228214,23.35296255746838,16.983972769067915
555.2866549761661,254.49877615481563,23.35296255746838,16.983972769067915
554.9690413121776,254.65758298680987,23.35296255746838,16.983972769067915
554.6514276481892,254.97519665079835,23.35296255746838,16.983972769067915
555.1278481441718,255.61042397877532,23.35296255746838,16.983972769067915
554.6514276481892,255.45161714678108,23.35296255746838,16.983972769067915
554.8102344801833,255.45161714678108,23.35296255746838,16.983972769067915
554.8102344801833,255.45161714678108,23.35296255746838,16.983972769067915
554.6514276481892,255.61042397877532,23.35296255746838,16.983972769067915
554.3338139842007,255.76923081076956,23.35296255746838,16.983972769067915
554.0162003202122,255.9280376427638,23.35296255746838,16.983972769067915
553.5397798242295,256.2456513067523,23.35296255746838,16.983972769067915
553.6985866562237,255.9280376427638,23.35296255746838,16.983972769067915
553.6227779498843,255.9162149923336,23.822193634135594,17.325231733916798
553.4607802122148,255.9162149923336,23.822193634135594,17.3252317339168
553.1367847368758,255.9162149923336,23.822193634135594,17.3252317339168
552.4887937861978,256.0782127300031,23.822193634135594,17.3252317339168
552.4887937861978,256.4022082053421,23.822193634135594,17.3252317339168
552.6507915238673,256.0782127300031,23.822193634135594,17.3252317339168
552.6507915238673,256.5642059430116,23.822193634135594,17.3252317339168
552.8127892615368,256.4022082053421,23.822193634135594,17.3252317339168
552.6507915238673,256.4022082053421,23.822193634135594,17.3252317339168
552.0028005731892,256.4022082053421,23.822193634135594,17.3252317339168
552.1647983108587,256.5642059430116,23.822193634135594,17.3252317339168
550.8688164095028,256.8882014183506,23.822193634135594,17.3252317339168
551.5168073601808,257.2121968936896,23.822193634135594,17.3252317339168
550.791484478827,257.3621344284138,24.30085297082628,17.67334761514639
550.9567372370395,257.1968816702013,24.300852970826284,17.67334761514639
549.9652206877646,257.03162891198883,24.300852970826284,17.67334761514639
549.8863349266057,257.6803374162357,24.789130009569096,18.028458188777527
549.2120421990727,257.6803374162357,24.789130009569096,18.028458188777527
549.380615380956,257.84891059811895,24.789130009569096,18.028458188777527
549.380615380956,258.3546301437687,24.789130009569096,18.028458188777527
549.380615380956,258.3546301437687,24.789130009569096,18.028458188777527
549.7177617447225,258.52320332565193,24.789130009569096,18.028458188777527
549.8058641138477,258.6792267842249,25.287217998851368,18.390703999164636
550.8376260508088,259.5390283983591,25.287217998851368,18.390703999164636
551.5254673421161,259.5390283983591,25.287217998851368,18.390703999164636
551.7873002749712,259.52622651345837,25.79531407010229,18.760228414619853
552.931471824913,259.6885829218777,26.313619315712856,19.13717768415481
553.2893521162506,259.8675230675465,26.313619315712856,19.137177684154814
554.1840528445945,260.225403358884,26.313619315712856,19.137177684154814
554.4565135051455,260.21208184894897,26.842338868623475,19.521700995362536
556.2818694053025,261.67236656907454,26.84233886862348,19.521700995362536
556.6469405853338,261.67236656907454,26.84233886862348,19.521700995362536
557.0120117653652,261.8549021590902,26.84233886862348,19.521700995362536
557.742154125428,262.585044519153,26.84233886862348,19.521700995362536
558.2897608954751,262.76758010916865,26.84233886862348,19.521700995362536
559.9325812056163,263.68025805924714,26.84233886862348,19.521700995362536
560.2976523856477,264.04532923927854,26.84233886862348,19.521700995362536
561.2103303357261,264.7754715993413,26.84233886862348,19.521700995362536
562.6706150558516,264.958007189357,26.84233886862348,19.521700995362536
564.1308997759771,265.3230783693884,26.84233886862348,19.521700995362536
566.9643332488002,265.1269536003384,27.38168198351073,19.913950533462355
569.5711791355625,265.3131568779643,27.381681983510735,19.913950533462355
570.0409021780187,265.2992946515557,27.931862119605416,20.314081541531216
571.3705147986011,265.6791839717222,27.931862119605416,20.314081541531216
573.0800167393501,266.05907329188864,27.931862119605416,20.314081541531216
574.2196846998494,266.05907329188864,27.931862119605416,20.314081541531216
575.5492973204318,266.05907329188864,27.931862119605416,20.314081541531216
577.4487439212639,266.24901795197184,27.931862119605416,20.314081541531216
578.5884118817632,266.6289072721383,27.931862119605416,20.314081541531216
579.7280798422626,267.19874125238795,27.931862119605416,20.314081541531216
580.7770750100605,266.99465583218097,28.49309702517465,20.722252381945204
580.8783415470735,266.7864697236257,29.06560882370148,21.13862459905563
582.0642683208395,266.7864697236257,29.06560882370148,21.138624599055632
582.5628785309694,266.7717549938857,29.649624101796114,21.563362983124456
583.167756331185,267.1750068606961,29.649624101796114,21.563362983124456
584.4828888498879,267.36162240129653,30.245373998873504,21.99663563554438
585.0017375131487,266.9349559980989,30.853094298632872,22.438614035369373
585.9506311532617,266.70952646219257,31.473025522375305,22.88947310718205
586.2765141578184,266.69359295577704,32.105413024196395,23.34939129032466
587.700575135777,266.67733929741706,32.750507088091574,23.818550609521154
588.5914264381015,266.9000521229982,32.75050708809158,23.818550609521154
591.0412675194942,267.7909034253228,32.75050708809158,23.818550609521154
592.1548316474,267.7909034253228,32.75050708809158,23.818550609521154
593.9365342520492,268.2363290764851,32.75050708809158,23.818550609521154
595.2728112055362,268.2363290764851,32.75050708809158,23.818550609521154
597.2772266357665,268.45904190206625,32.75050708809158,23.818550609521154
598.8362164148346,268.9044675532285,32.75050708809158,23.818550609521154
599.7270677171591,269.572606029972,32.75050708809158,23.818550609521154
600.6179190194837,270.0180316811343,32.75050708809158,23.818550609521154
602.3996216241329,270.46345733229657,32.75050708809158,23.818550609521154
603.7358985776199,270.46345733229657,32.75050708809158,23.818550609521154
604.6267498799444,270.6861701578777,32.75050708809158,23.818550609521154
606.1857396590125,271.13159580904,32.75050708809158,23.818550609521154
608.1901550892428,271.13159580904,32.75050708809158,23.818550609521154
609.7491448683109,271.13159580904,32.75050708809158,23.818550609521154
611.9762731241224,271.35430863462113,32.75050708809158,23.818550609521154
612.9835221081488,271.5604412170849,33.408563027012605,24.297136746918262
614.4653853347824,271.99790341591364,34.07984128391437,24.78533911557409
616.3194067646875,272.9249141308662,34.07984128391437,24.78533911557409
618.5263031053483,272.6759082214416,34.76460753483207,25.28335093442332
620.068314758246,272.89471760690293,35.46313279402945,25.79136930474869
622.1236289654487,273.1179235293464,36.17569352125989,26.30959528818901
624.8296847800311,273.36392860339936,36.17569352125989,26.30959528818901
627.1723014896522,273.34561432838956,36.90257173118256,26.83823398631459
629.1798859216993,273.84751043640136,36.90257173118256,26.83823398631459
632.442210623776,274.6003545984191,36.90257173118256,26.83823398631459
635.2026392178408,274.851302652425,36.90257173118256,26.83823398631459
637.3413780710024,274.83262038868736,37.64405510497721,27.37749462180161
640.9252430165728,275.34460109519745,37.64405510497721,27.37749462180161
644.5091079621433,275.60059144845246,37.64405510497721,27.37749462180161
647.3250018479487,276.11257215496255,37.64405510497721,27.37749462180161
651.7739670141395,278.4173091730831,36.937816076756576,26.863866237641144
655.3859020966808,278.4181175558919,36.24482677850236,26.359874020728988
657.9441729696975,278.9118611726482,35.56483863241417,25.865337187210308
662.3892568841469,280.12189493741397,34.89760772425255,25.38007834491095
666.5136329832582,281.0719135690616,34.24289471584601,24.903923429706193
669.1634628491814,281.07266297361105,33.60046475923958,24.43670164308333
672.2205648959124,282.4443550052724,32.97008741245396,23.97824539087561
675.2203127396322,282.44507655447865,32.35153655682517,23.52839022314558
677.2003101452217,282.6650762662108,32.35153655682517,23.52839022314558
680.5003058212042,283.1050756896751,32.35153655682517,23.52839022314558
684.1037746176517,285.08578110750716,31.74459031589493,23.08697477519631
687.1259868667669,284.4381641969825,31.744590315894932,23.08697477519631
689.2847099018492,285.3016534110154,31.744590315894932,23.08697477519631
690.7958160264068,285.7333980180319,31.744590315894932,23.08697477519631
694.0339005790303,285.7333980180319,31.744590315894932,23.08697477519631
696.0895738910123,285.28558242244463,32.382434369112204,23.55086135935433
696.7502033681201,285.7260020738499,32.382434369112204,23.550861359354332
699.3927212765516,287.04726102806563,32.382434369112204,23.550861359354332
700.1684402781754,287.25107695082414,33.03309462289078,24.024068816647837
701.2916127868277,287.0264424490937,33.033094622890786,24.02406881664784
702.864054298941,287.92498045601553,33.033094622890786,24.024068816647844
705.0031668328473,288.13289165211,33.69682859314853,24.506784431380748
705.4614629983948,289.50778014875243,33.69682859314853,24.506784431380748
707.6435567204448,289.26157273896257,34.37389897007066,24.99919925096048
708.8123184964494,291.36534393577074,34.37389897007067,24.99919925096048
708.9344858308484,291.5816941908978,35.064573722076304,25.501508161510028
708.3437604496756,291.3254932891532,35.76912620187399,26.01390996499925
708.4708865230277,291.7938654422986,36.487835254648246,26.53660745792598
708.3524392133568,291.5272654154725,37.2209853284199,27.06980751157809
708.4847252995304,292.0146486672208,37.96886658662384,27.61372115390823
708.1032710813679,292.2536257463137,38.731775022948874,28.16856365305371
707.1873779833163,292.7607917519985,39.51001257848499,28.734554602534516
706.5217612435961,293.2781482442356,40.30388726122449,29.311918008163243
706.1168482402261,294.35405592747423,41.11371326796427,29.90088237670127
704.026289186541,294.89241177934593,41.93981110865748,30.501680806296328
703.6049408742379,294.8711793672001,42.78250773326374,31.11455107873724
701.7204598982484,295.43138693701593,43.642136661148214,31.739735753562307
700.2365647719745,296.32172401278024,43.642136661148214,31.739735753562307
698.3142189197345,296.8931878332964,44.51903811308067,32.377482264058635
694.8395363412392,297.1733918701489,45.4135591458868,33.02804301519036
692.9865851090877,298.09986748622464,45.41355914588681,33.02804301519036
690.6773865549771,298.6945268681483,46.32605378980511,33.691675483494585
689.2668805649483,299.30113474103285,47.256883188603666,34.36864231898444
686.8639522681298,299.91993118590733,48.206415742512284,35.0592114490998
683.4292896433784,301.5346133974134,49.17502725402658,35.76365618474656
680.928827139029,301.8441223565673,50.16310107664174,36.48225532846668
677.3547524903382,301.8187268288237,51.1710282665747,37.215293284781566
676.1447074670521,302.48877631654705,52.19920773753499,37.963060172752684
672.7805316569015,303.5272586673292,53.248046418605284,38.72585194080381
669.7108614242426,304.58660724398555,54.317959415294325,39.50397048385038
667.6876453379036,304.9284859580561,55.409370173825835,40.29772376278239
663.739778858604,304.9004344587009,56.52271064872852,41.10742592634798
660.0969585145731,306.4093017863184,57.658421473793425,41.93339743548609
656.9602083127061,307.5855831120185,57.658421473793425,41.93339743548609
651.8629892346721,309.54605198818547,57.658421473793425,41.93339743548609
647.5499577071049,310.7223333138856,57.658421473793425,41.93339743548609
642.8448324043043,312.2907084148191,57.658421473793425,41.93339743548609
640.1001759776706,313.46698974051924,57.658421473793425,41.93339743548609
636.5713320005701,315.03536484145275,57.658421473793425,41.93339743548609
629.9057378216025,316.60373994238626,57.658421473793425,41.93339743548609
626.9739098388658,317.3587373907508,58.816952136466355,42.775965190157315
620.1743838760602,320.1585421989648,58.816952136466355,42.77596519015732
615.3747184905504,321.3584585453423,58.816952136466355,42.77596519015732
611.3749973359589,323.358319122638,58.816952136466355,42.77596519015732
604.9754434886125,324.9582075844746,58.816952136466355,42.77596519015732
601.1847620553003,324.9284309656508,59.998761155744376,43.635462658723156
596.2886569931995,326.96847474152617,59.998761155744376,43.635462658723156
591.5473606866157,330.23385785370954,58.87312613436028,42.81681900680745
587.9441736540546,331.03456608316753,58.87312613436028,42.81681900680745
582.7395701625775,333.4366907715416,58.87312613436028,42.81681900680745
579.7459766124946,333.8072398288477,60.056063857777986,43.67713735111123
574.4367970230633,336.2576304085852,60.056063857777986,43.67713735111123
572.8032033032382,337.482825698454,60.056063857777986,43.67713735111123
568.7192190036758,339.116419418279,60.056063857777986,43.67713735111123
562.5932425543319,339.5248178482353,60.056063857777986,43.67713735111123
559.734453544638,339.93321627819154,60.056063857777986,43.67713735111123
556.2723112893971,339.4944139177936,61.26277034887232,44.55474207190711
552.9394762525221,342.82724895466856,61.26277034887232,44.55474207190711
548.7734324564283,341.57743581584043,61.26277034887232,44.55474207190711
543.3575755215065,344.07706209349664,61.26277034887232,44.55474207190711
540.8579492438503,342.41064457505917,61.26277034887232,44.55474207190711
536.2753010681472,346.1600839915435,61.26277034887232,44.55474207190711
533.7756747904909,344.49366647310603,61.26277034887232,44.55474207190711
528.9941545720873,345.71246477531804,62.493723193492215,45.44998050435794
523.0445016123632,346.5624151981358,62.49372319349222,45.44998050435794
519.8668071538467,345.68082675758984,63.74940957361906,46.363206962632006
516.625263280575,346.94909575216656,65.0303264601818,47.294782880132175
513.3185870662579,346.9161735558838,66.33698080974624,48.24507695254267
510.39658027039746,346.88258985391116,67.66988976515647,49.21446528375011
508.3362108443414,349.14920448549873,69.02958086020776,50.2033315346965
505.765021500467,348.1754158002949,70.41659222843191,51.21206707522316
503.14216924910613,348.1397667578081,71.83147281607779,52.24107113896562
500.4666160274587,347.6149268366105,73.27478259937124,53.29075098136086
498.2355924172152,347.5778308091626,74.7470928061404,54.36152204082934
495.95974084957095,348.5565926777468,76.24898614189418,55.453808103195726
494.1566755343508,347.999475994638,77.78105702044326,56.568041469413245
493.375248144995,349.01796554188,79.34391179915502,57.704663126658176
492.57811953510475,347.3591130065669,80.93816901893544,58.86412292286212
492.8657796684166,346.76773459562236,82.56445964903291,60.046879744751195
493.72068172290443,345.60301165214946,84.22342733676093,61.253401699462486
494.592761324373,345.5603727733783,85.91572866223848,62.484166299809786
495.4823636212739,343.7641224867099,87.64203339824884,63.73966065327187
497.5818225400518,343.1237619859568,89.40302477531986,65.02038165477806
498.5075335527895,341.25460238756676,91.19939975213038,66.32683618336752
503.17293706435873,339.96806779660847,93.03186929134993,67.65954130279992
505.4015091335025,338.0230395173182,94.90115864102103,69.01902446619708
508.3202149528349,336.68428483641526,96.80800762159507,70.40582372479638
511.297566328195,335.318630557709,98.75317091873578,71.82048794089872
514.3347416247403,333.92553618758075,100.73741838200594,73.2635770050952
518.8030294623703,332.5044503722734,102.76153532955558,74.73566205785858
521.9634828800617,331.0548106796791,104.82632285893234,76.23732571558713
526.6131373085467,329.57604337674155,106.93259816413688,77.76916230119043
529.90187267287,328.0675632023861,109.08119485904888,79.33177807930826
532.5149052388438,326.5287731358873,111.27296330735174,80.92579149625581
537.3812533814804,325.7157521716202,113.50877095908638,82.55183342479009
541.4771079864809,325.634426673181,115.78950269396731,84.2105474137944
545.5500492201068,324.78840540858835,118.1160611715972,85.90258994297977
548.1035536918613,323.9253850387262,120.4893671887181,87.62863068270407
552.8773092329037,323.79305549663536,122.91036004364103,89.38935275901164
560.6188682534812,324.39106835626797,125.37999790799792,91.18545302399846
566.0915215690653,324.22300519852536,127.89925820596332,93.01764233160966
573.034928128192,324.03653495090384,130.46913800109576,94.8866458189787
580.7005478860199,325.3273507518724,133.09065439095178,96.79320319341946
589.0878620755001,325.10294933205273,135.76484490962918,98.73806902518484
600.4404359941863,327.85113480190614,138.49276793839834,100.72201304610789
608.025446353849,326.8392310978384,141.2755031245846,102.74582045424333
617.0785629565898,328.79912119689686,144.11415180886686,104.81029222463044
627.59922406745,329.2422075881881,147.00983746116242,106.91624542629995
637.3427621763412,329.66413652063875,149.96370612526957,109.06451354565058
649.3007187318875,333.05660886168033,152.9769268724446,111.25594681632334
658.9843084770083,331.19084449592714,156.05069226409265,113.49141255570373
667.888986142059,336.0349049881902,159.18621882375507,115.77179550818548
675.2660997474021,332.62770915642824,162.38474751858078,118.09799819533146
682.6110793342126,339.66958407425176,165.64754425047164,120.47094127307025
689.9232792336561,345.9395877233818,168.97590035709638,122.89156389607007
700.1941667877264,340.96480014638496,172.37113312297151,125.3608240894338
701.4545661830584,344.9415830996114,175.8345863008114,127.8796991278628
702.6801699960394,348.1450286787013,179.3676306433536,130.44918592243894
703.1222475829697,348.3305339244575,182.97166444587052,133.0703014151785
702.7800857482404,350.73380062160487,186.6481140995814,135.74408298151369
703.8970514541909,352.36217367618303,190.39843465618426,138.47158884086124
704.9763395646695,353.9631448431453,194.224110403731,141.25389847544068
702.7322450764806,359.19936531558625,194.22411040373103,141.25389847544068
695.5447520788686,363.76450999305666,198.12665545407322,144.09211305750773
683.0818316899673,372.04129802804334,202.10761434211193,146.98735588517224
673.5710425818494,378.79293601383586,206.168562637088,149.94077282697302
665.5155181488119,384.0188395041966,210.31110756615504,152.95353277538538
658.783234684245,392.9952174569525,210.31110756615504,152.95353277538538
653.5470142118041,403.4676584018344,210.31110756615504,152.95353277538538
652.0509512196782,410.9479733624643,210.31110756615504,152.95353277538538
655.1742811499556,412.4034516796884,214.5368886504818,156.02682810944123
659.7512197626954,418.3162431117168,218.84757835413595,159.16187516664422
662.7887880392016,421.20541230923305,223.2448827460056,162.35991472436763
666.5289455195164,427.9376957738,223.2448827460056,162.35991472436763
672.5144622617015,427.0545783865846,227.73054217502107,165.62221249092437
683.6911342988741,431.3749067972984,232.30633195894376,168.9500596065045
691.0816781836673,427.43345553527274,236.97406308699485,172.344773154178
697.6772962116198,428.6941197560313,241.73558293660184,175.8076966811649
702.7290146382771,421.691647258883,246.59277600454698,179.34020073057957
600.0153998417064,519.3780949086213,251.54756465280633,182.9436833838591
598.2362587294849,525.7684976501981,256.60190986937516,186.619570814091
606.1307485868642,521.6495296438254,261.75781204438056,190.36931785045851
619.2096601454831,515.2487953156628,267.01731176178833,194.1944085540278
629.243606155939,505.81750622949494,272.382490607018,198.09635680510388
643.7118398735045,494.10292173203356,277.8554719907848,202.07670690238885
654.3849318032828,481.60031715125683,283.4384219894956,206.13703417417855
663.5058716337733,469.80495198860706,289.1335502025306,210.27894560184035
668.8294378783564,456.4719121206734,294.94311062675007,214.50408045581813
673.3466068780747,441.6003614433032,300.86940254857336,218.81411094441688
683.7884893545042,419.9532265800623,306.91477145398187,223.21074287562305
688.1853850637218,403.49814142656555,313.08160995680674,227.69571633222296
686.5360736614167,387.74602948329994,319.37235874566886,232.27080636048635
690.8078142199083,370.4518909059395,325.7895075499456,236.9378236726876
692.7709904047487,353.110865139152,332.33559612514665,241.69861536374293
699.5032738693155,335.1581092336402,332.33559612514665,241.69861536374293
699.1565902870962,323.0054746455694,339.01321525808925,246.55506564224663
697.2467570121318,312.30011272190166,345.82500779227007,251.50909657619633
696.0165205595356,301.5449801264559,352.7736696738402,256.56266885370184
695.4645058714093,290.7390768171243,359.86195101859664,261.71778255897925
694.841278764753,274.64516218551165,367.0926572004133,266.9764779639369
693.345215772627,268.6609102170077,367.0926572004133,266.9764779639369
690.353089788375,263.42468974456676,367.0926572004133,266.9764779639369
686.6129323080602,258.9365007681888,367.0926572004133,266.9764779639369
685.1168693159341,253.70028029574786,367.0926572004133,266.9764779639369
679.1326173474301,246.21996533511793,367.0926572004133,266.9764779639369
675.3924598671153,240.235713366614,367.0926572004133,266.9764779639369
672.4003338828634,234.25146139811005,367.0926572004133,266.9764779639369
670.6076207685587,230.02354692127858,360.2056424841408,261.96773998846595
664.7356391780222,224.15156533074213,360.2056424841408,261.96773998846595
657.1045775120285,220.73696833385097,353.4478348516162,257.0529708011754
651.0571363515403,219.5471140600884,346.81681025248133,252.23040745634998
645.1231510596214,219.79301266348517,340.31019011391635,247.49832008284818
631.9474800751404,214.93881809025538,340.31019011391635,247.49832008284818
628.2051912123374,212.4062779266543,333.9256404874375,242.8550112635908
615.0068609838777,212.643036486813,327.66087121170074,238.29881542669136
601.653248652701,209.30463340401883,327.66087121170074,238.2988154266914
587.0108332285727,204.23984188859924,334.24456109695745,243.0869535250599
570.0309187817651,199.75437984044765,340.9605370630786,247.97129968223894
552.7098269139777,193.7892282201443,347.8114571342871,252.9537870067542
454.24413280054466,192.66541167523965,354.80003274248634,258.0363874490809
436.60583432425403,190.02504015810536,348.14363959786004,253.19537425298904
429.23030970983416,188.14362330705694,341.61212685235137,248.44518316534638
418.5126103583599,184.90528496674904,335.2031516284071,243.7841102752051
413.46038274091643,181.72770099831018,328.9144150031321,239.21048363864145
407.16246984771976,175.92879164703285,322.7436611836569,234.72266267902313
398.6128803999327,170.0098451062572,322.7436611836569,234.72266267902313
391.3786124056513,164.74855929223438,322.7436611836569,234.72266267902313
384.1902038530526,157.12913224760675,329.22854956782015,239.43894514023276
376.18648350367107,149.3566080553714,335.8437388142864,244.24999186493548
365.2845244125299,139.37484554295696,342.59184705828187,249.15770695147762
268.29650597249156,173.17318123205027,349.475545041224,254.16403275725366
256.9023814792023,171.0367828895585,349.475545041224,254.16403275725366
256.1902486983717,163.20332230042217,349.475545041224,254.16403275725366
259.038779821694,153.23346336879408,349.475545041224,254.16403275725366
265.87769401833674,145.6477864680677,342.91904445624425,249.3956686954502
273.5641912800991,135.16619929293716,342.91904445624425,249.39566869545024
280.55191606351946,126.0821570744907,342.91904445624425,249.39566869545027
284.79327714515216,114.4925612704954,349.8093168165036,254.40677586654795
290.54548572249684,102.6700957180104,356.8380354192976,259.5185712140345
300.7760862085381,89.1558104379287,364.00798206497757,264.73307786543813
306.7617753711697,76.85347421670619,371.3219944486092,270.0523595989884
312.00766690669764,65.91204672930203,378.7829672830651,275.4785216604109
314.93450729045526,57.160199792936766,386.3938534446837,281.01371159613353
318.5329164024531,49.84880656300825,394.15766514194775,286.66012010323465
326.01323136308304,43.864554594504284,394.15766514194775,286.6601201032347
332.7455148276499,41.620460106315306,394.15766514194775,286.6601201032347
338.72976679615385,41.620460106315306,394.15766514194775,286.6601201032347
344.7140187646578,40.12439711418932,394.15766514194775,286.6601201032347
349.20220774103575,41.620460106315306,394.15766514194775,286.6601201032347
356.6825227016657,41.620460106315306,394.15766514194775,286.6601201032347
359.67464868591765,43.11652309844129,394.15766514194775,286.6601201032347
364.1628376622956,44.61258609056728,394.15766514194775,286.6601201032347
368.65102663867356,48.35274357088224,394.15766514194775,286.6601201032347
370.8951211268625,52.0929010511972,394.15766514194775,286.6601201032347
376.13134159930337,57.32912152363815,394.15766514194775,286.6601201032347
378.3754360874923,61.817310500016106,394.15766514194775,286.6601201032347
384.31692084911595,68.99451058434659,386.76288459507833,281.28209788732966
390.14693758710246,73.83506632918719,379.50683731200746,276.00497259055084
391.5873919655726,72.39461195071709,379.50683731200746,276.00497259055084
393.74807353327776,70.954157572247,379.50683731200746,276.00497259055084
398.7484863067573,74.263445412398,372.38692052198866,270.82685128871896
401.5753464178962,74.97016044018272,372.38692052198866,270.82685128871896
407.1886616198537,78.21736282695167,365.400580284782,265.7458765707505
410.61629647497136,81.40364454373244,358.5453105745466,260.7602258723975
415.3405184773121,84.53014852145132,351.8186523809198,255.86811082248707
419.3084288708503,88.26567686509941,345.21819282696106,251.0677766014262
422.5467431325086,90.62081450994182,338.74156430364445,246.35750131174137
421.9038801831517,90.62081450994182,338.74156430364445,246.35750131174137
422.5467431325086,91.90654040865559,338.74156430364445,246.35750131174137
423.83246903122233,93.83512925672622,338.74156430364445,246.35750131174137
421.0721648548026,96.50300221465284,345.5478985551976,251.3075625855982
424.96935191087135,106.72974910362915,339.06508443225687,246.5927886780049
424.3258749857702,104.79931832832571,339.06508443225687,246.59278867800492
424.3258749857702,103.51236447812343,339.06508443225687,246.59278867800492
424.96935191087135,100.93845677771887,339.06508443225687,246.59278867800492
423.6823980606691,99.65150292751659,339.06508443225687,246.59278867800492
422.3954442104668,99.00802600241545,339.06508443225687,246.59278867800492
421.1084903602645,98.36454907731431,339.06508443225687,246.59278867800492
419.82153651006223,97.72107215221317,339.06508443225687,246.59278867800492
414.48468836401014,94.60020077565845,345.8779191737542,251.54757758091208
407.07138800728785,91.41662173053462,352.82764420371245,256.60192305724536
411.7585563594681,92.0862172094175,352.82764420371245,256.60192305724536
400.8483231642637,86.82988407389132,359.91701005869766,261.7578254972346
405.6296707901443,88.19598339557146,359.91701005869766,261.75782549723465
390.4019203143082,83.51708441919325,367.1488225418071,267.01732548495056
357.44884420627744,73.86675308195527,374.52594383313965,272.3825046059197
354.3969437727852,71.84103671065927,382.05129362257895,277.8554862709664
352.0087775563596,70.49967367279163,389.72785026533745,283.43843655660896
351.791499727365,69.87098323114333,397.55865196071886,289.13356506234095
353.03364720288255,69.95832885399648,405.5467979545656,294.9431257851386
354.1955417696729,69.23927722898506,413.6954497658667,300.8694180115394
356.77163389816695,67.7126556130581,422.0078324380123,306.91478722764526
353.2799637056414,66.87333069136452,430.4872358151893,313.0816260474104
351.199168179213,65.22401912740517,439.1370158444239,319.37237515958105
355.687357155591,69.7122081037831,439.1370158444239,319.3723751595811
354.26769311016193,70.24379101705733,447.96059590378593,325.78952429366257
358.00785059047683,73.9839484973723,447.96059590378593,325.78952429366257
360.9999765747288,76.97607448162427,447.96059590378593,325.78952429366257
363.9921025589808,80.71623196193923,447.96059590378593,325.78952429366257
366.98422854323275,84.45638944225419,447.96059590378593,325.78952429366257
370.72438602354765,88.19654692256915,447.96059590378593,325.78952429366257
373.7165120077996,90.44064141075813,447.96059590378593,325.78952429366257
376.7086379920516,91.93670440288412,447.96059590378593,325.78952429366257
379.70076397630356,93.4327673950101,447.96059590378593,325.78952429366257
384.1889529526815,95.67686188319908,447.96059590378593,325.78952429366257
392.87922981584506,99.48095729692432,439.55642013021475,319.6773964583381
402.87446404395223,104.681679584336,431.3099148550734,313.6799380764171
409.08104202584184,108.34437689297789,423.21812202670463,307.79499783760343
416.58460863343146,111.93835844342877,415.27813908937264,302.02046479227107
