533.0,384.0,17.0,11.0
532.8897637795276,383.8897637795276,17.0,11.0
532.7795275590552,383.77952755905517,17.0,11.0
532.6692913385828,383.77952755905517,17.0,11.0
532.5590551181103,383.77952755905517,17.0,11.0
531.9473197362206,383.5587798385828,17.341581,11.221022999999999
531.1601613582678,384.12103582283476,17.341581,11.221023
531.0477101614174,383.89613342913395,17.341581,11.221023
530.5979053740158,383.67123103543315,17.341581,11.221023
530.373002980315,384.7957430039371,17.341581,11.221023
530.1481005866143,384.7957430039371,17.341581,11.221023
529.7485170519576,385.4632576320448,17.016236100809525,11.010505712288516
528.8657850263482,385.2425746256425,17.016236100809525,11.010505712288516
528.5840395700204,385.34585851512753,16.696994987855682,10.803937933318384
528.1993085425903,385.4472046985515,16.383743148181562,10.601245566470423
527.7155553297799,386.07785009441073,16.07636821720452,10.402355905249985
527.3451247423569,386.38392313416034,15.7747599384106,10.20719760720686
524.6293643306498,386.0767941805206,16.091722189853087,10.412290828728468
523.632500910346,386.17446652394807,15.789825855622727,10.216946141873528
523.1662839464759,386.0655287071039,15.4935933897805,10.02526631103444
526.6270637771128,387.5851811362913,15.202918532655515,10.0
526.7696745343848,388.17667958777025,14.917697018111493,10.0
526.716142653317,388.3701467098208,14.637826536146122,10.0
525.9567926894224,388.46506545530764,14.637826536146122,10.0
525.6195088819653,389.03457792822854,14.363206696192075,10.0
525.8057848372656,389.1277159058787,14.363206696192075,10.0
524.8232430823409,389.0272509058787,14.651806608338662,10.20093
524.5806465460424,389.3129593801814,14.376924488654865,10.009550647535015
524.3426013563395,390.06355014754746,14.107199424462015,10.0
524.0681676482212,389.8805943421353,14.107199424462015,10.0
522.970432815748,390.520939661078,14.107199424462015,10.0
523.0112872930774,390.8868512719024,13.84253466439132,10.0
522.692694891729,390.51710120663864,14.120672713402934,10.20093
521.7267441230736,390.4146175633936,14.40439939023334,10.40589728649
521.3531237590842,390.2278073813989,14.404399390233342,10.40589728649
520.6992881221028,391.34866847336707,14.404399390233342,10.40589728649
520.3256677581134,390.50802265439097,14.404399390233342,10.40589728649
519.9941437776446,390.4968848982996,14.6938269871813,10.614982980667444
519.8461333705699,392.0256867848862,14.418156524386312,10.415835592216883
519.6591447727548,391.74520388816353,14.418156524386312,10.415835592216883
519.5656504738472,391.74520388816353,14.418156524386312,10.415835592216883
519.0046846804019,391.651709589256,14.418156524386312,10.415835592216883
518.5372131858641,391.8386981870711,14.418156524386312,10.415835592216883
517.3639238883587,391.82754979370145,14.707860543430805,10.625120976771298
517.1207884875537,391.6254316359528,15.003385585329958,10.838611532557564
515.8998756958358,391.8084091465823,15.304848611895995,11.056391754081245
515.7461155342564,391.59808706765557,15.612368935054821,11.278547833596
514.6781225229154,391.68725343614204,15.926068264066878,11.505167695216446
513.898487311365,391.4683944411028,16.246070753696774,11.736341029716431
513.1031868895091,391.35048529094774,16.572503053350804,11.972159330026525
513.855435754367,392.317662402908,16.572503053350808,11.972159330026525
513.3181151366114,392.42512652645917,16.572503053350808,11.972159330026525
512.1844423727256,392.5197764748524,16.905494357201786,12.212715927444748
511.745948771983,392.41015307466677,16.905494357201786,12.212715927444748
512.1237773175079,392.7439610800475,16.58833086689436,11.983593517425936
512.3869506738788,392.9639397643534,16.277117671648323,11.75876966630956
511.33146365487426,393.59723197575613,16.277117671648323,11.758769666309561
511.0619561140214,393.91863234823364,15.971743138150256,11.538163728956473
510.9583876082622,393.60792683095605,15.971743138150256,11.538163728956473
509.9693794447512,393.69914568057146,16.292663373025107,11.770000052762395
509.3354823982787,394.0160942038077,16.292663373025107,11.770000052762395
508.6435506169745,393.89784689827763,16.620031858179303,12.00649466382255
508.32023364706083,393.68230225166855,16.620031858179303,12.00649466382255
507.565827383929,393.57452992836403,16.620031858179303,12.00649466382255
507.2425104140153,393.4667576050595,16.620031858179303,12.00649466382255
506.21335867751577,393.8849959729421,16.953978158305702,12.247741161102738
505.9934830923223,393.22536921736184,16.953978158305702,12.247741161102738
505.1635281951747,392.9923844931901,17.29463444144054,12.493835024252775
503.5318696056352,393.09115872494567,17.642135531272405,12.744873651395086
502.78262720218794,392.84871721404045,17.99661896050226,13.000956397672567
502.31583208324946,392.7320184343058,17.99661896050226,13.000956397672567
502.95144422589163,393.55416639604607,17.65898491309482,12.757045831007362
501.80635025283317,393.55416639604607,17.65898491309482,12.757045831007364
501.46282206091564,393.7831851906578,17.65898491309482,12.757045831007366
501.28541106898626,393.9985497216341,18.013806896953632,13.013373152889796
500.58454966123077,394.23217019088594,18.013806896953632,13.013373152889798
501.05179059973443,394.5826008947637,18.013806896953632,13.013373152889798
499.1828268457198,394.23217019088594,18.013806896953632,13.013373152889798
498.0147244994606,394.8162213640155,18.013806896953632,13.013373152889798
497.43067332633103,394.8162213640155,18.013806896953632,13.013373152889798
496.84662215320145,395.04984183326735,18.013806896953632,13.013373152889798
497.7164618158498,395.989585234174,17.675850387167927,12.769229635839364
496.50731253417865,395.9759179298327,18.03101124899729,13.025801766912284
495.80578175839554,395.62515254194113,18.03101124899729,13.025801766912284
494.98732918664854,395.1574653580857,18.03101124899729,13.025801766912284
494.16887661490154,395.3913089500134,18.03101124899729,13.025801766912284
493.4673458391184,395.50823074597724,18.03101124899729,13.025801766912284
493.70118943104615,394.4559345823026,18.03101124899729,13.025801766912284
493.2335022471907,394.6897781742303,18.03101124899729,13.025801766912284
492.29812787947986,393.05287303073635,18.03101124899729,13.025801766912284
491.59659710369675,392.35134225495324,18.03101124899729,13.025801766912284
491.36275351176903,391.53288968320624,18.03101124899729,13.025801766912284
491.0119881238775,389.7790627437484,18.03101124899729,13.025801766912284
490.48007418147284,387.77745029087544,18.393308358023393,13.287529201814852
490.71861639269315,387.53890807965513,18.393308358023393,13.287529201814852
491.3149719207439,385.3920281786723,18.393308358023393,13.287529201814852
490.7723702314946,382.1574862706822,18.76288510286116,13.554515526066918
490.09719842656796,380.92630225103295,19.139887753232948,13.826866406532181
492.08299502532856,378.31994421515964,19.139887753232948,13.826866406532183
492.70355646244127,374.47246330506096,19.139887753232948,13.826866406532185
492.3871552927059,372.47186738036964,19.52446551785866,14.104689633238635
493.273397822002,368.5470790363443,19.52446551785866,14.104689633238635
494.2166999597003,364.60719400353236,19.916770603508994,14.3880951620393
494.99159978864645,362.799094402658,19.916770603508994,14.388095162039301
495.6373496461016,359.0537452294182,19.916770603508994,14.388095162039301
496.7996993895208,355.1792460846874,19.916770603508994,14.388095162039301
497.31629927548494,352.8545465978489,19.916770603508994,14.388095162039301
499.2535488478503,348.07599765268094,19.916770603508994,14.388095162039301
501.4490983631978,343.68489862198606,19.916770603508994,14.388095162039301
501.7656044132938,340.569899279647,20.3169582752453,14.677195158130157
504.26875906878945,336.61754982360117,20.316958275245305,14.677195158130157
505.45446390560323,332.2699654219507,20.316958275245305,14.677195158130157
505.981443833076,329.5033208027186,20.316958275245305,14.677195158130157
506.90365870615335,325.1557364010681,20.316958275245305,14.677195158130157
508.74808845230814,320.0176821082085,20.316958275245305,14.677195158130157
509.8614239496779,317.23532802968845,20.72518691786981,14.972104040442467
512.818050893033,312.8003876146556,20.72518691786981,14.972104040442469
514.6995407660772,308.63423146720055,20.72518691786981,14.972104040442469
515.0288937108625,306.06475581575853,21.141618098610568,15.27293852692708
515.7143560855279,300.85524176830097,21.141618098610568,15.272938526927081
517.7707432095243,296.60537504537507,21.141618098610568,15.272938526927081
519.0045754839222,294.0006180216463,21.141618098610568,15.272938526927081
521.746424982584,289.20238139898805,21.141618098610568,15.272938526927081
524.7624594311121,284.8154222011291,21.141618098610568,15.272938526927081
526.8188465551085,282.89612755206576,21.141618098610568,15.272938526927081
528.6628344128771,277.94445135249674,21.56641663106595,15.57981768074863
529.7047910744805,273.4526694191775,21.99975064043396,15.892862957407912
531.0529978138663,270.5825183669574,22.441791630052197,16.21219825281111
534.3200986459167,265.76289279499497,22.892714549274835,16.537949952304842
535.2776864377934,261.88555850393664,23.352697862713416,16.870246980696507
536.4059452264794,259.74747915865305,23.821923620868915,17.209220853279643
540.2677670269909,256.6580217182439,23.821923620868915,17.209220853279643
541.5035500031545,252.64172704571203,23.821923620868915,17.209220853279643
544.9019531876045,251.09699832550749,23.821923620868915,17.209220853279643
547.8369377559932,248.47095950115974,23.821923620868915,17.209220853279643
554.3937867185957,245.54293290790514,23.375001201341263,16.886359158970635
555.2199734456042,244.00911080215735,23.844675100479815,17.225656773551833
559.0854835360016,241.53518434430305,23.844675100479815,17.225656773551833
562.6417528191671,238.7520170792169,23.844675100479815,17.225656773551833
564.8064384697897,237.0511926394421,23.844675100479815,17.225656773551833
569.9779660151873,235.20271241650218,23.39732584110172,16.902486725418335
572.8606379344708,231.86488177312128,23.39732584110172,16.902486725418335
573.8393332980012,230.4813143426413,23.867448309226976,17.242108391192165
577.5537671247266,227.85025704871077,23.867448309226976,17.24210839119217
580.6491286469978,225.06443167866666,23.867448309226976,17.24210839119217
581.1134328753385,222.43337438473614,23.867448309226976,17.24210839119217
568.0278982384743,217.46234118326365,24.347016948104272,17.588554075096393
571.6590883530133,214.46266239299234,24.347016948104276,17.588554075096393
572.7642331704817,212.56812842018942,24.347016948104276,17.588554075096393
578.1320794267567,210.19996095418577,24.347016948104276,17.588554075096393
581.0450337423258,207.65509007966665,24.836221559642535,17.941960892127305
584.5881352895096,205.4003890950951,24.836221559642535,17.941960892127305
587.4870365553874,202.8235879698705,24.836221559642535,17.941960892127305
592.8016888761631,200.40783691497242,24.836221559642535,17.941960892127305
595.6114658182869,198.64354037553832,24.370269925844312,17.605352283158574
601.3004959445609,196.11508254163877,24.370269925844312,17.605352283158574
606.7440451913204,193.11965700156384,23.913059997160847,17.275058778559597
609.3801305453381,190.94876318060807,23.913059997160847,17.275058778559597
614.2569948517581,186.58848550503168,24.3935451116838,17.622166534597195
617.6494089922156,183.90655822395885,23.9358985179125,17.291557578313665
622.6861429602086,181.55987142562054,24.416842526832916,17.638996844734724
625.8527552378896,178.8682509895917,24.416842526832916,17.638996844734727
631.7816991756666,175.23377861099698,23.958758850930344,17.30807213548986
634.7335425542435,173.2140962993391,23.958758850930344,17.30807213548986
639.4643665736824,170.55444790751253,24.440162192522088,17.655843228908257
644.2902470401439,167.6828773706762,24.931238371456434,18.01060208690671
647.5964318700139,165.07694077760405,25.43218174405411,18.37248911463893
653.3684416220225,161.9435640550851,25.432181744054112,18.37248911463893
659.6351950670604,158.48035820387994,25.432181744054116,18.37248911463893
662.6779819400308,156.8115479129018,25.943190571837395,18.74164753841937
668.473558612591,153.9316088679559,26.464467099997325,19.11822346240883
673.8707606019527,150.8221948060198,26.99621763743757,19.502365926439012
678.5972868951216,148.37140339474712,26.996217637437574,19.502365926439012
683.7528218053023,145.37456840544118,27.53865263842661,19.894226964998953
690.0029097130508,142.16023748145622,27.538652638426612,19.894226964998957
693.2977214437467,139.46033496715296,28.09198678589052,20.29396166740668
700.0377164206301,136.9100665975214,28.091986785890523,20.293961667406684
705.5846751202578,134.3380769684005,28.65643907637942,20.701728239189887
708.5578304482378,132.85149930441045,28.656439076379424,20.701728239189887
689.0464986083686,123.9320333204702,28.656439076379424,20.701728239189887
694.7049123491479,121.68000911972887,29.232232906741118,21.11768806469993
697.9273632207571,119.9740057171122,29.23223290674112,21.11768806469993
703.889027402454,117.67673159410538,29.81959616253627,21.54200577098395
710.163843983552,114.94656898014823,30.418761308230117,21.974849292940327
713.4087411336752,114.13404878412564,31.029965479196385,22.41638993978338
720.249993365309,111.11584927016952,31.029965479196388,22.41638993978338
727.2924588978733,108.70128965900463,31.029965479196388,22.41638993978338
730.6025557664339,107.87244349468337,31.65345057556988,22.866802462843445
736.5549878802279,104.79359929789334,31.653450575569885,22.866802462843445
743.533701392952,102.53578022024732,31.653450575569885,22.866802462843445
746.7050517581065,101.89553632973237,32.289463357984815,23.32626512472936
754.0333690556574,99.17358990492771,32.289463357984815,23.326265124729364
760.5241643763454,97.49854595120176,32.289463357984815,23.326265124729364
764.7117742606603,95.61412150326008,32.289463357984815,23.326265124729364
770.6687929935066,93.4953497327428,32.93825554523681,23.79495976988055
777.1726812567241,91.54759305752654,33.600083913907255,24.273071896536756
780.3211850802486,89.34282091577481,34.27521039998939,24.76079073015387
787.6556673427752,87.12025053319097,34.27521039998939,24.76079073015387
795.0894106821542,85.35220542796027,33.63217416976812,24.296254251964346
798.7968944489003,84.47985630637295,33.63217416976812,24.29625425196435
804.4671637392179,82.95324534359514,33.63217416976812,24.29625425196435
812.9725676746942,81.64472166121416,33.63217416976812,24.29625425196435
817.5524005630276,80.11811069843635,33.63217416976812,24.29625425196435
824.9673680965199,79.46384885724586,33.63217416976812,24.29625425196435
830.8557246672342,76.84680149248392,33.63217416976812,24.29625425196435
835.0976719177711,75.73036005255423,34.30794544536127,24.78443888864907
843.1065670101573,74.39554420382318,34.30794544536127,24.78443888864907
849.4359714798958,73.256670106041,34.99729499319491,25.282432619238698
854.530916370065,72.09491261101208,35.70049564149318,25.79043253785706
860.191232541855,70.90981192263555,36.4178257004177,26.308639698840224
869.6372642195919,69.492907170975,36.4178257004177,26.308639698840228
872.7072245148564,68.3121532112579,36.4178257004177,26.308639698840228
879.1897257953165,67.33939108669324,37.149569072216195,26.837259196309024
888.584660817748,66.13491223766353,37.149569072216195,26.837259196309027
891.9572015950314,65.4122249282457,37.149569072216195,26.83725919630903
898.5699557737197,64.17902132450621,37.89601536358424,27.376500245340466
909.000618426244,63.45288183481783,37.18504931624484,26.862890516648008
911.5205489186678,62.94187796437737,37.93220851215615,27.402646575799018
919.1456431726168,61.957994834835574,37.93220851215615,27.402646575799018
925.6517391465921,60.94478179885546,38.69438037779091,27.95324795344655
932.5384511279372,59.7015183968351,37.96843622752858,27.428817877696222
938.3121437436297,59.67216047843692,38.731336016648314,27.979945115312773
938.6754624805964,59.432320525555724,38.00469854271506,27.45501417488142
940.2641692192383,59.689861888681726,37.291693493397815,26.93993144862942
945.584151431358,58.722592395569045,37.291693493397815,26.939931448629423
957.0575647932662,58.97530203263595,36.59206511117294,26.434512174495616
961.5658970394784,58.263460099023504,36.59206511117294,26.434512174495616
969.7394096464136,58.51142865790405,35.90556243677631,25.938575056734514
977.7595792199118,59.22040314429563,35.23193921918327,25.451942200884876
983.8015951797433,59.230693789203784,34.57095382727753,24.974439049958285
991.1993629741862,59.230693789203784,34.57095382727753,24.974439049958285
1000.9389961355273,59.46496615327045,33.922369163177166,24.505894321824943
1005.8765543747819,60.13478143041581,33.28595257718677,24.046139947774126
1013.7432701972433,60.79203032253439,32.661475784345114,23.595011012227324
1022.7331556079263,61.64874138988949,32.04871478253854,23.15234569358243
1028.0214528500046,62.07374099763368,31.447449772150545,22.71798520616772
1036.2693435650453,64.3260514387097,30.857465077218876,22.291773743284878
1044.9627800158462,65.7357274491529,30.278549068071765,21.873558421320524
1049.958985592803,65.54823054022428,29.71049408541559,21.46318922490634
1057.1741303185302,66.29588666154244,30.307467043073846,21.894449086002385
1067.285644751049,67.45162198070878,30.91643497837033,22.334374251487432
1074.502820864573,68.05305332350247,30.916434978370333,22.334374251487432
1081.6098721283518,68.22962526111401,31.537638906390733,22.78313883332257
1092.2441477762686,70.88819417309323,31.537638906390736,22.783138833322575
1096.5387590956198,70.68368887217174,31.537638906390736,22.783138833322575
1106.8553572061066,71.91993228087713,30.9459621757221,22.355705025126543
1117.4907920992914,73.92661810977991,30.9459621757221,22.355705025126543
1122.1061695057679,74.32795527556047,30.9459621757221,22.355705025126543
1130.222532388814,76.94568563769006,30.36538587507151,21.936290290234044
1127.6627823984188,66.31287798527964,30.36538587507151,21.936290290234048
1132.191570842964,65.52526260361961,30.36538587507151,21.936290290234048
1143.0212823407894,67.10049336693967,30.36538587507151,21.936290290234048
1155.62312844735,69.06953182108975,30.36538587507151,21.936290290234048
1162.603504878511,68.6522450352739,30.97551757345932,22.377056171035722
1174.1430631696844,71.0386169874037,31.59790864806284,22.826678360680344
1163.6933610970966,68.17007132041883,31.59790864806284,22.826678360680344
1169.1121677986291,69.40867724177484,31.0051011985152,22.3984277086718
1170.6093231151688,67.80931674853525,30.423415392369762,21.97821145474991
1182.840691600846,69.1902777065956,30.423415392369762,21.97821145474991
1190.6227232095316,69.39644400106818,29.852642576796576,21.56587886580473
1203.2053562548697,70.9450757604944,29.85264257679658,21.56587886580473
1216.562305179921,72.49370751992063,29.85264257679658,21.56587886580473
1224.7790752286307,74.05105872400804,29.29257801349539,21.16128203662582
1238.4552765429446,76.14047836925042,29.292578013495394,21.16128203662582
1251.5616361358286,78.79973973592254,29.292578013495394,21.16128203662582
1257.154937473293,76.33898146913927,28.74302080525528,20.764275836848118
1256.4926427349947,94.24020680873724,28.203773823892078,20.374717858893135
1235.643535267217,118.56416552114442,28.20377382389208,20.374717858893135
1242.1262552182047,119.12106408237173,27.674643639537777,19.992468366886843
1255.1272165982186,121.46207240213143,27.155440451256517,19.617390246535905
1237.0694097491541,97.66905934032147,27.701074716243618,20.01156246875955
1241.9995655309995,97.85677751244322,27.181375655297323,19.636126124516053
1253.359461951407,98.89330345582567,27.727531036339215,20.030674806735956
1253.7993583740947,100.69938938273985,27.207335629137383,19.654879896472888
1261.464448254149,119.76129239505423,26.696899592913052,19.286135263643917
1238.6905024780863,128.59798602970355,26.1960398323898,18.92430863819817
1216.1739502499815,117.73409891180111,25.704576687336388,18.56927023159937
1217.6740783938465,117.06737529230558,25.704576687336388,18.56927023159937
1210.4145590841292,94.90632280987006,25.222333868121964,18.22089269027021
1224.7167844167711,98.51187362413431,24.749138392480347,17.879051049910178
1229.6030193991492,99.00055856567614,24.284820523460642,17.54362269067036
1242.2009809490685,101.52015087566002,24.284820523460642,17.54362269067036
1255.5863150958578,102.93742155002595,24.284820523460642,17.54362269067036
1261.1682521620328,104.36178540376841,23.82921370854197,17.2144872931693
1264.1731443568924,104.98682608610838,23.38215451989049,16.89152679533396
1259.9960844320872,109.97224604370973,23.851972150658654,17.230928243232604
1242.897673981136,127.43125574194282,24.331229827081838,17.57714928442388
1250.7864469681472,130.58676493674733,24.33122982708184,17.577149284423882
1263.0929328278849,133.11117229259094,24.331229827081845,17.577149284423882
1241.9510212226946,150.9397992432364,24.331229827081845,17.577149284423882
1252.9079912342902,153.62908879355803,23.87475232856125,17.24738489546783
1263.50458240974,156.11310922156048,23.4268387911777,16.923807206667988
1248.1615763649388,146.6946302633658,23.4268387911777,16.923807206667988
1238.2032977742876,142.59987716565743,22.987328546704187,16.60630014952179
1248.2569530400544,145.43874949560814,22.556063941205657,16.2947498330845
1254.1075300697325,147.04765817876964,22.556063941205657,16.2947498330845
1263.7609821687015,149.095360139157,22.556063941205657,16.2947498330845
1263.3881082465741,168.38482355863886,23.0092829339763,16.622160241480664
1267.4832327301935,174.5088801661561,22.57760644285363,16.3103123743172
1247.6382550299495,173.75940214192886,23.03125828910989,16.638035480854356
1252.118629500272,175.99958937709008,23.03125828910989,16.638035480854356
1257.943116311691,178.38912242792873,23.03125828910989,16.638035480854356
1261.5947239829022,181.0595389023412,23.494025361912975,16.972343527771166
1247.7998419745918,160.47457901874537,23.966090813509894,17.313368826274672
1249.9755500799406,161.09620990598788,23.966090813509894,17.313368826274676
1252.6174813507212,159.54213268788163,23.966090813509894,17.313368826274676
1259.6108288321993,162.65028712409412,23.966090813509894,17.313368826274676
1263.4100200018715,164.67758759152952,23.516463677454006,16.98855321485886
1265.7655055576167,163.92199573685545,23.075271983083248,16.66983145972706
1265.31661189236,162.4256835193327,23.07527198308325,16.669831459727064
1260.6780440180394,161.97678985407586,23.07527198308325,16.669831459727064
1263.5884739548592,161.51005394881116,23.538923423039343,17.004778383247363
1263.5046279225805,151.87567420554524,24.011891011378474,17.346455395301952
1263.1076877470941,149.8329464921289,24.494361937470103,17.69499772355975
1262.8616051398892,149.01984054858843,24.98652715187969,18.050543312819237
1247.866328068274,159.85617702901718,25.48858144194241,18.413232879603715
1246.213525195707,160.84785875255733,25.488581441942415,18.413232879603715
1250.5846276464579,163.16922755143673,25.01039090327486,18.067782750518862
1249.935909772172,153.2762799685758,25.01039090327486,18.067782750518862
1252.3686018007443,153.4384594371473,25.01039090327486,18.067782750518862
1255.936550109317,155.87115146571966,25.01039090327486,18.067782750518862
1247.016679337885,140.9506403571425,25.01039090327486,18.067782750518862
1248.710904164935,141.7688428060345,24.541171683462068,17.728813601306747
1257.5345007805588,145.2770209948158,24.080755471850676,17.39620384249157
1262.4449278458217,148.09477730253238,23.628977115458618,17.069834165734164
1241.9132182262754,158.36063211230552,23.628977115458618,17.069834165734164
1248.8766249016007,160.97230286191405,23.185674559734146,16.749587501035663
1255.408697054955,163.3846290067385,22.750688790426267,16.43534897474406
1259.2443852067452,165.15494661525707,22.750688790426267,16.43534897474406
1257.3924271704138,157.93279479962737,22.32386377654575,16.127005868348604
1254.5619025720516,151.56993120312734,21.90504641439623,15.82444757804727
1258.6025412018575,152.71267259767197,21.49408647265537,15.527565575072757
1265.7730686843931,154.94899945646225,21.090836538486307,15.236253366762828
1259.4068363717436,159.17235028473974,21.514614717054116,15.542395405661194
1259.9648810332326,161.40452893069624,21.514614717054116,15.542395405661196
1247.6106936817112,168.24686008373197,21.11097965308608,15.250804975328844
1238.226717595356,161.79652805145125,21.53516256725554,15.557239399698126
