246.0,278.0,131.0,59.0
245.26377952755905,278.0,131.0,59.0
245.26377952755905,278.0,131.0,59.0
245.26377952755905,277.26377952755905,131.0,59.0
244.5275590551181,277.26377952755905,131.0,59.0
243.0551181102362,277.26377952755905,131.0,59.0
241.5826771653543,277.26377952755905,131.0,59.0
240.84645669291336,277.26377952755905,131.0,59.0
240.11023622047242,277.26377952755905,131.0,59.0
238.63779527559052,277.26377952755905,131.0,59.0
237.16535433070862,278.0,131.0,59.0
236.42913385826768,278.0,131.0,59.0
234.95669291338578,278.0,131.0,59.0
233.48425196850388,278.0,131.0,59.0
232.74803149606294,278.0,131.0,59.0
231.27559055118104,278.73622047244095,131.0,59.0
230.5393700787401,278.73622047244095,131.0,59.0
229.80314960629914,278.73622047244095,131.0,59.0
229.80314960629914,279.4724409448819,131.0,59.0
229.80314960629914,280.20866141732284,131.0,59.0
229.80314960629914,280.20866141732284,131.0,59.0
229.80314960629914,280.20866141732284,131.0,59.0
230.5393700787401,280.9448818897638,131.0,59.0
230.5393700787401,280.9448818897638,131.0,59.0
231.27559055118104,280.9448818897638,131.0,59.0
232.74803149606294,281.68110236220474,131.0,59.0
234.22047244094483,281.68110236220474,131.0,59.0
235.69291338582673,282.4173228346457,131.0,59.0
237.16535433070862,283.15354330708664,131.0,59.0
239.37401574803147,283.8897637795276,131.0,59.0
241.5826771653543,283.8897637795276,131.0,59.0
243.0551181102362,284.62598425196853,131.0,59.0
245.26377952755905,284.62598425196853,131.0,59.0
248.20866141732284,285.3622047244095,131.0,59.0
249.68110236220474,286.8346456692914,131.0,59.0
252.62598425196853,287.5708661417323,131.0,59.0
254.83464566929138,288.3070866141733,131.0,59.0
257.0433070866142,289.77952755905517,131.0,59.0
259.988188976378,290.5157480314961,131.0,59.0
261.4606299212599,291.25196850393706,131.0,59.0
265.14173228346465,292.72440944881896,131.0,59.0
266.61417322834654,294.19685039370086,131.0,59.0
268.08661417322844,295.66929133858275,131.0,59.0
269.55905511811034,297.14173228346465,131.0,59.0
271.03149606299223,298.61417322834654,131.0,59.0
273.2401574803151,300.8228346456694,131.0,59.0
274.712598425197,302.2952755905513,131.0,59.0
276.9212598425198,304.50393700787413,131.0,59.0
278.3937007874017,305.976377952756,131.0,59.0
280.60236220472456,308.18503937007887,131.0,59.0
282.07480314960645,310.3937007874017,131.0,59.0
285.01968503937024,312.60236220472456,131.0,59.0
287.2283464566931,314.07480314960645,131.0,59.0
289.43700787401593,317.01968503937024,131.0,59.0
293.1181102362207,319.2283464566931,131.0,59.0
296.06299212598447,322.90944881889783,131.0,59.0
298.2716535433073,325.1181102362207,131.0,59.0
300.48031496063015,328.06299212598447,131.0,59.0
302.688976377953,331.00787401574826,131.0,59.0
304.89763779527584,333.2165354330711,131.0,59.0
305.79020771259866,335.5686738228349,133.632183,60.185487
307.29223441338604,339.3237405748034,133.632183,60.185487
308.7942611141734,341.57678062598455,133.632183,60.185487
309.7047654388451,343.2251671820202,136.31725445301902,61.39479399029101
311.2369723621314,345.5234775669497,136.31725445301902,61.39479399029101
311.39966798855545,347.2049851540557,139.05627704674353,62.62839958593793
311.56563265820125,348.9202792731095,141.85033482144374,63.88679201881818
311.7349320559543,350.67003879689736,144.700533599011,65.17046933085228
311.7349320559543,354.73612640028364,144.700533599011,65.17046933085228
311.90763318650636,355.7078263215057,147.60800142061595,66.4799395711171
312.08380440087456,360.01728061052586,150.57388899316038,67.81572099691955
313.7762559992229,362.5559580080483,150.57388899316038,67.81572099691957
314.80219282097556,364.41332476457524,153.59937014469995,69.17834227891068
316.5286508492895,368.7294698353601,153.59937014469995,69.17834227891068
317.57520181960166,368.89769863381196,156.6856422890174,70.56834271032082
321.0974973185553,373.30056800750407,156.68564228901744,70.56834271032082
322.165076637514,372.5916031524648,159.83392689953067,71.9862724203993
325.05064131893556,375.4614620490075,163.04546999272293,73.43269259214239
327.07786952213144,378.38898502035835,166.3215426212867,74.9081756843963
329.1458308216142,378.57114770270186,169.66344137717624,76.41330565842287
333.16236197232195,380.66398888465636,173.07248890476785,77.94867820901756
335.3142612598073,381.826213512663,176.55003442433136,79.51490100027135
340.4860341502108,384.0040025502984,180.09745426601944,81.1125939060698
342.7252784458552,385.2134015605851,183.71615241458656,82.74238925542447
349.1394576336419,388.5120719034404,187.40756106505287,84.40493208273372
354.6292857547929,392.93025359855056,191.173141189533,86.1008803830721
358.08063350651076,395.2884223325891,195.01438311545428,87.83090537260917
362.69731072501645,397.6939737510007,198.93280711539313,89.595691754261
368.52475393229713,400.14785991406245,202.92996400876274,91.39593798867936
374.4692879559418,401.51058488221884,207.0074357755908,93.23235657068591
384.02341310856696,406.3908386900037,211.16683618262977,95.1056743112607
386.64895901246837,407.8088762948408,215.40981142204737,97.01663262519686
394.1696756784171,412.8872182804219,219.73804076295056,98.96598782453495
399.371648941224,416.83267080996404,224.15323721600055,100.95451141789333
404.67814545280055,420.85739931718217,228.65714821138164,102.98299041581308
422.2437084933456,437.2440777393395,224.3673180722488,101.05092951345553
429.80937931371767,439.7659680127969,224.36731807224882,101.05092951345554
433.8599987363483,442.53359525962605,228.87553059427452,103.0813458401694
449.29537442468006,454.11012702587493,228.87553059427452,103.0813458401694
460.87190619092894,461.8278148700408,228.87553059427452,103.0813458401694
476.3072818792607,475.97690925101165,228.87553059427452,103.0813458401694
488.15697824211617,482.65899035419426,233.4743266305053,105.15255932213594
498.9326439963206,490.7874610706529,238.16552627549203,107.26538969659562
509.9248252025244,499.07925714921737,242.9509861949455,109.42067317176932
522.5032577243031,507.5376602863884,247.83260036056055,111.6192627578097
538.1200689063712,517.5588382256093,252.81230079960528,113.86202860440237
554.0506686755207,524.939759608681,257.89205835957176,116.14985834515062
568.852007687784,531.0196315470552,263.07388348819063,118.48365744887974
585.429226178779,535.7431901783286,268.35982702911883,120.86434957800009
602.3395307209137,539.0534760774584,273.7519810336149,123.29287695407083
622.6665882535601,540.8917884304861,279.25247958852333,125.77020073070899
643.4020773532101,539.628238108845,284.8634996608955,128.29730137399116
661.3523368444763,522.3299603162764,290.5872619595819,130.87517905049876
674.7639665191233,517.7489199095608,296.4260318141358,133.50485402316042
686.779160700991,499.74850971529656,302.38212007137724,136.1873670550478
699.035776179555,479.6870286736812,308.45788400997145,138.92377982128485
678.6015098422033,464.4230555551902,314.65572827338383,141.71517532923394
661.2933904466893,422.3268885096752,320.9781058215809,144.56265834712426
658.0686839065527,384.79657751661153,327.42751890185394,147.46735584129303
658.459471012044,364.9136083554581,334.0065200391489,150.43041742221214
662.6123458972212,340.8768950005744,340.7177130462955,153.45301579947667
660.69751112113,317.8988776874804,340.71771304629556,153.45301579947667
663.8936086973388,305.93449804870727,334.325517893878,150.57408821174664
660.1357874647755,281.50866003704596,334.325517893878,150.57408821174664
661.3930125305862,273.5265650109312,328.0532465296934,147.7491721011597
655.8620312448027,245.871658582014,328.0532465296934,147.7491721011597
638.6590652615992,234.35199455245422,321.898649067022,144.97725415995654
630.8242014685592,219.43030746900092,315.85951782920347,142.25734009101538
623.136327328361,208.33882898365746,309.93368655773554,139.58845425119392
617.3345136085876,197.45543740513568,304.11902963522897,136.96963930136272
606.5140974180856,183.35792873433817,298.41346132294075,134.39995586300392
605.9591911155718,171.2019877445014,292.81493501261224,131.87848218125293
561.5274243643943,182.72133467999186,292.81493501261224,131.87848218125293
547.8179607166853,185.60403986427195,287.32144249234295,129.40431379426144
555.3574179787637,177.12942989896922,281.9310132262378,126.9765632087637
562.7554277013771,165.6449052237428,276.6417136475685,124.59435958172944
568.459916149334,165.2589333822275,271.45164646519635,122.2568484079893
574.0573828546347,155.72684735464156,266.35894998300665,119.96319121372065
577.0512593736479,155.72684735464156,266.35894998300665,119.96319121372065
585.5375886871217,153.8582838146467,261.36179743211164,117.71256525568397
592.3958519778328,152.0247763411403,256.45839631558187,115.50416322610185
599.1254475894586,153.10826147265385,251.64698776547078,113.33719296307473
605.7287894526024,154.17141937097648,246.92584591190254,111.21087716642948
610.8205220656419,157.9900796838278,242.29327726399606,109.12445311889908
615.8167288305077,163.09878731311534,237.74762010240366,107.07717241253303
613.428197365149,164.69532146525913,242.52468303312125,109.22867403781807
610.9916731370568,169.04991396470567,247.39773148930573,111.42340578525994
607.1158156844596,173.49200329124358,252.36869410812037,113.66223627770319
610.901469538181,183.0680880798849,247.63401234274738,111.52982235284055
604.2385023058646,183.33930776205543,252.6097225527502,113.77079107337619
594.602320969423,185.03564461306289,257.6854097080026,116.05678757841355
590.257742173781,187.93203047682417,257.6854097080026,116.05678757841355
583.3243269095076,188.2142588922983,262.86308264526554,118.38871661122661
578.8924524921249,191.1688418372201,262.86308264526554,118.38871661122661
571.8197241149464,192.93403254070728,268.14479056485686,120.76750109409599
565.791825354878,192.93403254070725,268.14479056485686,120.767501094096
564.2848506648611,192.93403254070725,268.14479056485686,120.767501094096
559.7639265948098,191.42705785069018,268.14479056485686,120.767501094096
552.5490858863486,190.21376715094834,273.5326238416766,123.19408249357967
545.1892773835325,190.51335213364018,279.0287148525274,125.66942119312317
537.6815882484691,190.81895667738925,284.63523882005927,128.1944968731566
530.023047115615,187.9313995958703,290.35441467367076,130.77030889882894
520.5788300581727,183.35402997230653,296.18850592770883,133.39787671553313
512.2559277007041,181.68944950081283,296.18850592770883,133.39787671553313
505.59760581472926,178.3602885578254,296.18850592770883,133.39787671553313
492.6344651609643,163.70346301745315,302.1398215773143,136.07824025237835
484.1443307264271,160.3074092436383,302.13982157731436,136.07824025237835
474.31677546132084,152.14819165531304,308.21071701226737,138.8124603337694
469.12033943788265,148.6839009730209,308.21071701226737,138.8124603337694
462.1917580732984,146.95175563187485,308.21071701226737,138.8124603337694
452.16673774025037,142.09288556683953,314.4035949491949,141.60161909925583
446.8658897277933,140.32593622935383,314.4035949491949,141.60161909925583
443.3319910528219,138.55898689186813,314.4035949491949,141.60161909925583
445.0989403903076,136.79203755438243,314.4035949491949,141.60161909925583
441.5650417153362,136.79203755438243,314.4035949491949,141.60161909925583
432.7302950279077,135.02508821689673,314.4035949491949,141.60161909925583
418.96994328633633,130.06858887564462,320.72090638250904,144.44682043181717
409.9576800337173,128.26613622512082,320.72090638250904,144.44682043181717
412.1429153993168,6.050623658557271,327.1651515544528,147.3491903947537
418.0493973623789,0.0,333.73888094463643,150.30987767735547
409.06964855143485,0.0,340.44469627945705,153.3300540495266
401.8227700685095,0.0,347.2852515618002,156.41091482554376
398.3337687886939,0.0,354.26325412143143,159.55367933713342
402.31569032026255,0.0,354.26325412143143,159.55367933713342
392.7837022403786,0.0,361.38146568649336,162.75959141605443
383.0601879240056,0.0,368.64270347653206,166.02991988637723
398.94887540691195,0.0,361.7266083869392,162.91503736511024
390.8172560322221,0.0,361.72660838693923,162.91503736511024
396.2433320907959,0.0,354.9402659571365,159.85859306466472
392.2538009413107,0.0,354.9402659571365,159.85859306466472
399.5728441187496,0.0,348.2812419012292,156.85949062727136
399.5728441187495,0.0,348.28124190122924,156.85949062727138
406.75457493898546,0.0,341.74714760289,153.91665426389721
399.07209413093824,0.0,341.74714760289,153.91665426389721
402.9133345349618,0.0,341.74714760289,153.91665426389721
404.8339547369736,0.0,341.74714760289,153.91665426389721
404.8339547369736,0.0,341.74714760289,153.91665426389721
413.80156951517745,0.0,335.3356392585531,151.02902836835614
413.80156951517745,0.0,335.3356392585531,151.02902836835614
424.4855306340882,0.0,329.04441703668374,148.19557713865925
440.5167426989485,0.0,322.87122425282,145.4152842054687
427.81498058597913,0.0,322.87122425282,145.4152842054687
432.6582068770531,0.0,316.8138465600918,142.68715226752244
442.75205442056097,0.0,310.87011115492663,140.01020273389844
436.9327112701024,0.0,305.0378859976569,137.3834753729907
450.07999886146456,0.0,299.3150790477494,134.8060279680705
439.43050503901515,0.0,293.699637513383,132.27693597931005
442.7316910830737,0.0,293.699637513383,132.27693597931005
445.486736282213,0.0,288.1895471151044,129.79529221214642
453.5848677528094,0.0,288.1895471151044,129.79529221214642
444.9508415698773,0.0,282.78283136329884,127.36020649186756
446.8775854508716,0.0,288.4647867938816,129.91925512090864
437.1505465982318,0.0,288.4647867938816,129.91925512090864
446.8775854508716,0.0,288.4647867938816,129.91925512090864
450.11993173508483,0.0,288.4647867938816,129.91925512090864
432.287027171912,0.0,288.4647867938816,129.91925512090864
435.5293734561252,0.0,288.4647867938816,129.91925512090864
475.5222954823038,0.0,283.0529072784293,127.4818437360866
474.2693628090433,0.0,288.7402893443748,130.0433364222758
468.1230905572771,0.0,294.5419479781713,132.65629718100857
461.85332125715615,0.0,300.46017933889675,135.3217601602666
460.1647339656861,0.0,300.46017933889675,135.3217601602666
465.2304958400962,0.0,300.46017933889675,135.3217601602666
470.2962577145063,0.0,300.46017933889675,135.3217601602666
473.6734322974463,0.0,300.46017933889675,135.3217601602666
470.2962577145063,0.0,300.46017933889675,135.3217601602666
470.2962577145063,0.0,300.46017933889675,135.3217601602666
468.6076704230362,0.0,300.46017933889675,135.3217601602666
470.2962577145063,0.0,300.46017933889675,135.3217601602666
468.6076704230362,0.0,300.46017933889675,135.3217601602666
470.2962577145063,0.0,300.46017933889675,135.3217601602666
468.6076704230362,0.0,300.46017933889675,135.3217601602666
466.91908313156614,0.0,300.46017933889675,135.3217601602666
463.5419085486261,0.0,300.46017933889675,135.3217601602666
458.476146674216,0.0,300.46017933889675,135.3217601602666
470.29625771450617,0.0,300.46017933889675,135.3217601602666
471.98484500597624,0.0,300.46017933889675,135.3217601602666
473.6734322974463,0.0,300.46017933889675,135.3217601602666
473.6734322974463,0.0,300.46017933889675,135.3217601602666
473.6734322974463,0.0,300.46017933889675,135.3217601602666
466.91908313156625,0.0,300.46017933889675,135.3217601602666
469.7375454954581,0.0,294.823254611113,132.78299253477618
474.160038522692,0.0,289.29208406498685,130.2918546552232
474.160038522692,0.0,289.29208406498685,130.2918546552232
468.7446259517276,0.0,283.86468364937735,127.84745294132273
476.19337614601545,0.0,278.53910653586945,125.44891057722377
469.4138635041677,0.0,273.31344242043974,123.09536719699207
467.3696086990186,0.0,268.1858168382232,120.7859785759938
467.3696086990186,0.0,268.1858168382232,120.78597857599381
469.8853218725622,0.0,263.15439049113604,118.51991632806903
464.9591947060476,0.0,258.21735858811235,116.2963676083866
464.9591947060476,0.0,258.21735858811235,116.29636760838662
459.15446476002637,0.0,258.21735858811235,116.29636760838662
462.0568297330369,0.0,258.21735858811235,116.29636760838662
458.6743039822122,0.0,253.37295019771932,114.11453482187372
461.5222177699728,0.0,253.37295019771932,114.11453482187373
461.5222177699728,0.0,253.37295019771932,114.11453482187373
461.5222177699728,0.0,253.37295019771932,114.11453482187373
451.55451951281066,0.0,253.37295019771932,114.11453482187373
453.2808788502902,0.0,258.46397288604214,116.40743817004964
454.73344731003925,0.0,258.46397288604214,116.40743817004966
453.5893574661887,0.0,263.65728949324136,118.74641282520047
454.5808359367008,0.0,258.71082271659554,116.51861481129127
453.4356534129655,0.0,263.90909927744013,118.85982333869455
447.5029730541411,0.0,263.9090992774402,118.85982333869455
447.8179504676625,0.0,269.2118248092218,121.24807376903894
449.33092189398104,0.0,269.21182480922187,121.24807376903894
436.0354853118051,0.0,274.6210980051136,123.68431131528024
442.20897155655547,0.0,274.6210980051136,123.68431131528024
443.7523431177431,0.0,274.6210980051136,123.68431131528024
443.7523431177431,0.0,274.6210980051136,123.68431131528024
445.2957146789308,0.0,274.6210980051136,123.68431131528024
434.81987601188433,0.0,280.1390597273304,126.16950018253817
439.543023589784,0.0,280.1390597273304,126.16950018253819
442.6917886417171,0.0,280.1390597273304,126.16950018253819
436.7286065262334,0.0,285.76789385443163,128.70462394970593
438.3346231202941,0.0,285.7678938544317,128.70462394970593
436.72860652623336,0.0,285.7678938544317,128.70462394970593
436.72860652623336,0.0,285.7678938544317,128.70462394970593
436.72860652623336,0.0,285.7678938544317,128.70462394970593
432.2516227865641,0.0,291.5098281456488,131.29068595872738
433.88990907204936,0.0,291.5098281456488,131.29068595872738
433.88990907204936,0.0,291.5098281456488,131.29068595872738
433.88990907204936,0.0,291.5098281456488,131.29068595872738
430.96125558358403,0.0,297.3671351225793,133.9287097116961
426.3025522887556,0.0,303.3421329685973,136.6197392759332
429.7121200512805,0.0,303.3421329685973,136.6197392759332
426.6645933124115,0.0,309.4371864463353,139.36483969720453
426.6645933124115,0.0,309.4371864463353,139.36483969720453
433.0453405691328,0.21221853147349634,303.63184434804754,136.7502199735482
433.04534056913275,0.0,303.6318443480476,136.7502199735482
433.04534056913275,0.0,303.6318443480476,136.7502199735482
434.75175262939257,0.21221853147349634,303.6318443480476,136.7502199735482
429.9949032448901,0.0,309.7327189965329,139.49794214347673
425.14247448570484,0.0,315.9561785193303,142.3008742949656
421.96822073821033,0.0,322.3046860143192,145.16012576217435
425.590927733743,0.0,322.3046860143192,145.16012576217435
418.7301867101675,0.0,328.7807540704049,148.0768281691137
416.88243768657054,0.0,328.7807540704049,148.0768281691137
415.4270908643992,0.0,335.38694576194155,151.0521358775157
408.28787422434556,0.0,342.1258756631363,154.08722644370263
399.0824606492671,0.0,349.0002108828357,157.18330108463596
408.2403994079715,0.0,342.452628028243,154.2343897226438
415.30194133815303,0.0,336.0278841860661,151.34080280135805
422.2310018845781,0.0,329.72367477714863,148.5015023805479
429.0300665266528,0.0,323.53773845847707,145.71546999274926
430.84834978360215,0.0,323.53773845847707,145.71546999274926
424.7918745720792,0.5591729491127211,317.46785631202874,142.98170627793667
438.4749001880498,0.0,311.51185104883774,140.29923062504912
450.15052123015624,1.3318968673875702,305.6675862279934,137.66708082024135
459.8892433468747,0.0,299.93296549029117,135.08431270173426
454.2746384501923,7.165000294735023,294.3059318062609,132.5499998211405
475.2293753637313,1.792382057165952,288.78446673830274,130.0632331111441
486.0531625972854,1.3894685884834814,283.3665897166662,127.62312055941467
483.9337150226728,2.5866354238711153,278.0503573290127,125.2287868886394
480.8084270007623,2.5866354238711082,278.0503573290127,125.22878688863942
472.99520694598596,7.274567456736889,278.0503573290127,125.22878688863943
456.1379779324827,9.141744471170696,283.63722315882455,127.74500890359286
446.57372463007846,13.923871122372852,283.63722315882455,127.74500890359288
456.1379779324827,10.735786688238072,283.63722315882455,127.74500890359288
443.38564019594367,15.517913339440234,283.63722315882455,127.74500890359288
451.3558512812806,13.923871122372852,283.63722315882455,127.74500890359288
444.979682413011,15.517913339440234,283.63722315882455,127.74500890359288
438.6035135447414,20.300039990642397,283.63722315882455,127.74500890359288
437.34799439934363,14.23452310749029,289.33634588375486,130.31178936749276
432.4697804773389,20.738808336829976,289.33634588375486,130.31178936749276
446.5663950338384,20.33512488372522,283.9081150734446,127.86701365903242
429.35403048031253,17.45494430039524,289.61268082961533,130.4362455644834
440.7474006554032,20.71019292184971,289.61268082961533,130.4362455644834
441.8364839057915,20.306123924907325,284.1792657073843,127.98913493691367
429.3989459239915,25.40863507334413,289.88927969324277,130.56082062520107
438.6349633060976,25.00418016434479,284.45067530773736,128.11137284852305
432.5800019544625,20.51988161486625,290.16614272669574,130.68551466316842
426.40337826438906,22.468419128972414,295.9964510325032,133.31137870929547
416.4223715306489,30.785924740422516,295.9964510325032,133.31137870929547
409.7683670414888,29.1224236181325,295.9964510325032,133.31137870929547
424.739877142099,27.458922495842486,295.9964510325032,133.31137870929547
418.08587265293886,35.77642810729259,295.9964510325032,133.31137870929547
430.84346981179397,35.36345244364209,290.44327018227347,130.81032779201644
440.09713760784996,36.59051683034842,284.99427239723855,128.35619901860377
445.973859932868,36.19289145893167,279.6475031019279,125.94811208407455
441.25900000499087,36.19289145893167,279.6475031019279,125.94811208407455
442.8306199809499,34.621271482972645,279.6475031019279,125.94811208407455
447.02546931257046,48.37568573327103,274.40104439060485,123.58520319882217
448.05734947913913,51.07710980237667,269.2530143393066,121.26662477877181
448.05734947913913,46.537501067498056,269.2530143393066,121.26662477877181
458.1490880415277,47.67504088620947,264.2015663307915,118.99154514134898
463.5970545220497,50.27605310890874,259.2448883921504,116.75914820715187
466.0288974457021,54.2852250242937,254.3812025448456,114.56863320722069
464.1262468075313,56.78955770571191,249.6087641669431,112.41921439579896
469.2733025169717,57.8441045193696,244.92586136731063,110.31012076848357
472.94731023903876,57.50238278659036,240.33081437155585,108.24059578566272
475.20172996507404,58.51773212885054,235.82197491948523,106.20989710114236
475.20172996507404,57.19241177933008,235.82197491948523,106.20989710114237
475.20172996507404,57.19241177933008,235.82197491948523,106.20989710114237
475.20172996507404,55.867091429809626,235.82197491948523,106.20989710114237
475.48318519308634,54.800053698583,240.56034586154243,108.34397256359563
485.85145810376184,59.87222279912258,236.04720017583193,106.3113344303367
481.8716997549417,57.21905056657582,236.04720017583196,106.3113344303367
482.7593509837351,59.542888616886906,231.61872548569846,104.3168305622613
481.7340915306869,57.19317150609925,236.2726405368826,106.41286863874882
483.06194462260237,55.86531841418371,236.2726405368826,106.41286863874883
493.2454152592064,55.53566969647844,231.83993636666077,104.41645989032831
494.11724514850806,55.2122055088244,227.49039403107224,102.45750570865104
502.64369967177396,57.45180349319308,223.22245333334456,100.53530340967447
499.71959069362157,58.39487345183481,219.0345833475118,98.64916349239101
490.13320886195925,56.17281948246492,223.4356452307134,100.63132113444362
497.66746365395477,53.661401218466395,223.43564523071342,100.63132113444362
505.20171844595023,49.894273822468605,223.43564523071345,100.63132113444362
502.27481675437747,50.83824447398792,219.24377555786498,98.743379831405
498.5783643264169,48.373942855347494,219.24377555786498,98.74337983140501
503.09927900868206,46.835902082156366,215.13054943061553,96.8908581405064
503.90827355049754,47.744785374694736,211.09449141968244,95.07309155542966
498.22845733322805,45.60328175730922,215.33601303577814,96.98339518405291
498.22845733322805,43.182903417603114,215.33601303577817,96.98339518405291
496.61784617751016,40.462087242980076,211.29610032809575,95.16389251418067
494.24287648577763,38.08711755124756,211.29610032809575,95.16389251418067
496.22493649693183,36.60483137598909,207.33198030578723,93.37852548123257
493.89452354284265,34.27441842189988,207.33198030578723,93.37852548123257
489.4811498486114,32.17108458860807,211.4979017860714,95.25478019372699
490.27648388463376,25.932906850917554,207.52999577245095,93.46770801965364
484.6925758080617,26.160202846979487,211.69989597750683,95.34575467689254
482.31306745031725,19.02167777374624,211.69989597750686,95.34575467689255
483.10916108184466,19.916067245605625,207.72820035670756,93.55697573317379
482.7228859886342,11.45421122119376,203.8310176024897,91.80175601944208
480.4318238805819,13.745273329246025,203.8310176024897,91.80175601944208
480.05279568321436,6.587700994806617,200.00694978112014,90.07946593195501
479.6808784228868,0.0,196.25462518546,88.38948767894777
475.5033029283235,7.478932212581931,200.19796936931147,90.16549765488088
471.24178740934803,6.573084540392166,204.22054716784902,91.97719299926041
464.5992048358732,6.796755882513352,208.32395062209264,93.82529073819455
456.65237149694985,7.024921452911784,212.50980376194235,95.7105223049971
450.93447416283067,7.257671554116229,216.77976324893106,97.63363382967141
448.49786806031517,2.3844593490852546,216.7797632489311,97.63363382967142
440.22847491254606,3.8401891493309463,221.13551903189187,99.59538643421101
434.27848967719217,0.0,225.5787950157997,101.59655653383362
426.9411977469837,0.0,230.11134974405218,103.63793614426794
418.163250994582,0.0,234.73497709445945,105.72033319521472
407.8897175402607,0.0,239.45150698921844,107.84457185010618
405.19828087457677,0.0,239.45150698921844,107.84457185010618
401.16112587605085,0.0,239.45150698921844,107.84457185010618
395.7782525446829,0.0,239.45150698921844,107.84457185010618
391.741097546157,0.0,239.45150698921844,107.84457185010618
392.6415506091761,0.0,234.95916419749636,105.82130295917791
379.7172625648561,0.0,239.6801986837167,107.94757039953669
377.02325540287643,0.0,239.6801986837167,107.94757039953669
367.8802903818514,0.0,244.49609291586864,110.11656093157458
363.7580836100235,0.0,244.49609291586864,110.11656093157458
355.51367006636764,0.0,244.49609291586864,110.11656093157458
352.76553221848235,0.0,244.49609291586864,110.11656093157458
348.64332544665444,0.0,244.49609291586864,110.11656093157458
343.14704975088387,0.0,244.49609291586864,110.11656093157458
340.3989119029986,0.0,244.49609291586864,110.11656093157458
333.5285672832854,0.0,244.49609291586864,110.11656093157458
332.15449835934277,0.0,244.49609291586864,110.11656093157458
322.8278237421503,0.0,249.4087529108272,112.32913299037271
321.42614565131885,0.0,249.40875291082722,112.32913299037273
315.81943328799315,0.0,249.40875291082725,112.32913299037274
313.01607710633033,0.0,249.40875291082725,112.32913299037274
308.81104283383604,0.0,249.40875291082725,112.32913299037274
299.2969673435603,0.0,254.4201229830645,114.5861622595483
296.4372833261393,0.0,254.42012298306452,114.5861622595483
288.16188352574795,0.0,259.53218651416324,116.88854201782942
285.24473987736496,0.0,259.53218651416324,116.88854201782942
278.2616342929758,0.0,264.7469667377923,119.23718349259366
277.769331567211,0.0,259.78005655790207,117.00017814439882
280.206194628097,0.0,254.90633043612996,114.80514118879154
276.86704178623177,0.0,250.12404014905889,112.65128525797326
273.5905346941813,0.0,245.4314702716406,110.53783775592989
273.1341495529575,0.0,240.8269375618665,108.4640405812988
270.4272530377162,0.0,240.82693756186652,108.4640405812988
267.2725336096755,0.0,236.30879035698268,106.4291498554351
265.94447735564074,0.0,236.30879035698268,106.42914985543511
258.864774765372,0.0,231.8754079810323,104.4324356555796
255.23209784999713,0.0,236.5344805535952,106.53079658520716
252.1336075865803,0.0,232.09686401039878,104.53217539399655
243.87570715820164,0.0,227.74250146272286,102.57105027710433
241.5876921172564,0.0,232.31853154461334,104.6320103903222
233.3219048592407,0.0,227.96001029874415,102.66901227195362
232.0407687792423,0.0,227.96001029874418,102.66901227195362
224.6260242157826,0.0,232.54041078567684,104.73194073553398
216.35234259569677,0.0,228.17772686978836,102.76706782685136
212.77759541478662,0.0,232.762501935783,104.83196652069628
210.16134321415,0.0,232.762501935783,104.8319665206963
202.59039033717895,0.0,237.4393988871787,106.93835522399664
197.25274922497093,0.0,237.4393988871787,106.93835522399664
188.19526291379083,0.0,242.2102687290188,109.08706759551241
184.1115951624841,0.0,242.21026872901882,109.08706759551241
177.59456194639125,0.0,247.076999658591,111.27895404470904
173.42884105895752,0.0,247.07699965859103,111.27895404470905
167.87454654237922,0.0,247.07699965859103,111.27895404470905
160.93167839665637,0.0,247.07699965859103,111.27895404470905
157.06084569044177,0.0,252.04151781273112,113.5148820683294
148.5620002559919,0.0,252.04151781273114,113.5148820683294
142.89610329969202,0.0,252.04151781273114,113.5148820683294
140.36396819098644,0.0,257.1057880301423,115.79573659372835
134.58422636714363,0.0,257.1057880301423,115.79573659372835
125.91461363137938,0.0,257.1057880301423,115.79573659372835
123.33160033193457,0.0,262.27181462903195,118.12242032910615
115.96175761154794,0.0,262.27181462903195,118.12242032910616
108.59191489116131,0.0,262.27181462903195,118.12242032910616
105.95700110549075,0.0,267.5416422003731,120.49585412077889
101.76555900309123,0.0,272.91735641710517,122.9169773176277
95.95610172720959,0.0,278.4010848595941,125.3867481428708
93.87379377176165,0.0,273.178010164838,123.03437099027072
91.83055193559366,0.0,268.0529254232487,120.7261267173412
88.31918489278263,0.0,263.02399224815133,118.4611873484042
79.45001018272595,0.0,263.02399224815133,118.4611873484042
79.45001018272595,0.0,263.02399224815133,118.4611873484042
76.49361861270705,0.0,263.02399224815133,118.4611873484042
73.851148074586,0.0,268.3089333243934,120.84142798579569
59.78114723845229,0.0,263.2751971924728,118.5743254530986
57.1361529698581,0.0,268.56518572966115,120.95683937442772
57.1361529698581,0.0,268.56518572966115,120.95683937442772
36.325965083112266,0.0,273.96146600652725,123.38722514797809
24.335624653017874,0.0,279.4661737429964,125.8664446628764
18.3867659298931,0.0,285.0814875720144,128.3954791354876
10.716217800166447,0.0,290.80962990179887,130.97532949775695
4.525896515698804,0.0,296.6528677954157,133.6070167933554
1.1915161419689753,0.0,296.6528677954158,133.6070167933554
0.0,0.0,296.6528677954158,133.6070167933554
0.0,0.0,291.087371929297,131.10041941853854
0.0,0.0,296.9361904934724,133.73462014591524
0.0,0.0,296.9361904934724,133.73462014591524
0.0,0.0,291.3653792184161,131.22562880829446
0.0,0.0,285.89908177244445,128.76370858453623
0.0,0.0,280.5353373746352,126.34797637483588
0.0,0.0,280.5353373746352,126.3479763748359
0.0,2.145769275910851,275.2722220302202,123.97756564719856
0.0,6.40280079731842,270.1078478404413,121.65162612661112
0.0,4.507937957630389,265.0403623253545,119.3693234900453
0.0,4.138152376946309,260.0679477593384,117.12983906718306
0.0,2.6765695726247287,260.0679477593384,117.12983906718306
0.0,11.446066398554201,260.0679477593384,117.12983906718306
52.0682947559377,0.0,260.0679477593384,117.12983906718306
47.68354634297296,0.0,260.0679477593384,117.12983906718306
40.68602529284402,0.0,265.2934930336668,119.48332892355995
36.21317413001759,0.0,265.2934930336668,119.48332892355997
29.07505188942841,0.0,270.6240351891923,121.88410745162105
27.877135573647223,0.0,276.0616839282487,124.33312482264648
21.67126493656332,0.0,276.0616839282487,124.33312482264648
18.897811228978156,0.0,281.60859134341905,126.8313502997079
14.485989217097767,0.0,287.2669527692824,129.37977262127995
8.371079154964207,0.0,293.0390076512756,131.97940039255934
3.780182484773917,0.0,298.9270404320127,134.63126248464704
0.4202403942055071,0.0,298.92704043201275,134.63126248464704
0.0,0.0,293.31887887888445,132.10544926606252
0.0,0.0,299.2125351121979,134.75984405816553
0.0,0.0,299.2125351121979,134.75984405816553
0.0,0.0,305.2246125802073,137.46757360482627
0.0,0.0,311.3574907207814,140.22970956126807
0.0,0.0,305.5161218495838,137.59886403912563
0.0,0.0,305.5161218495838,137.59886403912563
0.0,0.0,299.7843427307008,135.01737573367453
0.0,0.0,299.7843427307008,135.01737573367453
0.0,0.0,294.16009735396136,132.48431865560102
0.0,0.0,300.0706561900945,135.146326070348
0.0,0.0,294.44103929483066,132.61084975874064
0.0,0.0,294.44103929483066,132.61084975874064
0.0,0.0,294.44103929483066,132.61084975874064
0.0,0.0,294.44103929483066,132.61084975874064
0.0,0.0,294.44103929483066,132.61084975874064
0.0,0.0,294.44103929483066,132.61084975874064
0.0,0.0,294.44103929483066,132.61084975874064
0.0,0.0,294.44103929483066,132.61084975874064
0.0,0.0,294.44103929483066,132.61084975874064
0.0,0.0,294.44103929483066,132.61084975874064
0.0,0.0,288.9170394791901,130.1229414448262
0.0,0.0,283.49667526419915,127.68170870677685
0.0,0.0,278.17800234535366,125.28627586546475
0.0,0.0,272.9591128951901,122.9357836703529
0.0,0.0,267.83813487894076,120.62938899127877
0.0,0.0,262.81323138302804,118.36626451602037
0.0,0.0,257.88259995615675,116.14559845353634
0.0,0.0,257.88259995615675,116.14559845353634
0.0,0.0,257.88259995615675,116.14559845353634
0.0,0.0,253.04447196276828,113.9665942427736
0.0,0.0,248.2971119486246,111.82847026693788
0.0,0.0,243.63881701829433,109.73045957312502
0.0,0.0,239.06791622431808,107.67180959721205
0.0,0.0,239.0679162243181,107.67180959721205
2.687870469453088,0.0,234.58276996783331,105.65178189390973
0.0,0.0,234.58276996783331,105.65178189390974
0.0,0.0,234.58276996783331,105.65178189390974
0.0,0.0,230.18176941044428,103.66965187187957
0.0,0.0,225.86333589712586,101.72470853382012
0.0,0.0,221.62592038995413,99.81625422142979
0.0,0.0,217.4680029124608,97.94360436515417
0.0,0.0,213.38809200441221,96.10608723862848
0.0,0.0,209.38472418681684,94.30304371772675
0.0,0.0,205.45646343697024,92.53382704413171
0.0,0.0,201.60190067334835,90.79780259334018
0.0,0.0,201.60190067334835,90.79780259334018
0.0,0.0,197.8196532501648,89.09434764702087
0.0,0.0,197.81965325016483,89.09434764702087
0.0,0.0,197.81965325016483,89.09434764702087
0.0,0.0,194.10836446141082,87.42285116964311
0.0,0.0,194.10836446141082,87.42285116964311
0.0,0.0,194.10836446141082,87.42285116964311
0.0,0.0,194.10836446141082,87.42285116964311
4.799747064652195,0.0,190.46670305419968,85.78271358929612
8.727264332266031,0.0,186.89336275124168,84.17334658262038
6.626581586910348,0.0,186.8933627512417,84.17334658262038
5.576240214232513,0.0,186.8933627512417,84.17334658262038
3.128025208003308,0.0,183.38706178227747,82.5941728637739
3.128025208003308,0.0,183.38706178227747,82.5941728637739
3.128025208003308,0.0,183.38706178227747,82.5941728637739
5.878920835577901,0.0,179.9465424243024,81.04462597735765
8.116288766661285,0.0,183.5622083012339,82.6730556471207
8.11628876666127,0.0,183.56220830123394,82.6730556471207
14.525093222204916,0.0,187.2505237526306,84.3342053542383
18.73448769737975,0.0,187.2505237526306,84.3342053542383
26.324412879642324,0.0,191.01294852639222,86.02873254242103
27.625881671045306,0.0,194.85097170113303,87.75730786539589
24.34069218002122,0.0,194.85097170113303,87.75730786539589
21.28805872915109,0.0,198.7661122755239,89.52061545233529
10.11739605092697,0.0,198.7661122755239,89.5206154523353
7.883263515282152,0.0,198.7661122755239,89.5206154523353
5.649130979637334,0.0,198.7661122755239,89.5206154523353
1.180865908347684,0.0,198.7661122755239,89.5206154523353
0.0,0.0,202.75991976947603,91.31935317861908
0.0,0.0,202.75991976947606,91.31935317861908
0.0,0.0,198.95594678354882,89.60611343686558
0.0,0.0,202.9535686222707,91.40656907415253
0.0,0.0,199.14596259582135,89.6916930775074
0.0,0.0,203.14740242225918,91.49386826651374
0.0,0.0,199.33615988549872,89.77735445224758
0.0,0.0,199.33615988549872,89.77735445224758
0.0,0.0,203.34142134607805,91.5812508352566
0.0,0.0,207.4271605251848,93.42139290828942
0.0,0.0,211.59499446161735,95.29850895599569
0.0,0.0,215.84657268533462,97.21334189644851
0.0,0.0,220.18357787030106,99.16664957517386
0.0,0.0,220.18357787030106,99.16664957517386
0.0,0.0,216.0527201390705,97.30618693286391
0.0,0.0,211.99936131016824,95.4806283763354
0.0,0.0,208.02204742893088,93.6893190710453
29.684257290669024,0.0,204.11935181829642,91.93161646778246
27.38995430395137,0.0,204.11935181829645,91.93161646778246
20.12748098270407,0.0,200.28987456704994,90.20689007218289
7.373109626244471,0.0,196.53224202767018,88.5145212185691
4.798629842388067,0.0,192.84510632359738,86.85390284803249
3.356239992257457,0.0,189.2271448657449,85.22443929067907
0.0,0.0,189.2271448657449,85.22443929067907
0.0,0.0,185.6770598780816,83.62554605196048
0.0,0.0,182.19357793211495,82.05664960301367
0.0,0.0,178.7754494901075,80.51718717493398
0.0,0.0,175.42144845686312,79.00660655690788
0.0,0.0,172.13037173992217,77.52436589813296
0.0,0.0,168.90103881800783,76.06993351345398
0.0,0.0,165.7322913175688,74.64278769264556
10.234221428767,0.0,162.62299259726638,73.2424165132727
12.976046843417066,0.0,162.62299259726638,73.2424165132727
14.803930453183781,0.0,162.62299259726638,73.2424165132727
10.428313143405276,0.0,165.89057638752325,74.7140763882739
3.9021736804231324,0.0,165.89057638752325,74.7140763882739
1.7290852811067623,0.0,162.77830808560498,73.31236776374581
0.0,0.0,159.72442895921463,71.93695655415016
0.0,0.0,156.72784357072024,70.58734939444658
0.0,0.0,153.7874770339635,69.26306217560193
0.0,0.0,150.90227462869422,67.96361987093866
0.0,0.0,153.93435403280859,69.32921288500543
0.0,0.0,153.93435403280859,69.32921288500543
0.0,0.0,151.0463960724153,68.02852952879776
0.0,0.0,148.21261900772527,66.75224825538774
6.754786392884483,0.0,148.21261900772527,66.75224825538774
4.81327090712476,0.0,145.43200635252245,65.49991125800632
2.908180137196382,0.0,142.7035606908593,64.27106931878399
0.0,0.0,140.02630331928,63.06528164761468
0.0,0.0,142.83985183187428,64.33245235176021
0.0,0.0,140.16003750614334,63.125513075285966
0.0,0.0,137.53049909941043,61.9412171516429
18.93064182339971,0.0,134.9502933866145,60.779139769543974
11.853908606729249,0.0,132.41849483851252,59.638864087574376
4.411984421238529,0.0,132.41849483851252,59.638864087574376
0.0,0.0,129.93419528968877,58.51998108466903
0.0,0.0,127.49650361279268,57.42208941339522
0.0,0.0,130.05829085988452,58.57587145597857
0.0,0.0,132.6715520981322,59.75283644114355
7.270473539835592,0.0,135.33732159443997,60.95345018375545
7.270473539835592,0.0,135.33732159443997,60.95345018375545
4.389614667549253,0.0,138.05665439723705,62.17818785829765
0.0,0.0,140.83062675404074,63.42753418693442
0.0,0.0,143.66033653740968,64.7019836313525
0.0,0.0,146.54690367945585,66.00204058845728
0.0,0.0,149.49147061508717,67.32821959000115
3.000731036165149,0.0,152.49520273415612,68.68104550622306
3.1827351605516725,0.0,155.55928884269355,70.0610537535796
3.1827351605516725,0.0,155.55928884269355,70.06105375357961
4.931222689167626,0.0,155.55928884269355,70.06105375357961
34.8411718088967,0.0,158.6849416334098,71.4687905066503
33.24694354277665,0.0,161.87339816564992,72.90481291430042
20.703933470413602,0.0,165.12592035499233,74.36968932018746
16.260971107842025,0.0,168.4437954726852,75.863999487698
3.9544595133809537,0.0,168.44379547268522,75.86399948769801
2.0611500373100284,0.8307623807567595,168.44379547268522,75.86399948769801
1.7479251468752608,9.115641434296471,165.2836263014129,74.44071718918605
0.0,15.387298959925772,162.182744972492,73.04413704867969
0.0,13.338085595449655,159.14003918842826,71.67375810776548
0.0,5.463074431302438,162.33763999584136,73.1138989294248
2.933696002459598,0.0,162.33763999584136,73.1138989294248
5.36884000725054,0.0,159.29202823072796,71.74221118788519
4.663734418761095,0.0,162.49268295396797,73.18372743728338
3.7505249545430246,0.0,162.49268295396797,73.18372743728338
2.8373154903249542,0.0,162.49268295396797,73.18372743728338
0.0,0.0,162.49268295396797,73.18372743728338
0.0,0.0,159.44416243240488,71.81072964512902
0.0,0.0,156.45283511610768,70.46349062481195
5.382988154480671,0.0,156.45283511610768,70.46349062481195
7.141519149654812,0.0,156.45283511610768,70.46349062481195
5.569715741660829,0.0,159.59644193209564,71.87931354193631
4.672783162430747,0.0,159.59644193209564,71.87931354193631
4.672783162430747,0.0,159.59644193209564,71.87931354193631
9.347925563170548,0.0,162.80321323983725,73.32358458893444
2.6405069389035702,0.0,159.74886686856922,71.9479629408061
2.6405069389035702,0.0,159.74886686856922,71.9479629408061
1.4456612488374674,0.0,156.75182300116478,70.59814929060104
2.0351236453367108,0.0,153.81100658700757,69.27365945521726
2.899542057062689,0.0,153.81100658700757,69.27365945521726
0.02027191969921205,0.0,150.92536274447468,67.97401833529786
0.0,0.0,148.09385638254685,66.69875974481127
0.0,0.0,148.09385638254685,66.69875974481127
0.0,0.0,148.09385638254685,66.69875974481127
0.0,0.0,148.09385638254685,66.69875974481127
0.0,0.0,145.31547182951743,65.44742624382855
0.0,0.0,142.5892124686673,64.21956897443803
0.0,0.0,139.91410038077476,63.014747499738334
2.0425114478283177,0.0,142.72539439972567,64.28090282125058
2.0425114478283177,0.0,142.72539439972567,64.28090282125058
6.5898138694243755,0.0,140.0477274065663,63.07493066402613
3.9681858840483955,0.0,137.4202960463608,61.89158371553661
3.7126498635505953,0.0,134.8421578498533,60.73043750489583
0.0,0.0,132.3123880294265,59.59107552470361
0.0,0.0,129.83007914737678,58.47308908164304
0.0,0.0,127.39434079041298,57.376077149880715
0.0,0.0,125.00429925026195,56.299646227217266
0.0,0.0,122.65909721026614,55.24341019393671
0.0,0.0,120.35789343786104,54.206990174303876
0.0,0.0,118.09986248282189,53.19001440066028
0.0,0.0,115.88419438117172,52.19211808006975
6.979184326618736,0.0,115.88419438117174,52.19211808006975
11.676380080911038,0.0,118.21265549887262,53.24081430865259
10.488756637441611,0.0,120.58790238581147,54.310581990556344
8.45564329854517,0.0,120.58790238581147,54.31058199055635
8.45564329854517,0.0,120.58790238581147,54.31058199055636
3.0340077281546627,0.0,120.58790238581147,54.31058199055636
1.6785988355570325,0.0,120.58790238581147,54.31058199055636
3.0340077281546627,0.0,120.58790238581147,54.31058199055636
2.356303281855851,0.0,120.58790238581147,54.31058199055636
1.000894389258221,0.0,120.58790238581147,54.31058199055636
0.0,0.0,120.58790238581147,54.31058199055636
0.0,0.0,120.58790238581147,54.31058199055636
0.0,0.0,118.32555623955741,53.29166273384651
0.0,0.0,118.32555623955741,53.29166273384651
0.0,0.0,118.32555623955741,53.29166273384651
0.0,0.0,118.32555623955741,53.29166273384651
0.0,0.0,118.32555623955741,53.29166273384651
0.0,0.0,118.32555623955741,53.29166273384651
0.0,0.0,116.10565390386981,52.291859391819266
2.2264191285977404,0.0,118.43856480776026,53.34255972257909
0.00930456488629261,0.0,116.21654232159563,52.34180150361944
0.0,0.0,114.03620713497769,51.35981848063884
0.43408127961030374,0.0,114.03620713497769,51.35981848063884
0.0,0.0,111.89677715368627,50.39625841272897
0.0,0.0,109.79748495634827,49.450775667363
0.0,0.0,107.7375775191607,48.52303109641592
0.0,0.0,105.71631594577836,47.61269191451089
0.0,0.0,105.71631594577838,47.61269191451089
2.208783090170101,0.0,107.8404738820769,48.56937373314916
0.0,0.0,107.84047388207692,48.56937373314916
3.4209107944405943,0.0,107.84047388207692,48.56937373314916
3.220379094704441,0.0,105.81728187300823,47.65816511837777
2.4289160586348544,0.0,103.83204691066057,46.76405166205324
2.55284035554655,0.0,105.91834422923647,47.70368175209888
1.1653599444732308,0.0,103.93121323894884,46.8087143595266
0.0,0.0,106.01950310655906,47.74924185715257
0.0,0.0,106.01950310655906,47.74924185715257
0.0,0.0,104.03047427750202,46.8534197127681
0.0,0.0,102.07876156073466,45.974404061704945
0.0,0.0,104.12983011677451,46.898167762516785
0.0,0.0,104.12983011677451,46.898167762516785
0.0,0.0,104.12983011677451,46.898167762516785
0.0,0.0,104.12983011677451,46.898167762516785
0.0,0.0,102.17625338798241,46.01831259458751
6.449886418347887,0.0,102.17625338798243,46.01831259458752
23.67681379427445,0.0,102.17625338798243,46.01831259458752
23.486814835377352,0.0,100.25932765565308,45.15496436399644
21.352643934080916,0.0,102.27383832623812,46.062263062962224
20.01290483340334,0.0,100.35508180570676,45.19809027890611
16.62892930337982,0.0,100.35508180570676,45.19809027890611
11.552966008344534,0.0,100.35508180570676,45.19809027890611
5.349010869968069,0.0,100.35508180570676,45.19809027890611
6.477002713309247,0.0,100.35508180570676,45.19809027890611
4.221019026626898,0.0,100.35508180570676,45.19809027890611
0.0,0.0,100.35508180570676,45.19809027890611
0.0,0.0,102.37151646442882,46.10625550688017
21.713965992889754,0.0,102.37151646442882,46.106255506880174
10.592366395298086,0.0,100.45092740717413,45.24125738185707
0.9952786322576941,0.0,100.45092740717413,45.24125738185707
0.8084879544361101,0.0,98.56637046563132,44.39248746162023
0.6252016511144944,0.0,96.71716964232047,43.55964128928938
0.0,0.0,96.71716964232048,43.55964128928938
0.0,0.0,94.90266162213081,42.74242011989098
0.2586828779284218,0.0,93.12219553438715,41.94053081319726
0.0,0.0,91.3751327193802,41.153685728575816
0.0,0.0,89.66084649927703,40.381602621811794
0.7468498688145075,0.0,87.97872195332934,39.624004543865894
0.0,0.0,87.97872195332934,39.624004543865894
0.5832515274977936,0.0,86.32815569729924,38.880619741531724
1.3930515426359023,0.0,84.70855566702302,38.15118155995694
1.3930515426359023,0.0,84.70855566702302,38.15118155995694
3.615846088159344,0.0,83.11934090603563,37.435428346993156
4.08297708381447,0.0,83.11934090603563,37.435428346993156
6.264069845207935,0.0,81.55994135717945,36.733103359340376
7.180804174341347,0.0,81.55994135717945,36.733103359340376
7.736513717196559,0.0,83.19872525886926,37.471181605139606
9.606822261213935,0.0,83.19872525886926,37.471181605139606
8.770966267900704,0.0,84.87043724549572,38.224090057131676
9.724910594696858,0.0,84.87043724549572,38.224090057131676
9.826204073706144,0.0,86.57573894106947,38.99212669864963
9.442976877511924,0.0,88.31530526361239,39.77559550040559
15.731072995316772,0.0,86.65842437784043,39.02936670452357
18.005033063623166,0.0,85.03262818640817,38.29713788548156
21.192098787049503,0.0,83.43733351026486,37.5786463901193
23.85045394745027,0.0,81.871968111365,36.87363449290486
25.690936971652377,0.0,81.87196811136502,36.87363449290486
30.139901832036827,0.0,80.33597048740455,36.18184930348755
32.2479575721284,0.0,78.8287896704079,35.50304267598524
33.577011818840504,0.0,78.8287896704079,35.50304267598524
38.303626879633924,0.0,77.34988502909371,34.836971119973505
38.59449972388691,0.0,75.89872607494846,34.18339571314472
40.15956885391972,0.0,74.47479227193824,33.54208201560577
44.62511597539418,0.0,73.07757284979067,32.912799985783586
42.57163486057317,0.0,73.07757284979067,32.912799985783586
45.03581219835837,0.0,73.07757284979067,32.912799985783586
46.5427077587923,0.0,71.70656662077961,32.295323897908375
49.230305984272086,0.0,70.36128179994738,31.689432261045006
51.076620942299954,0.0,69.04123582869963,31.094907739643347
54.05233322188852,0.0,67.74595520170985,30.511537075579245
52.22952594529272,0.0,69.10717467957781,31.12460539003886
52.22952594529272,0.0,69.10717467957781,31.12460539003886
55.98484536465345,0.0,67.81065697571529,30.540677569215283
56.23984611427023,0.0,66.53846320296735,29.96770480133644
55.49195330793767,0.0,66.53846320296735,29.96770480133644
55.49195330793767,0.0,66.53846320296735,29.96770480133644
56.490062802204434,0.0,65.2901370207664,29.405481558971125
54.90093115449716,0.0,64.06523064993704,28.853806170582324
54.781800468830205,0.0,62.86330471207599,28.312480748186893
51.2488804768971,0.0,62.863304712075994,28.312480748186896
48.42254448335062,0.0,62.863304712075994,28.312480748186896
45.94950048899746,0.0,62.863304712075994,28.312480748186896
43.476456494644296,0.0,62.863304712075994,28.312480748186896
41.23980882116306,0.0,61.683928071945516,27.781311116372407
41.125106219279125,0.0,60.526677682823575,27.260106742645732
40.33223525586497,0.0,59.39113843475545,26.74868066908833
35.396442825075354,0.0,60.584484579324986,27.286141909772322
32.67256265044441,0.0,60.58448457932499,27.286141909772326
29.267712432155733,0.0,60.58448457932499,27.28614190977233
30.176509334774693,0.0,59.44786081774481,26.774227391198046
27.727284403112208,0.0,58.332561221656164,26.271916886089418
29.76387996229795,0.0,59.50463737428291,26.799798512081615
27.422966025802896,0.0,59.504637374282915,26.799798512081615
25.75088464259215,0.0,59.504637374282915,26.799798512081615
23.63373681916619,0.0,58.388272594860446,26.297008267914244
21.664883003831896,0.0,58.38827259486045,26.297008267914244
15.171723777204747,0.0,59.56146815610899,26.825394055041446
5.200740843827305,0.0,60.758236735769685,27.364396697789395
0.30729845101094355,0.0,59.61835321501168,26.851014043402206
2.3887855460535476,0.0,60.816264786160914,27.390531468576285
0.7524320595978296,0.0,62.03824599450925,27.940889417374393
0.0,0.0,62.03824599450925,27.940889417374393
0.0,0.0,63.28478047127693,28.502305708437696
0.0,0.0,64.5563615652863,29.075002537037335
0.0,0.0,65.8534925382176,29.65920656301403
0.0,0.0,67.17668676378801,30.25514900048467
1.8344875659555555,0.0,68.5264679309328,30.86306570935141
0.0,0.0,69.90337025106903,31.48319728864941
0.0,0.0,68.59191514513559,30.892541935595414
0.0,0.0,68.59191514513559,30.892541935595414
0.0,0.0,67.3050642104846,30.312967850523595
36.8784478992435,0.0,67.3050642104846,30.3129678505236
33.852410270497785,0.0,67.3050642104846,30.3129678505236
32.71764615971814,0.0,67.3050642104846,30.3129678505236
32.71764615971814,0.0,67.3050642104846,30.3129678505236
31.284956424941086,0.0,68.65742486566586,30.92204631354417
29.99972152848936,0.0,67.36934490504419,30.341918697691654
28.863873644503975,0.0,67.36934490504419,30.341918697691654
27.051199636930065,0.0,68.72299715222124,30.951578870084372
25.89252916141176,0.0,68.72299715222124,30.951578870084376
24.34763519405402,0.0,68.72299715222124,30.95157887008438
22.03029424301741,0.0,68.72299715222124,30.95157887008438
20.181198176609307,0.0,70.10384833400083,31.573488944320985
19.262870789487707,0.9845774387540622,68.78863206455631,30.981139632128418
17.201995035044597,5.141119173534724,67.49809052947403,30.399903368236398
15.305297474034255,4.003100636928515,67.49809052947403,30.3999033682364
11.386388188958044,8.840340636937828,66.2317608067768,29.829571661067426
7.370986192670415,6.679544172276943,67.56255557666736,30.428937244453255
5.93281536606986,5.614436242250976,68.92009000586934,31.040345880506056
2.5290916011117375,4.915258252974732,70.30490137435727,31.664039550283068
0.5535226047474922,7.681054847884679,70.30490137435727,31.664039550283068
0.0,14.299899700995297,68.98591315464209,31.069991420793023
0.0,17.30525887090755,67.691670434739,30.48708821106567
0.0,18.352097424583995,66.42170896504226,29.915120831583934
0.0,21.992327977952115,65.17557320571957,29.35388411555311
0.0,20.96485026825202,66.48514599814209,29.94369170908692
0.0,20.290374209213798,67.82103203668277,30.545350306597605
0.0,23.413890349093762,69.18376003339583,31.159098030308073
0.0,22.150925893645038,67.8858055139271,30.57452309405879
0.0,16.502500341999163,69.24983500411844,31.188856986587716
0.0,14.556578729663684,69.24983500411844,31.188856986587716
0.0,17.670053309400448,69.24983500411844,31.188856986587716
1.622700220616089,17.184251286049594,67.95064085403651,30.603723743421043
3.7876416103675297,20.144509000321094,66.6758208477992,30.029568168092794
30.767363071411225,25.390565951079594,66.6758208477992,30.029568168092794
33.39039154679047,28.388312780084448,66.6758208477992,30.029568168092794
40.214899985155185,26.96246566260688,68.01553811609404,30.63295228129428
43.272880541195235,28.109208371121902,68.01553811609404,30.632952281294283
40.5971475546602,28.491455940626906,68.01553811609404,30.632952281294283
38.68590970713517,28.491455940626906,68.01553811609404,30.632952281294283
37.156919429115135,28.491455940626906,68.01553811609404,30.632952281294283
36.392424290105126,29.255951079636922,68.01553811609404,30.632952281294283
35.245681581590105,28.873703510131918,68.01553811609404,30.632952281294283
33.20796736600123,31.454540892702596,66.73950057420171,30.05824835021301
7.032285067082647,31.90271316848747,68.08049735923916,30.662208734313843
0.0,32.190339573762245,66.80324111886642,30.086955923764297
6.2409331268045065,30.595397548330297,65.54994744584926,29.522495414542828
10.171341929568072,31.97750571244224,64.3201667791551,28.968624732596602
14.750971585077032,32.97220461602792,63.1134579919529,28.425145202482632
14.826297952417626,31.977235671694434,64.38159670338521,28.996291645036116
19.530020425998487,33.4245348943347,64.38159670338521,28.996291645036116
24.310582799618913,33.856873261642974,65.67521612594633,29.578914133059826
28.818106061532298,32.8215187978448,66.99482824356498,30.173243254735397
34.46577370663657,35.4570970322268,66.994828243565,30.173243254735397
41.24297488076171,35.08058585588651,66.994828243565,30.173243254735397
50.154664777007056,36.86967023291777,65.73794021004684,29.60716391139516
58.65195638136515,39.086354999272054,65.73794021004684,29.607163911395162
64.64157446410778,39.52780154915432,67.05881264268731,30.202060655866823
73.0127665563516,39.97811808456336,68.40622536511682,30.808910660625152
80.01438807829088,40.437482830118384,69.78071165137811,31.427954102529092
89.50970028830605,40.12174188922733,71.18281549058925,32.05943598431121
102.71127372078864,41.32188492854393,71.18281549058926,32.05943598431121
109.59704148063423,42.19994284424415,72.61309180224168,32.70360623154397
115.80499329647466,42.68755773984267,74.07210665582413,33.36071979155439
123.38653800777323,44.43382680116089,75.56043749485961,34.03103673432609
130.27111883450846,44.941233853056964,77.07867336544383,34.71482235542891
138.1603963883789,45.458836234846785,78.6274151493757,35.412347281016544
144.88253412603046,46.42872515799684,80.2072758019721,36.12388757493401
153.89783771139366,45.07642962019236,80.20727580197212,36.12388757493401
161.56084575895238,46.42872515799684,80.20727580197212,36.12388757493401
170.42700217564342,44.9645240455195,78.7025094222438,35.4461683657434
177.59786837690368,48.58918959611847,80.28387894406495,36.15838822671628
184.81699940415143,47.23560252850952,80.28387894406495,36.15838822671628
193.4855368876026,50.93309848401668,81.89702292368806,36.884918721355696
202.9987404454239,49.89831223770858,80.36055524711881,36.19292182885505
220.01111944180118,50.68944602742637,78.85291319615676,35.51390747002481
229.4114577497748,51.66211652564599,80.43730478100714,36.22748841282002
237.19244528353087,52.20227294922643,82.05353154597192,36.95540733749881
244.20749391338708,52.75328273582588,83.70223315532513,37.69795233713118
250.89308906316472,53.31536396206746,85.38406212611508,38.45541729344116
258.09097011935734,54.27508143622648,85.38406212611508,38.45541729344116
266.72842738678844,55.2347989103855,85.38406212611508,38.45541729344116
274.88602591714005,55.71465764746501,85.38406212611508,38.45541729344116
287.6834383031847,58.95454055531886,83.78217420800115,37.733956322687554
296.6297046060346,60.36710891892673,83.78217420800115,37.733956322687554
306.51768315128976,60.36710891892673,83.78217420800115,37.733956322687554
322.05593515097644,63.192245646142496,83.78217420800115,37.733956322687554
334.14239953246386,63.075352356121826,82.21033926275246,37.026030660323634
343.8448699984381,65.38546437183,82.21033926275246,37.02603066032364
357.5526701840726,67.58087612914812,80.66799346741495,36.33138637082048
368.8865305393099,67.12752171493864,80.66799346741495,36.33138637082048
386.56735269348,69.3942937859861,80.66799346741495,36.33138637082048
401.37804447923133,69.2817454158237,79.15458357690069,35.64977428272628
413.2417790340835,71.84040283337708,77.66956672553687,34.98094989928761
422.06454312431947,72.79847645553355,79.2301813297531,35.683822125614
409.6914355825177,69.32306160287521,80.82215336321183,36.400817163583966
418.77585145011443,70.68572398301473,80.82215336321183,36.400817163583966
409.54114503568667,74.20672687526735,79.30585128335467,35.7179024863964
421.12932346147466,73.76102770504474,79.30585128335468,35.7179024863964
436.37774735457054,75.1849844786056,80.89934375319113,36.43558230105556
456.23211583113095,76.4360771383681,79.38159350666184,35.75201539613016
474.9693591863429,76.88220198015887,79.38159350666186,35.75201539613016
492.66674106343436,78.55594776853508,77.89231772857656,35.08127287012228
508.7188375517381,79.32278224752807,76.43098221025696,34.42311412523024
524.899323518115,80.07523016705662,74.99706276529832,33.77730307750078
539.9332803291958,82.07801272258195,73.5900450415419,33.14360807214483
559.7849436186374,82.07801272258195,73.5900450415419,33.14360807214483
574.2601147671885,83.73231799670208,73.5900450415419,33.14360807214483
589.1488622342697,84.97304695229218,73.5900450415419,33.14360807214483
605.5550726908946,84.87037376961351,72.20942433657487,32.52180180044212
617.3237722213762,84.87037376961351,72.20942433657487,32.52180180044212
629.9902886710165,86.57272961377046,73.66032829976967,33.1752623640184
642.8233993025536,86.98670092446521,73.66032829976967,33.1752623640184
652.7587107592275,88.22861485654944,73.66032829976967,33.1752623640184
665.4548484129452,88.95378623572236,72.27838901262936,32.55286222706208
672.852799716073,89.4391535191925,73.73067868306013,33.20694688779044
682.056864775145,90.76300664769451,75.21214920983886,33.87417407160681
688.9097118146136,91.2680748574958,76.72338692391216,34.55480785122761
696.6710546163774,92.130446279914,76.72338692391216,34.55480785122761
715.2120401983686,90.40570343507761,76.72338692391216,34.55480785122761
721.6798258665051,92.56163199112311,76.72338692391216,34.55480785122761
723.4961386270286,93.93921995888215,78.26498993737432,35.249117605382324
727.5481941883714,93.58508969885966,79.83756838018599,35.95737812542727
730.6890061439423,93.13640227663527,79.83756838018599,35.95737812542727
731.6816677021083,94.12121874397137,81.44174464164907,36.67986972410148
734.5250864033592,94.21041733138733,83.07815361673372,37.416878346467854
737.8925374395151,94.76830770896096,84.74744295735475,38.168695683083435
739.4225269291198,95.33740777789117,86.45027332869688,38.935619285443636
740.497407649656,95.43209192662319,88.18731867069039,39.717952683746056
745.4535381393534,96.42331802456266,88.18731867069039,39.71795268374606
746.0544033892376,96.02429161292541,89.95926646474058,40.51600550702057
748.1840560304756,96.1228189655618,91.76681800581662,41.330093605673135
749.8407699340917,96.73905587643705,93.61068868000748,42.16053917649192
752.0568645981543,95.78939761161938,95.49160824765488,43.00767089016518
758.4968227909695,96.8627239770886,95.4916082476549,43.00767089016518
760.2207822623825,97.50397377695978,97.41032113217503,43.87182402136127
768.4324776033619,97.50397377695978,97.41032113217503,43.87182402136128
768.5487375242382,98.15810820905978,99.36758671468382,44.75334058142249
775.3686878040771,96.59160138151307,101.36417963454197,45.652569453725015
776.6290007938102,97.27228695271197,103.40089009593882,46.56986653175871
783.7257710049075,97.38553616384681,105.47852418063651,47.50559485998134
790.9651366198564,96.90827120508601,107.59790416699803,48.460124777502955
795.9311603702596,97.02611717097052,109.75986885542554,49.433834064657326
799.146413859457,97.14633101584755,111.96527390033759,50.42710809251848
802.4262714370126,97.26896031750971,114.21499214881709,51.44033997542145
806.4139198606576,96.75216494194663,116.50991398606327,52.47393072654759
816.2357119124371,98.06173721551721,116.50991398606327,52.47393072654759
818.3391257455025,96.87977173368766,118.85094768778524,53.52828941663611
819.8168607180842,96.34199977406342,121.23901977967591,54.60383333588459
822.0056515478702,95.79342236245446,123.67507540410895,55.70098815910252
831.7364127250044,97.87858547184031,123.67507540410895,55.70098815910253
835.2116845739808,98.5736398416356,123.67507540410895,55.70098815910253
835.359291668524,98.01403986409518,126.16007869420372,56.820188114183374
841.7404725437522,98.72305996134277,126.16007869420372,56.820188114183374
845.2855730299901,98.72305996134277,126.16007869420372,56.820188114183374
850.2487137107232,98.01403986409518,126.16007869420372,56.820188114183374
853.0847940997136,99.43208005859034,126.16007869420372,56.820188114183374
854.6534072581027,98.8612360387012,128.69501315540634,57.96187615396166
856.2535385606832,99.00218848798198,131.28088205473793,59.12650413152322
857.1480222709249,96.93257600302154,133.91870881786377,60.31453297903792
857.307855215833,97.07924967397106,136.60953743414112,61.52643289018573
858.8433474019354,97.07924967397106,136.60953743414112,61.52643289018573
861.1465856810888,97.07924967397106,136.60953743414112,61.52643289018573
862.6820778671912,97.07924967397106,136.60953743414112,61.52643289018573
863.4498239602424,97.84699576702224,136.60953743414112,61.52643289018573
863.4498239602424,97.84699576702224,136.60953743414112,61.52643289018573
863.4498239602424,97.84699576702224,136.60953743414112,61.52643289018573
864.7312877490679,102.26287404556587,134.04660985649014,60.3721372636101
865.4846301798898,101.5095316147441,134.04660985649014,60.3721372636101
864.8912733447883,100.14966050690349,136.7400083883366,61.58519461764782
865.6597526850726,100.91813984718776,136.7400083883366,61.58519461764783
867.9651907059256,101.68661918747203,136.7400083883366,61.585194617647836
870.2706287267783,101.68661918747203,136.7400083883366,61.585194617647836
876.1641924382071,103.80127689486243,134.17463304889046,60.42979656400414
879.934502046331,103.80127689486241,134.17463304889046,60.42979656400415
886.4715587011831,105.12219964858829,131.6573866419331,59.29607489980197
895.8456337763056,107.89817058424433,129.1873662219552,58.18362295492642
905.7698755643469,108.4439612173131,126.76368578358195,57.09204168878885
909.3319374206807,108.4439612173131,126.76368578358196,57.09204168878885
913.6064116482812,109.15637358857984,126.76368578358196,57.09204168878885
924.05687739466,110.40433703064622,124.38547594375981,56.02093954718957
931.0473456285613,110.40433703064622,124.38547594375983,56.02093954718957
940.60270366617,112.32793429008834,122.05188362990552,54.969932321865876
944.0323637970217,111.64200226391799,122.05188362990553,54.96993232186588
953.4084540390658,114.90137502319476,119.76207177390583,53.93864301267517
959.4660235166003,114.22831174791315,119.76207177390583,53.93864301267517
968.2158460952613,114.22831174791315,119.76207177390583,53.93864301267517
973.6003522975142,114.22831174791315,119.76207177390583,53.93864301267517
983.473601257199,116.75347223391378,117.51521901185814,52.92670169236361
986.775781030478,116.75347223391378,117.51521901185814,52.92670169236361
994.040576531692,116.09303627925797,117.51521901185814,52.92670169236361
1001.9658079875618,116.09303627925797,117.51521901185814,52.92670169236361
1007.3895508863172,116.22174412536145,119.87645230746341,53.99015790946827
1014.1266118292444,116.89545021965415,119.87645230746341,53.99015790946827
1021.5373788664642,117.56915631394685,119.87645230746341,53.99015790946827
1026.2533215265132,118.24286240823955,119.87645230746341,53.99015790946827
1033.664088563733,118.91656850253224,119.87645230746341,53.99015790946827
1038.380031223782,120.26398069111767,119.87645230746341,53.99015790946827
1031.1123375970406,119.04786247538749,122.28512986367727,55.074982152343225
1032.6327715232467,117.1200659255033,124.74220497802814,56.181603768730255
1035.5858588120302,115.85458580139152,127.24865010265168,57.310460733255354
1040.3552022951621,119.25273723883234,124.86134186127673,56.23526083828495
1040.8247411138789,120.48197248082629,122.51882184071779,55.18023273742253
1039.2198022666112,123.06525851722348,120.22024977046053,54.14499798822269
1013.6890329854057,120.4943760831109,122.63583524909839,55.23293343280005
1011.0785443938232,118.56105074462587,125.09995708675854,56.34272876426531
1009.821727674951,117.99500352009568,127.61359052450277,57.47482321332569
984.8724260515439,121.00352690356218,130.1777303989116,58.62966483615105
974.7854037112826,122.60930191873791,132.7933915358169,59.80771069170383
966.7346008491584,124.2473417712936,135.46160915194608,61.00942702263224
967.4958955811237,125.00863650325891,135.46160915194608,61.00942702263224
970.541074508985,125.00863650325891,135.46160915194608,61.00942702263224
975.8701376327422,123.48604703932827,135.46160915194608,61.00942702263224
977.9021280288952,127.86481874638443,132.92021782357068,59.86483092817309
979.1489842085073,127.67936782298051,130.4265054643466,58.74170856791186
974.7509996220133,125.48037552973358,130.4265054643466,58.74170856791186
958.7807211132194,124.89022695460606,133.04716523864172,59.92200571816691
950.714532831464,123.54049497569346,135.72048192978176,61.126018579062034
944.7745194222944,123.68914202794926,138.4475135731969,62.35422367037113
938.7151533236943,123.06270031984488,141.22933946342312,63.6071070865799
930.9466175878415,124.80479970984956,144.06706058126167,64.88516468927055
928.2497495644552,124.60379665813666,141.36422262770492,63.667855992630486
924.2774123595233,123.80932921715026,141.36422262770492,63.66785599263049
919.5106077136049,124.60379665813664,141.36422262770492,63.6678559926305
890.9097798380952,125.39826409912303,141.36422262770492,63.6678559926305
877.5725525606704,123.96415754290669,144.2046539529634,64.94713422309043
874.3308298595579,125.58501889346294,144.2046539529634,64.94713422309043
869.6403551025069,121.69080480837818,147.1021580648403,66.25211699103498
873.7739283966893,122.51751946721467,147.1021580648403,66.25211699103498
871.2937844201798,122.51751946721467,147.1021580648403,66.25211699103498
868.8136404436704,122.51751946721467,147.1021580648403,66.25211699103498
863.8533524906514,121.69080480837818,147.1021580648403,66.25211699103498
860.5464938553055,122.51751946721467,147.1021580648403,66.25211699103498
858.6195248847573,123.96571115065476,144.34237873524475,65.00916294182782
855.3747061285524,123.15450646160352,144.34237873524478,65.00916294182782
850.5074779942449,120.7208923944498,144.34237873524478,65.00916294182782
846.9942514546748,123.7643239737371,141.6343755457702,63.78952791756065
843.810308649234,121.37636686965651,141.6343755457702,63.789527917560655
842.7509507551633,123.56671501581647,138.97717712575047,62.59277443068153
840.9304152072235,124.15386563049232,136.36983032837634,61.418473201329824
839.1440346740034,124.73000072948126,133.81139988879832,60.26620300335193
835.1351067243952,123.7912858746441,131.30096808864369,59.13555051320595
800.4532467577218,123.05337396045957,131.30096808864369,59.135550513205956
795.2878633584301,122.31546204627503,131.30096808864369,59.135550513205956
793.0741276158765,120.83963821790596,131.30096808864369,59.135550513205956
791.5983037875073,120.10172630372142,131.30096808864369,59.135550513205956
790.6162348758619,119.91853456528938,128.83763442682752,58.02611016170096
793.2729303812484,121.18691562200223,126.42051529653972,56.937483988517904
791.6168811878044,121.7210168665313,124.04874366829193,55.869281499459746
788.9763167109658,119.0682629695842,126.54125507481893,56.99186297262839
786.8428297813218,119.0682629695842,126.54125507481895,56.9918629726284
785.8963612635446,123.15868586479334,124.16721825108567,55.922640281023334
781.7094399773235,122.46086565042316,124.16721825108569,55.922640281023334
764.9617548324395,124.55432629353368,124.16721825108569,55.922640281023334
757.2857324743676,122.46086565042316,124.16721825108569,55.922640281023334
757.7526610537972,126.47454824009223,121.83772066348618,54.873477245386916
753.4177305929762,125.61983124018519,119.55192671270053,53.843997527094146
755.2110679705745,124.10926730189394,117.30901647606349,52.83383184799807
756.3114835018787,125.26415139256977,115.10818541345515,51.842617857968364
758.6850710035555,125.10355190194444,112.94864407870953,50.870000004915
760.3793559117541,123.67642183958912,110.82961783643736,49.91562940725043
763.9104429456476,129.12755749435303,108.75034658416143,48.97916372874447
763.0970419778887,128.36465115085704,106.71008447966513,48.060267055727046
764.0980343809932,127.61605767118913,104.70809967345608,47.15860977659472
765.0802471945967,131.0007278166283,102.74367404624903,46.27386846357781
764.8891931046809,129.70253971402428,100.81610295137389,45.40572575672565
760.9230850694778,127.43619226533679,100.81610295137389,45.40572575672565
759.6024416154692,124.46259884563415,98.92469496201633,44.55387025006843
758.3065747150752,128.21627863541383,97.06877162320046,43.717996379914716
757.5805463826838,124.26215989500413,95.24766720842459,42.89780431524466
755.2622623471785,119.84693202861726,93.46072848086261,42.0929998501595
751.9369723091188,116.56503738667536,91.70731445904565,41.3032942983488
733.4921898825802,120.273247344466,93.54998952847126,42.13320139068553
726.7690758489468,116.69544846551145,95.42968946806684,42.979783806228575
726.7690758489468,120.44965485830159,95.42968946806684,42.979783806228575
726.0553070729901,116.5623045065127,93.63933582616033,42.17344132628595
722.8977866427157,111.29977045605528,93.63933582616033,42.17344132628595
726.0553070729901,113.931037481284,93.63933582616033,42.17344132628595
725.5290536679444,116.5623045065127,93.63933582616033,42.17344132628595
724.4765468578529,112.87853067119252,93.63933582616033,42.17344132628595
723.0095458654296,116.13860902822817,95.52083100091538,43.02083228285502
719.9025861779256,112.48543574841852,97.44013105821676,43.885249865914425
698.1143261588772,110.9493148097263,99.39799561156951,44.76703619147024
692.5281552207985,114.8596344663815,99.39799561156951,44.76703619147025
693.4605566800997,111.92786843863934,97.53319269296702,43.927163121259966
694.5568304694598,110.8315946492792,97.53319269296702,43.927163121259966
692.9124197854195,109.18718396523897,97.53319269296702,43.927163121259966
691.8161459960594,111.92786843863934,97.53319269296702,43.927163121259966
691.2680091013793,109.73532085991903,97.53319269296702,43.927163121259966
691.8161459960594,108.0909101758788,97.53319269296702,43.927163121259966
692.182917803891,109.05110518848396,95.70337528794389,43.103046885409846
691.6450644896262,109.05110518848394,95.70337528794389,43.10304688540985
691.6450644896262,106.36183861716017,95.70337528794389,43.10304688540985
691.6450644896262,108.51325187421918,95.70337528794389,43.10304688540985
691.1072111753614,105.28613198863064,95.70337528794389,43.10304688540985
691.4671019879222,103.53904623907327,93.90788703429249,42.29439187040655
691.8202408993657,104.46355083371387,92.14608388379759,41.500908008733276
693.2024772294019,105.88857214815847,90.41733387121388,40.722310674821536
692.6943314869628,102.83969769352416,90.41733387121388,40.722310674821536
692.1861857445238,102.83969769352416,90.41733387121388,40.722310674821536
692.0180527514638,104.23798422433559,88.72101688757775,39.95832058295488
692.8502989663666,104.1142002373956,87.05652445777187,39.20866368708811
694.1561894155361,104.9712545210817,85.423259522263,38.47307108254594
694.9575010652003,104.85207158098449,83.8206362229345,37.75127890956593
694.8016347744685,103.79298007284618,82.24807969293691,37.043028258650985
696.0353962001918,104.60269616781825,80.70502585048109,36.348065077697605
694.9781983818389,104.03653359356207,79.19092119650004,35.66614008086644
695.7210476720355,104.37109930441402,77.7052226161067,34.99700865916257
695.5765531255203,102.95257371228806,76.2473971837767,34.34043079269333
696.862085066979,102.09555241798222,76.24739718377671,34.34043079269333
696.7203013784685,102.41768233204272,74.81692197218604,33.69617096457234
695.8793586358588,99.8948541042134,74.81692197218604,33.69617096457234
695.4588872645539,99.8948541042134,74.81692197218604,33.69617096457234
695.8793586358588,99.8948541042134,74.81692197218604,33.69617096457234
695.3197635757197,100.21094054828022,73.41328386463502,33.06399807643868
695.5958329024631,99.69593106356231,72.0359793709916,32.44368536556111
696.00067536632,97.67171874427768,72.0359793709916,32.44368536556111
696.6764078282721,97.97605626530952,70.68451444708745,31.835010323497414
696.7607703061008,96.06723692965195,72.10477839587278,32.47467118592745
695.8162316778105,96.77709422734819,70.75202273545423,31.865414819784743
696.0822933801902,95.48550079815548,69.4246460848254,31.26758869469237
696.8626269029324,95.87566755952659,69.4246460848254,31.26758869469237
695.301959857448,93.53466699129993,69.4246460848254,31.26758869469237
696.0822933801902,93.92483375267103,69.4246460848254,31.26758869469237
696.0822933801902,93.53466699129993,69.4246460848254,31.26758869469237
695.301959857448,94.31500051404215,69.4246460848254,31.26758869469237
695.6921266188191,92.7543334685577,69.4246460848254,31.26758869469237
696.0822933801902,93.53466699129993,69.4246460848254,31.26758869469237
695.301959857448,91.58383318444437,69.4246460848254,31.26758869469237
696.0822933801902,91.19366642307327,69.4246460848254,31.26758869469237
695.77498543467,90.09920307050982,70.8195954986078,31.895848354334824
696.8373140074187,90.3984016143864,69.49095111732534,31.297451266581653
695.5364758892056,90.30144750714871,68.18723339482261,30.710280689271265
695.4096802500477,89.8230998555199,66.90797468277577,30.134126002166198
696.1617263680786,88.69503067847364,66.90797468277577,30.134126002166198
695.0336571910323,87.94298456044281,66.90797468277577,30.134126002166198
697.5414017742985,89.729749529353,65.6527161063976,29.568780536469163
697.050350623711,89.26918204466412,64.42100739983753,29.014041500690197
697.050350623711,89.99327463249662,64.42100739983753,29.014041500690197
697.050350623711,88.90713575074784,64.42100739983753,29.014041500690197
696.6883043297947,88.18304316291534,64.42100739983753,29.014041500690197
695.9642117419622,88.18304316291534,64.42100739983753,29.014041500690197
691.4998639547185,87.36907007755934,63.212406744669536,28.46970990790461
690.7893560469676,87.36907007755934,63.212406744669536,28.46970990790461
689.3683402314656,86.65856216980835,63.212406744669536,28.46970990790461
687.9473244159636,86.65856216980835,63.212406744669536,28.46970990790461
682.5009702667098,85.50460605607086,62.0264806114103,27.93559050437564
677.620723640495,84.80742796661161,62.02648061141031,27.93559050437564
672.043298924821,84.80742796661161,62.026480611410314,27.93559050437564
667.1630522986062,84.45883892188198,62.026480611410314,27.93559050437564
661.121698952443,84.02371023485242,60.86280360401062,27.411491699516237
650.4049988010221,82.91264663302277,59.72095830726424,26.89722549716481
644.3636227818404,81.90575062982583,59.72095830726424,26.897225497164815
638.3935241571561,81.63552765386856,60.9209315225321,27.437671449079346
627.095120946675,80.60840008927939,60.92093152253211,27.43767144907935
617.8509728653723,80.60840008927939,60.92093152253211,27.43767144907935
606.8949455097544,80.26602423441632,60.92093152253211,27.43767144907935
597.3084215735887,78.89652081496408,60.92093152253211,27.43767144907935
586.6947700728338,76.8422656857857,60.92093152253211,27.43767144907935
577.1082461366681,76.15751397605958,60.92093152253211,27.43767144907935
567.8640980553654,75.81513812119651,60.92093152253211,27.43767144907935
553.0286525029993,75.73014094627105,59.77799568958885,26.922914089204138
545.7090418421035,74.1158496844338,60.97911495697976,27.463876201998517
534.3998479249453,72.74503830053584,60.97911495697976,27.463876201998517
523.7760596997362,73.77314683845931,60.97911495697976,27.463876201998517
515.9666732558566,70.41290539242551,62.20436831381035,28.015707866525275
500.58476718847567,70.06331661816685,62.20436831381035,28.015707866525275
492.54422538052654,69.36413906964954,62.20436831381035,28.015707866525275
