550.0,207.0,470.0,438.0
546.4251968503937,206.99999999999997,470.00000000000006,438.00000000000006
546.4251968503937,203.4251968503937,470.00000000000006,438.00000000000006
546.4251968503937,203.4251968503937,470.00000000000006,438.00000000000006
546.4251968503937,199.8503937007874,470.00000000000006,438.00000000000006
546.4251968503937,196.27559055118112,470.00000000000006,438.00000000000006
546.4251968503937,192.70078740157484,470.00000000000006,438.00000000000006
546.4251968503937,189.12598425196856,470.00000000000006,438.00000000000006
546.4251968503937,189.12598425196856,470.00000000000006,438.00000000000006
546.4251968503937,185.55118110236228,470.00000000000006,438.00000000000006
546.4251968503937,185.55118110236228,470.00000000000006,438.00000000000006
546.4251968503937,171.2519685039371,470.00000000000006,438.00000000000006
546.4251968503937,167.6771653543308,470.00000000000006,438.00000000000006
546.4251968503937,167.6771653543308,470.00000000000006,438.00000000000006
546.4251968503937,167.6771653543308,470.00000000000006,438.00000000000006
546.4251968503937,167.6771653543308,470.00000000000006,438.00000000000006
546.4251968503937,171.2519685039371,470.00000000000006,438.00000000000006
546.4251968503937,174.82677165354337,470.00000000000006,438.00000000000006
542.8503937007874,174.82677165354337,470.00000000000006,438.00000000000006
542.8503937007874,174.82677165354337,470.00000000000006,438.00000000000006
542.8503937007874,171.2519685039371,470.00000000000006,438.00000000000006
542.8503937007874,167.6771653543308,470.00000000000006,438.00000000000006
539.2755905511812,164.10236220472453,470.00000000000006,438.00000000000006
543.684418749127,164.6362117161827,461.1823436041084,429.7826946778712
540.176682377938,161.12847534499375,461.1823436041084,429.78269467787123
543.684418749127,154.11300260261598,461.1823436041084,429.78269467787123
543.684418749127,143.5897934890493,461.1823436041084,429.78269467787123
543.684418749127,136.57432074667153,461.1823436041084,429.78269467787123
540.9950603064865,130.08268198051962,452.5301150046338,421.7195539830417
552.1238681623856,140.92247181466027,444.0402106154759,413.807685637401
548.7465142401302,147.67717965917112,444.040210615476,413.807685637401
552.1238681623856,161.1865953481928,444.040210615476,413.807685637401
556.2891809317118,161.69095843224568,435.7095850768236,406.04425162478447
552.9751894486346,148.43499249993687,435.7095850768236,406.04425162478447
563.6903398718144,152.2438847258457,427.5352501627726,398.4264671729668
564.449010313695,146.2258650805932,419.5142737094387,390.95159975475354
568.3842578868247,146.70237037861335,411.64377856317947,383.61696810781405
572.2456763941402,150.30088379606914,403.92094154854834,376.41994127290246
579.1068591406929,166.12071840779646,396.34299245561186,369.3579376501234
576.0922885497255,178.17900077166632,396.34299245561186,369.3579376501234
573.0777179587581,199.28099490843857,396.34299245561186,369.3579376501234
576.7956076634316,205.76032228801665,388.9072130462649,362.4284240729022
570.8795790246979,205.76032228801665,388.907213046265,362.4284240729022
571.5697031888692,209.16007687480322,381.61093607918883,355.62891489932906
578.0519181502532,212.49604876419266,374.4515443531019,348.9569711205502
578.7163904212744,207.22523951687526,367.4264697679601,342.4101994858861
575.9217578651569,215.60913718522778,367.4264697679601,342.4101994858861
579.3683965472519,246.76743666716376,360.53319240377,335.98625164436424
576.6261940116293,244.02523413154117,360.53319240377,335.98625164436424
576.6261940116293,233.05642398905084,360.53319240377,335.98625164436424
576.6261940116293,230.31422145342825,360.53319240377,335.98625164436424
582.7503729407948,227.98153055318693,353.76923961668416,329.6828233023566
580.6873878666604,217.62033473973176,347.13218515205483,323.4976533970212
578.0471129117427,217.62033473973176,347.13218515205483,323.4976533970212
578.6631063957889,210.09379997594655,340.6196482741275,317.4285232852506
581.8582840768215,210.4806928117427,334.22929291206214,311.4732559478365
574.2318760194212,200.31214873520884,334.22929291206214,311.4732559478365
582.4513811027311,200.69178308571117,327.9588268219762,305.6297152085649
582.4513811027311,210.66955540115276,327.9588268219762,305.6297152085649
585.5277941313651,216.0309536003146,321.80600076470824,299.895804967962
590.9941355686747,216.39647695412853,315.76860769900776,294.26946845141555
581.3872367316601,213.99475224487486,315.76860769900776,294.2694684514156
586.751024295487,219.15686744413517,309.84448198986104,288.74868747140226
592.0141819960835,221.86547032805808,304.03149863167033,283.33148170355645
592.0141819960835,219.55301764957292,304.03149863167033,283.33148170355645
594.3266346745686,219.55301764957292,304.03149863167033,283.33148170355645
594.3266346745686,221.86547032805808,304.03149863167033,283.33148170355645
592.0141819960835,224.17792300654324,304.03149863167033,283.33148170355645
594.8661450689154,217.58589915622056,298.3275724860063,278.01590797632065
590.3280074274797,222.1240367976562,298.3275724860063,278.01590797632065
597.6646025450879,222.46289217813734,292.7306575336615,272.8000595739227
598.1840593553006,218.3423925301327,287.23874614073543,267.6820655524299
600.8784982564238,214.29919745675681,281.84986833848916,262.6600900686344
600.8784982564238,216.44293745048566,281.84986833848916,262.6600900686344
607.8098668547709,210.33185664912264,276.56209111671023,257.7323317215298
603.6028241552572,204.02129259985207,276.56209111671023,257.7323317215298
605.706345505014,201.9177712500952,276.56209111671023,257.7323317215298
610.4041535479586,200.12838295827558,271.37351773033487,252.89702290614167
612.9497689035868,196.30850808180475,266.28228701907847,248.15242917948146
609.3716254581883,186.48429718230312,261.2865727398307,243.49684863839528
611.358961762827,188.4716334869418,261.2865727398307,243.49684863839528
607.8479477630385,180.8190706284035,256.3845829115754,238.92861130908503
616.103115469778,192.8105967376578,251.57455917260037,234.44607854808277
612.7226057482735,183.52901231862472,246.8547761497665,230.04764245446316
614.6001743254556,185.40658089580668,246.8547761497665,230.0476424544632
616.9157919805336,183.80940232213243,242.22354083961034,225.73172529308363
619.1879663998101,187.76921907180338,237.67919200105734,221.49677892864486
623.2252920336834,184.42362816161403,233.22009955952865,217.3412842703692
609.0343823067576,179.1020370140168,233.22009955952865,217.34128427036921
616.5436912230055,184.68853121738437,228.84466402222745,213.263750727097
620.4309495919584,183.20788012455625,224.55131590439493,209.2627156726063
619.1214914446363,185.17086600037777,220.3385151663305,205.3367439209633
624.5401473909154,188.7729112018018,216.20475066097376,201.48442721171597
626.568252925477,189.01848737311093,212.14853959185058,197.70438370474585
623.3410645530629,189.01848737311093,212.14853959185058,197.70438370474585
625.3311208583939,189.25945629697827,208.16842698118853,193.99525748459698
622.1644776736239,184.5094915198233,208.16842698118853,193.99525748459698
624.1171985902126,186.32926122506984,204.26298514801113,190.35571807410398
627.5869015080258,186.56127334172987,200.43081319602328,186.78445995714512
629.4670398504851,188.31340226512805,196.6705365111048,183.28020211034877
629.4670398504851,188.31340226512805,196.6705365111048,183.2802021103488
630.9629089001759,186.81753321543727,196.6705365111048,183.28020211034882
629.4670398504851,185.32166416574648,196.6705365111048,183.28020211034882
627.9711708007943,183.8257951160557,196.6705365111048,183.28020211034882
629.8160359222311,184.04918334974644,192.98080626823122,179.84168754358575
631.626289582524,185.73618569699818,189.36029894764528,176.46768284908225
631.626289582524,185.73618569699818,189.36029894764528,176.46768284908225
634.8428487711628,181.63046766256724,185.80771586010556,173.15697775899204
637.9990621859667,180.4282705358847,182.32178268104198,169.90838471126898
637.9990621859667,180.4282705358847,182.321782681042,169.90838471126898
642.4827949147411,179.2486277946984,178.90124899345082,166.720738423684
639.7613619429527,194.21650913953494,178.90124899345082,166.720738423684
638.4006454570584,213.26653994205418,178.90124899345082,166.720738423684
642.8002590058895,235.24120870439256,175.5448878393655,163.59289547583427
645.7821434089892,238.11097761610085,172.25149527974236,160.523733898994
647.3979460675587,235.6863520861055,169.01988996260337,157.51215277366023
648.6835052909298,238.25747053284772,169.01988996260337,157.51215277366023
651.5545531459624,237.16389255561114,165.8489126992807,154.5570718346489
655.6331782392806,239.87515381512753,162.73742604861158,151.6574310835998
651.9198531550419,239.87515381512753,162.7374260486116,151.6574310835998
654.6841842529602,237.58444906831312,159.68431390893397,148.81219040875126
657.3966538151639,237.7658265001595,156.68848111773679,146.02032921184832
658.8664678446216,235.56026717565393,153.7488530588211,143.2808460420503
660.0358761087983,237.89908370400727,153.7488530588211,143.2808460420503
661.205284372975,232.05204238312396,153.7488530588211,143.2808460420503
662.6475232639699,229.88786149326575,150.86437527683148,140.5927582367068
662.6475232639699,229.88786149326575,150.86437527683148,140.5927582367068
662.6475232639699,227.59292343410402,150.86437527683148,140.5927582367068
663.7949922935508,221.85557828619972,150.86437527683148,140.5927582367068
661.500054234389,219.560640227038,150.86437527683148,140.5927582367068
662.6475232639699,214.97076410871455,150.86437527683148,140.5927582367068
662.6475232639699,212.67582604955282,150.86437527683148,140.5927582367068
662.6475232639699,209.23341896081024,150.86437527683148,140.5927582367068
661.7677662937144,207.10984020598463,148.0340130990188,137.95510156887286
663.1563972111742,207.27798464337206,145.2567512640995,135.36692990143743
662.0515795687902,206.1731670009881,145.25675126409953,135.36692990143743
660.9467619264062,205.0683493586041,145.25675126409953,135.36692990143743
660.9467619264062,202.8587140738361,145.25675126409953,135.36692990143743
660.9467619264062,203.96353171622007,145.25675126409953,135.36692990143743
660.9467619264062,203.96353171622007,145.25675126409953,135.36692990143743
665.6237937065692,225.1200568059807,142.53159355807756,132.82731484774035
666.9608092571585,224.19786112942435,139.85756245689882,130.33534543855677
669.3364927035908,225.42046995103823,137.23369877580967,127.89012779532902
668.2926981107911,226.464264543838,137.23369877580967,127.89012779532902
668.2926981107911,224.37667535823846,137.23369877580967,127.89012779532902
671.6676060216485,225.57634685113834,134.65906132529395,125.49078480952926
670.6433940289917,223.5279228658248,134.65906132529395,125.49078480952926
670.3147537620439,222.26717969623587,137.3647658445031,128.01227114870713
669.9795101262124,220.98110441414036,140.1248360846167,130.58442171289812
669.9795101262124,233.77051816835365,140.1248360846167,130.58442171289812
669.9795101262124,250.82306984063808,140.1248360846167,130.58442171289812
669.9795101262124,250.82306984063808,140.1248360846167,130.58442171289812
669.9795101262124,250.82306984063808,140.1248360846167,130.58442171289812
671.0452946057302,248.6915008816025,140.1248360846167,130.58442171289812
671.0452946057302,245.4941474430492,140.1248360846167,130.58442171289812
674.491302561707,245.653308241532,137.49595809073418,128.13453115689697
673.4455132339605,241.47015093054569,137.49595809073418,128.13453115689697
676.8268707344196,242.67211504564165,134.91640040080222,125.73060292670507
679.1186213802467,239.74685192900898,132.38523771802602,123.37177472445832
680.3604591867212,239.8972217044984,129.9015621050771,121.05720042983785
679.372432562568,239.8972217044984,129.9015621050771,121.05720042983786
679.372432562568,239.8972217044984,129.9015621050771,121.05720042983786
680.5909722859001,238.0687171486759,127.46448265841295,118.7860497965636
682.756141306009,239.1829879696667,125.0731251887066,116.55750815458195
680.8535378938572,237.2803845575148,125.0731251887066,116.55750815458197
682.9780862406504,255.4971812852524,122.7266319072718,114.37077611784059
684.129321635101,278.0394850283825,120.42416111837096,112.22506929754576
686.1749005876696,297.4110477073791,118.16488691729587,110.11961802079918
688.1821024927183,299.342781083979,115.94799889411266,108.05366705451355
687.3002061700859,300.22467740661136,115.94799889411266,108.05366705451355
688.3878546956598,301.2382732666143,113.77270184296476,106.02647533450764
689.2532057869097,302.10362435786425,113.77270184296478,106.02647533450764
691.1858000612272,299.63679981027656,111.63821547682969,104.03731569968387
692.2330207258284,298.0653715510986,109.54377414762715,102.08547463119298
694.093780532667,299.022982868449,107.48862657157834,100.1702519964922
695.919630678629,298.327519187529,105.47203555971772,98.29096079820508
698.513442623946,298.4473196016908,103.49327775346057,96.4469269276931
701.0585921384345,297.7777062835881,101.55164336513165,94.6374889232504
703.5559921765508,294.8034610857174,99.64643592336174,92.86199773283502
706.0065385648389,294.9166444923902,97.7769720232608,91.1198164812516
707.6674221795489,293.54032818100944,95.94258108127818,89.41032024170185
708.5674101728571,292.1898329001091,94.14260509466183,87.73289581162108
709.4505135174728,309.48185148020724,92.37639840543025,86.08694149272014
711.0320096157229,328.878365166943,90.64332746877264,84.4718668751541
712.5972486671335,329.67075229165005,88.94277062579408,82.88709262574004
714.861496299611,331.1632340943673,87.27411788052417,81.33205028014808
715.6801698993185,329.0663256952607,85.63677068110925,79.80618203899121
717.1984450172396,330.52990706080726,84.0301417051097,78.30894056774056
718.7016491753031,331.2644829444803,82.45365464882514,76.83978880039453
717.2717279154606,331.2644829444803,82.45365464882514,76.83978880039453
720.1900651193507,330.55535621141945,80.90674402057225,75.39819974683121
723.0938915504802,333.4075098227113,79.38885493784082,73.98365630377512
718.833873145824,333.38655181002235,77.89944292825535,72.59565106931036
722.4244502625013,334.0675342642407,76.43797373427083,71.23368616087372
723.8564361987917,334.7357408263464,75.00392312153255,69.8972730366623
724.5600094141423,334.67645055456035,73.59677669083138,68.58593232039185
726.6803041726071,335.3198199000849,72.21602969358686,67.29919362934271
725.2128437042408,335.2361583820191,70.86118685079205,66.0365954056318
727.3074773018018,335.85561370950995,69.53176217535511,64.79768475065015
729.3896402504349,337.17840808345306,68.22727879777396,63.58201726260644
728.5997239919386,332.77011386674815,66.94726879508146,62.38915687711854
732.0875643976646,335.50023633967345,65.6912730229997,61.21867571079554
730.558898543779,331.7847334616664,64.45884095124327,60.070153907754445
733.3084356582082,334.4931025607993,63.24953050191244,58.943179489016345
733.9017469637054,330.7562544234159,62.06290789091811,57.83734820472801
735.1988878028947,332.01375746112313,60.89854747238196,56.75226338915602
735.7701457461078,330.4012393567367,59.75603158595567,55.687535818401294
737.0456469655046,330.92361548054583,58.634950407004595,54.64278357078306
739.7405531589695,331.43619132101634,57.534901799602224,53.61763188984212
738.1353765828657,328.36434759137387,56.45549117228252,52.6117130499144
741.5247990204427,330.28779226406044,55.39633133649852,51.624666224226324
742.0444435048238,331.48701732836236,54.35704236773637,50.656137355465
742.5543389540744,326.24251145233654,53.33725146923504,49.705779028776526
744.4845895294031,328.85365768291507,52.336592838262746,48.77325034714702
744.9755321810834,330.7410957117703,51.35470753490214,47.8582168091216
742.5974217522008,325.47034398255227,50.3912433532973,46.960350188817515
745.9299586008764,328.77069738755193,49.44585469531616,46.07932841818828
748.5386666150066,329.917904490819,48.51820244658321,45.21483547149673
749.7087515408006,329.6270809706684,47.60795385483793,44.36656125195538
750.1553372629319,332.18814274616307,46.714782410575324,43.53420148049363
748.4486627134929,330.45163280334026,45.83836772992576,42.71745758661169
752.453452008196,330.85234329600496,44.97839543973211,41.916036601282286
753.5903318255919,332.6754573305578,44.13455706478297,41.12965105186159
748.585607416143,334.82033922032156,44.13455706478297,41.12965105186159
751.1444928797175,328.0565490175539,43.30654991716142,40.35801885897172
753.695611234227,329.86504808922336,42.4940769876698,39.60086323531783
751.2343837887313,327.37668089399546,41.69684683929142,38.85791258640351
754.4853629767365,328.4561476105641,40.91457350265101,38.12890041310882
752.72427965158,325.23901205946413,40.14697637343647,37.41356521609613
754.5307990422682,326.30493009642885,39.3937801117451,36.71165040200928
753.8158384123469,327.0198907263501,39.3937801117451,36.71165040200928
754.1853711965605,323.07450005211086,38.65471454331812,36.02290419143266
751.6881286672204,321.9824911236962,37.92951456262821,35.34707952857696
753.4738471894844,320.8841426318125,37.217920037785184,34.68393399265941
751.6780874600005,321.9244554025902,36.519675717225695,34.03322971094653
752.0206597495365,322.9586642512706,35.8345311381536,33.39473327342828
751.6418444203431,317.5522380240681,35.16224053669803,32.76821564909309
749.8268014190498,319.2895410565704,34.50256275975697,32.153452103773546
748.0055703199172,320.3061166786117,33.855261178494786,31.550222119533473
749.0381097373546,316.3123093010673,33.220103603462576,30.958309315567284
748.6347698085091,319.46255579324423,32.59686220131097,30.377501370583445
747.5106229427893,314.7427870957651,31.985313413065462,29.807589946644015
746.380739452512,317.1672786516344,31.385237873935,29.248370614433075
747.3901088520882,318.8715638287298,30.796420334625033,28.69964277992719
744.1041910777311,319.8557410423939,30.218649584126787,28.161209612441592
746.5325385725806,317.97502497183774,29.65171837395512,27.63287797402629
745.3807648278118,318.9491954136788,29.095423343807706,27.114458350186787
744.2237727655636,321.3484240875837,28.54956494861898,26.605764781904526
745.9215028062243,317.30823529954205,28.013947386982565,26.106614798932718
743.3244447145723,318.9830492816791,27.488378530916606,25.616829354343594
744.2972596814785,319.2233475786991,26.97266985694676,25.136232760303606
740.9754732711046,321.6040195360879,26.466636378482118,24.664652625053577
743.3686250603795,317.5456221735516,25.970096579459856,24.20191979107113
742.8972765455708,318.4876085618118,25.482872349234754,23.74786827439327
742.4213576309216,314.4206113169422,25.00478891869024,23.30233520507732
739.7960721718077,316.0691197949339,24.535674797548094,22.865160768778892
741.4561499739973,316.99856673453166,24.075361712854225,22.436188149425885
741.6819885561151,311.4893440333906,23.623684548618577,22.015263472967984
739.758708297367,313.8407397835476,23.180481286587398,21.602235752181482
739.2611918366761,314.0433792433835,22.745592948126706,21.196956832509606
735.1847927626138,314.24221699017886,22.318863537196073,20.79928133891893
738.2539970587006,311.5774818280769,21.900139984392265,20.409066623752828
738.4594310048755,313.19885004201416,21.489272092042693,20.026172715563227
734.3712470312048,314.1016658952659,21.086112480328957,19.650462268902338
737.4288875238436,312.1411148824251,20.690516534421164,19.28180051505635
734.7631320950672,313.7519087929441,20.302342352604057,18.920055213703385
732.0937354039961,312.4994668372141,19.92145069537635,18.565096605478416
735.855411433538,312.67361645723923,19.547704935505017,18.21679736542811
738.5188679355884,313.2055620324287,19.94047697077412,18.58282747489166
737.2472666235086,315.56785697819265,19.566374259500765,18.234195586513508
733.8525913959811,313.59197219514124,19.199290078365237,17.892104370902103
734.7476506886217,312.3298875614073,18.839092752926774,17.556431118684984
732.4135018535156,314.2983887659372,19.217626643611332,17.909192489152723
727.844473964291,312.65981139587836,19.603766415761413,18.26904189383727
730.8203967158289,316.3797148353008,19.603766415761413,18.26904189383727
733.5993702280709,316.9401555937988,19.997664894353306,18.63612175261014
732.8404407362248,314.6633671182604,19.997664894353306,18.636121752610144
730.5636522606862,316.1812261019527,19.997664894353306,18.636121752610144
730.5636522606862,317.699085085645,19.997664894353306,18.636121752610144
728.286863785148,316.1812261019527,19.997664894353306,18.636121752610144
730.5636522606862,316.1812261019527,19.997664894353306,18.636121752610144
731.8806047040174,320.547575255842,20.39947797507555,19.01057734698534
735.5465546591699,318.0340495041481,20.809364686028744,19.39255687761832
737.1260231271376,318.82378373813197,20.809364686028744,19.39255687761832
732.3876177232341,318.0340495041481,20.809364686028744,19.39255687761832
736.3362888931538,321.9827206740676,20.809364686028744,19.39255687761832
739.2861645467711,318.62895641546095,21.22748725066512,19.782211522960303
736.8693574549292,321.8513658712503,21.22748725066512,19.782211522960303
739.8785049600547,320.0414191552902,21.654011151992734,20.179695499091146
740.7002942923008,320.8632084875363,21.654011151992734,20.179695499091146
740.7002942923008,323.3285764842747,21.654011151992734,20.179695499091146
741.5220836245469,324.15036581652083,21.654011151992734,20.179695499091146
743.9874516212853,324.15036581652083,21.654011151992734,20.179695499091146
746.4528196180238,325.7939444810131,21.654011151992734,20.179695499091146
748.096398282516,324.972155148767,21.654011151992734,20.179695499091146
744.8092409535315,325.7939444810131,21.654011151992734,20.179695499091146
743.9874516212853,327.4375231455054,21.654011151992734,20.179695499091146
747.8788512594775,327.2347878346738,22.089105198069724,20.585166120754383
749.5554543500755,323.04328010817903,22.089105198069724,20.585166120754383
762.9682790748589,306.27724920219987,22.089105198069724,20.585166120754383
765.6903902423826,301.44053878328396,21.674692134815928,20.19896841499872
765.0711351839951,298.33971813708354,21.26805386304669,19.82001615322228
765.2706398554565,297.7184976081417,20.869044520124003,19.448173403860288
766.2584007632827,299.4849291927569,20.4775209799346,19.08330678555612
770.3361921766394,302.77250173520815,20.093342801550076,18.725285419316922
771.2872380430558,305.998396224349,19.71637217885022,18.373980881566844
777.458220615456,301.6812280147014,19.346473891091456,18.029267158081016
767.1791937653475,303.8838766254389,19.346473891091456,18.029267158081016
790.8555915982256,315.8004591623544,18.98351525440266,17.691020598783798
805.794147199571,317.06360951318,19.364951026409372,18.046486275675164
831.3217071849676,314.6775532060214,19.754050987383017,18.409094324412305
840.1194575933553,313.7429221164218,20.150969133872508,18.778988256672722
842.2112534616385,312.7895114843389,20.555862556679408,19.156314467714047
842.2112534616385,311.22928428711197,20.555862556679408,19.156314467714047
840.4445117912359,307.9163759793583,20.96889150303077,19.541222294313826
833.4791143841552,304.12074002652867,20.575494736485112,19.17460998846915
829.5748210960791,306.46331599937434,20.575494736485112,19.17460998846915
825.6705278080029,306.46331599937434,20.575494736485112,19.17460998846915
818.642799889466,310.3676092874504,20.575494736485112,19.17460998846915
810.0533546556986,312.7101852602961,20.575494736485112,19.17460998846915
813.7509362359046,313.2984061986622,20.988918152225306,19.559885426967462
828.0888083471128,315.6880515505302,20.98891815222531,19.559885426967462
859.95074637202,318.8742453530209,20.98891815222531,19.559885426967462
895.5845614838244,321.0673823159469,21.410648484657973,19.95290220485152
927.0590458508238,322.4920324812279,21.840852644660206,20.3538158688536
942.5883443104248,323.94530814227994,22.279700896849363,20.76278509110648
950.1981577323978,327.32744744093463,22.279700896849363,20.76278509110648
952.7347622063888,331.555121564253,22.279700896849363,20.76278509110648
966.0394863859475,334.7286675424899,22.727366926969758,21.179971731942082
982.199114856133,337.10345542417184,23.18402791063336,21.605540903951994
996.0438741798897,333.3669759424401,23.64986458344172,22.0396610373351
1000.531543066573,314.5187666183703,23.64986458344172,22.0396610373351
1011.9618838074119,307.1170749450655,24.125061312516813,22.482503946558275
1029.357674354381,301.6236674039174,24.125061312516813,22.482503946558275
1044.9223290543007,296.1302598627693,24.125061312516813,22.482503946558275
1057.7402799836461,295.21469193924463,24.125061312516813,22.482503946558275
1072.389366760041,293.38355609219525,24.125061312516813,22.482503946558275
1090.4583528020582,296.81995731039484,24.609806169469216,22.93424489835647
1095.1281749511186,297.7539217402069,24.60980616946922,22.93424489835647
1101.665925959803,297.7539217402069,24.60980616946922,22.93424489835647
1109.1376413982994,294.95202845077074,24.60980616946922,22.93424489835647
1118.7081376270285,291.4313050838767,24.148102308252465,22.503976193648093
1124.433312652316,289.80951860651766,23.695060459812023,22.081779747654657
1139.043567852394,291.815154425408,23.250518116376913,21.667504116964068
1148.0854511738823,295.54791900331105,22.81431581897975,21.26100069938969
1150.682923009137,300.74286267382075,22.814315818979754,21.26100069938969
1155.2260520939226,313.0638364143718,22.386297100258222,20.862123680666222
1163.0822686538984,320.05617524053133,21.96630842832966,20.470729982145563
1178.9214532909582,322.55709913059343,21.96630842832966,20.470729982145563
1189.758790147894,326.7253056140302,21.96630842832966,20.470729982145563
1197.040877300455,329.0205703153267,22.40767746358009,20.882048359676816
1205.319675081434,330.5115621190046,22.857914926855806,21.301631357367803
1212.0298616048053,332.0325124209938,23.317199011481122,21.729645036231396
1217.9899670883588,332.6991143597691,23.785711491218812,22.166258793944394
1221.3617610998801,324.3522174262556,24.263637792211874,22.61164543189112
1230.3262667269862,315.83760629265703,24.751167066370787,23.065981223554108
1231.9562625347749,310.90922789299265,25.248492266235374,23.529445984278983
1230.7444004116685,306.8400267316973,25.755810221340845,24.002223142441103
1227.5532757002084,306.5988883968968,26.273321716118247,24.484499812042174
1207.6113486757645,314.5756592066744,26.273321716118247,24.484499812042177
1205.8636124874386,321.7850101613658,25.78040868788112,24.02514681977013
1202.191885816278,327.8807168360325,25.296743186699427,23.574411735690166
1197.1375705274563,321.88367063845396,25.80503064754978,24.04809239069539
1188.3236519975212,324.82164348176565,25.80503064754978,24.048092390695395
1191.2616248408328,320.90434635735005,25.80503064754978,24.048092390695395
1183.6690943085289,323.0885777021938,25.320903214495424,23.59692682542346
1194.239557581267,325.9714313220315,25.320903214495424,23.59692682542346
1200.0052648209423,326.93238252864404,25.320903214495424,23.59692682542346
1209.8522992532157,329.0756355724495,24.845858482199574,23.154225564262646
1218.5716709286871,327.4069877925767,24.3797260503762,22.71982980864852
1218.326740010922,320.7021042558178,24.86958788590641,23.176339348993693
1222.102033535718,311.26387044382733,24.869587885906412,23.176339348993693
1206.0570360553343,311.26387044382733,24.869587885906416,23.176339348993693
1204.169389292936,332.0279848302063,24.869587885906416,23.176339348993693
1210.7761529613294,352.7920992165853,24.869587885906416,23.176339348993693
1220.4476755825597,372.82979553761,24.403010267426943,22.741528717304313
1224.3810530194548,379.5259364850596,23.945186098142713,22.3148755552905
1225.289794515706,383.16090247006446,23.945186098142713,22.3148755552905
1228.6841951885758,391.1153895390591,24.426316722412697,22.763248349822952
1226.5847945193532,409.4267153472202,24.917114704316134,23.220630298915943
1220.9110321173764,422.66549428516595,24.917114704316134,23.220630298915943
1223.7479133183647,424.5567484191582,24.917114704316134,23.220630298915943
1218.30788555026,450.30650001451306,24.449645436572133,22.784988725997067
1225.0324383901743,454.23177901135574,23.99094634622942,22.357520212018116
1227.9889195324818,457.17293782345075,23.540852896243624,21.938071422456883
1227.3163474772903,456.4853308998406,23.099203636445097,21.526491899495703
1220.5199436567714,430.38818897333095,22.665840145626152,21.122634008051662
1219.8723710833997,432.30670785360195,22.240606974714794,20.726352882819377
1225.1453058247503,434.18923345669145,21.823351591014568,20.33750637630725
1228.662883279533,437.69287296194125,21.41392432349052,19.95595500784867
1227.2384006473549,441.1307807878455,21.012178309081655,19.58156191356977
1217.6692263116884,440.3333495932066,21.012178309081655,19.58156191356977
1207.8889531266398,432.16231148505324,21.434376007846033,19.97501423709913
1210.329315065538,429.721949546155,21.434376007846033,19.97501423709913
1218.2485144033026,425.4540006674582,21.865056924971682,20.376372198165164
1224.2622102264647,433.9431280364221,21.454847224884425,19.994091669147675
1231.791545038069,441.45876025167655,21.052333457107018,19.618983094070007
1230.3911159096458,438.4469753631781,20.65737123847616,19.250911920111886
1236.072653696655,437.05962637381685,20.269818894596888,18.889746118794605
1238.570568387264,443.39088522476266,19.88953740902347,18.535356138621925
1240.2667938168026,439.79062608545973,19.516390373393676,18.18761485860948
1222.6739145233953,427.36993504823255,19.150243938498626,17.846397542686006
1224.1274527217554,430.2770114449529,19.150243938498626,17.846397542686006
1227.2141677045897,435.5318030130815,18.790966766270564,17.511581794950068
1233.1101211357593,439.2708733022797,18.43842998267143,17.183047515766194
1239.7177282306538,437.2871767410567,18.092507131465254,16.86067685868469
1239.1724841020362,440.3051805959993,17.75307412885785,16.544354188169706
1243.6287803364987,439.74541404110266,17.420009218987506,16.23396603812032
1245.2221097407098,442.0425784143417,17.093192930250705,15.929401071169854
1221.0737907722887,430.0376732218908,16.772508032447227,15.63055003874874
1221.9460856710689,428.0394134805531,16.457839494729242,15.33730574189666
1226.9508100805176,425.8945315907893,16.457839494729242,15.33730574189666
1234.8153770096515,418.02996466165547,16.457839494729242,15.33730574189666
1239.9744839442951,421.74863918580513,16.149074444339334,15.049562992809891
1234.09255722852,429.46201068033173,16.473557797149446,15.35195386202442
1228.4124765281574,430.3353457952123,16.164497856142795,15.063936299979925
1219.2607423393094,408.29170545947187,15.861236179743658,14.781322227080302
1222.1205848589946,386.1279259319128,15.861236179743658,14.781322227080302
1228.395880619006,367.39044900020565,16.179935998303247,15.078323334589028
1234.9598176237305,349.8866169876072,16.17993599830325,15.07832333458903
1240.9462039500654,346.38142731213566,15.876384687365896,14.795439346949536
1250.090066878351,322.6165506313082,16.19538888488914,15.092724109747794
1235.4896091236803,225.52350656274785,16.19538888488914,15.092724109747795
1239.7070394756495,227.56194617317988,16.52080283375322,15.395982215284958
1238.0516807547467,232.62010910117138,16.852755325091824,15.70533368593668
1244.1289153039804,236.4183806944424,16.852755325091824,15.705333685936681
1246.5659652873694,241.12363026171377,16.536581270239285,15.410686375244314
1246.5659652873694,239.63282532977365,16.536581270239285,15.410686375244314
1248.0567702193096,241.86903272768382,16.536581270239285,15.410686375244314
1254.01998994707,241.86903272768382,16.536581270239285,15.410686375244314
1255.51079487901,226.96098340828271,16.536581270239285,15.410686375244314
1253.4297086423803,216.66990860521446,16.226338947678205,15.121566934219306
1238.2221417505305,224.12593616381068,15.921917072350757,14.837871654658832
1240.3752293908506,209.05432268156918,15.921917072350759,14.837871654658832
1249.1369352647994,192.6865038794303,15.623206447014866,14.559498774026657
1249.2834885267696,183.528590857992,15.330099923074744,14.286348438950544
1253.7170560867612,181.51772185300123,15.042492362146323,14.018322669404482
1242.1265616085047,167.0776741758779,15.34474116117893,14.299992826800827
1238.4799299392134,165.61902150816135,15.34474116117893,14.299992826800828
1231.915992934489,164.88969517430309,15.34474116117893,14.29999282680083
1234.8332982699221,161.97238983887001,15.34474116117893,14.29999282680083
1229.5738529908385,158.1820932916442,15.653063045330498,14.587322582669739
1236.4165125131572,150.13514189328725,15.359396382613575,14.31365024592503
1253.3511175265076,142.23915911719658,15.071239191655728,14.045112267968568
1255.6414739160286,146.6688707863623,14.788488109416758,13.78161232324374
1248.491867616816,153.10351645565365,14.788488109416758,13.781612323243742
1237.7674581679971,158.10824086510246,14.788488109416758,13.781612323243742
1229.3266538076268,161.81232222965318,14.511041712047467,13.523055893354913
1219.3172049887291,161.81232222965318,14.511041712047469,13.523055893354915
1202.8731105005402,160.38240096981065,14.51104171204747,13.523055893354915
1189.2888585320363,161.0973615997319,14.51104171204747,13.523055893354915
1179.99437034306,162.52728285957443,14.51104171204747,13.523055893354915
1218.7383649755773,211.98641915423718,14.238800478508564,13.269350233163337
1219.3102754964912,197.5538960286945,14.524900696523236,13.535971287398286
1212.0170121579085,180.0500640160961,14.524900696523236,13.535971287398286
1195.3787570999411,161.9438796524021,14.252399454977727,13.282023321872895
1191.218590745047,145.60867181671154,13.98501060133733,13.032839666778226
1194.9245800842018,130.00179232232082,13.722638222240532,12.78833093902419
1202.917872022579,125.11702866616699,13.465188203753625,12.548409432434262
1191.3432239305498,129.99568548025286,13.735744230331647,12.800544623160164
1223.2955864659039,148.10024315515295,14.011736539151702,13.057745966273322
1227.0154899053264,154.0520886582288,14.011736539151702,13.057745966273322
1223.1548175547632,156.89682676491657,14.293274361432877,13.32011525597365
1217.6987137309682,159.798724194382,14.58046912317715,13.58775633181193
1192.0043351977704,161.21057212464606,14.873434489269147,13.860775119787029
1164.3636370083339,158.05163518871046,14.873434489269147,13.860775119787029
1138.302407286865,154.89269825277484,14.873434489269147,13.860775119787029
1119.1993597116548,155.5431802095178,15.172286408462032,14.13927967426891
1096.4900651457267,155.40112993627025,15.47714315926726,14.423380220763995
1079.076998049808,154.4344361146362,15.788125396766418,14.713189199539807
1064.8258717797257,138.50670675395602,15.78812539676642,14.713189199539807
1053.0896501455404,120.06407275737894,15.78812539676642,14.713189199539807
1044.7066346925508,99.94483567020394,15.78812539676642,14.713189199539807
1027.9406037865717,78.14899549243104,15.78812539676642,14.713189199539807
1001.1149543370052,51.323346042864394,15.78812539676642,14.713189199539807
981.8340187951292,49.64674295226648,15.78812539676642,14.713189199539807
960.8764801626552,51.323346042864394,15.78812539676642,14.713189199539807
943.9518338548773,48.66062535167434,16.105356200363648,15.00882131012616
929.4143597046503,53.79149858116624,16.10535620036365,15.008821310126162
898.629120327699,51.22606196642029,16.10535620036365,15.008821310126164
877.2504818714827,52.93635304291759,16.10535620036365,15.008821310126164
849.0306791092773,52.08120750466894,16.10535620036365,15.008821310126164
819.1005852705746,49.51577088992299,16.10535620036365,15.008821310126164
796.8668012761096,52.08120750466894,16.10535620036365,15.008821310126164
768.4851960528373,46.79954815188486,16.428961122497558,15.31039355671053
738.6609912582651,44.90107632792001,16.759068238331903,15.618025294445516
720.8638779862338,49.35035464592784,16.759068238331906,15.618025294445518
701.2870533869993,44.011220664318444,16.759068238331906,15.61802529444552
684.2114257995131,44.74416983679936,17.095808196444708,15.931838276686815
676.0418059984603,48.37511197060061,17.095808196444708,15.931838276686817
672.4108638646591,44.74416983679936,17.095808196444708,15.931838276686817
662.2540199596601,41.86090402320169,17.43931427053587,16.251956703180284
644.4852972818866,39.845679413135336,17.78972241217375,16.578507269217287
613.1354238452147,39.67912343985515,18.147171304601557,16.91161921577767
607.1717499455898,37.582101409699405,18.511802417624914,17.25142438068029
596.3596241223704,39.54794246846656,18.511802417624914,17.25142438068029
587.5133393579182,39.54794246846656,18.511802417624914,17.25142438068029
577.6841340640824,40.530862997850136,18.511802417624914,17.25142438068029
566.872008240863,42.49670405661729,18.511802417624914,17.25142438068029
555.07696188826,45.44546564476802,18.511802417624914,17.25142438068029
546.2306771238078,55.27467093860379,18.511802417624914,17.25142438068029
536.5751215246394,79.02659038054215,18.164503028290333,16.927770907215297
539.4685614819864,110.85442991136,18.164503028290333,16.927770907215297
547.1844013682453,132.0729895985719,18.164503028290333,16.927770907215297
556.8292012260689,134.96642955591898,18.164503028290333,16.927770907215297
564.3625514326541,133.83188471971727,18.52948238763777,17.267900608053978
572.04726924494,134.64226203839513,18.901795277252578,17.614864534971606
579.8863960922284,132.45803836845923,19.281589049758416,17.96880000807279
586.859240651832,131.2537209557507,19.66901401853521,18.329847106634997
593.9721905771715,130.02520519326865,20.06422351720964,18.698148724548616
601.228061005361,127.70665548503459,20.467373960340936,19.07385062687097
607.7485936669573,145.0947425826246,20.467373960340936,19.07385062687097
614.2691263285535,162.48282968021462,20.467373960340936,19.07385062687097
621.6707889612566,179.67929133748177,20.878624905326067,19.45710150751669
628.1125815805109,196.11268987810078,21.298139115548786,19.848053048107225
630.5741015705737,200.82234046112006,20.898565344074722,19.47568429937182
635.2087418503726,203.22433263085057,20.506487964561657,19.110301549953263
638.6675994995098,201.22593198092363,20.121766337416993,18.751773735720576
644.1983750757288,205.67545163370914,19.744262461583457,18.39997225143315
651.7221087664295,204.79969188963125,19.373840925037616,18.05477090460958
658.9229538727226,206.85707620571498,19.373840925037616,18.05477090460958
666.1237989790156,204.79969188963125,19.373840925037616,18.05477090460958
669.2098754531412,206.85707620571498,19.373840925037616,18.05477090460958
675.3820284013924,208.9144605217987,19.373840925037616,18.05477090460958
680.5254891916018,213.02922915396616,19.373840925037616,18.05477090460958
689.7837186139785,219.20138210221734,19.373840925037616,18.05477090460958
699.2236840707656,243.03066425435404,19.01036885621709,17.716045870261944
695.1861124938046,261.19973635067845,19.01036885621709,17.716045870261944
698.0233035058113,284.2377886633685,19.392344197645063,18.07201437993312
699.8878275711581,301.56069680719213,19.781994569608344,18.43513536486912
700.7394516406322,334.98713231311484,20.179474186495483,18.805552539755436
700.7394516406322,353.2021025814985,20.179474186495483,18.80555253975544
697.5250451226822,362.8453221353486,20.179474186495483,18.80555253975544
696.4535762833655,373.5600105285155,20.179474186495483,18.80555253975544
694.310638604732,386.4176366003157,20.179474186495483,18.80555253975544
687.6790924814173,400.15780152784197,20.584940361324737,19.183412506936747
687.4722858780773,404.33706682491135,20.998553568004834,19.56886481443863
680.5715670970939,399.68063034951143,21.420477504846755,19.962062015155148
681.4937286192076,392.6559073972789,21.850879159351642,20.36315972722566
682.858915845978,385.8856314960831,21.440935447914807,19.981127076993033
681.5050608839425,383.407993894788,21.87174816386976,20.382607863351055
682.4466498178737,387.8485138323264,22.311217199726396,20.792155603149368
686.0006235898064,384.29454006039356,22.3112171997264,20.792155603149368
691.9239132096944,390.21782968028157,22.3112171997264,20.792155603149368
688.3699394377617,380.7405662884608,22.3112171997264,20.792155603149368
690.7392552857169,367.7093291247072,22.3112171997264,20.792155603149368
693.1085711336722,354.6780919609536,22.3112171997264,20.792155603149368
692.884421490075,342.62262432991054,22.759516486920504,21.20993238568345
695.0726905189774,335.1587712103333,23.216823451692196,21.63610355710899
701.0031570404387,331.24317549298564,23.683319085307048,22.07083778588198
703.5181817806257,335.01571260326614,23.683319085307048,22.070837785881984
705.795272055622,339.8240274118243,24.159188015688123,22.51430712951371
706.8353363393683,352.42563308670555,24.644618580487347,22.96668710266703
710.7609997072733,375.9796132941361,24.644618580487347,22.96668710266703
838.9993363921727,429.6303459888389,24.644618580487347,22.96668710266703
842.6774075995089,424.16539334298847,25.139802901625078,23.42815674662092
845.3471020808132,418.8260043803799,25.139802901625078,23.42815674662092
831.7460626444407,423.9300223662336,25.64493696132743,23.898898700130776
831.7460626444407,430.73836399752633,25.644936961327435,23.898898700130776
829.0227259919236,430.73836399752633,25.644936961327435,23.898898700130776
827.403415806483,427.7749270592184,26.160220679691385,24.379099271712505
828.7924441344211,424.9968704033422,26.160220679691385,24.379099271712505
833.2049246897185,429.39264317504933,25.669429536724962,23.921723695926772
824.7692239197802,420.97450073184064,26.18520538440638,24.402382890149028
827.5499337996516,425.14556555164773,26.185205384406384,24.40238289014903
830.3306436795231,425.14556555164773,26.185205384406384,24.40238289014903
831.7209986194588,426.53592049158345,26.185205384406384,24.40238289014903
835.8920634392658,422.36485567177635,26.185205384406384,24.40238289014903
839.8000585931784,427.6811168918133,26.71134471619526,24.892699969560795
848.5603720261729,419.4048744531563,26.210213951132225,24.42568874594886
862.7230647481522,423.809047729739,25.718484885847353,23.96743910638551
857.5020226320149,413.10928596261033,25.235981135323236,23.51778667504601
844.1024825021844,418.4691020145425,25.235981135323236,23.517786675046015
850.5487192826237,412.8730145187794,25.743047704275284,23.990329562707714
854.6493524095214,406.0386259739498,25.743047704275284,23.990329562707718
862.591991134556,405.7976071279981,26.260302761797288,24.472367254611203
852.5677703234544,409.73477263869114,26.787951025190083,24.964090529858108
858.2572059405312,402.62297811734504,26.787951025190086,24.96409052985811
861.1019237490697,411.1571315429603,26.787951025190086,24.96409052985811
865.3690004618774,411.1571315429603,26.787951025190086,24.96409052985811
878.1702306003003,404.0453370216142,26.787951025190086,24.96409052985811
869.636077174685,404.0453370216142,26.787951025190086,24.96409052985811
881.0149484088388,399.7782603088066,26.787951025190086,24.96409052985811
859.410439694826,405.2168941903752,27.32620132513923,25.46569400087455
856.2340302897476,402.05917637213,27.87526668836525,25.97737619043412
851.7937540910426,397.61890017342506,27.87526668836525,25.97737619043412
854.7539382235126,400.57908430589504,27.87526668836525,25.97737619043412
865.3760662229041,387.50193611117805,27.352299616871953,25.490015387638238
856.6621216119752,394.7635566202855,27.352299616871953,25.490015387638238
862.4714180192611,384.5972879075351,27.352299616871953,25.490015387638238
852.3051493065107,390.40658431482103,27.352299616871953,25.490015387638238
847.6733821229452,397.41211938433656,27.901889373073764,26.00218626682205
852.1178990729434,384.078568534342,27.901889373073764,26.002186266822054
847.3930657913586,392.7063714700087,28.462522036246938,26.52464819548131
842.573296434647,380.34970324771416,29.03441949152125,27.057607951673116
850.2814942462711,371.0998658737652,29.03441949152125,27.05760795167312
842.2816021392254,398.57754373732564,29.617808082364384,27.601276468246088
841.984046830326,403.0180946914393,30.212918700163335,28.155868916322557
843.5882611241601,391.7885946346002,30.212918700163335,28.155868916322557
840.0762984487706,396.3183695790349,30.819986875605714,28.72160479045823
854.804328393532,396.3183695790349,30.819986875605714,28.72160479045823
861.3501194800928,384.86323517755375,30.819986875605714,28.72160479045823
871.1688061099337,376.68099631935286,30.819986875605714,28.72160479045823
862.9865672517329,381.5903396342734,30.819986875605714,28.72160479045823
859.7136717084526,370.13520523279226,30.819986875605714,28.72160479045823
871.4579125507795,367.1317322875766,30.241773993914265,28.182759594328747
868.246419706053,362.3144930204868,30.24177399391427,28.182759594328747
864.7311028788965,366.8485941933122,30.849421958773988,28.749035782857597
861.4550815084409,361.93456213762875,30.849421958773988,28.749035782857597
856.5410494527575,363.57257282285656,30.849421958773988,28.749035782857597
843.4369639709352,361.93456213762875,30.849421958773988,28.749035782857597
825.4188464334293,353.74450871148974,30.849421958773988,28.749035782857597
807.4007288959234,353.74450871148974,30.849421958773988,28.749035782857597
794.296643414101,352.10649802626193,30.849421958773988,28.749035782857597
775.9685971588863,351.81767083826946,31.469279394191634,29.326690158842553
777.9347175127318,353.76369266480134,30.87888515435271,28.776492973630955
763.1785416892398,352.1241175733022,30.87888515435271,28.77649297363096
750.0619409572467,352.1241175733022,30.87888515435271,28.77649297363096
730.076815139554,348.5558643536444,31.499334593759116,29.354699046950127
726.4153189269326,349.93347144348184,32.13225072375152,29.944523014900497
724.3863772704738,349.63263379301264,32.777884037543856,30.546198315838893
722.6459711012948,347.8922276238337,32.777884037543856,30.546198315838893
722.6459711012948,347.8922276238337,32.777884037543856,30.546198315838893
722.6459711012948,346.1518214546548,32.777884037543856,30.546198315838893
720.9055649321158,346.1518214546548,32.777884037543856,30.546198315838893
721.2130373989535,342.9575472875201,32.162939103868446,29.97312197339244
722.9207918583684,341.24979282810517,32.162939103868446,29.973121973392445
724.6285463177833,339.54203836869027,32.162939103868446,29.97312197339245
711.2682146272513,338.1154463461621,31.55953113429419,29.41079709961899
697.8624920077905,331.4125850364317,31.55953113429419,29.41079709961899
689.4839153706274,328.0611543815665,31.55953113429419,29.41079709961899
681.1053387334644,323.0340083992687,31.55953113429419,29.41079709961899
674.4024774237339,318.00686241697093,31.55953113429419,29.41079709961899
677.7539080785991,314.6554317621057,31.55953113429419,29.41079709961899
666.023900786571,314.6554317621057,31.55953113429419,29.41079709961899
667.6996161140036,309.6282857798079,31.55953113429419,29.41079709961899
664.3481854591383,312.97971643467315,31.55953113429419,29.41079709961899
662.3554073021651,311.0085255341792,32.19365679337557,30.001748245741638
648.9823156297404,311.2899564993994,31.58967253011759,29.438886315301225
648.6649499846666,309.31688298395403,32.224403820265245,30.030401858034573
638.0750992157392,309.0151825516873,32.87188876622584,30.633802722568063
634.25405671527,308.70742005263503,33.53238362720561,31.249327720672625
630.356238007839,308.3934736816893,34.20614981142705,31.8772204625641
623.0912670185612,306.5772309343698,34.20614981142705,31.877220462564104
621.2750242712418,304.7609881870504,34.20614981142705,31.877220462564104
617.9634090698621,306.87625473957723,33.56440922490884,31.27917285214926
607.2703994516143,308.65842300928523,33.56440922490884,31.27917285214926
603.7060629121983,308.65842300928523,33.56440922490884,31.27917285214926
598.3595581030744,306.87625473957723,33.56440922490884,31.27917285214926
604.0209133671731,308.9518368375384,32.93470831495918,30.69234519564297
600.1925686953174,308.64348619153037,33.59646540913165,31.309046487659025
601.6389121613918,308.3289398559921,34.27151918859734,31.93813915873556
592.5403438470597,302.86979886739283,34.27151918859734,31.93813915873556
595.8354623552643,302.5489323523346,34.960136823653826,32.579872188852036
597.3405125101599,296.6527871579061,35.66259085285151,33.23449956074264
595.0886529444957,296.3188967580691,36.37915929085786,33.90228036041665
598.586415632883,295.97829749842816,37.11012573848907,34.583478879698504
598.586415632883,286.12612221763595,37.11012573848907,34.583478879698504
606.4681558575168,278.24438199300215,37.11012573848907,34.583478879698504
602.5272857451998,280.2148170491606,37.11012573848907,34.583478879698504
608.7867019110905,274.62792170380845,36.41390374365857,33.93465923345221
616.8621531325749,271.07930972142213,35.73074354952101,33.29801207380912
607.3761828924414,274.8736978174755,35.73074354952101,33.29801207380912
616.8621531325749,269.1821156733954,35.73074354952101,33.29801207380912
626.3481233727084,263.4905335293153,35.73074354952101,33.29801207380912
632.0397055167884,263.4905335293153,35.73074354952101,33.29801207380912
633.9368995648151,280.5652799615555,35.73074354952101,33.29801207380912
625.9891544576382,301.0998860115496,36.44868137966154,33.96706903040817
633.3642302522921,320.11177953287245,37.18104473462307,34.64956934843616
641.2610328108145,331.9569833706561,37.18104473462307,34.64956934843616
646.81009536378,335.5572777514582,37.92812346647585,35.34578314535429
648.8239636168627,331.5295412452928,37.92812346647585,35.34578314535429
640.768490604532,327.50180473912746,37.92812346647585,35.34578314535429
630.6991493391185,325.48793648604476,37.92812346647585,35.34578314535429
622.6436763267878,319.4463317267967,37.92812346647585,35.34578314535429
626.6714128329533,313.40472696754864,37.92812346647585,35.34578314535429
612.5743350613744,311.39085871446594,37.92812346647585,35.34578314535429
622.999460540052,305.6808145624726,37.21655503994747,34.68266193084486
607.1907715074293,301.72864230431685,37.21655503994747,34.68266193084486
619.3963976378336,292.1735518672267,36.518336328072905,34.03198151424685
603.884294962571,284.4175005295953,36.518336328072905,34.03198151424685
592.2502179561238,296.05157753604243,36.518336328072905,34.03198151424685
594.5317905159471,309.9439038869654,35.83321687724194,33.393508494110755
580.8533466073674,330.5374017820862,36.55321370395636,34.064484260282924
569.2081583040318,332.4782664993088,36.55321370395636,34.064484260282924
576.9716171729222,324.7148076304185,36.55321370395636,34.064484260282924
573.4327746306121,319.21175488035755,35.867439919685964,33.425401457069235
579.4825852630115,313.8119447436552,35.19453191753261,32.79830846782844
566.4015253994962,311.94322190601014,35.194531917532615,32.79830846782844
572.3378357097325,295.43238042511507,34.534248322930395,32.18298035200765
561.3358530142646,300.93337177284906,34.534248322930395,32.18298035200765
561.3358530142646,299.09970799027104,34.534248322930395,32.18298035200765
555.8348616665305,295.432380425115,34.534248322930395,32.18298035200765
565.3271285960183,293.9006086239623,33.88635228973465,31.579196389157147
552.7322913100202,295.6998710933906,33.88635228973465,31.579196389157147
563.8457365638252,297.79536175751883,33.2506114152644,30.986739999757212
553.2526972139121,294.26434864088117,33.2506114152644,30.986739999757212
560.6266303263503,292.7895127486758,32.62679765693863,30.405398667530207
548.4999427401858,284.12759304427254,32.62679765693863,30.40539866753021
555.7355337069395,279.2156586237906,32.01468725047657,29.834963863210245
545.5362372914825,279.21565862379055,32.01468725047657,29.83496386321025
537.036823611935,280.91554135970006,32.01468725047657,29.834963863210252
535.6372541864475,265.89646318324833,31.41406062963266,29.27523096974295
528.9652890460313,267.56445446835244,31.414060629632665,29.27523096974295
525.6293064758232,265.89646318324833,31.41406062963267,29.27523096974295
524.2559943318169,259.49911392325936,30.82470234743733,28.725999208888567
520.9825980340487,261.13581207214344,30.82470234743733,28.725999208888567
524.5451450060779,259.7685777431026,30.246400998915334,28.18707156920211
527.7571292106518,258.1625856408156,30.246400998915334,28.18707156920211
527.7571292106518,259.7685777431026,30.246400998915334,28.18707156920211
532.8588314443432,260.0329861600213,29.678949145254077,27.658254735364597
534.7130965282142,249.26139910169493,29.122143239394518,27.139359018840153
537.805691382446,252.3539939559266,29.122143239394518,27.139359018840153
540.8982862366777,253.90029138304246,29.122143239394518,27.139359018840153
538.0788712256342,246.42338461196633,28.57578355301809,26.630198289834034
542.6307333831637,247.94067199780946,28.57578355301809,26.630198289834034
535.0442964539479,252.49253415533892,28.57578355301809,26.630198289834034
545.9333628789072,251.2250509591492,28.03967410490344,26.130589910527185
545.9333628789072,245.26976455468878,28.03967410490344,26.130589910527185
546.1963886360454,244.02606057405558,27.51362259062723,25.640354669563393
543.2746089117446,244.02606057405558,27.51362259062723,25.640354669563393
543.2746089117446,242.56517071190518,27.51362259062723,25.640354669563393
538.8919393252935,244.02606057405558,27.51362259062723,25.640354669563393
543.5327000502663,245.72746941210494,26.997440313583837,25.159316717765506
546.1284345656196,245.47470633669988,27.53989988180468,25.66484286857557
540.2792941393537,241.08785101700045,27.539899881804683,25.664842868575573
540.5376317716251,236.9417443843964,27.023224617262105,25.183345494384827
539.356271521047,235.7431251743337,26.516242682402492,24.71088147849438
539.6050067517741,233.1590612087386,26.018772220948232,24.24728134633062
542.6121111561208,229.24195894836473,25.530634788422077,23.79237880282752
545.5627993617779,222.68714687460223,25.05165528813845,23.34601067277597
544.2326324918945,221.35698000471885,25.051655288138452,23.34601067277597
548.4581297914161,221.5759769199607,24.581661908395628,22.90801684229223
543.2372832004598,218.96555362448257,24.58166190839563,22.90801684229223
549.9939293629297,216.5700186494583,24.120486060846247,22.4782402013845
543.8165681843655,216.78087545635205,23.66796232002404,22.056526587596995
537.5330833220596,218.03757242881323,23.66796232002404,22.056526587597
526.222810569909,215.5241784838909,23.66796232002404,22.056526587597
503.8242820436175,205.67750363264437,23.22392836400514,21.642724730711297
492.7262009911952,210.6099841003876,23.22392836400514,21.6427247307113
475.6803710780051,203.4142826648858,22.788224916182585,21.236686198485174
459.95055845851624,208.2542250093439,22.788224916182585,21.236686198485174
452.90440955585376,201.19352192019463,22.360695688133234,20.838265343409393
445.7806990665156,201.19352192019463,22.360695688133234,20.838265343409393
443.4061289034029,201.19352192019463,22.360695688133234,20.838265343409393
442.2188438218465,198.8189517570819,22.360695688133234,20.838265343409393
439.8442736587338,197.63166667552554,22.360695688133234,20.838265343409393
438.65698857717746,192.8825263493001,22.360695688133234,20.838265343409393
437.4697034956211,191.69524126774374,22.360695688133234,20.838265343409393
436.4921725963531,189.516144151104,21.94118732355652,20.447319250463433
436.69799158649886,189.70794993341002,21.529549343264996,20.063707685851334
432.1253766545841,188.56479620043132,21.529549343264996,20.063707685851334
430.04102681465577,185.32354232107124,21.125634091206898,19.687293046699317
423.5089531662119,177.65626927639298,20.72929668150137,19.317940311697143
415.8043139496805,177.65626927639298,20.729296681501374,19.317940311697143
408.0996747331491,176.5556065311742,20.729296681501374,19.317940311697143
402.79081187457217,176.73681819069003,20.34039494646738,18.955516992665462
390.02145573522034,172.5945771702496,19.958789385627636,18.599893087031823
378.55141626290833,174.88855549040113,19.584343115669263,18.250941031198277
369.3763042402161,172.9800198075294,19.216921821343266,17.908535654783837
359.1727019417312,177.06146072692337,19.216921821343266,17.908535654783837
351.00982010294325,182.16326187616582,19.216921821343266,17.908535654783837
340.80621780445836,185.22434256571128,19.216921821343266,17.908535654783837
333.6636961955189,187.26506302540827,19.216921821343266,17.908535654783837
325.500814356731,192.36686417465071,19.216921821343266,17.908535654783837
318.35829274779155,199.50938578359015,19.216921821343266,17.908535654783837
309.17505067915516,204.6111869328326,19.216921821343266,17.908535654783837
312.0430685636225,208.5127097487708,19.603047431499515,18.268371861695407
318.09130051528297,214.57435051854327,19.996931463540633,18.635438257512455
322.3384060140921,219.88323239205462,19.996931463540633,18.635438257512455
326.5855115129012,218.82145601735235,19.996931463540633,18.635438257512455
330.6317178397618,220.7577878363028,20.398729807437554,19.009880118420654
334.96416042935846,220.7577878363028,20.398729807437554,19.009880118420654
338.21349237155596,219.67467718890364,20.398729807437554,19.009880118420654
343.6290456085518,217.5084558941053,20.398729807437554,19.009880118420654
346.8783775507493,214.2591239519078,20.398729807437554,19.009880118420654
348.1528381878874,211.1881139150415,20.016029827959645,18.65323630775826
353.2656993436901,213.1262950562633,20.41821191529284,19.028035784890047
358.68642478470326,209.87385979165538,20.41821191529284,19.028035784890047
365.1912953139191,206.62142452704745,20.41821191529284,19.028035784890047
370.6120207549323,202.2848441742369,20.41821191529284,19.028035784890047
379.2851814605534,197.94826382142634,20.41821191529284,19.028035784890047
383.8132945547337,189.453595330103,20.035146432553365,18.671051356294534
389.1323219226505,179.87934606785285,20.03514643255337,18.671051356294534
391.2599328698172,180.9431515414362,20.03514643255337,18.671051356294534
386.1288449030532,173.67165675338453,19.659267630247772,18.32076430223102
390.30423470259404,178.89089400281057,19.659267630247772,18.32076430223102
393.6201905277373,188.45737871616805,19.29044067927245,17.97704897344976
391.75261651116523,200.91717846099527,18.928533280048715,17.63978207800296
390.9251276701588,206.10788654897473,18.573415615066438,17.308842637019474
386.1683953106026,213.17359591913237,18.224960302318046,16.984111941309266
390.21011462119674,224.9451961381105,17.883042349606118,16.66547350878198
391.3274015190573,238.3950202619315,17.547539109708232,16.352813042664373
394.12256474119795,247.7122310024005,17.547539109708232,16.352813042664373
396.1506113259544,259.0462812170446,17.21833023638296,16.046018390501672
399.96909195132645,268.33921147978435,16.89529764120122,15.74497950392805
392.0537767631074,273.8694412209697,16.57832545118754,15.449588399191892
395.73032458553837,279.2959184820526,16.26729996725597,15.15973911842162
399.33789680069015,288.075566803546,15.962109623425835,14.875327691618217
392.70731250113676,290.7577233388741,15.66264494680259,14.59625209936081
396.0338681579756,294.91591790992265,15.66264494680259,14.59625209936081
399.3604238148144,299.9057513951809,15.66264494680259,14.59625209936081
396.86550707218527,304.8955848804392,15.66264494680259,14.59625209936081
398.67570811485126,306.69578264043304,15.368798518309497,14.322412236211925
402.9000577099877,312.5423897454179,15.080464934156002,14.053709874809305
407.04515440464326,319.8807626683724,14.797540768029021,13.790048630631395
402.33092735840864,316.7379446375494,14.797540768029023,13.790048630631397
406.25944989693744,321.45217168378394,14.797540768029023,13.790048630631398
403.90233637382016,319.8807626683724,14.797540768029023,13.790048630631398
407.183962521661,318.4387110045647,14.519924533993537,13.531333927423857
403.46534682271897,315.48178577392395,14.247516650089212,13.277472963274718
401.1958471340057,316.2382856701617,14.247516650089212,13.277472963274718
401.3294957577453,313.336835228185,13.980219402609993,13.028374677326
405.1721731214297,311.97443326113057,13.71793691105384,12.783949717109836
411.85628140330266,310.63759127794543,13.460575093730027,12.544110406497431
416.1460451828302,308.49270938818165,13.460575093730029,12.544110406497431
422.7069575819807,307.8954186043845,13.208041634011712,12.308770714249295
428.5505404647458,306.5809595900888,12.960245947221614,12.077846223155541
434.3917989036572,307.4092162817103,12.71709914813896,11.851254099755108
439.5158158776175,307.5203867992763,12.478514019116034,11.628913064623102
446.7824766969917,305.4845897602163,12.244404978792879,11.410743363215566
449.04221705045245,302.7317855535084,12.014688051398963,11.196666737261234
456.19182334966507,309.16643122279976,12.014688051398963,11.196666737261236
464.8840545161043,314.9911464324554,11.789280836630747,10.986606396690004
468.4588576657106,317.8509889521405,11.789280836630748,10.986606396690004
475.0040925132701,320.09893054420525,11.568102480094408,10.78048699208805
480.83229197053583,323.7748598960207,11.351073644303058,10.578234587669726
486.5519770099059,322.3449386361782,11.35107364430306,10.578234587669726
491.6631800013972,323.87408887247733,11.13811648021811,10.379776634756517
496.05742472137155,326.11633810674255,10.929154599324534,10.185041945753564
502.5945911672101,325.49389844969807,10.724113046230016,10.0
506.88435494673763,326.20885907961934,10.724113046230016,10.0
514.8495192630974,327.63878033946185,10.522918271778195,10.0
519.2379931251809,325.49389844969807,10.325498106666302,10.0
522.8127962747872,325.49389844969807,10.325498106666302,10.0
529.3443001296328,324.7789378197768,10.131781735557762,10.0
532.2041426493178,324.0639771898555,10.131781735557762,10.0
539.4196398163092,323.3490165599342,10.0,10.0
544.424364225758,321.20413467017045,10.0,10.0
537.9897185564668,320.48917404024917,10.0,10.0
502.95664769032504,318.3442921504854,10.0,10.0
468.63853745410455,318.3442921504854,10.0,10.0
431.46058469819906,317.6293315205641,10.0,10.0
397.14247446197857,316.91437089064283,10.0,10.0
360.6794823359943,316.19941026072155,10.0,10.0
347.8101909974116,316.19941026072155,10.0,10.0
352.81491540686045,316.91437089064283,10.0,10.0
356.38971855646673,317.6293315205641,10.0,10.0
358.5346004462305,321.2041346701704,10.0,10.0
363.53932485567935,323.34901655993417,10.0,10.0
367.8290886352069,324.7789378197767,10.0,10.0
372.83381304465576,324.7789378197767,10.0,10.0
370.688931154892,327.63878033946173,10.0,10.0
374.26373430449826,326.20885907961923,10.0,10.0
381.4133406037109,330.4986228591468,10.0,10.0
384.27318312339594,331.21358348906807,10.0,10.0
386.4180650131597,332.6435047489106,10.0,10.0
389.992868162766,329.7836622292255,10.0,10.0
394.28263194229356,329.7836622292255,10.0,10.0
388.5629469029235,329.06870159930423,10.0,10.0
383.55822249347466,330.49862285914674,10.0,10.0
376.40861619426204,328.35374096938295,10.0,10.0
367.8290886352069,326.2088590796192,10.0,10.0
355.6747579265455,324.7789378197767,10.0,10.0
343.5204272178841,324.7789378197767,10.0,10.0
337.80074217851404,320.4891740402491,10.0,10.0
332.7960177690652,321.2041346701704,10.0,10.0
335.65586028875026,319.0592527804066,10.0,10.0
339.23066343835654,317.6293315205641,10.0,10.0
337.80074217851404,319.7742134103279,10.0,10.0
340.6605846981991,316.91437089064283,10.0,10.0
342.8054665879629,316.91437089064283,10.0,10.0
337.80074217851404,321.91909530009167,10.0,10.0
346.38026973756917,317.6293315205641,10.0,10.0
349.95507288717545,319.0592527804066,10.0,10.0
352.8149154068605,319.7742134103279,10.0,10.0
352.0999547769392,321.2041346701704,10.0,10.0
354.244836666703,321.91909530009167,10.0,10.0
349.24011225725417,326.9238197095405,10.0,10.0
356.3897185564668,323.3490165599342,10.0,10.0
361.39444296591563,324.77893781977673,10.0,10.0
364.2542854856007,321.91909530009167,10.0,10.0
360.6794823359944,325.49389844969795,10.0,10.0
367.11412800528575,321.91909530009167,10.0,10.0
361.3944429659157,325.49389844969795,10.0,10.0
374.26373430449837,319.7742134103279,10.0,10.0
369.25900989504953,323.34901655993417,10.0,10.0
374.9786949344196,319.0592527804066,10.0,10.0
369.25900989504953,324.06397718985545,10.0,10.0
373.5487736745771,322.63405593001295,10.0,10.0
377.83853745410465,321.20413467017045,10.0,10.0
380.6983799737897,321.20413467017045,10.0,10.0
384.9881437533173,319.05925278040667,10.0,10.0
401.43223824150624,315.4844496308004,10.0,10.0
408.58184454071886,316.19941026072166,10.0,10.0
415.7314508399315,314.76948900087916,10.0,10.0
429.21523780843546,312.5241421111154,10.20093,10.20093
432.228232820101,318.45444245821403,10.009550647535015,10.009550647535015
434.3799385347256,317.02793085474343,10.0,10.0
437.2397810544107,315.59800959490093,10.0,10.0
437.2397810544107,319.8877733744285,10.0,10.0
439.38466294417447,317.7428914846647,10.0,10.0
434.3799385347256,322.74761589411355,10.0,10.0
437.2397810544107,324.17753715395605,10.0,10.0
429.37521412527684,326.32241904371983,10.0,10.0
434.3799385347257,324.89249778387733,10.0,10.0
445.1043479835446,324.17753715395605,10.0,10.0
441.5295448339383,328.4673009334836,10.0,10.0
437.23978105441074,324.89249778387733,10.0,10.0
435.80985979456824,323.46257652403483,10.0,10.0
431.5200960150407,329.1822615634049,10.0,10.0
427.9452928654344,326.32241904371983,10.0,10.0
422.22560782606433,324.17753715395605,10.0,10.0
420.08072593630055,329.1822615634049,10.0,10.0
414.3610408969305,326.32241904371983,10.0,10.0
408.6413558575604,323.4625765240348,10.0,10.0
404.96608770795416,314.0676233350584,10.20093,10.20093
397.6728243693715,311.1503179996253,10.20093,10.20093
401.41514571489535,314.1633130112909,10.009550647535015,10.009550647535015
401.41992103866284,316.3150187259155,10.0,10.0
395.7002359992928,322.03470376528554,10.0,10.0
393.555354109529,328.4693494345769,10.0,10.0
386.40574781031637,321.31974313536426,10.0,10.0
383.5459052906313,329.8992706944194,10.0,10.0
379.25614151110375,334.9039951038682,10.0,10.0
373.5364564717337,331.32919195426194,10.0,10.0
367.10181080244234,337.7638376235533,10.0,10.0
362.0970863929935,333.4740738440257,10.0,10.0
354.9474800937809,339.1937588833958,10.0,10.0
361.3821257630722,325.6095069148918,10.0,10.0
357.09236198354466,322.03470376528554,10.0,10.0
352.0876375740958,319.88982187552176,10.0,10.0
346.982448164647,321.93423876528556,10.20093,10.20093
344.1608325054464,326.40588644466766,10.009550647535015,10.009550647535015
334.8574674783989,329.26846029914384,10.009550647535015,10.009550647535015
331.99489362392274,329.98410376276286,10.009550647535015,10.009550647535015
329.8479632330656,331.41539069000095,10.009550647535015,10.009550647535015
329.1370950932141,333.56709640462554,10.0,10.0
327.7071738333716,339.2867814439956,10.0,10.0
323.41741005384404,346.43638774320823,10.0,10.0
326.2772525735291,345.72142711328695,10.0,10.0
321.98748879400154,346.43638774320823,10.0,10.0
317.697725014474,346.43638774320823,10.0,10.0
314.1229218648677,348.581269632972,10.0,10.0
301.9685911562063,345.72142711328695,10.0,10.0
295.53394548691494,344.29150585344445,10.0,10.0
287.6693785577811,349.2962302628933,10.0,10.0
281.23473288848976,347.8663090030508,10.0,10.0
281.94969351841104,347.8663090030508,10.0,10.0
274.0851265892772,352.15607278257835,10.0,10.0
276.84450410896227,354.20048967234214,10.20093,10.20093
270.1780834609928,357.0153113645302,10.40589728649,10.40589728649
275.28140542909546,353.9348457659035,10.614982980667444,10.614982980667444
266.06760810042647,359.89963827415744,10.828269833697995,10.828269833697995
270.6038938602971,364.43592403402806,11.04584225946649,11.04584225946649
271.2826560400212,368.2736231496878,11.26778636798595,11.26778636798595
266.44904185633715,366.6624184217931,11.267786367985952,11.267786367985952
272.08825840396855,370.69043024152984,11.267786367985952,11.267786367985952
267.9470447684859,373.7996378815733,11.494189999477893,11.494189999477893
271.9405150498868,378.61489749522036,11.725142759137402,11.725142759137402
269.30781376726026,385.20351321088236,11.96073605259675,11.96073605259675
267.47735915601055,385.93849521437863,12.201063122101576,12.201063122101576
268.22710915290304,391.0498850990145,12.446219083413963,12.446219083413963
266.3223568856784,393.5944111497977,12.696300963457,12.696300963457
266.19480349804905,398.00553542941987,12.951407738715742,12.951407738715742
264.2127378531542,397.87541911157285,13.211640374409757,13.211640374409757
265.9691676530089,399.6318489114276,13.477101864452774,13.477101864452774
267.7608893968321,406.24136927451184,13.747897272215223,13.747897272215223
258.7764863824346,406.10325102456653,14.024133772105843,14.024133772105843
266.9294023789641,409.24281526319356,13.761027404334675,13.761027404334675
269.74273006355645,414.02386151205934,14.037527727969971,14.037527727969971
272.61258594131533,415.8900894231256,14.319583772608073,14.319583772608073
275.54010583322605,419.84140317846374,14.607307169351088,14.607307169351088
282.8506605079029,421.9301330855142,14.607307169351088,14.607307169351088
270.45530469909824,424.1558866260632,14.333259902354104,14.333259902354104
265.46589937186866,427.3646545217234,14.064354028200977,14.064354028200977
258.55900825047775,430.5132228157707,13.800493089369379,13.800493089369379
257.70178265293566,432.61603998794845,13.54158243797377,13.54158243797377
275.96096393394294,445.0662022829651,13.813673453899977,13.813673453899977
263.12186145757795,448.02907208520315,13.813673453899977,13.813673453899977
271.87169179393754,451.84078608449926,14.091231594609189,14.091231594609189
265.82688630358865,452.8482536662241,14.09123159460919,14.09123159460919
252.86199033520455,461.04017691406113,13.826866406532176,13.826866406532176
247.91915777727888,461.04017691406113,13.826866406532176,13.826866406532176
262.74765545105595,467.9601424951571,13.826866406532176,13.826866406532176
254.70021174502165,472.7640634397295,14.104689633238628,14.104689633238628
250.66649263101198,476.7977825537392,14.104689633238628,14.104689633238628
242.4573516385923,482.7066584603533,14.388095162039292,14.388095162039292
219.8261241616713,486.82142709252076,14.388095162039294,14.388095162039294
201.44463263535417,487.98508656899907,14.118160525166413,14.118160525166413
194.23704427595635,495.9183916232049,14.401836724598581,14.401836724598581
200.41509202994163,500.0370901258618,14.401836724598581,14.401836724598581
208.65248903525534,504.1557886285186,14.401836724598581,14.401836724598581
230.410752395169,507.3799087264764,14.131644282668274,14.131644282668274
238.49360783369676,509.4006225861083,14.131644282668274,14.131644282668274
244.55574941259258,513.4420503053722,14.131644282668274,14.131644282668274
267.92652048303387,497.40890111299063,13.866520913320326,13.866520913320326
286.89322658308595,482.66795102122967,13.606371515830741,13.606371515830741
308.29487047286824,470.99432708134844,13.606371515830743,13.606371515830743
325.6686099712563,460.15680872502344,13.87976433869833,13.87976433869833
331.62270100410893,435.3480960881374,13.87976433869833,13.87976433869833
324.80646039428575,417.6160219180844,13.619366481688559,13.619366481688559
326.75392256206106,424.432139505298,13.619366481688559,13.619366481688559
315.9060536739386,430.1376990432656,13.893020412405129,13.893020412405129
293.9139596681287,434.9646041264735,14.172172871551584,14.172172871551584
279.7283957670922,434.9646041264735,14.172172871551586,14.172172871551586
256.28116005206385,438.87524164915845,14.456934341059672,14.456934341059672
243.7325518013492,442.86445561158666,14.747417522774583,14.747417522774583
247.80192103992454,445.87944255798254,15.043737383059693,15.043737383059693
253.02862411018683,451.1061456282448,15.34601119829751,15.34601119829751
256.32016226012087,456.5920425448016,15.346011198297512,15.346011198297512
300.2073375925749,430.25973734532914,15.346011198297512,15.346011198297512
311.3230844616396,431.5008697645917,15.058105126395187,15.058105126395187
308.0932987636632,433.6540602299093,15.058105126395187,15.058105126395187
303.63563657987567,437.8091599073922,15.360667632699846,15.360667632699846
297.04627301586396,441.10384168939805,15.360667632699847,15.360667632699847
290.60099997227417,442.3461594704886,15.072486591855927,15.072486591855927
286.29050616899696,445.5790298229465,15.072486591855927,15.072486591855927
274.5780354523236,445.7204170652855,14.789712107177905,14.789712107177905
261.8891611909212,448.8926356306361,14.789712107177905,14.789712107177905
252.37250549486936,455.2370727613373,14.789712107177905,14.789712107177905
247.0854745526184,460.5241037035883,14.789712107177905,14.789712107177905
241.64985876768262,466.71995599160476,15.086881792547432,15.086881792547432
232.86906720179596,467.64703828467066,15.390022508405089,15.390022508405089
222.81151717226473,469.6930744609623,15.699254230666472,15.699254230666472
222.65379461463635,471.78022164214417,16.014699345923255,16.014699345923255
227.2337464275807,472.92520959538024,16.014699345923255,16.014699345923255
251.2784934455386,319.4968238617443,16.014699345923255,16.014699345923255
256.00867091392536,318.5020615639507,15.714248035038441,15.714248035038441
250.3911365769903,317.3785546965637,15.714248035038443,15.714248035038443
240.27957477050728,316.2550478291767,15.714248035038443,15.714248035038443
229.19191337290619,318.6494688402196,15.419433482500603,15.419433482500603
220.3724830723641,318.6494688402196,15.419433482500603,15.419433482500603
210.45062398425426,318.6494688402196,15.419433482500603,15.419433482500603
213.90255211958308,320.9989681879806,15.130149937249545,15.130149937249545
210.5053086092568,321.92870928963,15.4341600399387,15.4341600399387
207.19486357391875,321.92870928963,15.434160039938702,15.434160039938702
203.88441853858072,323.032190968076,15.434160039938702,15.434160039938702
203.88441853858072,323.032190968076,15.434160039938702,15.434160039938702
200.57397350324268,323.032190968076,15.434160039938702,15.434160039938702
200.57397350324268,323.032190968076,15.434160039938702,15.434160039938702
203.72935924973947,321.77365000078873,15.74427861762119,15.74427861762119
195.84978169906228,322.8993039365998,15.744278617621191,15.744278617621191
193.59847382744022,322.8993039365998,15.744278617621191,15.744278617621191
199.06856861136342,321.6154751056568,16.060628407885055,16.060628407885055
193.327210109647,321.6154751056568,16.060628407885055,16.060628407885055
190.03305150096062,322.9144032983435,15.759315423198188,15.759315423198188
185.6739654983729,324.18896233680454,15.463655362695556,15.463655362695556
187.8851464541725,325.29455281470433,15.463655362695558,15.463655362695558
193.25774323007022,322.9280162453034,15.7743665898982,15.7743665898982
187.61871769320896,324.05582135267565,15.7743665898982,15.7743665898982
191.0021330153257,325.1836264600479,15.7743665898982,15.7743665898982
186.49091258583672,326.31143156742013,15.7743665898982,15.7743665898982
193.0992660561248,323.89734417873024,16.091320937789025,16.091320937789025
187.4978799823274,326.3492207726956,15.789432131437025,15.789432131437025
192.98366262381452,326.19059224278715,16.106689191253988,16.106689191253988
188.37740316376457,327.34215710779966,16.106689191253988,16.106689191253988
189.52896802877706,328.4937219728122,16.106689191253988,16.106689191253988
192.82184677085456,326.02877638982727,16.430320897173857,16.430320897173857
189.29773699731902,309.5829307799947,16.430320897173857,16.430320897173857
192.82184677085456,290.7876786544717,16.430320897173857,16.430320897173857
189.29773699731902,271.99242652894867,16.430320897173857,16.430320897173857
192.6567795519611,253.03210718453218,16.760455334960774,16.760455334960774
185.62416133823535,251.99102182283178,16.44601291755147,16.44601291755147
189.1516368648031,250.81519664730922,16.44601291755147,16.44601291755147
192.51388752259464,249.47414660301047,16.776462655103835,16.776462655103835
188.91553443027158,250.67359763378482,16.776462655103835,16.776462655103835
193.5447938213045,249.30560187094596,17.113552119232835,17.113552119232835
188.81112084794103,251.9132384995967,16.79248526327416,16.79248526327416
192.24420489727575,249.34333962804445,17.129896669669126,17.129896669669126
189.7947645545892,250.56805979938773,17.129896669669126,17.129896669669126
193.29682956172715,249.1712441211526,17.474087683452787,17.474087683452787
190.96208804085668,250.58448802152034,17.14625683020945,17.14625683020945
192.0157180300238,249.1863382938638,17.49077656869885,17.49077656869885
189.51467470335,250.43685995720068,17.49077656869885,17.49077656869885
187.01363137667622,251.68738162053756,17.49077656869885,17.49077656869885
184.51258805000242,252.93790328387445,17.49077656869885,17.49077656869885
183.0863452998681,251.51166053374013,17.842218742293714,17.842218742293714
180.53504850963145,252.78730892885844,17.842218742293714,17.842218742293714
176.7081033242765,254.06295732397675,17.842218742293714,17.842218742293714
172.88115813892153,254.06295732397675,17.842218742293714,17.842218742293714
170.3298613486849,255.33860571909506,17.842218742293714,17.842218742293714
175.43245492915818,255.33860571909506,17.842218742293714,17.842218742293714
170.3298613486849,256.61425411421334,17.842218742293714,17.842218742293714
165.2272677682116,255.33860571909506,17.842218742293714,17.842218742293714
172.70190628832708,255.1593538685006,18.200722443482622,18.200722443482622
164.89422629839848,255.1593538685006,18.200722443482622,18.200722443482622
161.1611179169061,257.9326454786154,17.859259216538742,17.859259216538742
159.88425119496776,256.6557787566771,17.859259216538746,17.859259216538746
158.6073844730294,256.6557787566771,17.859259216538746,17.859259216538746
157.33051775109107,256.6557787566771,17.859259216538746,17.859259216538746
163.5354283130639,256.4763557089581,18.218105311976657,18.218105311976657
157.02281428815255,257.7788785139404,18.218105311976657,18.218105311976657
158.3253370931348,256.4763557089581,18.218105311976657,18.218105311976657
154.417768678188,257.7788785139404,18.218105311976657,18.218105311976657
157.02281428815255,257.7788785139404,18.218105311976657,18.218105311976657
153.11524587320574,260.38392412390493,18.218105311976657,18.218105311976657
159.4448317031003,258.89837312390586,18.584161702010206,18.584161702010206
152.8013597245864,261.5557619153114,18.584161702010206,18.584161702010206
159.25812592256105,261.36905613477217,18.957573263088698,18.957573263088698
152.48116666158288,264.0798398391634,18.957573263088698,18.957573263088698
160.42306051496905,261.1785988749845,19.33848778266394,19.33848778266394
153.50993181156005,263.9438503563481,19.33848778266394,19.33848778266394
154.89255755224184,262.5612246156663,19.33848778266394,19.33848778266394
149.36205458951463,265.32647609702985,19.33848778266394,19.33848778266394
156.08089917541508,263.7495662388395,19.727056017681008,19.727056017681008
147.80350750075408,268.16583612138237,19.35695729073118,19.35695729073118
146.41956126296006,266.78188988358835,19.35695729073118,19.35695729073118
150.37693030492076,265.203473974373,19.745896633573842,19.745896633573842
137.85637157657035,269.62396168062264,19.375444438374593,19.375444438374593
148.74386014255197,272.19984227020547,19.764755243474855,19.764755243474855
140.0666804135298,273.41437784256334,20.161888470581996,20.161888470581996
134.300697820998,273.41437784256334,20.161888470581996,20.161888470581996
145.63010659354188,271.7703257819107,20.5670012956214,20.5670012956214
136.6007224938801,271.5636994033942,20.98025405265432,20.98025405265432
123.1006724058257,273.0637049687336,20.98025405265432,20.98025405265432
130.6007002325226,270.0636938380548,20.98025405265432,20.98025405265432
114.29744398329454,277.76052663425685,20.586644113644066,20.586644113644066
120.18490000067686,273.3449346212201,20.58664411364407,20.58664411364407
107.13123667873542,280.89736736011673,20.200418679306583,20.200418679306583
109.81679398519981,276.361672634766,20.606305691829892,20.606305691829892
114.23660317453404,277.8349423645441,20.606305691829892,20.606305691829892
102.45044533630944,280.78148182410024,20.606305691829892,20.606305691829892
103.92371506608752,274.8884029049879,20.606305691829892,20.606305691829892
105.59028194818397,280.97477897641863,20.219711387193165,20.219711387193165
107.03591170720534,276.6378896993545,20.219711387193165,20.219711387193165
112.81843074329083,279.5291492173972,20.219711387193165,20.219711387193165
140.28539616469686,279.5291492173972,20.219711387193165,20.219711387193165
167.94203229614158,281.16444968645726,19.840369967115787,19.840369967115787
195.07980307764316,284.1875786717069,19.468145360440477,19.468145360440477
207.60686480091243,278.6199956835872,19.46814536044048,19.46814536044048
229.87719675339113,284.1875786717069,19.46814536044048,19.46814536044048
239.8030876384023,289.93778231562834,19.102904048836997,19.102904048836997
224.58756356958557,281.55117040285256,19.48673869989028,19.48673869989028
229.96469043963094,289.7147474680948,19.878285740587177,19.878285740587177
217.17371791427044,284.0298707901568,19.87828574058718,19.87828574058718
224.27981376169294,291.1359666375793,19.87828574058718,19.87828574058718
214.3312795753014,285.4510899596413,19.87828574058718,19.87828574058718
225.88750090287937,297.0073112872193,19.505349797183243,19.505349797183243
214.53509466387905,288.4440164837847,19.897270790658048,19.897270790658048
218.8028242413399,298.40205216452665,19.897270790658048,19.897270790658048
211.6899416122385,292.71174606124555,19.897270790658048,19.897270790658048
201.53200800049822,288.24411855278635,20.297066652654742,20.297066652654742
206.07588540834578,298.59263738444827,19.916273972681083,19.916273972681083
204.45186138335998,291.2728726453855,20.316451665614164,20.316451665614164
210.45262479642528,301.6312749826345,19.93529530397347,19.93529530397347
207.40175459451487,292.87922426544606,20.335855192516206,20.335855192516206
211.76355534604355,297.24102501697473,20.335855192516206,20.335855192516206
216.12535609757222,292.87922426544606,20.335855192516206,20.335855192516206
208.85568817835775,300.1488921846605,20.335855192516206,20.335855192516206
217.77004987673874,294.5239180446125,19.954334801868935,19.954334801868935
230.6099572783823,300.2305435564541,19.95433480186894,19.95433480186894
239.16989554614466,301.6571999344145,19.95433480186894,19.95433480186894
246.30317743594665,300.2305435564541,19.95433480186894,19.95433480186894
256.28977208166935,304.5105126903353,19.95433480186894,19.95433480186894
263.42305397147135,301.6571999344145,19.95433480186894,19.95433480186894
264.84971034943175,301.6571999344145,19.95433480186894,19.95433480186894
264.84971034943175,305.9371690682957,19.95433480186894,19.95433480186894
263.42305397147135,308.7904818242165,19.95433480186894,19.95433480186894
256.28977208166935,304.5105126903353,19.95433480186894,19.95433480186894
254.86311570370898,308.7904818242165,19.95433480186894,19.95433480186894
257.71642845962975,311.6437945801373,19.95433480186894,19.95433480186894
257.5159572350428,305.7366978437087,20.355277251042892,20.355277251042892
263.33724597329376,307.1920200282715,20.355277251042892,20.355277251042892
262.07286617239356,307.38296241193405,19.973392483717774,19.973392483717774
267.5842791935353,304.32626186998175,20.374717858893117,20.374717858893117
274.66314514799694,305.57827937849856,20.784107064831858,20.784107064831858
280.3982649281394,305.36947184687176,21.201722128085525,21.201722128085525
284.73278080921307,303.64062908470083,21.627728330805148,21.627728330805148
295.5568627990239,309.82581879316416,21.627728330805148,21.627728330805148
300.19575508037144,303.64062908470083,21.627728330805148,21.627728330805148
284.7327808092131,303.64062908470083,21.627728330805148,21.627728330805148
293.7932823992327,306.51594096625706,22.062294276156017,22.062294276156017
312.92864360722103,313.03236472369446,21.64838421183221,21.64838421183221
314.47641784850794,308.38904199983375,21.64838421183221,21.64838421183221
316.02419208979484,311.48459048240755,21.64838421183221,21.64838421183221
316.02419208979484,309.93681624112065,21.64838421183221,21.64838421183221
320.66751481365554,311.48459048240755,21.64838421183221,21.64838421183221
323.76306329622935,309.93681624112065,21.64838421183221,21.64838421183221
326.85861177880315,308.38904199983375,21.64838421183221,21.64838421183221
331.50193450266386,309.93681624112065,21.64838421183221,21.64838421183221
336.14525722652456,308.38904199983375,21.64838421183221,21.64838421183221
343.8841284329591,311.48459048240755,21.64838421183221,21.64838421183221
346.7621864235487,312.8148742317103,22.083365195800553,22.083365195800553
352.8558205715774,309.4352663650365,22.527086252679773,22.527086252679773
370.5723983268345,314.26706029828847,22.527086252679773,22.527086252679773
378.3990698435502,307.59835001524834,22.97972299675487,22.97972299675487
394.8286670727261,312.5272291840011,22.979722996754873,22.979722996754873
404.4555596231447,307.3674842281614,23.44145457092867,23.44145457092867
427.9191635999672,312.39539936605195,23.44145457092867,23.44145457092867
441.32693730100857,307.3674842281614,23.44145457092867,23.44145457092867
464.79054127783104,312.39539936605195,23.44145457092867,23.44145457092867
481.5502584041328,310.7194276534218,23.44145457092867,23.44145457092867
508.5856980315628,320.99515015455,23.0016701202343,23.0016701202343
518.6686380002772,317.92185927654145,22.570136452889887,22.570136452889887
523.5096656930073,314.6945074813881,22.570136452889887,22.570136452889887
524.8965907147101,312.85408070793744,23.023638204637802,23.023638204637802
528.1887896894835,319.43847865748427,23.023638204637805,23.023638204637805
529.8348891768702,316.1462796827109,23.02363820463781,23.02363820463781
533.1270881516436,316.1462796827109,23.02363820463781,23.02363820463781
543.2196579809339,326.2388495120011,22.591692394697766,22.591692394697766
551.5076643372353,326.4507705555523,22.167850307595376,22.167850307595376
559.6401796461818,329.8285437985232,21.751959909621043,21.751959909621043
565.8608976297836,328.2733643026227,21.751959909621043,21.751959909621043
570.307905052253,326.49965374149025,22.189022040085057,22.189022040085057
581.1899770649085,324.69030401405297,22.63486605993649,22.63486605993649
602.2279265902226,326.3086078236925,22.634866059936492,22.634866059936492
619.8018673143865,324.46290283218184,23.089668423678795,23.089668423678795
642.9133527475994,332.71700477261504,23.089668423678795,23.089668423678795
669.5430712574699,332.9335970730991,22.656483822710562,22.656483822710562
688.9812639922931,334.5534464676677,22.656483822710562,22.656483822710562
710.0393061216848,336.1732958622363,22.656483822710562,22.656483822710562
734.3370470402137,337.79314525680485,22.656483822710562,22.656483822710562
755.3950891696055,341.03284404594206,22.656483822710562,22.656483822710562
774.6056635397038,342.4250750757858,23.111720552160286,23.111720552160286
796.0868249096014,342.4250750757858,23.111720552160286,23.111720552160286
810.9583981656845,345.7298691326931,23.111720552160286,23.111720552160286
817.3357943789719,345.4976772321658,23.57610435321484,23.57610435321484
813.9645970950791,347.1832758741122,23.57610435321484,23.57610435321484
819.0213930209183,350.55447315800495,23.57610435321484,23.57610435321484
820.47013433048,348.632017183674,24.04981901798399,24.04981901798399
820.47013433048,350.35148455913304,24.04981901798399,24.04981901798399
829.0674712077752,355.5098866855101,24.04981901798399,24.04981901798399
837.6648080850703,357.2293540609691,24.04981901798399,24.04981901798399
846.2621449623654,357.2293540609691,24.04981901798399,24.04981901798399
853.1400144642014,360.6682888118871,24.04981901798399,24.04981901798399
861.7373513414965,362.38775618734616,24.04981901798399,24.04981901798399
872.0541555942506,364.1072235628052,24.04981901798399,24.04981901798399
882.3709598470047,365.8266909382642,24.04981901798399,24.04981901798399
892.6877640997587,367.54615831372325,24.04981901798399,24.04981901798399
903.0045683525128,370.98509306464126,24.04981901798399,24.04981901798399
913.0797560985027,372.4629439333361,24.53305203151234,24.53305203151234
923.6038558991073,374.21696056677024,24.53305203151234,24.53305203151234
932.3739390662779,377.72499383363845,24.53305203151234,24.53305203151234
942.8980388668825,379.4790104670725,24.53305203151234,24.53305203151234
951.4216507268186,379.2325391598379,25.02599464598152,25.02599464598152
938.6454064440597,377.1918554149774,25.528841956403227,25.528841956403227
949.596676599846,386.3179138781326,25.528841956403227,25.528841956403227
940.2141426259759,378.76059159689345,26.041792977833236,26.041792977833236
932.7665999412916,380.62247726806453,26.04179297783324,26.04179297783324
942.0760282971469,386.2081342815777,26.041792977833243,26.041792977833243
927.1809429277783,386.2081342815777,26.041792977833243,26.041792977833243
936.2287424104818,387.80839107959696,26.565050724136846,26.565050724136846
924.8329631707104,387.80839107959696,26.565050724136846,26.565050724136846
930.263967008496,389.4408018374588,27.098822288336926,27.098822288336926
922.5141305871385,389.4408018374588,27.098822288336926,27.098822288336926
929.9917186903763,389.168553519339,27.64331892457648,27.64331892457648
937.897272574948,397.07410740391083,27.64331892457648,27.64331892457648
926.0389417480903,393.12133046162495,27.64331892457648,27.64331892457648
933.9444956326621,399.0504958750538,27.64331892457648,27.64331892457648
920.1097763346614,397.07410740391083,27.64331892457648,27.64331892457648
925.7612231445145,394.8200003291921,28.198756131727997,28.198756131727997
911.3652240281817,394.5367015257147,28.76535373868281,28.76535373868281
917.5350526568567,402.7631396972813,28.765353738682812,28.765353738682812
919.5916621997484,400.70653015438967,28.765353738682812,28.765353738682812
927.818100371315,406.87635878306463,28.765353738682812,28.765353738682812
913.1328424447377,402.47414857094566,29.343335991354166,29.343335991354166
917.3287084416116,402.47414857094566,29.34333599135417,29.34333599135417
927.8183734337965,408.76794756625657,29.34333599135417,29.34333599135417
908.9369764478638,410.86588056469355,29.34333599135417,29.34333599135417
913.1328424447378,412.96381356313054,29.34333599135417,29.34333599135417
914.9359776181376,410.5710827396564,29.93293164142845,29.93293164142845
923.4963246828358,419.13142980435464,29.932931641428453,29.932931641428453
904.2355437872648,416.99134303818005,29.932931641428457,29.932931641428457
908.5157173196139,421.2715165705292,29.932931641428457,29.932931641428457
895.3744755248309,416.69062184044446,30.534374036899678,30.534374036899678
884.4590378769943,414.50753431087713,30.534374036899678,30.534374036899678
893.1913879952635,423.2398844291464,30.534374036899678,30.534374036899678
873.5436002291577,427.606059488281,30.534374036899678,30.534374036899678
857.9552239334248,422.9331208403847,31.1479012144231,31.1479012144231
860.1821762407237,425.1600731476836,31.1479012144231,31.1479012144231
839.8266780854829,422.620193450834,31.773755993524503,31.773755993524503
835.2832811654639,424.89189191084347,31.773755993524503,31.773755993524503
819.3813919453976,424.89189191084347,31.773755993524503,31.773755993524503
826.196487325426,429.4352888308624,31.773755993524503,31.773755993524503
805.4319861457519,426.84437533126396,32.41218607270239,32.41218607270239
810.0666735400848,431.47906272559686,32.4121860727024,32.4121860727024
788.8849512382075,428.836090001051,33.06344412746121,33.06344412746121
788.8849512382075,431.1999960851246,33.06344412746121,33.06344412746121
774.7015147337659,433.56390216919823,33.06344412746121,33.06344412746121
774.7015147337659,435.92780825327185,33.06344412746121,33.06344412746121
762.8819843133979,435.92780825327185,33.06344412746121,33.06344412746121
755.790266061177,438.29171433734547,33.06344412746121,33.06344412746121
741.6068295567354,440.6556204214191,33.06344412746121,33.06344412746121
736.8790173885882,443.0195265054927,33.06344412746121,33.06344412746121
734.825262463643,445.6935837486948,32.44314180920437,32.44314180920437
727.8665917322829,448.0131406591481,32.44314180920437,32.44314180920437
732.1797655290035,452.3263144558686,33.09502185757671,33.09502185757671
731.8472763919114,454.35998908623156,33.760000131761004,33.760000131761004
731.8472763919114,456.7736961822661,33.760000131761004,33.760000131761004
729.4335692958767,459.1874032783007,33.760000131761004,33.760000131761004
727.0198621998421,459.1874032783007,33.760000131761004,33.760000131761004
729.094399454553,461.2619405330115,34.43833981440848,34.43833981440848
726.2862089608923,463.3781614647812,35.13030937629939,35.13030937629939
728.797887772993,465.889840276882,35.13030937629939,35.13030937629939
731.3095665850938,465.889840276882,35.13030937629939,35.13030937629939
733.8212453971945,468.4015190889828,35.13030937629939,35.13030937629939
736.3329242092952,470.9131979010836,35.13030937629939,35.13030937629939
731.3095665850936,470.9131979010836,35.13030937629939,35.13030937629939
733.8212453971944,473.4248767131844,35.13030937629939,35.13030937629939
