575.0,258.0,203.0,244.0
571.4803149606299,258.0,203.0,244.0
571.4803149606299,259.75984251968504,203.0,244.0
571.4803149606299,261.5196850393701,203.0,244.0
571.4803149606299,265.03937007874015,203.0,244.0
571.4803149606299,272.0787401574803,203.0,244.0
571.4803149606299,275.59842519685037,203.0,244.0
571.4803149606299,280.8779527559055,203.0,244.0
571.4803149606299,287.91732283464563,203.0,244.0
571.4803149606299,291.4370078740157,203.0,244.0
571.4803149606299,296.7165354330708,203.0,244.0
571.4803149606299,301.9960629921259,203.0,244.0
571.4803149606299,305.515748031496,203.0,244.0
571.4803149606299,307.27559055118104,203.0,244.0
571.4803149606299,309.0354330708661,203.0,244.0
571.4803149606299,310.7952755905511,203.0,244.0
571.4803149606299,312.55511811023615,203.0,244.0
571.4803149606299,312.55511811023615,203.0,244.0
571.4803149606299,312.55511811023615,203.0,244.0
571.4803149606299,312.55511811023615,203.0,244.0
571.4803149606299,312.55511811023615,203.0,244.0
571.4803149606299,312.55511811023615,203.0,244.0
571.4803149606299,312.55511811023615,203.0,244.0
571.4803149606299,314.3149606299212,203.0,244.0
571.4803149606299,316.0748031496062,203.0,244.0
571.4803149606299,316.0748031496062,203.0,244.0
571.4803149606299,316.0748031496062,203.0,244.0
571.4803149606299,317.83464566929126,203.0,244.0
573.240157480315,321.35433070866134,203.0,244.0
573.240157480315,323.1141732283464,203.0,244.0
572.9605605000002,324.18251226771645,207.078879,248.902692
572.9605605000002,327.7729183385826,207.07887900000003,248.902692
570.8801425421266,328.8627235142708,211.23971491574702,253.903893790356
570.8801425421266,330.6939975642948,211.23971491574704,253.903893790356
570.8801425421266,330.6939975642948,211.23971491574704,253.903893790356
570.8801425421266,332.52527161431885,211.23971491574704,253.903893790356
570.8801425421266,334.3565456643429,211.23971491574704,253.903893790356
570.8801425421266,336.1878197143669,211.23971491574704,253.903893790356
570.8801425421266,338.01909376439096,211.23971491574704,253.903893790356
569.0488684921025,338.01909376439096,211.23971491574704,253.903893790356
569.0488684921025,338.01909376439096,211.23971491574704,253.903893790356
569.0488684921025,338.01909376439096,211.23971491574704,253.903893790356
569.0488684921025,338.01909376439096,211.23971491574704,253.903893790356
569.0488684921025,338.01909376439096,211.23971491574704,253.903893790356
570.8801425421266,338.01909376439096,211.23971491574704,253.903893790356
570.8801425421266,338.01909376439096,211.23971491574704,253.903893790356
570.8801425421266,336.1878197143669,211.23971491574704,253.903893790356
570.8801425421266,334.3565456643429,211.23971491574704,253.903893790356
570.8801425421266,334.3565456643429,211.23971491574704,253.903893790356
569.0488684921025,334.3565456643429,211.23971491574704,253.903893790356
569.0488684921025,334.3565456643429,211.23971491574704,253.903893790356
567.2175944420785,336.1878197143669,211.23971491574704,253.903893790356
565.3863203920545,336.1878197143669,211.23971491574704,253.903893790356
563.5550463420304,338.01909376439096,211.23971491574704,253.903893790356
563.5550463420304,339.850367814415,211.23971491574704,253.903893790356
563.5550463420304,341.68164186443903,211.23971491574704,253.903893790356
563.5550463420304,345.3441899644871,211.23971491574704,253.903893790356
563.5550463420304,349.00673806453517,211.23971491574704,253.903893790356
565.3863203920545,350.8380121145592,211.23971491574704,253.903893790356
565.3863203920545,352.66928616458324,211.23971491574704,253.903893790356
563.5550463420304,354.5005602146073,211.23971491574704,253.903893790356
561.7237722920064,356.3318342646313,211.23971491574704,253.903893790356
561.7237722920064,358.16310831465535,211.23971491574704,253.903893790356
559.8924982419824,334.356545664343,211.23971491574704,253.903893790356
558.0612241919583,334.356545664343,211.23971491574704,253.903893790356
556.2299501419343,334.356545664343,211.23971491574704,253.903893790356
556.2299501419343,334.356545664343,211.23971491574704,253.903893790356
556.2299501419343,332.52527161431897,211.23971491574704,253.903893790356
556.2299501419343,330.69399756429493,211.23971491574704,253.903893790356
556.2299501419343,327.03144946424686,211.23971491574704,253.903893790356
556.2299501419343,323.3689013641988,211.23971491574704,253.903893790356
560.0427552805681,323.9193691152623,207.27665273852753,249.14041018818082
561.9871109217797,322.66259198620384,203.38794145610436,244.46629416398744
558.4606996176844,315.6097693780134,203.3879414561044,244.46629416398747
556.6974939656368,312.08335807391813,203.3879414561044,244.4662941639875
554.9342883135891,308.5569467698229,203.3879414561044,244.4662941639875
553.1710826615415,306.7937411177753,203.3879414561044,244.4662941639875
551.4078770094939,305.0305354657277,203.3879414561044,244.4662941639875
549.6446713574462,305.0305354657277,203.3879414561044,244.4662941639875
547.8814657053986,305.0305354657277,203.3879414561044,244.4662941639875
546.1182600533509,305.0305354657277,203.3879414561044,244.4662941639875
544.3550544013033,305.0305354657277,203.3879414561044,244.4662941639875
542.5918487492556,305.0305354657277,203.3879414561044,244.4662941639875
540.828643097208,305.0305354657277,203.3879414561044,244.4662941639875
539.0654374451603,305.0305354657277,203.3879414561044,244.4662941639875
540.9733150864664,309.086953652153,199.57218617349233,239.87986909523215
541.115272888722,311.3371432925501,195.82801816529067,235.37948981443805
541.115272888722,309.63947593829914,195.82801816529067,235.37948981443805
541.2545674247582,310.1497824817334,192.15409438471627,230.96354201906783
539.5887499586015,308.48396501557676,192.15409438471627,230.96354201906786
537.9229324924448,305.1523300832635,192.15409438471627,230.96354201906786
536.2571150262881,301.82069515095026,192.15409438471627,230.96354201906786
532.9254800939749,298.489060218637,192.15409438471627,230.96354201906786
531.2596626278182,295.15742528632376,192.15409438471627,230.96354201906786
529.5938451616615,291.8257903540105,192.15409438471627,230.96354201906786
527.9280276955049,288.49415542169726,192.15409438471627,230.96354201906786
528.0647089307823,287.32907065268427,188.54909698184784,226.63044169246737
526.4301438178913,284.05994042690224,188.54909698184784,226.6304416924674
524.7955787050004,282.42537531401126,188.54909698184784,226.6304416924674
523.1610135921094,280.7908102011203,188.54909698184784,226.6304416924674
521.5264484792184,279.1562450882293,188.54909698184784,226.6304416924674
519.8918833663274,277.5216799753383,188.54909698184784,226.6304416924674
518.2573182534364,275.88711486244733,188.54909698184784,226.6304416924674
516.6227531405455,274.25254974955635,188.54909698184784,226.6304416924674
514.9881880276545,270.9834195237743,188.54909698184784,226.6304416924674
513.3536229147635,270.9834195237743,188.54909698184784,226.6304416924674
510.0844926889816,269.3488544108833,188.54909698184784,226.6304416924674
508.4499275760906,267.7142892979923,188.54909698184784,226.6304416924674
506.8153624631996,266.0797241851013,188.54909698184784,226.6304416924674
505.18079735030864,264.44515907221034,188.54909698184784,226.6304416924674
503.68034919999644,287.8204091181906,185.01173283090827,222.37863453567306
500.4725510317557,295.83990453879255,185.01173283090827,222.37863453567306
497.26475286351496,316.6905926323577,185.01173283090827,222.37863453567306
495.6608537793946,334.3334825576821,185.01173283090827,222.37863453567306
494.0569546952742,331.1256843894413,185.01173283090827,222.37863453567306
492.45305561115384,324.7100880529597,185.01173283090827,222.37863453567306
492.5846564092797,325.1922085317363,181.54073306641578,218.20659540987916
489.43703964962384,318.8969750124245,181.54073306641578,218.20659540987918
487.8632312697959,312.60174149311274,181.54073306641578,218.2065954098792
486.28942288996797,307.8803163536289,181.54073306641578,218.2065954098792
483.1418061303121,300.01127445448924,181.54073306641578,218.2065954098792
481.56799775048415,293.7160409351775,181.54073306641578,218.2065954098792
479.9941893706562,285.8469990360378,181.54073306641578,218.2065954098792
478.4203809908283,279.55176551672605,181.54073306641578,218.2065954098792
476.84657261100034,273.2565319974143,181.54073306641578,218.2065954098792
475.2727642311724,268.5351068579305,181.54073306641578,218.2065954098792
472.1251474715165,262.23987333861874,181.54073306641578,218.2065954098792
470.5513390916886,276.4041487570701,181.54073306641578,218.2065954098792
467.4037223320327,293.7160409351774,181.54073306641578,218.2065954098792
464.25610557237684,311.02793311328463,181.54073306641578,218.2065954098792
464.3852374117382,324.09147558233724,178.13485262803718,214.112827789365
462.9676644060313,344.6313443410897,174.79286981398008,210.09586322468556
463.09199641904615,364.78586521658383,171.51358584276412,206.15426081593338
464.7008771288214,362.2590484184357,168.29582442321356,202.28660669588248
464.8205877248817,361.23862310638697,165.13843133251737,198.49151352282894
460.5257458565115,355.5121672818933,165.13843133251737,198.49151352282894
459.09413190038805,352.6489393696464,165.13843133251737,198.49151352282894
459.21159660942067,351.6476582273409,162.04027400220528,194.76761998294643
459.3268575664472,347.8556511153031,159.00024111189128,191.11359030197787
457.948456655369,345.09884929314666,159.00024111189128,191.11359030197787
456.5700557442908,340.963646559912,159.00024111189128,191.11359030197787
455.30475338276045,331.72917753923093,156.01724219063897,187.52811376608838
453.9522126112773,329.0240959962646,156.01724219063897,187.52811376608838
454.06318932221075,321.3154153530728,153.09020722580564,184.00990425170744
451.4088577357736,319.98824955985424,153.09020722580564,184.00990425170747
450.08169194255504,313.35242059376145,153.09020722580564,184.00990425170747
447.4273603561179,306.71659162766866,153.09020722580564,184.00990425170747
444.77302876968076,300.0807626615759,153.09020722580564,184.00990425170747
444.88192344975266,295.17103593924105,150.2180862792248,180.55769976419154
443.579656575566,287.3574346941209,150.2180862792248,180.55769976419157
442.2773897013793,278.2415665748142,150.2180862792248,180.55769976419157
440.97512282719265,275.6370328264409,150.2180862792248,180.55769976419157
442.3842414115103,294.2602210803924,147.39984911058946,177.1702619851422
442.4890884798004,308.70051498939586,144.63448480790123,173.84637582821648
443.84583017132474,324.12375661839326,141.92100142485253,170.58484900327124
447.6377940588682,342.9486572390479,139.25842562501168,167.3845115886842
447.73685004671063,361.4203844440435,136.64580233268362,164.24421561169876
445.3676373069911,376.82026725222056,136.64580233268362,164.2442156116988
444.1830309371313,393.40475643025735,136.64580233268362,164.2442156116988
441.81381819741176,389.85093732067804,136.64580233268362,164.2442156116988
441.91101579873344,390.2070214383467,134.08219439032075,161.16283463664197
438.423869786604,385.55749342217405,134.08219439032075,161.162834636642
440.84400787462687,385.9068970560179,131.56668222236118,158.13926336086791
438.6564434663897,385.10917094949036,129.0983635053734,155.17241721828162
440.98662509894314,382.088058355234,126.6763528443898,152.2612319903013
438.79026616323694,378.7935199516747,126.6763528443898,152.2612319903013
438.88037238992274,376.92726583120646,124.299781455312,149.40466342411912
438.9687881362978,372.94087134098686,121.96779685327505,146.60168685812397
440.1129052895064,372.20134599868885,119.67956254685782,143.85129685435155
438.12298848839396,369.40064873291476,117.43425773803057,141.1525068378301
441.2606951000463,387.0136578325063,115.23107702773156,138.50434874269237
440.3437018120785,405.2951881473623,113.0692301269676,135.90587266492682
439.44391220864395,423.23373920113863,110.9479415733344,133.35614652164355
438.56100353191516,441.79757273630895,108.86645045285542,130.85425571673284
437.61722122416086,438.9662258130461,108.86645045285542,130.85425571673284
434.8633121560518,437.3623553417516,106.82401012703914,128.39930281279607
434.01322116665034,437.6407271083376,104.81988796505728,125.99040720923165
434.9964826087054,438.8225782997732,102.8533650809472,123.62670482636042
435.0696432927738,439.0906029966822,100.9237360757451,121.30734779547709
434.26650588431386,438.47867376295835,99.03030878445664,119.03150415471657
432.5494837351865,436.761651613831,99.03030878445665,119.03150415471657
429.9739505114955,436.761651613831,99.03030878445666,119.03150415471657
429.1154394369318,437.6201626883947,99.03030878445666,119.03150415471657
427.3984172878045,437.6201626883947,99.03030878445666,119.03150415471657
425.68139513867715,438.4786737629584,99.03030878445666,119.03150415471657
424.82288406411345,439.3371848375221,99.03030878445666,119.03150415471657
423.1058619149861,439.3371848375221,99.03030878445666,119.03150415471657
422.2473508404224,440.1956959120858,99.03030878445666,119.03150415471657
422.3177921441996,443.02929136325827,97.17240402777497,116.79835755062626
421.4753875710563,442.18688679011495,97.17240402777497,116.79835755062628
419.8596981812856,444.1249166659029,95.34935536845651,114.60710694533708
419.0330979359557,443.298316420573,95.34935536845651,114.60710694533708
419.1009209387203,444.37338672862745,93.56050887226755,112.45696632922817
418.35637909404005,444.6171952516972,91.80522287341557,110.34716443898245
416.7646280128401,443.8213197110972,91.80522287341557,110.34716443898246
415.17287693164013,442.22956862989724,91.80522287341557,110.34716443898246
413.5811258504402,442.22956862989724,91.80522287341557,110.34716443898246
413.5811258504402,440.6378175486973,91.80522287341557,110.34716443898246
412.85055233375726,440.0811764465227,90.08286774438146,108.2769444809316
411.28866404851857,438.51928816128407,90.08286774438146,108.2769444809316
409.7267757632799,436.9573998760453,90.08286774438146,108.2769444809316
408.1648874780412,436.176455733426,90.08286774438146,108.2769444809316
406.6029991928025,436.9573998760453,90.08286774438146,108.2769444809316
405.0411109075638,436.176455733426,90.08286774438146,108.2769444809316
404.2601667649445,435.3955115908067,90.08286774438146,108.2769444809316
402.6982784797058,434.61456744818736,90.08286774438146,108.2769444809316
401.1363901944671,435.3955115908067,90.08286774438146,108.2769444809316
399.5745019092284,435.3955115908067,90.08286774438146,108.2769444809316
398.0126136239897,436.95739987604543,90.08286774438146,108.2769444809316
397.2316694813704,438.51928816128407,90.08286774438146,108.2769444809316
395.6697811961317,439.3002323039034,90.08286774438146,108.2769444809316
394.107892910893,441.64306473176146,90.08286774438146,108.2769444809316
392.5460046256543,442.4240088743808,90.08286774438146,108.2769444809316
390.9841163404156,443.2049530170001,90.08286774438146,108.2769444809316
389.4222280551769,443.9858971596194,90.08286774438146,108.2769444809316
388.6412839125576,443.9858971596194,90.08286774438146,108.2769444809316
387.0793956273189,444.76684130223873,90.08286774438146,108.2769444809316
385.5175073420802,444.76684130223873,90.08286774438146,108.2769444809316
383.9556190568415,443.9858971596194,90.08286774438146,108.2769444809316
383.1746749142222,443.2049530170001,90.08286774438146,108.2769444809316
381.6127866289835,443.9858971596194,90.08286774438146,108.2769444809316
379.2699542011255,443.2049530170001,90.08286774438146,108.2769444809316
378.48901005850615,442.4240088743808,90.08286774438146,108.2769444809316
378.5530869530427,441.8778108998122,88.39282567006974,106.24556385959141
376.2542083365506,440.34522515548406,88.39282567006974,106.24556385959141
374.72162259222256,440.34522515548406,88.39282567006974,106.24556385959141
373.95532972005856,439.5789322833201,88.39282567006974,106.24556385959141
372.4227439757305,438.046346538992,88.39282567006974,106.24556385959141
370.89015823140244,437.28005366682805,88.39282567006974,106.24556385959141
370.12386535923844,436.513760794664,88.39282567006974,106.24556385959141
369.35757248707444,434.981175050336,88.39282567006974,106.24556385959141
367.8249867427464,434.21488217817193,88.39282567006974,106.24556385959141
366.2924009984183,433.448589306008,88.39282567006974,106.24556385959141
365.5261081262543,433.448589306008,88.39282567006974,106.24556385959141
364.7598152540903,432.68229643384393,88.39282567006974,106.24556385959141
363.22722950976225,432.68229643384393,88.39282567006974,106.24556385959141
362.46093663759825,432.68229643384393,88.39282567006974,106.24556385959141
361.75751851520704,432.91263853583064,86.73449042619606,104.25229391129004
362.5711301473889,433.8905756700788,85.10726716183234,102.29641964279372
363.36947763528934,434.11235596348826,83.51057218603151,100.37723947483607
361.92154211040065,431.9404526761552,83.51057218603151,100.37723947483607
359.7496388230676,429.7685493888221,83.51057218603151,100.37723947483607
358.3017032981789,428.32061386393343,83.51057218603151,100.37723947483607
358.3017032981789,426.14871057660037,83.51057218603151,100.37723947483607
357.5777355357345,423.9768072892673,83.51057218603151,100.37723947483607
356.85376777329014,420.3569684770455,83.51057218603151,100.37723947483607
355.40583224840145,416.73712966482367,83.51057218603151,100.37723947483607
359.8090407744113,416.95474914456787,81.94383275845547,98.49406499045897
359.098655350203,410.5612803266929,81.94383275845547,98.49406499045898
356.96749907757794,409.1405094782763,81.94383275845547,98.494064990459
356.25711365336963,405.58858235723466,81.94383275845547,98.494064990459
355.5467282291613,402.74704066040135,81.94383275845547,98.494064990459
355.5467282291613,399.19511353935974,81.94383275845547,98.494064990459
355.5467282291613,394.9328009941098,81.94383275845547,98.494064990459
354.836342804953,392.8016447214848,81.94383275845547,98.494064990459
354.1259573807447,389.9601030246515,81.94383275845547,98.494064990459
354.1842448937986,388.75286890321854,80.40648688393107,96.64622068807498
355.6355546841608,387.5682836661945,78.89798311086028,94.83304373916229
354.9515742634914,385.51634240418633,78.89798311086028,94.8330437391623
354.267593842822,383.4644011421782,78.89798311086028,94.8330437391623
354.267593842822,381.41245988017005,78.89798311086028,94.8330437391623
355.0076952315459,380.9340790331595,77.41778033341257,93.05388375050592
354.33654694775095,377.57833761418476,77.41778033341257,93.05388375050592
356.405059883333,377.1089316563982,75.9653475974282,91.30810253089909
354.4293892125261,374.4747040953222,75.9653475974282,91.30810253089909
353.7708323222571,370.52336275370817,75.9653475974282,91.30810253089909
356.4590948367966,370.7213201977778,74.54016390996311,89.59507386222182
355.16669138977153,364.90550468616493,74.54016390996311,89.59507386222182
357.1583177655748,365.09974825635624,73.14171805240673,87.91418327481415
356.5242394138928,380.31762869672355,73.14171805240673,87.91418327481415
355.89016106221084,377.1472369383137,73.14171805240673,87.91418327481415
355.25608271052886,373.9768451799039,73.14171805240673,87.91418327481415
356.5762658898612,373.5333662004152,71.76950839710608,86.2648278270636
357.1984483159406,368.55590679177993,71.76950839710608,86.2648278270636
358.493863576858,384.919673412733,70.42304272743003,84.64641588912785
358.493863576858,397.7403766841807,70.42304272743003,84.64641588912787
359.764975589561,416.8496915511696,69.10183806120943,83.05836693071494
359.2150725310908,435.00144118989124,67.80542047748966,81.50011131284487
360.4389373508616,433.414683587384,66.53332494653337,79.97109008351808
358.7085702442074,428.22358226742153,66.53332494653337,79.97109008351808
359.90947417151915,427.2433828139178,65.28509516301264,78.47075477721731
359.3435062583686,422.7156395087137,65.28509516301264,78.47075477721731
362.78575171446215,440.4307706827522,64.06028338233065,76.99856721817098
361.1197022979208,438.20937146069707,64.06028338233065,76.99856721817098
361.6750521034346,434.87727262761433,64.06028338233065,76.99856721817098
361.7206188590792,435.0442067675322,62.85845026001397,75.55399932730757
361.7206188590792,431.77462134420966,62.85845026001397,75.55399932730757
361.7206188590792,428.5050359208871,62.85845026001397,75.55399932730757
363.4001234498013,428.12390731035083,61.679164694118114,74.13653293283176
363.4001234498013,424.9156624845174,61.67916469411812,74.13653293283176
363.93483092077355,423.31154007160063,61.67916469411812,74.13653293283176
365.58282637448224,422.40285433292263,60.522003670589726,72.74565958435427
366.10750221406863,418.7301234558179,60.522003670589726,72.74565958435429
367.1568538932414,415.5820684182995,60.522003670589726,72.74565958435429
367.199903833185,414.16575466687664,59.386552111529824,71.38088037050889
367.7147362445316,429.0958945959283,59.386552111529824,71.38088037050889
368.2295686558782,445.05569934767317,59.386552111529824,71.38088037050889
367.75697852579793,464.7740858827566,58.2724027263039,70.04170573999102
370.32429657774367,462.4000691575004,57.179155865445246,68.727655325954
370.32429657774367,457.9388041940257,57.17915586544525,68.727655325954
369.33290436363814,455.4603236587619,57.17915586544525,68.727655325954
371.8113848989019,450.00766648118156,57.17915586544525,68.727655325954
371.8113848989019,448.5205781600233,57.17915586544525,68.727655325954
372.3070810059547,443.5636170894958,57.17915586544525,68.727655325954
371.31568879184914,439.10235212602106,57.17915586544525,68.727655325954
371.85205703592214,439.25135479509544,56.10641937729923,67.43825777369968
373.3511552243657,438.42476929593573,55.05380846735706,66.17305057160169
374.30569742152284,433.17478721157136,55.05380846735706,66.17305057160169
373.8675866779299,431.8864381604574,54.02094556022858,64.93157988520096
377.5397185121735,425.61429869138817,55.106388419370255,66.23625011983431
375.5529114107702,423.51567543441115,56.21364108188067,67.56713509349214
375.59289676693516,421.71285851502216,55.15901858864236,66.29951002772786
377.02744631752216,418.36557623031905,55.15901858864237,66.29951002772786
377.98381268458024,415.01829394561594,55.15901858864237,66.29951002772786
379.41836223516725,415.01829394561594,55.15901858864237,66.29951002772786
380.8529117857544,412.14919484444187,55.15901858864237,66.29951002772786
421.9766655692497,417.409209863261,55.15901858864237,66.29951002772786
422.494083944834,419.4656810081465,54.12418183747375,65.0556668391311
421.12494703859545,422.4219947627347,53.108759628640556,63.83515935659267
417.93985995077276,433.1498004082164,52.11238772647597,62.637549779606665
385.4493867018356,404.3722295496278,51.134708728728,61.46240852122979
387.7022380458389,404.06218530884007,50.17537193835794,60.30931405398697
389.04286555356583,402.0180414842395,49.2340332377441,59.17785275866787
389.9315231386199,399.58542933395995,48.31035496524551,58.0676187759602
391.22231956468386,398.03607719030197,47.40400579408148,56.97821386086649
397.0093892239369,394.0500706732327,46.51466061348346,55.90924723985212
397.4457193246403,392.5583078992918,45.64200041207663,54.860335470673455
398.2695419366814,390.6988535558465,44.78571216344931,53.831102304835696
399.04605228682533,386.8163018051266,44.78571216344932,53.831102304835696
400.53738850493517,382.3929358851012,45.68559147794951,54.912730643446764
401.3619979209161,381.71987480126586,44.82848541859709,53.88251449328918
402.5278758726313,378.9994929139304,44.82848541859709,53.882514493289186
404.11426678303735,379.5049370613224,43.987459501215326,52.87162619850519
406.7836116645257,374.9289172644852,43.987459501215326,52.87162619850519
407.9589053579098,373.89953885657894,43.16221204672614,51.879703149759564
408.737968631841,372.88947258718815,42.35244703584391,50.90638954062033
410.6038982440092,370.7968738200719,41.55787400289226,49.95133623992969
412.40526065036397,367.19414900736234,41.55787400289226,49.95133623992969
413.15536616727456,366.94217183150056,40.77820793161298,49.014200666569366
412.8018527475967,365.1746047331112,40.77820793161298,49.014200666569366
412.4483393279188,363.0535242150439,40.77820793161298,49.014200666569366
415.6589660746836,360.6851938576178,40.013169152929606,48.09464666657555
416.3862775327708,360.4324079867519,39.26248324462913,47.192344392559214
417.39970101060163,356.438605059442,40.05138432046347,48.14058016843891
419.1949040460347,353.5662802027491,40.05138432046347,48.140580168438916
420.2886866911842,354.01786221830673,39.29998145851102,47.23741613732366
423.12347219503476,352.69944883349416,38.562675643902374,46.35119634045415
425.2450513355008,350.6704660323911,37.83920240234035,45.48160288754216
428.0607993669969,346.44684398514704,37.83920240234035,45.48160288754216
429.4686733827449,343.63109595365097,37.83920240234035,45.48160288754216
431.58048440636696,358.0618046150683,37.83920240234035,45.48160288754216
433.34330851262393,358.8404126366614,37.1293022213224,44.62832385222994
435.0994734105069,356.0913314472428,36.43272045705253,43.79105316020113
436.14516702535735,354.03833326008896,35.74920724309963,42.96949047939075
437.88838596227043,351.9776284160978,35.07851740076948,42.163341112255
439.62531350282404,369.6195977201076,34.42041035115822,41.372315890062154
440.32925051069805,385.81014890120997,34.42041035115822,41.372315890062154
443.4678787033453,403.79666650850805,33.77465002885586,40.59613106916672
443.12856168183043,401.98094346197365,34.45328407188566,41.411829130739484
443.85954858466204,400.4877776993519,35.14555390874206,42.24391701346343
445.69082263468607,397.92399402931824,35.14555390874206,42.24391701346343
447.5220966847101,394.62770073927504,35.14555390874206,42.24391701346343
463.6504733275822,412.8822925372443,35.85173352343042,43.09272403801495
467.3866130066045,411.01422269773315,35.85173352343042,43.09272403801495
467.4000425336636,412.4493614851964,36.57210240511671,43.95858614211079
467.7948628935692,410.10212658272326,37.30694565874272,44.84184601346422
468.5724206085269,424.87572316691995,37.30694565874272,44.84184601346423
468.58639523644524,425.2027772759034,38.05655411786384,45.74285322541276
470.1331559647626,424.04550508432425,37.34257620760218,44.88467288007362
471.68975663061275,423.26720475139916,37.34257620760218,44.88467288007362
472.8572071300004,421.3214539190864,37.34257620760218,44.88467288007362
472.0789067970753,419.3757030867737,37.34257620760218,44.88467288007362
473.20749862567703,416.6835417794334,36.64199321624891,44.04259283135344
475.07861563855624,414.42373736390925,35.954553842118116,43.21631102205336
475.79057227772023,413.33038547521085,35.280011498187505,42.40553106186091
477.2611962936953,410.3891374432606,35.280011498187505,42.40553106186091
477.6420676661663,408.4924862594725,35.98889276922059,43.257585397486885
478.39215429833035,403.99196646648824,35.98889276922059,43.257585397486885
478.7806785192884,400.9320759222182,36.71201759163254,44.12676006087859
481.420529437586,395.9898994962979,36.02326449222201,43.298899192621604
484.7616572026842,394.1436551531273,35.34743306977363,42.48656979815163
483.98815745723397,393.8054825863691,34.68428090107992,41.689480491938504
483.98815745723397,391.63679551808787,34.68428090107993,41.689480491938504
486.84364776525456,390.22062386292566,34.033570111028205,40.90734535512756
486.45356571280985,389.54035442751683,33.395067287273875,40.13988383297949
486.06289065031547,388.8609805150784,32.76854339651459,39.38682063423435
486.78958699089344,387.40937530976555,33.42696173898076,40.17822002123802
488.60800666230244,385.2105217868891,34.098609681202106,40.985520996124755
488.26543498014024,383.3337415101823,34.7837530455265,41.80904306949989
489.0126629159447,380.71844373486664,34.7837530455265,41.80904306949989
489.78404984467954,379.55118124786446,35.482662995470264,42.649112171895354
489.02180785796094,377.2644552877087,35.482662995470264,42.649112171895354
491.64137842482444,373.85331473360685,34.81697378205478,41.848973412913196
492.01534921825885,371.2355191795661,34.81697378205478,41.848973412913196
493.08989092380307,369.01028731496774,34.16377354470387,41.06384603402836
491.9425447542922,366.45984822276876,33.52282797809908,40.29344840717334
493.02275568723627,365.01956697884333,33.52282797809908,40.29344840717334
494.7774973338526,364.6773984665189,32.89390717271725,39.53750418789665
495.1308123761518,362.9108232550227,32.89390717271725,39.53750418789665
495.48412741845107,360.437617958928,32.89390717271725,39.53750418789665
496.89738758764804,356.5511524936363,32.89390717271725,39.53750418789665
498.310647756845,355.84452240903784,32.89390717271725,39.53750418789665
499.67915370392075,351.9756228872767,32.27678553236113,38.79574221623707
501.03783113529374,350.22773476204435,31.671241693237203,38.06789641945757
501.3349227596365,348.8249875937861,31.077058444551668,37.35370571660401
499.9270487438885,346.713176570164,31.077058444551668,37.35370571660401
498.8711432320775,344.249397042605,31.077058444551668,37.35370571660401
497.4632692163295,342.1375860189829,31.077058444551668,37.35370571660401
495.9949445936222,338.9682968754876,30.494022650596136,36.6529139248545
496.63296183570975,335.08849695685797,29.921925174295083,35.965269667625655
496.9136440217635,335.7778371524064,29.360560802187607,35.29052628440287
495.85773850995247,334.72193164059536,29.360560802187607,35.29052628440287
494.09789599026743,332.2581521130363,29.360560802187607,35.29052628440287
492.6134697862679,331.53328887229554,28.809728170816594,34.628441742262346
481.2687583945055,327.98646692559316,28.269229694498932,33.97877854905293
473.7906304079154,327.2492988542051,27.738871494450787,33.34130366820688
464.1957163802833,326.8581194628602,27.218463329242574,32.71578843514874
455.299857679263,324.70122991523925,26.70781852655866,32.10200847527251
446.0472403781245,323.94645682933566,26.206753916237336,31.499743623457718
438.30393329151036,324.65039383720966,26.206753916237336,31.49974362345772
428.6946472571093,321.7781601909578,25.715089764566976,30.908777845095315
421.89649720574516,321.0121940223968,25.23264970981493,30.328899158595316
414.505158623068,319.6043200066488,25.23264970981493,30.32889915859532
407.1138200403908,319.25235150271175,25.23264970981493,30.32889915859532
401.1303554734617,317.4925089830267,25.23264970981493,30.32889915859532
395.1468909065326,315.02872945546767,25.23264970981493,30.32889915859532
387.4035838199184,313.26888693578263,25.23264970981493,30.32889915859532
380.71618224511525,312.2129814239716,25.23264970981493,30.32889915859532
375.1831548707505,310.50040812282674,25.73964934043424,30.938297729388978
368.72042394319146,308.34616448030704,25.739649340434244,30.938297729388978
363.7943026639668,305.881099229649,26.25683611463159,31.55994094566559
358.7692008298787,303.73275823291436,26.784414722682882,32.19407483908685
352.89590168883376,301.91486458843457,27.32259396770575,32.84095038482862
347.94132877516296,300.00925962163814,27.32259396770575,32.84095038482863
352.0088379060449,297.6494767279188,26.80999557312768,32.22482226523726
354.87812423555295,296.45587803306796,26.307014022193176,31.620253307463766
358.54767161758616,294.98805908025463,26.307014022193176,31.62025330746377
362.686835059652,293.56952199079126,26.835600854941102,32.25559905717064
365.03752691396915,290.2508424367991,27.374808582919435,32.90371080902637
363.1282802567018,287.1960477851714,27.374808582919435,32.90371080902637
362.3645815937949,284.90495179645063,27.374808582919435,32.90371080902637
360.5621632535528,283.81068600290087,27.924850611776037,33.56484507031214
357.05646678291964,281.0840331924084,27.92485061177604,33.56484507031214
357.05646678291964,279.13642404205666,27.92485061177604,33.56484507031214
356.3863979411781,277.6306493358467,28.485944635118457,34.239263502309925
355.7028654061994,275.29992211406096,29.058312720671896,34.927233023861845
363.40418129985903,273.2732600367821,29.0583127206719,34.927233023861845
370.4082304393147,271.7063663438406,29.64218139816836,35.6290259170103
377.9664886978089,270.5214658156063,30.237781749001762,36.344919934760796
385.25483029127935,268.46918758463465,30.84534949768446,37.07519841100995
387.9567601716539,266.3756729271681,31.465125105141436,37.82015037268238
391.46799918517365,265.05895829709823,31.465125105141436,37.82015037268238
393.6625235686235,263.74224366702833,31.465125105141436,37.82015037268238
396.73485770545324,261.9866241602685,31.465125105141436,37.82015037268238
399.36828696559303,260.6699095301986,31.465125105141436,37.82015037268238
401.857969499714,258.3912516432793,30.874808803799134,37.11060762624139
405.30333425973356,256.6685692632695,30.874808803799137,37.11060762624139
407.0260166397434,254.51521628825725,30.874808803799137,37.11060762624139
410.47138139976295,253.22320450324992,30.874808803799137,37.11060762624139
411.7633931847703,251.5005221232401,30.874808803799137,37.11060762624139
412.05301388192004,250.55662585598913,30.295567409499665,36.41437659072872
410.3626506961787,248.8662626702478,30.295567409499668,36.41437659072872
408.5338838456356,247.51748401711035,29.72719314623256,35.731207525520965
407.9834141852479,245.77934717850886,29.16948213606706,35.060855375371304
408.39029729527084,244.965580958463,29.16948213606706,35.060855375371304
412.32586919050055,244.88758569487206,28.62223432602038,34.40307968250731
413.52361795381955,242.89133775600712,28.622234326020383,34.40307968250731
418.31461300709543,242.09283858046112,28.622234326020383,34.40307968250731
417.91536341932243,242.09283858046112,28.622234326020383,34.40307968250731
416.71761465600343,241.69358899268812,28.622234326020383,34.40307968250731
414.9898571719997,240.81855782043385,28.085253416297952,33.75764450037788
414.8615512073957,240.35170236048756,27.558346789879955,33.124318309018314
414.3512428939383,239.50919606897082,27.041325443428924,32.50287393200328
414.604903655906,238.30529841563947,26.53400391949352,31.893088454957773
413.7434424814224,236.75386604658942,26.036200239984296,31.294743145596932
413.2613203303875,235.95789440588743,25.54773584089746,30.707623375265953
412.5485930927561,235.24516716825602,25.547735840897463,30.707623375265957
412.5485930927561,234.1760763118089,25.547735840897463,30.707623375265957
411.8358658551247,233.4633490741775,25.547735840897463,30.707623375265957
410.76677499867765,232.0378945989147,25.547735840897463,30.707623375265957
411.12313861749334,231.681530980099,25.547735840897463,30.707623375265957
412.0755160214418,230.54412892149318,25.068435508263335,30.131518541952026
412.7794530293158,229.84019191361918,25.068435508263335,30.131518541952026
413.4833900371898,229.48822340968218,25.068435508263335,30.131518541952026
415.8303551572953,229.41890317935088,24.59812731529645,29.566221994740598
418.99807169272833,230.12284018722488,24.598127315296452,29.5662219947406
420.2847195818252,229.6962486968767,24.13664256072479,29.011530959688947
423.10046761332126,229.3442801929397,24.13664256072479,29.011530959688947
424.1563731251323,230.75215420868773,24.13664256072479,29.011530959688947
427.32408966056533,230.04821720081372,24.13664256072479,29.011530959688947
430.6012859204491,231.86856387864927,24.621620119697432,29.594459651261978
432.9864923141663,230.71001185075696,24.1596946173024,29.039238850353666
433.69110162746523,230.00540253745802,24.1596946173024,29.039238850353666
438.2710621639082,230.71001185075696,24.1596946173024,29.039238850353666
440.6115197695124,229.57319538392576,23.70643528588741,28.494434530820374
444.48317331281953,231.3330379036108,23.70643528588741,28.494434530820378
447.2989213443156,232.0369749114848,23.70643528588741,28.494434530820378
450.1146693758117,232.0369749114848,23.70643528588741,28.494434530820378
454.1001247209561,233.86251659859298,24.182768690086746,29.066973203848153
456.729497392004,235.00665768064695,24.66867306137666,29.651015896433076
459.65953587204245,235.37291249065177,24.66867306137666,29.65101589643308
462.8209784827169,234.55228898613083,24.205864800104724,29.094734045446128
465.4528623749268,235.33813928288978,24.69223324153323,29.67933453662128
464.8381872466011,236.5063842767262,25.188374284055357,30.275681405465612
464.0902456597323,236.5063842767262,25.188374284055357,30.275681405465612
464.5851322443563,238.82001519752694,25.69448428854488,30.884010671945635
463.8221622671826,238.05704522035322,25.694484288544885,30.884010671945635
463.05919229000887,235.768135288832,25.694484288544885,30.884010671945635
463.1825376421909,239.272708961485,26.210763561354618,31.50456309837704
462.4042373092658,240.05100929441008,26.21076356135462,31.50456309837704
459.29103597756546,239.66185912794754,26.21076356135462,31.50456309837704
458.36945516643095,238.4007865602933,25.719024184848273,30.913506901985173
457.0833147747657,237.92707160148612,25.23651031655121,30.333539493785743
454.9563488378772,241.36918036894838,25.743587518341677,30.943031302834385
451.13420861496644,240.22253830207512,25.743587518341677,30.943031302834385
445.78321230289134,239.458110257493,25.743587518341677,30.943031302834385
440.291489318668,238.60172884793434,25.260612818055925,30.362509988205204
437.90314291905054,241.1368038299508,24.786699192142578,29.792879817156646
431.2790144119276,240.03278241209696,24.786699192142578,29.792879817156646
422.4468430690971,241.1368038299508,24.786699192142578,29.792879817156646
415.086700283405,240.4007895513816,24.786699192142578,29.792879817156646
408.46257177628206,239.29676813352776,24.786699192142578,29.792879817156646
399.63040043345154,238.56075385495856,24.786699192142578,29.792879817156646
393.0062719263286,239.29676813352776,24.786699192142578,29.792879817156646
386.1331238457718,239.73346824501388,25.284738339010296,30.391508151322775
376.3726846706813,237.85646071134263,25.2847383390103,30.39150815132278
368.11385152252774,236.7302561911399,25.2847383390103,30.39150815132278
360.6058213878427,253.24792248744694,25.2847383390103,30.39150815132278
353.7103758819488,274.93089547367305,24.810372094896636,29.821333946575322
344.1330520237071,291.1386743106975,24.810372094896636,29.821333946575322
337.25333964167294,292.68086732886513,25.308886901399394,30.42053400956386
327.8593386546293,290.42630709197465,25.308886901399397,30.42053400956386
317.5754671964373,287.3298261156558,24.834067606805732,29.849815251530092
310.4342144830656,285.7662797943358,24.368156383254334,29.289803731596393
301.75118126361946,284.3191075910948,24.368156383254338,29.289803731596393
292.21135403002864,282.7848949170524,23.91098610668223,28.740298571578688
284.4012338691951,296.6301079294392,23.91098610668223,28.740298571578688
275.1710918609372,310.475320941826,23.91098610668223,28.740298571578688
265.5859443908233,314.73538648409885,23.91098610668223,28.740298571578688
256.7108078444215,312.6053537129624,23.91098610668223,28.740298571578688
247.4806658361636,311.18533186553816,23.91098610668223,28.740298571578688
238.60552928976182,310.1203154799699,23.91098610668223,28.740298571578688
229.37538728150395,309.0552990944017,23.91098610668223,28.740298571578688
222.0350563224617,308.05654876109014,24.391429550523796,29.31777739077742
213.09868174705488,307.03773053733147,24.881526544482472,29.90685949189031
203.4938907792901,305.56007038844456,24.881526544482476,29.906859491890312
198.322080258186,303.34358016511425,24.88152654448248,29.906859491890312
198.69149529540772,301.49650497900564,24.88152654448248,29.906859491890312
198.69149529540772,300.3882598673405,24.88152654448248,29.906859491890312
197.58325018374256,297.8023546067884,24.88152654448248,29.906859491890312
193.75308557395735,296.23582028331776,24.414724945175024,29.345777766614354
192.66563221675406,295.8733358309167,24.414724945175028,29.345777766614354
188.31581878794097,294.7858824737134,24.414724945175028,29.345777766614354
184.44569172976836,293.04112230777673,24.90529001349843,29.93542247927894
181.11778105723968,291.562050897764,24.905290013498433,29.93542247927894
176.91419053973235,288.88471687506626,24.438042588436602,29.37380488462334
174.01154535153017,286.34490233538935,24.438042588436605,29.37380488462334
169.6575775692269,284.89357974128825,24.438042588436605,29.37380488462334
166.98417308584706,287.346104184049,23.979561178791922,28.8227237814051
163.77996074677355,287.70212777727943,23.979561178791926,28.822723781405102
160.93177200093044,286.63405699758823,23.97956117879193,28.822723781405102
161.86875911398573,297.22911234456546,23.529681325602887,28.281981494813344
158.5697939097582,298.90228507841584,23.088241655317788,27.751384058608597
150.47451831920702,286.93535594455756,23.08824165531779,27.7513840586086
151.7470027477222,300.21851204675795,22.655083821909482,27.230741145546396
145.05960117291906,284.7318978735296,22.655083821909482,27.230741145546396
138.58471528403265,278.2999338719465,22.23005245007603,26.71986599910619
135.06503024466258,284.2833984388756,22.23005245007603,26.71986599910619
128.9381258590809,284.5340437551782,21.81299507950705,26.218575366501113
128.43880533586264,284.07604971408244,21.40376211019563,25.726689432944525
123.71202396145421,288.18903209528696,21.002206748776246,25.2440317571498
121.09328682641153,288.07386486590474,20.60818495586947,24.77042920804017
114.24723152839886,287.9542550146648,20.221555394414487,24.305711902646006
109.15739197706547,288.53422289734124,19.842179378971004,23.84971314516714
107.58367873387981,288.4059762823985,19.469920825972252,23.40226936717849
116.21356013889846,304.81605211261143,19.10464620491132,22.963220068957465
112.87308595676241,304.679489762197,18.746224490443268,22.532407761912122
108.47334409311,308.4105397264785,18.39452711538587,22.109677912089435
106.18211416094285,310.3777817598365,18.04942792460207,21.694878884743392
102.47977301506293,311.2852272651107,17.710803129747703,21.287861889943066
100.18212941994366,314.3006657769777,17.378531264868133,20.88848092920112
97.17743194553067,315.9044838857745,17.052493142827988,20.496592743103605
94.87361308310646,315.7447833734281,16.732571812558295,20.112056759922297
90.80695068358867,320.1570662780378,16.418652517105695,19.734735045191094
87.44128057653708,320.6941561784562,16.110622652468717,19.36449225222842
93.57587060609742,324.0435210532095,15.808371727206296,19.001195573587875
103.22731041459774,326.33357251691564,15.511791322804097,18.644714693419715
115.33974768246587,328.9722485208215,15.220775054784394,18.294921740726082
120.7620535016404,330.19976928124896,14.93521853454557,17.951691243493208
122.31002711870245,331.0721018690275,14.655019331917536,17.614900083684145
118.5758447721443,335.81292873551274,14.380076938419666,17.284427453075867
116.59892585212806,337.73490757677325,14.110292731208027,16.960154809924934
111.80372819376447,339.30187607926064,13.845569937699006,16.641965836446108
108.06195281887857,343.3296393422464,13.58581360085663,16.32974639708877
109.24529985855233,343.4828202919928,13.330930545131128,16.023384497596048
108.31444494778862,345.74493844199685,13.080829343036527,15.722770244832091
105.26943294269617,349.06014219616446,12.835420282355265,15.427795807362987
102.9260558893357,348.5009254035833,12.5946153339581,15.138355376777234
97.76467193714578,351.45867855860206,12.358328120227736,14.85434512973187
96.47272503947417,352.6539250399237,12.126473884074855,14.575663190710674
96.23450874830688,352.4386833336015,11.89896945853544,14.302209595481031
98.45793788272742,350.81300248403875,11.675733236938473,14.0338862552364
100.67927295300204,355.87220620606934,11.456685143633333,13.770596921411505
97.61902568675245,357.05728660300736,11.241746605266364,13.512247151157611
89.9811716414733,357.18403804185334,11.030840522596321,13.258744273465538
82.23786455485912,357.53600654579037,11.030840522596321,13.25874427346554
74.03176762499767,358.106739579321,11.252483201216851,13.525152222152283
63.26054941239924,359.9019426147541,11.252483201216851,13.525152222152283
60.02918394861972,377.8539729690848,11.252483201216851,13.525152222152283
55.24860798401271,382.38562041941094,11.4785793461789,13.796913105751988
49.63946628653924,384.078283781918,11.709218440981674,14.074134480785865
48.51862438283254,384.45189774982026,11.709218440981674,14.074134480785865
51.016285495080844,385.4313438614658,11.944491767116318,14.356926064908297
53.945253105416846,386.0493489904733,12.184492440192987,14.6453997803305
58.72489585015887,386.96428766611547,11.95589953020158,14.37063785896152
61.776775758853816,385.8198327003549,11.955899530201581,14.37063785896152
63.94557074574486,387.2013980414523,12.19612941946192,14.659387085461633
11.676920025551256,432.1955418187534,12.44118624788717,14.953938150169813
9.96405220488275,436.0150006867005,12.691167003165969,15.254407629421177
12.671170058446252,434.2419646159596,12.946170621760583,15.560914441919138
14.193435312864262,436.97720756476554,13.206298028063618,15.87357989580062
18.82864062197768,436.13444296310854,13.20629802806362,15.87357989580062
22.488404256295173,438.5032628476563,13.471652174341502,16.192527736646944
21.198856850098053,440.65250852465147,13.471652174341502,16.192527736646944
24.63764993329037,438.5032628476563,13.471652174341502,16.192527736646944
35.080399821120835,429.1984756409654,13.218910897834458,15.88874019247099
37.611108310391415,429.1984756409654,13.21891089783446,15.88874019247099
37.90008927026808,429.4606341608335,13.484518474504648,16.20799264915831
44.9107353071854,431.76397134709737,13.231535813712657,15.903914968206362
47.73311774234135,432.448567825286,13.497397062817585,16.223472331662535
22.18795103760532,432.2855787105059,13.768600262000781,16.54945056122263
13.969950067008751,440.34865365880523,13.510287951016299,16.238966798265913
11.079109734449485,433.6036724389089,13.25682182982137,15.9343080121991
3.4652105702666267,427.6817508667667,13.256821829821371,15.934308012199102
2.4860371137330084,428.3676556373425,13.523191150847971,16.25447606308822
2.781669998285391,428.6358486680241,13.79491263064196,16.58107725062385
4.843897537768838,431.1102486304983,14.072093810129449,16.914240835820635
6.771931944415206,431.7179202554477,13.808087665473117,16.596913253081006
9.104378563975523,424.82426319025603,13.54903453245505,16.285539043936136
4.781196296576895,422.66267205655674,13.549034532455051,16.28553904393614
7.2389852815857605,403.04473918525804,13.821275283315671,16.61276437994595
7.679990078455507,402.16272959151854,13.821275283315671,16.61276437994595
7.679990078455507,403.48574398212776,13.821275283315671,16.61276437994595
4.281601976264882,399.67253660613864,13.561974737780973,16.301092788268775
3.8488708576243624,400.53799884341964,13.561974737780975,16.301092788268775
6.445257569467472,398.80707436885757,13.561974737780975,16.301092788268775
14.2344177049968,385.825140809642,13.561974737780975,16.301092788268775
11.501780613950572,384.79590964366366,13.834475496187208,16.62863064566346
15.033188494009469,387.8858915387152,13.834475496187208,16.628630645663463
15.916040464024192,387.8858915387152,13.834475496187208,16.628630645663463
14.011348465922298,391.69166586599977,14.112451612332098,16.96274972122678
14.011348465922298,390.7910747513515,14.112451612332098,16.96274972122678
12.660461793949954,393.94314365262034,14.112451612332098,16.96274972122678
14.011348465922302,393.94314365262034,14.112451612332098,16.96274972122678
13.243138999381724,399.9561047261012,13.847688316116797,16.64451206469213
13.104018198713856,398.90519048482946,14.125929917452531,16.97895024560799
11.301115723755562,400.70809295978773,14.125929917452531,16.97895024560799
12.962102043798168,401.8896907923639,14.409762227283906,17.320108292892993
10.978206173194128,404.4743766159808,14.699297579716722,17.668121228822095
11.299550129358867,406.6419760825523,14.994650565985971,18.02312678867282
9.713572940886275,407.8962401708313,15.295938079808327,18.385265475237624
10.047960161034737,410.63987977363786,15.603279363645916,18.754680614431575
8.895472997528316,411.44718969222447,15.916796055899654,19.13151841201735
7.879737001021153,412.9707936869852,15.916796055899656,19.13151841201735
7.8797370010211525,415.5101336782531,15.916796055899658,19.13151841201735
7.371869002767571,417.03373767301383,15.91679605589966,19.13151841201735
6.864001004513991,431.25404162411405,15.91679605589966,19.13151841201735
4.83252901149967,438.87206159791776,15.91679605589966,19.13151841201735
3.308925016738929,450.5530255577501,15.91679605589966,19.13151841201735
2.8010570184853485,458.6789135298074,15.91679605589966,19.13151841201735
8.227696907699135,464.07325671087045,16.236612239050853,19.515928011470017
7.5465031928970205,464.9133351199882,16.562854488770103,19.908061553004483
11.607962255213222,496.42226212912817,16.895651924012963,20.308074233789
9.451558192058263,503.9696763501705,16.895651924012963,20.308074233789
8.373356160480784,506.6651814291142,16.895651924012963,20.308074233789
5.677851081537085,511.51709057121286,16.895651924012963,20.308074233789
4.599649049959606,517.447201744889,16.895651924012963,20.308074233789
7.453643547254934,520.8723074360637,16.578673087309703,19.927075040904292
6.924656590019175,525.1042030939498,16.578673087309703,19.927075040904292
7.982630504490693,527.7491378801285,16.578673087309703,19.927075040904292
9.725107379159363,530.5809983053348,16.26764108138691,19.553223762849306
10.763232675644439,533.1763115465475,16.267641081386913,19.553223762849306
9.561674523035208,541.2848724558946,16.59450679363522,19.946106687916238
11.835307749984342,545.7079140132809,16.283177732006358,19.57189835768253
9.90981831631092,549.0088582426681,15.977689505891323,19.204710539100912
5.831330581680913,551.5579130768118,15.977689505891323,19.204710539100912
13.988306050940926,550.0284801763256,15.977689505891323,19.204710539100912
26.57306036403876,541.1687536158058,16.298729221133197,19.590590787963066
22.24887839223672,526.930462583653,16.626219587373427,19.984224528665607
17.474341891525192,546.0286085864991,16.626219587373427,19.984224528665607
12.002266020094503,565.9869911888873,16.96029021754252,20.385767552120086
8.373217461651747,577.0014890588675,16.642098703685303,20.003310757138998
7.4673069849701506,578.782161990007,16.329876771609534,19.62802922301837
4.341016317451938,591.8083731046662,16.329876771609534,19.62802922301837
2.2568225391064622,595.9767606613572,16.329876771609534,19.62802922301837
5.53629537934734,597.7240264391769,16.023512426164203,19.25978833489689
14.739210635732668,581.8745612754021,16.023512426164203,19.25978833489689
13.7166644961343,582.8971074150005,16.023512426164203,19.25978833489689
8.242969054757324,590.2355965579283,15.722895773336083,18.898456003418755
6.885414179403885,582.3859758023942,15.427918980830349,18.54390261735275
1.6151758228365178,580.0985812819354,15.138476239390737,18.196000997100214
0.0,584.1335375692781,14.854463724845381,17.854626349075254
44.043733660420756,586.6708798365704,14.575779560864692,17.51965622094083
36.73919313098597,590.5558569275275,14.302323782417957,17.190970457684656
30.940754686977613,596.64971776237,14.033998299915508,16.86845115851915
23.90772369582627,603.0770441447945,13.77070686402363,16.551982634589997
17.446030471575636,607.1868312627662,13.51235503113957,16.241451367478124
12.830156363009696,613.375254128747,13.258850129514279,15.936745968480238
7.330387850550711,618.451963524863,13.258850129514279,15.936745968480238
3.5228558034637203,624.374791153665,13.258850129514279,15.936745968480238
3.94591491980672,629.874559666124,13.258850129514279,15.936745968480238
5.638151385178716,611.683017663375,13.258850129514279,15.936745968480238
4.493348487901508,616.9092214744045,13.010101226010702,15.63775713865328
1.0416655738808185,609.2799186501904,13.271513189944937,15.95196659284024
4.429370895430142,613.0910871369334,13.271513189944939,15.95196659284024
1.7552596470053654,619.7062363476572,13.538177704470503,16.27248945759018
0.0,626.8862755620438,13.81020030908643,16.59945258826154
2.1293366415776935,634.3773497047931,13.810200309086431,16.599452588261542
0.0,641.58348335215,13.551107540822684,16.288030738722853
3.9222841238880086,643.3130208386407,13.551107540822684,16.288030738722853
1.3279778941518945,651.9607082710944,13.551107540822684,16.288030738722853
5.346553206924948,659.0316478536743,13.296875604484917,15.98245146548928
4.6227395142103775,681.668009318267,13.04741330614606,15.682605156155876
3.912505269234101,687.6434969856338,12.802631162765675,15.388384254752854
4.321007497834479,688.4605014428345,12.802631162765675,15.388384254752854
3.6240979369705366,691.8728697874316,12.562441370092051,15.099683223164853
2.6962127095185746,688.1136258489071,12.81485850454131,15.403081158167904
1.4695355854766525,687.2958410995458,12.81485850454131,15.403081158167904
4.740674582921779,687.7047334742264,12.81485850454131,15.403081158167904
6.785136456324983,687.7047334742264,12.81485850454131,15.403081158167904
4.740674582921779,688.9314105982683,12.81485850454131,15.403081158167904
3.6342070536192352,691.1203608515552,12.574439315062552,15.114104398400336
2.147276772932721,691.2621384891262,12.338530623038695,14.83054912325836
0.6882427482031019,692.1886439568775,12.10704780715754,14.552313620425839
3.505967188568742,694.6429983987256,11.879907833684884,14.279298085808458
0.8525452983724584,689.7152148883611,11.879907833684886,14.27929808580846
3.885027458596781,691.6105162385013,11.879907833684886,14.27929808580846
0.7331938043213437,690.3298784601981,12.118610821787115,14.56621202224661
2.279900716456199,687.2364646359283,12.118610821787115,14.56621202224661
4.091534733003685,688.250155370948,12.362110069029283,14.85889092040961
2.7840001236048977,689.2842141939063,12.610501946646288,15.157450615673401
1.6951772601120263,694.6572322495346,12.373916684635118,14.873082123403815
1.6951772601120263,693.8675863591038,12.373916684635118,14.873082123403815
2.2060735517066252,697.5605095976504,12.1417699918766,14.59404866018668
0.0,693.6863527639676,12.1417699918766,14.59404866018668
4.6444633496038215,698.472240226632,11.913978596501458,14.320250135696362
5.024610738550132,699.612682393471,11.913978596501458,14.320250135696362
15.168896454130781,696.8077822778586,12.15336616844096,14.60798692167291
20.475797326973268,683.8640953529804,12.397563754863446,14.901505202890085
23.64041707345541,690.1933348459446,12.397563754863448,14.901505202890085
28.387346693178625,694.5446869973575,12.397563754863448,14.901505202890085
18.373357861158695,676.5939929513747,12.64666800338992,15.200921146931757
7.596792975048449,683.5965236806762,12.409404231035007,14.915737105283487
11.952300949531281,675.2814630021181,12.409404231035007,14.915737105283487
9.847853517886534,663.252953937064,12.658746390249192,15.21543901093995
63.44086697650213,664.7157368276639,12.91309858146847,15.521162826986767
62.07505456943187,670.3281812887898,13.172561471265915,15.833029551669412
47.36434997174658,677.0530748191602,13.172561471265917,15.833029551669414
37.69731552183911,683.7779683495306,13.172561471265917,15.833029551669416
29.29119860887609,687.5607209603639,13.172561471265917,15.833029551669416
21.725693387209372,693.8653086450862,13.172561471265917,15.833029551669416
42.023939000562514,704.1011704452084,12.92543142678212,15.535986542536182
70.60220031221135,690.2246085474424,12.682937781909729,15.244516348699413
58.86639067948784,701.1510519985987,12.68293778190973,15.244516348699413
43.36101409528625,705.8540950545043,12.937776050761643,15.55082441569383
98.26532771613516,650.5369670455287,12.937776050761643,15.550824415693832
86.98935986962073,656.5729515099367,13.197734784949597,15.86328713067837
76.32904213642091,662.3091079425608,13.46291686998359,16.18202815899509
61.294077712110706,673.9075090698858,13.462916869983593,16.18202815899509
51.11067651801255,679.6437197084385,13.210339476268764,15.878437597091555
38.589258294628124,684.8508022111803,12.96250067972659,15.58054268893249
21.753117806298206,689.1329882025697,12.719311579672674,15.288236578522856
61.525799837760516,657.8830237492779,12.719311579672674,15.288236578522856
45.817209082208755,687.6530245077419,12.48068494328578,15.001414414589842
26.30395513466535,680.0866607321638,12.48068494328578,15.001414414589842
14.075910174785488,690.9795824377413,12.246535174317115,14.719973312972332
29.821128502418446,692.6806969225363,12.016778282386628,14.443812319715981
18.814454559698333,690.8990494540182,11.791331852855354,14.172832374860656
23.587035154598404,683.9844498022968,12.028255083774777,14.457607095768733
12.0732245665387,654.0485422733416,12.028255083774777,14.457607095768733
15.640198615691572,658.7896858826903,11.802593338304856,14.18636834751917
13.114759263482918,657.4163875295447,11.581165226309938,13.920218301574536
16.693689959062485,652.4726729227446,11.813865579202185,14.199917247908076
8.777676642829146,656.2422030733319,11.813865579202186,14.199917247908077
4.74201327227317,664.2914185078016,11.592225989022067,13.93351301143542
5.590516001303385,668.120931729494,11.374744572777978,13.672106777132178
4.608391577578455,672.2415412480024,11.161343319089063,13.41560477762432
18.141428291525386,689.6920359580919,11.161343319089063,13.41560477762432
4.713090397051124,697.6527968368367,10.951945680143726,13.163915004704801
4.4638564610651565,706.5754933494495,10.746476544241647,12.916947176329888
31.666238431910116,703.176975546127,10.54486220885094,12.674612704234654
4.3116110521635775,708.2234286222844,10.34703035417079,12.436824662156049
4.663579556100585,711.7431136616544,10.34703035417079,12.436824662156049
14.967726338764177,710.8038716035954,10.152910017190068,12.203497754652126
7.652842764682045,714.0127258567469,10.0,11.97454828650626
14.692212843422205,712.2528833370618,10.0,11.974548286506261
13.98827583554819,714.1250529336473,10.0,11.749894132705354
14.591747843422205,680.5699997482274,10.20093,11.985984755513803
62.344148585941895,642.1526547899597,10.20093,11.985984755513803
37.826903660807126,646.3407248791528,10.40589728649,12.226819147206342
56.03510131395868,643.287849660552,10.614982980667444,12.47249262433116
60.244428655108514,637.0534102427689,10.415835592216883,12.238496551221276
60.139785962831304,587.8054388405051,10.625120976771298,12.484404662424964
35.35096831826834,579.0786860200731,10.838611532557564,12.73525380530707
28.10275353511784,578.3157160428993,10.838611532557564,12.735253805307071
23.41604356131358,580.4766812470656,11.056391754081245,12.991143260017106
37.5291638768012,590.7164488064285,10.848963108409206,12.747416797343416
18.92031517700906,570.5980111981763,10.645426025554617,12.508262879781306
12.925347701830587,587.4588572221157,10.645426025554617,12.508262879781306
14.523948835392464,597.3180129481993,10.445707496020098,12.27359572194429
10.742445995095913,610.0626664085611,10.65559309673763,12.520209080785316
60.72316167083662,583.1769932907393,10.455683823074935,12.285317800617044
26.130490578083673,600.8413359764004,10.455683823074935,12.285317800617044
6.7241915867824975,595.8044782722459,10.259525041509068,12.054833308957102
3.5705042009860604,592.3065287816734,10.067046389166359,11.828672930173841
3.9248325266519934,584.8656339426888,10.06704638916636,11.828672930173841
2.541042418571438,573.9924145422763,10.0,11.606755539710738
0.0,556.7459578493629,10.0,11.606755539710738
2.792545922508447,552.053760028652,10.20093,11.839970078770145
0.0,568.6806926226068,10.009550647535015,11.617840742829223
2.1162667810704825,578.1929183521422,10.009550647535015,11.617840742829223
0.0,569.3853019359057,10.009550647535015,11.617840742829223
0.0,560.3343618499691,10.0,11.399878768930375
0.0,544.1438106688668,10.0,11.399878768930375
0.2553561417537038,532.7662896608305,10.20093,11.628936533034492
0.0,519.3649570877466,10.40589728649,11.862596754792754
0.0,507.27854835758797,10.40589728649,11.862596754792756
0.0,491.8958463373861,10.40589728649,11.862596754792756
0.0,483.94951743445785,10.210672548695936,11.6400429204379
0.0,474.7147353216095,10.019110416556863,11.421664412127575
