595.0,428.0,46.0,46.0
595.3622047244095,427.2755905511811,46.00000000000001,46.00000000000001
595.0,426.9133858267717,46.00000000000001,46.00000000000001
595.0,426.9133858267717,46.00000000000001,46.00000000000001
595.0,426.9133858267717,46.00000000000001,46.00000000000001
594.6377952755905,426.9133858267717,46.00000000000001,46.00000000000001
594.275590551181,426.55118110236225,46.00000000000001,46.00000000000001
593.9133858267716,426.1889763779528,46.00000000000001,46.00000000000001
593.9133858267716,426.1889763779528,46.00000000000001,46.00000000000001
593.9133858267716,425.8267716535434,46.00000000000001,46.00000000000001
593.9133858267716,426.1889763779528,46.00000000000001,46.00000000000001
593.5511811023621,425.8267716535434,46.00000000000001,46.00000000000001
593.1889763779526,426.1889763779528,46.00000000000001,46.00000000000001
592.4645669291338,425.8267716535434,46.00000000000001,46.00000000000001
592.4645669291338,425.8267716535434,46.00000000000001,46.00000000000001
592.4645669291338,425.8267716535434,46.00000000000001,46.00000000000001
592.1023622047243,425.8267716535434,46.00000000000001,46.00000000000001
591.7401574803148,425.8267716535434,46.00000000000001,46.00000000000001
591.7401574803148,425.464566929134,46.00000000000001,46.00000000000001
591.7401574803148,425.10236220472456,46.00000000000001,46.00000000000001
591.7401574803148,424.74015748031513,46.00000000000001,46.00000000000001
591.7401574803148,424.74015748031513,46.00000000000001,46.00000000000001
591.7401574803148,424.74015748031513,46.00000000000001,46.00000000000001
591.3779527559053,424.74015748031513,46.00000000000001,46.00000000000001
591.0157480314958,424.3779527559057,46.00000000000001,46.00000000000001
590.6535433070864,424.0157480314963,46.00000000000001,46.00000000000001
590.6535433070864,423.65354330708686,46.00000000000001,46.00000000000001
590.6535433070864,423.65354330708686,46.00000000000001,46.00000000000001
590.2913385826769,423.65354330708686,46.00000000000001,46.00000000000001
589.9291338582674,423.65354330708686,46.00000000000001,46.00000000000001
589.9291338582674,423.65354330708686,46.00000000000001,46.00000000000001
589.9291338582674,423.65354330708686,46.00000000000001,46.00000000000001
589.9291338582674,423.65354330708686,46.00000000000001,46.00000000000001
589.9291338582674,423.29133858267744,46.00000000000001,46.00000000000001
589.5669291338579,422.929133858268,46.00000000000001,46.00000000000001
589.2047244094484,423.29133858267744,46.00000000000001,46.00000000000001
588.842519685039,422.929133858268,46.00000000000001,46.00000000000001
588.842519685039,423.29133858267744,46.00000000000001,46.00000000000001
588.4803149606295,422.929133858268,46.00000000000001,46.00000000000001
588.4803149606295,422.929133858268,46.00000000000001,46.00000000000001
588.11811023622,422.929133858268,46.00000000000001,46.00000000000001
587.7559055118105,422.929133858268,46.00000000000001,46.00000000000001
587.7559055118105,422.929133858268,46.00000000000001,46.00000000000001
587.393700787401,422.929133858268,46.00000000000001,46.00000000000001
587.0314960629916,422.929133858268,46.00000000000001,46.00000000000001
586.6692913385821,422.929133858268,46.00000000000001,46.00000000000001
586.6692913385821,422.5669291338586,46.00000000000001,46.00000000000001
586.6692913385821,422.20472440944917,46.00000000000001,46.00000000000001
586.3070866141726,421.84251968503975,46.00000000000001,46.00000000000001
585.9448818897631,422.20472440944917,46.00000000000001,46.00000000000001
585.9448818897631,421.84251968503975,46.00000000000001,46.00000000000001
585.9448818897631,421.84251968503975,46.00000000000001,46.00000000000001
585.9448818897631,421.84251968503975,46.00000000000001,46.00000000000001
585.9448818897631,421.84251968503975,46.00000000000001,46.00000000000001
585.5826771653536,421.84251968503975,46.00000000000001,46.00000000000001
585.2204724409441,421.84251968503975,46.00000000000001,46.00000000000001
584.8582677165347,421.84251968503975,46.00000000000001,46.00000000000001
584.8582677165347,421.84251968503975,46.00000000000001,46.00000000000001
584.4960629921252,421.84251968503975,46.00000000000001,46.00000000000001
584.1338582677157,421.4803149606303,46.00000000000001,46.00000000000001
583.7716535433062,421.1181102362209,46.00000000000001,46.00000000000001
583.7716535433062,420.7559055118115,46.00000000000001,46.00000000000001
583.7716535433062,421.1181102362209,46.00000000000001,46.00000000000001
583.4094488188967,420.7559055118115,46.00000000000001,46.00000000000001
583.0472440944873,420.7559055118115,46.00000000000001,46.00000000000001
582.6850393700778,420.7559055118115,46.00000000000001,46.00000000000001
582.6850393700778,420.7559055118115,46.00000000000001,46.00000000000001
582.6850393700778,420.7559055118115,46.00000000000001,46.00000000000001
582.6850393700778,420.7559055118115,46.00000000000001,46.00000000000001
582.3228346456683,420.7559055118115,46.00000000000001,46.00000000000001
581.9606299212588,420.7559055118115,46.00000000000001,46.00000000000001
582.3228346456683,420.39370078740205,46.00000000000001,46.00000000000001
581.9606299212588,420.03149606299263,46.00000000000001,46.00000000000001
581.9606299212588,419.6692913385832,46.00000000000001,46.00000000000001
581.9606299212588,420.03149606299263,46.00000000000001,46.00000000000001
581.5984251968493,419.6692913385832,46.00000000000001,46.00000000000001
581.2362204724399,420.03149606299263,46.00000000000001,46.00000000000001
580.8740157480304,419.6692913385832,46.00000000000001,46.00000000000001
580.8740157480304,420.03149606299263,46.00000000000001,46.00000000000001
580.8740157480304,419.6692913385832,46.00000000000001,46.00000000000001
580.8740157480304,419.6692913385832,46.00000000000001,46.00000000000001
580.8740157480304,419.6692913385832,46.00000000000001,46.00000000000001
580.8740157480304,419.6692913385832,46.00000000000001,46.00000000000001
580.5118110236209,419.6692913385832,46.00000000000001,46.00000000000001
580.1496062992114,419.6692913385832,46.00000000000001,46.00000000000001
579.787401574802,419.6692913385832,46.00000000000001,46.00000000000001
579.787401574802,419.6692913385832,46.00000000000001,46.00000000000001
579.4251968503925,419.6692913385832,46.00000000000001,46.00000000000001
579.062992125983,419.6692913385832,46.00000000000001,46.00000000000001
578.7007874015735,419.6692913385832,46.00000000000001,46.00000000000001
578.7007874015735,419.6692913385832,46.00000000000001,46.00000000000001
578.7007874015735,419.6692913385832,46.00000000000001,46.00000000000001
578.7007874015735,419.6692913385832,46.00000000000001,46.00000000000001
578.7007874015735,419.6692913385832,46.00000000000001,46.00000000000001
578.7007874015735,419.6692913385832,46.00000000000001,46.00000000000001
578.7007874015735,419.6692913385832,46.00000000000001,46.00000000000001
578.338582677164,419.6692913385832,46.00000000000001,46.00000000000001
577.9763779527545,419.6692913385832,46.00000000000001,46.00000000000001
578.338582677164,419.6692913385832,46.00000000000001,46.00000000000001
577.9763779527545,419.6692913385832,46.00000000000001,46.00000000000001
577.9763779527545,419.6692913385832,46.00000000000001,46.00000000000001
577.9763779527545,419.6692913385832,46.00000000000001,46.00000000000001
577.6141732283451,419.3070866141738,46.00000000000001,46.00000000000001
577.2519685039356,418.94488188976436,46.00000000000001,46.00000000000001
576.9590613893838,419.7385889484408,45.136995331465926,45.136995331465926
577.3144708014426,419.7385889484408,45.136995331465926,45.136995331465926
577.3144708014426,419.38317953638204,45.136995331465926,45.136995331465926
577.3144708014426,419.7385889484408,45.136995331465926,45.136995331465926
577.3144708014426,419.38317953638204,45.136995331465926,45.136995331465926
577.3144708014426,419.7385889484408,45.136995331465926,45.136995331465926
576.9590613893838,419.7385889484408,45.136995331465926,45.136995331465926
576.6036519773251,419.7385889484408,45.136995331465926,45.136995331465926
576.2482425652663,419.7385889484408,45.136995331465926,45.136995331465926
576.2482425652663,419.7385889484408,45.136995331465926,45.136995331465926
576.2482425652663,419.7385889484408,45.136995331465926,45.136995331465926
576.2482425652663,419.7385889484408,45.136995331465926,45.136995331465926
576.2482425652663,419.7385889484408,45.136995331465926,45.136995331465926
575.8928331532076,419.7385889484408,45.136995331465926,45.136995331465926
575.8928331532076,419.7385889484408,45.136995331465926,45.136995331465926
575.5374237411488,419.7385889484408,45.136995331465926,45.136995331465926
575.1820143290901,419.7385889484408,45.136995331465926,45.136995331465926
575.1820143290901,419.7385889484408,45.136995331465926,45.136995331465926
575.1820143290901,419.7385889484408,45.136995331465926,45.136995331465926
575.1820143290901,419.7385889484408,45.136995331465926,45.136995331465926
575.1820143290901,419.7385889484408,45.136995331465926,45.136995331465926
575.1820143290901,419.7385889484408,45.136995331465926,45.136995331465926
574.8266049170313,420.09399836049965,45.136995331465926,45.136995331465926
574.4711955049726,420.4494077725584,45.136995331465926,45.136995331465926
574.1157860929138,420.09399836049965,45.136995331465926,45.136995331465926
574.1157860929138,420.4494077725584,45.136995331465926,45.136995331465926
574.1157860929138,420.09399836049965,45.136995331465926,45.136995331465926
574.1157860929138,420.4494077725584,45.136995331465926,45.136995331465926
574.1157860929138,420.09399836049965,45.136995331465926,45.136995331465926
574.1157860929138,420.4494077725584,45.136995331465926,45.136995331465926
574.1157860929138,420.09399836049965,45.136995331465926,45.136995331465926
573.7603766808551,420.4494077725584,45.136995331465926,45.136995331465926
573.4049672687963,420.09399836049965,45.136995331465926,45.136995331465926
573.4049672687963,420.4494077725584,45.136995331465926,45.136995331465926
573.4049672687963,420.09399836049965,45.136995331465926,45.136995331465926
573.4049672687963,420.4494077725584,45.136995331465926,45.136995331465926
573.0495578567376,420.09399836049965,45.136995331465926,45.136995331465926
573.0495578567376,420.09399836049965,45.136995331465926,45.136995331465926
573.0495578567376,420.09399836049965,45.136995331465926,45.136995331465926
572.6941484446788,420.4494077725584,45.136995331465926,45.136995331465926
572.3387390326201,420.09399836049965,45.136995331465926,45.136995331465926
572.6941484446788,420.4494077725584,45.136995331465926,45.136995331465926
572.3387390326201,420.09399836049965,45.136995331465926,45.136995331465926
572.6941484446788,420.4494077725584,45.136995331465926,45.136995331465926
572.3387390326201,420.09399836049965,45.136995331465926,45.136995331465926
572.3387390326201,420.09399836049965,45.136995331465926,45.136995331465926
572.3387390326201,420.09399836049965,45.136995331465926,45.136995331465926
572.3387390326201,420.09399836049965,45.136995331465926,45.136995331465926
571.9833296205613,420.09399836049965,45.136995331465926,45.136995331465926
571.9833296205613,420.09399836049965,45.136995331465926,45.136995331465926
571.6279202085026,420.09399836049965,45.136995331465926,45.136995331465926
571.2725107964438,420.09399836049965,45.136995331465926,45.136995331465926
571.2725107964438,420.09399836049965,45.136995331465926,45.136995331465926
571.2725107964438,420.09399836049965,45.136995331465926,45.136995331465926
571.2725107964438,420.09399836049965,45.136995331465926,45.136995331465926
571.2725107964438,420.09399836049965,45.136995331465926,45.136995331465926
570.9171013843851,420.09399836049965,45.136995331465926,45.136995331465926
570.9171013843851,420.09399836049965,45.136995331465926,45.136995331465926
570.5616919723263,420.09399836049965,45.136995331465926,45.136995331465926
570.2062825602676,420.09399836049965,45.136995331465926,45.136995331465926
570.2062825602676,420.09399836049965,45.136995331465926,45.136995331465926
570.2062825602676,420.09399836049965,45.136995331465926,45.136995331465926
570.2062825602676,420.09399836049965,45.136995331465926,45.136995331465926
569.8508731482088,420.09399836049965,45.136995331465926,45.136995331465926
569.4954637361501,420.09399836049965,45.136995331465926,45.136995331465926
569.1400543240914,420.09399836049965,45.136995331465926,45.136995331465926
569.4954637361501,420.09399836049965,45.136995331465926,45.136995331465926
569.1400543240914,420.09399836049965,45.136995331465926,45.136995331465926
569.4954637361501,420.09399836049965,45.136995331465926,45.136995331465926
569.1400543240914,420.09399836049965,45.136995331465926,45.136995331465926
569.1400543240914,420.09399836049965,45.136995331465926,45.136995331465926
569.1400543240914,420.09399836049965,45.136995331465926,45.136995331465926
569.1400543240914,420.09399836049965,45.136995331465926,45.136995331465926
569.1400543240914,420.09399836049965,45.136995331465926,45.136995331465926
569.1400543240914,420.09399836049965,45.136995331465926,45.136995331465926
568.7846449120326,419.7385889484408,45.136995331465926,45.136995331465926
568.4292354999739,419.38317953638204,45.136995331465926,45.136995331465926
568.4292354999739,419.7385889484408,45.136995331465926,45.136995331465926
568.4292354999739,419.38317953638204,45.136995331465926,45.136995331465926
568.4292354999739,419.7385889484408,45.136995331465926,45.136995331465926
568.0738260879151,419.7385889484408,45.136995331465926,45.136995331465926
568.0738260879151,419.7385889484408,45.136995331465926,45.136995331465926
567.7184166758564,419.7385889484408,45.136995331465926,45.136995331465926
567.3630072637976,419.7385889484408,45.136995331465926,45.136995331465926
567.3630072637976,419.7385889484408,45.136995331465926,45.136995331465926
567.3630072637976,419.7385889484408,45.136995331465926,45.136995331465926
567.3630072637976,419.7385889484408,45.136995331465926,45.136995331465926
567.3630072637976,419.7385889484408,45.136995331465926,45.136995331465926
567.3630072637976,420.09399836049965,45.136995331465926,45.136995331465926
567.0075978517389,420.4494077725584,45.136995331465926,45.136995331465926
566.6521884396801,420.09399836049965,45.136995331465926,45.136995331465926
566.2967790276214,420.4494077725584,45.136995331465926,45.136995331465926
566.2967790276214,420.4494077725584,45.136995331465926,45.136995331465926
566.2967790276214,420.4494077725584,45.136995331465926,45.136995331465926
566.2967790276214,420.4494077725584,45.136995331465926,45.136995331465926
566.2967790276214,420.4494077725584,45.136995331465926,45.136995331465926
565.9413696155626,420.80481718461726,45.136995331465926,45.136995331465926
565.5859602035039,421.160226596676,45.136995331465926,45.136995331465926
565.2305507914451,421.5156360087349,45.136995331465926,45.136995331465926
565.2305507914451,421.160226596676,45.136995331465926,45.136995331465926
565.2305507914451,421.8710454207936,45.136995331465926,45.136995331465926
565.2305507914451,421.8710454207936,45.136995331465926,45.136995331465926
565.2305507914451,421.8710454207936,45.136995331465926,45.136995331465926
564.8751413793864,422.22645483285237,45.136995331465926,45.136995331465926
564.5197319673276,422.58186424491123,45.136995331465926,45.136995331465926
564.1643225552689,422.58186424491123,45.136995331465926,45.136995331465926
564.1643225552689,422.58186424491123,45.136995331465926,45.136995331465926
564.1643225552689,422.58186424491123,45.136995331465926,45.136995331465926
564.1643225552689,422.93727365697,45.136995331465926,45.136995331465926
563.8089131432101,423.6480924810876,45.136995331465926,45.136995331465926
563.4535037311514,423.6480924810876,45.136995331465926,45.136995331465926
563.0980943190926,423.6480924810876,45.136995331465926,45.136995331465926
563.4535037311514,424.00350189314634,45.136995331465926,45.136995331465926
562.7426849070338,424.3589113052052,45.136995331465926,45.136995331465926
562.387275494975,424.71432071726394,45.136995331465926,45.136995331465926
562.2892160834361,423.90544248160757,46.043932978661076,46.043932978661076
561.5641147766855,424.2679931349829,46.04393297866108,46.04393297866108
561.5641147766855,423.90544248160757,46.04393297866108,46.04393297866108
561.2015641233103,424.6305437883581,46.04393297866108,46.04393297866108
561.2015641233103,424.6305437883581,46.04393297866108,46.04393297866108
561.2015641233103,424.6305437883581,46.04393297866108,46.04393297866108
560.839013469935,424.6305437883581,46.04393297866108,46.04393297866108
560.839013469935,424.99309444173343,46.04393297866108,46.04393297866108
560.839013469935,424.99309444173343,46.04393297866108,46.04393297866108
560.4764628165598,424.99309444173343,46.04393297866108,46.04393297866108
560.1139121631845,424.99309444173343,46.04393297866108,46.04393297866108
559.7513615098093,425.35564509510874,46.04393297866108,46.04393297866108
559.7513615098093,425.35564509510874,46.04393297866108,46.04393297866108
559.388810856434,425.71819574848405,46.04393297866108,46.04393297866108
559.0262602030588,426.08074640185936,46.04393297866108,46.04393297866108
558.6637095496835,426.08074640185936,46.04393297866108,46.04393297866108
558.6637095496835,426.08074640185936,46.04393297866108,46.04393297866108
558.6637095496835,426.08074640185936,46.04393297866108,46.04393297866108
558.3011588963083,426.44329705523467,46.04393297866108,46.04393297866108
557.938608242933,427.1683983619852,46.04393297866108,46.04393297866108
557.938608242933,427.1683983619852,46.04393297866108,46.04393297866108
557.5760575895578,427.53094901536053,46.04393297866108,46.04393297866108
557.2135069361825,427.89349966873584,46.04393297866108,46.04393297866108
556.8509562828073,428.6186009754864,46.04393297866108,46.04393297866108
556.8509562828073,428.9811516288617,46.04393297866108,46.04393297866108
556.488405629432,428.6186009754864,46.04393297866108,46.04393297866108
556.1258549760568,428.9811516288617,46.04393297866108,46.04393297866108
555.4007536693061,428.9811516288617,46.04393297866108,46.04393297866108
555.4007536693061,429.343702282237,46.04393297866108,46.04393297866108
555.0382030159309,430.0688035889876,46.04393297866108,46.04393297866108
554.6756523625556,430.0688035889876,46.04393297866108,46.04393297866108
554.6756523625556,430.4313542423629,46.04393297866108,46.04393297866108
554.3131017091804,431.15645554911345,46.04393297866108,46.04393297866108
553.9505510558051,431.51900620248875,46.04393297866108,46.04393297866108
553.9505510558051,431.88155685586406,46.04393297866108,46.04393297866108
553.5880004024299,432.24410750923937,46.04393297866108,46.04393297866108
553.2254497490546,432.24410750923937,46.04393297866108,46.04393297866108
552.500348442304,432.6066581626147,46.04393297866108,46.04393297866108
552.1377977889288,432.96920881599,46.04393297866108,46.04393297866108
551.7752471355535,433.69431012274055,46.04393297866108,46.04393297866108
551.7752471355535,434.05686077611585,46.04393297866108,46.04393297866108
551.4126964821783,434.05686077611585,46.04393297866108,46.04393297866108
551.050145828803,434.05686077611585,46.04393297866108,46.04393297866108
550.6875951754278,434.05686077611585,46.04393297866108,46.04393297866108
550.3250445220525,434.7819620828664,46.04393297866108,46.04393297866108
549.9624938686773,435.8696140429923,46.04393297866108,46.04393297866108
549.4999134960071,435.40703367032216,46.96909372400132,46.96909372400132
549.1300781123535,435.7768690539757,46.96909372400132,46.96909372400132
548.2883677286018,435.3049940538775,47.91284372419768,47.91284372419768
547.9111012425844,435.3049940538775,47.912843724197685,47.912843724197685
547.9111012425844,435.6822605398948,47.91284372419769,47.91284372419769
547.9111012425844,436.0595270259121,47.91284372419769,47.91284372419769
547.5338347565671,436.0595270259121,47.91284372419769,47.91284372419769
547.1565682705498,436.43679351192935,47.91284372419769,47.91284372419769
546.4020352985152,437.19132648396396,47.91284372419769,47.91284372419769
546.0247688124979,437.19132648396396,47.91284372419769,47.91284372419769
546.0247688124979,437.56859296998124,47.91284372419769,47.91284372419769
546.0247688124979,438.32312594201585,47.91284372419769,47.91284372419769
545.6475023264805,438.7003924280331,47.91284372419769,47.91284372419769
544.892969354446,439.0776589140504,47.91284372419769,47.91284372419769
544.5157028684287,439.0776589140504,47.91284372419769,47.91284372419769
543.7611698963941,439.4549254000677,47.91284372419769,47.91284372419769
543.7611698963941,439.83219188608496,47.91284372419769,47.91284372419769
543.3839034103768,440.58672485811957,47.91284372419769,47.91284372419769
543.0066369243594,440.96399134413684,47.91284372419769,47.91284372419769
542.5252805398843,440.859901445679,48.875556493148,48.875556493148
542.5252805398843,441.24474834719985,48.875556493148,48.875556493148
542.5252805398843,441.6295952487207,48.875556493148,48.875556493148
542.1404336383634,441.6295952487207,48.875556493148,48.875556493148
542.1404336383634,442.01444215024156,48.875556493148,48.875556493148
541.7555867368426,442.7841359532833,48.875556493148,48.875556493148
541.3707398353217,442.7841359532833,48.875556493148,48.875556493148
541.7555867368426,443.16898285480414,48.875556493148,48.875556493148
541.3707398353217,443.553829756325,48.875556493148,48.875556493148
541.7555867368426,444.7083704608876,48.875556493148,48.875556493148
541.3707398353217,444.3235235593667,48.875556493148,48.875556493148
540.8797115570134,444.21734218257916,49.85761304976482,49.85761304976482
540.8797115570134,444.21734218257916,49.85761304976482,49.85761304976482
540.8797115570134,444.21734218257916,49.85761304976482,49.85761304976482
540.8797115570134,444.60992181289225,49.85761304976482,49.85761304976482
541.2722911873265,445.3950810735185,49.85761304976482,49.85761304976482
540.8797115570134,445.7876607038316,49.85761304976482,49.85761304976482
541.2722911873265,446.57281996445784,49.85761304976482,49.85761304976482
540.8797115570134,446.57281996445784,49.85761304976482,49.85761304976482
541.2722911873265,446.96539959477093,49.85761304976482,49.85761304976482
541.2722911873265,447.7505588553972,49.85761304976482,49.85761304976482
540.8797115570134,447.7505588553972,49.85761304976482,49.85761304976482
541.2722911873265,448.14313848571027,49.85761304976482,49.85761304976482
541.163976308135,447.6422439762058,50.85940206877375,50.85940206877375
541.163976308135,448.44317944185576,50.85940206877375,50.85940206877375
541.163976308135,448.84364717468077,50.85940206877375,50.85940206877375
541.163976308135,449.2441149075058,50.85940206877375,50.85940206877375
541.163976308135,449.2441149075058,50.85940206877375,50.85940206877375
541.56444404096,449.2441149075058,50.85940206877375,50.85940206877375
541.9649117737849,449.6445826403308,50.85940206877375,50.85940206877375
542.3653795066099,450.0450503731558,50.85940206877375,50.85940206877375
542.3653795066099,450.4455181059808,50.85940206877375,50.85940206877375
542.3653795066099,450.4455181059808,50.85940206877375,50.85940206877375
542.3653795066099,450.4455181059808,50.85940206877375,50.85940206877375
542.7658472394348,450.8459858388058,50.85940206877375,50.85940206877375
543.5667827050848,451.64692130445576,50.85940206877375,50.85940206877375
543.4562914550258,451.1359623215718,51.881320034541616,51.881320034541616
544.6818344479677,451.5444766525525,51.88132003454162,51.88132003454162
545.0903487789484,451.95299098353314,51.88132003454162,51.88132003454162
546.724406102871,452.3615053145138,51.88132003454162,51.88132003454162
547.5414347648323,452.3615053145138,51.88132003454162,51.88132003454162
549.5840064197355,452.7700196454945,51.88132003454162,51.88132003454162
549.9925207507162,452.7700196454945,51.88132003454162,51.88132003454162
550.8095494126775,453.17853397647514,51.88132003454162,51.88132003454162
552.0350924056194,453.5870483074558,51.88132003454162,51.88132003454162
553.2606353985612,453.5870483074558,51.88132003454162,51.88132003454162
554.4861783915031,453.5870483074558,51.88132003454162,51.88132003454162
555.711721384445,453.99556263843647,51.88132003454162,51.88132003454162
556.1202357154257,454.40407696941713,51.88132003454162,51.88132003454162
557.7542930393482,455.2211056313784,51.88132003454162,51.88132003454162
557.641581688602,454.6998799496514,52.923771397995665,52.923771397995665
558.4750269074678,454.6998799496514,52.92377139799567,52.92377139799567
560.1419173452,455.1166025590844,52.92377139799567,52.92377139799567
560.975362564066,455.1166025590844,52.92377139799567,52.92377139799567
561.808807782932,455.5333251685174,52.92377139799567,52.92377139799567
563.0589756112312,456.3667703873835,52.92377139799567,52.92377139799567
563.8924208300972,456.7834929968165,52.92377139799567,52.92377139799567
565.1425886583963,456.7834929968165,52.92377139799567,52.92377139799567
565.5593112678293,456.7834929968165,52.92377139799567,52.92377139799567
565.9760338772624,457.2002156062495,52.92377139799567,52.92377139799567
566.8094790961284,457.6169382156825,52.92377139799567,52.92377139799567
567.6429243149944,457.6169382156825,52.92377139799567,52.92377139799567
568.0596469244274,458.03366082511553,52.92377139799567,52.92377139799567
568.8930921432934,458.8671060439816,52.92377139799567,52.92377139799567
569.7265373621594,458.8671060439816,52.92377139799567,52.92377139799567
569.7265373621594,458.8671060439816,52.92377139799567,52.92377139799567
570.1432599715924,459.2838286534146,52.92377139799567,52.92377139799567
570.9767051904585,460.1172738722807,52.92377139799567,52.92377139799567
571.3934277998915,460.1172738722807,52.92377139799567,52.92377139799567
572.2268730187575,460.5339964817137,52.92377139799567,52.92377139799567
572.2268730187575,461.3674417005798,52.92377139799567,52.92377139799567
572.6435956281905,461.7841643100128,52.92377139799567,52.92377139799567
572.2268730187575,461.7841643100128,52.92377139799567,52.92377139799567
573.0603182376235,462.2008869194458,52.92377139799567,52.92377139799567
573.4770408470565,463.03433213831187,52.92377139799567,52.92377139799567
573.3620647871396,462.5026334689619,53.9871687366956,53.9871687366956
573.3620647871396,462.92772928578626,53.9871687366956,53.9871687366956
573.787160603964,464.20301673625937,53.9871687366956,53.9871687366956
574.6373522376127,464.20301673625937,53.9871687366956,53.9871687366956
575.4875438712614,464.6281125530837,53.9871687366956,53.9871687366956
576.3377355049101,465.4783041867325,53.9871687366956,53.9871687366956
577.6130229553833,465.90340000355684,53.9871687366956,53.9871687366956
578.8883104058564,466.7535916372056,53.9871687366956,53.9871687366956
580.1635978563295,467.17868745402996,53.9871687366956,53.9871687366956
581.4388853068026,467.17868745402996,53.9871687366956,53.9871687366956
583.1392685741001,467.6037832708543,53.9871687366956,53.9871687366956
583.5643643909245,468.02887908767866,53.9871687366956,53.9871687366956
585.6898434750464,468.453974904503,53.9871687366956,53.9871687366956
586.5400351086951,469.3041665381518,53.9871687366956,53.9871687366956
588.2404183759926,469.72926235497613,53.9871687366956,53.9871687366956
589.0906100096413,470.1543581718005,53.9871687366956,53.9871687366956
589.94080164329,470.57945398862483,53.9871687366956,53.9871687366956
592.4913765442362,471.4296456222736,53.9871687366956,53.9871687366956
592.9164723610606,471.85474143909795,53.9871687366956,53.9871687366956
595.4670472620069,472.7049330727467,53.9871687366956,53.9871687366956
595.4670472620069,473.5551247063955,53.9871687366956,53.9871687366956
596.3172388956556,473.5551247063955,53.9871687366956,53.9871687366956
596.1999526217668,473.4378384325066,55.07193291812203,55.07193291812203
596.1999526217668,473.87147569957847,55.07193291812204,55.07193291812204
596.6335898888386,474.7387502337221,55.07193291812204,55.07193291812204
597.5008644229823,475.17238750079395,55.07193291812204,55.07193291812204
597.9345016900542,475.17238750079395,55.07193291812204,55.07193291812204
598.8017762241979,475.6060247678658,55.07193291812204,55.07193291812204
599.6690507583415,476.03966203493763,55.07193291812204,55.07193291812204
600.1026880254134,476.4732993020095,55.07193291812204,55.07193291812204
600.1026880254134,477.3405738361531,55.07193291812204,55.07193291812204
600.1026880254134,477.77421110322496,55.07193291812204,55.07193291812204
600.5363252924852,478.6414856373686,55.07193291812204,55.07193291812204
601.4035998266289,479.07512290444043,55.07193291812204,55.07193291812204
601.8372370937008,479.07512290444043,55.07193291812204,55.07193291812204
602.2708743607726,479.5087601715123,55.07193291812204,55.07193291812204
602.1512314537825,479.822754531594,56.178493266245866,56.178493266245866
602.5935817944617,480.7074552129522,56.178493266245866,56.178493266245866
603.0359321351408,481.1498055536313,56.178493266245866,56.178493266245866
603.0359321351408,481.1498055536313,56.178493266245866,56.178493266245866
603.4782824758199,481.59215589431045,56.178493266245866,56.178493266245866
604.3629831571782,482.47685657566865,56.178493266245866,56.178493266245866
604.8053334978573,482.9192069163478,56.178493266245866,56.178493266245866
605.6900341792156,482.9192069163478,56.178493266245866,56.178493266245866
606.1323845198947,483.3615572570269,56.178493266245866,56.178493266245866
606.5747348605738,484.24625793838516,56.178493266245866,56.178493266245866
607.0170852012529,484.6886082790643,56.178493266245866,56.178493266245866
607.0170852012529,485.57330896042254,56.178493266245866,56.178493266245866
607.4594355419321,486.01565930110166,56.178493266245866,56.178493266245866
608.3441362232903,486.4580096417808,56.178493266245866,56.178493266245866
608.7864865639694,487.78506066381806,56.178493266245866,56.178493266245866
609.6711872453277,488.6697613451763,56.178493266245866,56.178493266245866
609.6711872453277,489.11211168585544,56.178493266245866,56.178493266245866
610.1135375860068,489.11211168585544,56.178493266245866,56.178493266245866
610.555887926686,489.9968123672137,56.178493266245866,56.178493266245866
610.9982382673651,490.4391627078928,56.178493266245866,56.178493266245866
611.4405886080442,490.88151304857195,56.178493266245866,56.178493266245866
612.3252892894025,491.7662137299302,56.178493266245866,56.178493266245866
612.7676396300816,492.2085640706093,56.178493266245866,56.178493266245866
613.2099899707607,492.2085640706093,56.178493266245866,56.178493266245866
613.2099899707607,492.65091441128845,56.178493266245866,56.178493266245866
613.6523403114398,493.9779654333257,56.178493266245866,56.178493266245866
614.094690652119,493.9779654333257,56.178493266245866,56.178493266245866
614.5370409927981,493.9779654333257,56.178493266245866,56.178493266245866
615.4217416741564,494.42031577400485,56.178493266245866,56.178493266245866
615.7420451229152,494.2982688820846,57.307287731444546,57.307287731444546
615.6175459427956,494.6250081880394,58.458763063832464,58.458763063832464
615.6175459427956,495.0853134090145,58.45876306383247,58.45876306383247
616.0778511637707,496.00592385096456,58.45876306383247,58.45876306383247
616.5381563847458,496.92653429291465,58.45876306383247,58.45876306383247
616.9984616057209,497.38683951388975,58.45876306383247,58.45876306383247
617.458766826696,497.84714473486486,58.45876306383247,58.45876306383247
617.458766826696,498.76775517681494,58.45876306383247,58.45876306383247
617.3317660845503,498.64075443466925,59.63337499007406,59.63337499007406
617.3317660845503,499.11030856844934,59.63337499007407,59.63337499007407
617.3317660845503,500.0494168360095,59.63337499007407,59.63337499007407
617.8013202183304,500.5189709697896,59.63337499007407,59.63337499007407
618.2708743521105,500.9885251035697,59.63337499007407,59.63337499007407
618.2708743521105,501.4580792373498,59.63337499007407,59.63337499007407
618.7404284858906,501.9276333711299,59.63337499007407,59.63337499007407
619.2099826196707,502.8667416386901,59.63337499007407,59.63337499007407
619.2099826196707,503.3362957724702,59.63337499007407,59.63337499007407
619.2099826196707,503.3362957724702,59.63337499007407,59.63337499007407
619.6795367534507,503.8058499062503,59.63337499007407,59.63337499007407
620.1490908872308,505.21451230759055,59.63337499007407,59.63337499007407
620.6186450210109,505.21451230759055,59.63337499007407,59.63337499007407
620.6186450210109,505.21451230759055,59.63337499007407,59.63337499007407
621.088199154791,506.15362057515074,59.63337499007407,59.63337499007407
621.5577532885711,507.0927288427109,59.63337499007407,59.63337499007407
620.9586465867334,506.4936221408732,60.83158839374963,60.83158839374963
620.3475020339356,506.3614664730655,62.05387749934524,62.05387749934524
620.3475020339356,506.85007968172175,62.05387749934524,62.05387749934524
620.3475020339356,506.85007968172175,62.05387749934524,62.05387749934524
620.8361152425919,507.338692890378,62.05387749934524,62.05387749934524
620.8361152425919,507.8273060990343,62.05387749934524,62.05387749934524
620.8361152425919,508.31591930769054,62.05387749934524,62.05387749934524
620.8361152425919,509.29314572500306,62.05387749934524,62.05387749934524
621.3247284512481,509.7817589336593,62.05387749934524,62.05387749934524
621.3247284512481,509.7817589336593,62.05387749934524,62.05387749934524
621.3247284512481,510.2703721423156,62.05387749934524,62.05387749934524
621.8133416599044,511.2475985596281,62.05387749934524,62.05387749934524
621.3247284512481,511.2475985596281,62.05387749934524,62.05387749934524
621.8133416599044,511.73621176828436,62.05387749934524,62.05387749934524
621.3247284512481,511.73621176828436,62.05387749934524,62.05387749934524
621.6785305882635,512.0900139052998,63.30072605993959,63.30072605993959
621.1800996744057,513.0868757330154,63.30072605993959,63.30072605993959
621.6785305882635,514.083737560731,63.30072605993959,63.30072605993959
621.1800996744057,514.5821684745888,63.30072605993959,63.30072605993959
621.6785305882635,515.0805993884466,63.30072605993959,63.30072605993959
621.1800996744057,515.5790303023043,63.30072605993959,63.30072605993959
621.1800996744057,516.0774612161621,63.30072605993959,63.30072605993959
621.6785305882635,516.5758921300198,63.30072605993959,63.30072605993959
621.1800996744057,516.5758921300198,63.30072605993959,63.30072605993959
621.6785305882635,517.0743230438776,63.30072605993959,63.30072605993959
621.1800996744057,517.5727539577354,63.30072605993959,63.30072605993959
621.6785305882635,518.0711848715931,63.30072605993959,63.30072605993959
621.1800996744057,519.0680466993088,63.30072605993959,63.30072605993959
621.6785305882635,519.0680466993088,63.30072605993959,63.30072605993959
621.6785305882635,519.5664776131665,63.30072605993959,63.30072605993959
621.6785305882635,520.0649085270243,63.30072605993959,63.30072605993959
621.6785305882635,520.563339440882,63.30072605993959,63.30072605993959
621.6785305882635,520.563339440882,63.30072605993959,63.30072605993959
621.6785305882635,521.0617703547398,63.30072605993959,63.30072605993959
621.6785305882635,522.5570630963132,63.30072605993959,63.30072605993959
621.1800996744057,522.5570630963132,63.30072605993959,63.30072605993959
621.0425798439022,521.9211123519519,64.57262754866196,64.57262754866196
621.0425798439022,522.9380041243718,64.57262754866196,64.57262754866196
621.0425798439022,523.4464500105818,64.57262754866196,64.57262754866196
621.0425798439022,524.4633417830016,64.57262754866196,64.57262754866196
620.5341339576922,524.9717876692116,64.57262754866196,64.57262754866196
620.3938509412346,524.323058766544,65.87008535399723,65.87008535399723
620.9125130306362,525.3603829453472,65.87008535399723,65.87008535399723
620.3938509412346,525.8790450347487,65.87008535399723,65.87008535399723
619.7320871287257,524.6986191328382,67.1936129790151,67.1936129790151
619.7320871287257,525.756786266366,67.1936129790151,67.1936129790151
619.2030035619617,526.8149533998939,67.1936129790151,67.1936129790151
618.6739199951978,527.3440369666578,67.1936129790151,67.1936129790151
618.6739199951978,527.8731205334217,67.1936129790151,67.1936129790151
619.2030035619617,528.4022041001856,67.1936129790151,67.1936129790151
618.6739199951978,528.4022041001856,67.1936129790151,67.1936129790151
618.6739199951978,528.9312876669495,67.1936129790151,67.1936129790151
618.6739199951978,529.4603712337134,67.1936129790151,67.1936129790151
618.6739199951978,529.9894548004773,67.1936129790151,67.1936129790151
619.2030035619617,530.5185383672413,67.1936129790151,67.1936129790151
618.6739199951978,531.5767055007691,67.1936129790151,67.1936129790151
618.6739199951978,532.6348726342969,67.1936129790151,67.1936129790151
618.6739199951978,533.1639562010608,67.1936129790151,67.1936129790151
618.6739199951978,533.1639562010608,67.1936129790151,67.1936129790151
618.6739199951978,533.6930397678248,67.1936129790151,67.1936129790151
618.6739199951978,535.2802904681165,67.1936129790151,67.1936129790151
618.6739199951978,535.8093740348804,67.1936129790151,67.1936129790151
618.6739199951978,536.3384576016443,67.1936129790151,67.1936129790151
618.6739199951978,536.3384576016443,67.1936129790151,67.1936129790151
618.6739199951978,536.8675411684083,67.1936129790151,67.1936129790151
618.6739199951978,538.4547918687,67.1936129790151,67.1936129790151
617.9988593624041,538.3088148026702,68.54373424460245,68.54373424460245
617.3102347363158,537.6201901765819,69.92098349677924,69.92098349677924
617.3102347363158,538.1707491017534,69.92098349677926,69.92098349677926
617.3102347363158,538.7213080269248,69.92098349677926,69.92098349677926
617.3102347363158,538.7213080269248,69.92098349677926,69.92098349677926
617.3102347363158,539.2718669520963,69.92098349677926,69.92098349677926
617.3102347363158,540.3729848024393,69.92098349677926,69.92098349677926
617.3102347363158,540.9235437276108,69.92098349677926,69.92098349677926
616.6077735756154,539.6705236417389,71.32590581818005,71.32590581818005
616.6077735756154,540.7937662530488,71.32590581818005,71.32590581818005
616.7152238972268,542.5860804916251,69.9877625636472,69.9877625636472
616.8206583464647,542.691514940863,68.67472417598019,68.67472417598019
616.8206583464647,542.691514940863,68.67472417598019,68.67472417598019
616.8206583464647,543.2322608005164,68.67472417598019,68.67472417598019
616.2799124868113,542.691514940863,68.67472417598019,68.67472417598019
615.7391666271579,543.7730066601698,68.67472417598019,68.67472417598019
615.7391666271579,543.7730066601698,68.67472417598019,68.67472417598019
615.7391666271579,544.3137525198232,68.67472417598019,68.67472417598019
615.7391666271579,544.3137525198232,68.67472417598019,68.67472417598019
615.7391666271579,544.3137525198232,68.67472417598019,68.67472417598019
615.7391666271579,544.8544983794766,68.67472417598019,68.67472417598019
615.7391666271579,545.9359900987833,68.67472417598019,68.67472417598019
615.1984207675046,545.9359900987833,68.67472417598019,68.67472417598019
614.6576749078512,546.4767359584367,68.67472417598019,68.67472417598019
614.1169290481978,546.4767359584367,68.67472417598019,68.67472417598019
614.6576749078512,546.4767359584367,68.67472417598019,68.67472417598019
614.6576749078512,547.0174818180901,68.67472417598019,68.67472417598019
614.6576749078512,548.0989735373969,68.67472417598019,68.67472417598019
614.1169290481978,548.6397193970503,68.67472417598019,68.67472417598019
614.1169290481978,549.1804652567037,68.67472417598019,68.67472417598019
614.1169290481978,549.1804652567037,68.67472417598019,68.67472417598019
613.5761831885444,549.721211116357,68.67472417598019,68.67472417598019
613.035437328891,551.3434486953172,68.67472417598019,68.67472417598019
613.035437328891,551.3434486953172,68.67472417598019,68.67472417598019
613.035437328891,552.9656862742773,68.67472417598019,68.67472417598019
613.035437328891,553.5064321339307,68.67472417598019,68.67472417598019
612.4946914692376,553.5064321339307,68.67472417598019,68.67472417598019
611.9539456095843,555.1286697128909,68.67472417598019,68.67472417598019
611.4131997499309,556.750907291851,68.67472417598019,68.67472417598019
610.8724538902775,557.2916531515044,68.67472417598019,68.67472417598019
610.8724538902775,557.8323990111578,68.67472417598019,68.67472417598019
610.3317080306241,559.9953824497713,68.67472417598019,68.67472417598019
609.7909621709707,559.9953824497713,68.67472417598019,68.67472417598019
609.7909621709707,559.9953824497713,68.67472417598019,68.67472417598019
609.7909621709707,561.0768741690781,68.67472417598019,68.67472417598019
609.7909621709707,561.6176200287315,68.67472417598019,68.67472417598019
609.2502163113173,561.0768741690781,68.67472417598019,68.67472417598019
608.709470451664,560.5361283094247,68.67472417598019,68.67472417598019
608.1687245920106,560.5361283094247,68.67472417598019,68.67472417598019
607.6279787323572,559.9953824497713,68.67472417598019,68.67472417598019
607.0872328727038,559.9953824497713,68.67472417598019,68.67472417598019
606.9380381159232,558.2239501140306,70.05460540884816,70.05460540884816
606.2342345226832,556.9685354545792,71.46221259532815,71.46221259532815
605.1088453479537,556.4058408672144,71.46221259532815,71.46221259532815
604.3909002291147,555.1252011610105,72.89810283300608,72.89810283300608
604.3909002291147,554.5512003513018,72.89810283300608,72.89810283300608
603.8168994194059,553.977199541593,72.89810283300608,72.89810283300608
603.2428986096971,553.977199541593,72.89810283300608,72.89810283300608
603.2428986096971,553.4031987318842,72.89810283300608,72.89810283300608
602.6688977999884,553.977199541593,72.89810283300608,72.89810283300608
602.0948969902796,553.4031987318842,72.89810283300608,72.89810283300608
602.0948969902796,553.4031987318842,72.89810283300608,72.89810283300608
601.5208961805708,553.4031987318842,72.89810283300608,72.89810283300608
601.3625262001678,552.6708279417725,74.36284441322968,74.36284441322968
600.7769919921897,552.6708279417725,74.36284441322968,74.36284441322968
600.0299056757921,551.9237416253749,75.85701704602471,75.85701704602471
600.0299056757921,551.3264422785558,75.85701704602471,75.85701704602471
600.0299056757921,550.7291429317366,75.85701704602471,75.85701704602471
599.432606328973,551.9237416253749,75.85701704602471,75.85701704602471
598.2380076353347,551.9237416253749,75.85701704602471,75.85701704602471
598.2380076353347,551.9237416253749,75.85701704602471,75.85701704602471
597.6407082885156,552.521040972194,75.85701704602471,75.85701704602471
597.6407082885156,552.521040972194,75.85701704602471,75.85701704602471
597.0434089416965,553.1183403190131,75.85701704602471,75.85701704602471
596.4461095948774,554.3129390126513,75.85701704602471,75.85701704602471
595.8488102480583,554.9102383594704,75.85701704602471,75.85701704602471
595.2515109012392,557.2994357467468,75.85701704602471,75.85701704602471
594.65421155442,557.2994357467468,75.85701704602471,75.85701704602471
594.65421155442,557.8967350935659,75.85701704602471,75.85701704602471
594.0569122076009,559.6886331340231,75.85701704602471,75.85701704602471
594.0569122076009,560.2859324808422,75.85701704602471,75.85701704602471
593.4596128607818,560.8832318276613,75.85701704602471,75.85701704602471
592.8623135139627,562.6751298681186,75.85701704602471,75.85701704602471
592.2650141671436,563.2724292149377,75.85701704602471,75.85701704602471
591.6677148203245,565.0643272553949,75.85701704602471,75.85701704602471
591.0704154735054,567.4535246426713,75.85701704602471,75.85701704602471
591.0704154735054,568.0508239894904,75.85701704602471,75.85701704602471
589.7110186049334,568.4833251613758,77.3812120895305,77.3812120895305
588.3243073750812,567.7059148141183,78.93603278404544,78.93603278404544
587.0812202446238,570.1920890750331,78.93603278404544,78.93603278404544
585.6666458260302,569.3990582216682,80.52209449077526,80.52209449077526
585.0326135859453,571.3011549419227,80.52209449077526,80.52209449077526
583.7645491057757,571.3011549419227,80.52209449077526,80.52209449077526
583.1305168656909,572.5692194220924,80.52209449077526,80.52209449077526
582.4964846256061,573.2032516621772,80.52209449077526,80.52209449077526
582.4964846256061,573.2032516621772,80.52209449077526,80.52209449077526
581.0534871632196,571.7602541997908,82.1400249353784,82.1400249353784
579.7599434634499,571.7602541997908,82.14002493537842,82.14002493537842
578.2879518530517,570.2882625893926,83.79046445640498,83.79046445640498
577.6281844163871,569.628495152728,83.79046445640498,83.79046445640498
576.9684169797224,568.9687277160633,83.79046445640498,83.79046445640498
576.3086495430578,567.6491928427341,83.79046445640498,83.79046445640498
574.1473137685673,563.5085547582498,85.47406625872753,85.47406625872753
574.1473137685673,562.1625064707108,85.47406625872753,85.47406625872753
573.4742896247978,560.8164581831718,85.47406625872753,85.47406625872753
572.1282413372588,558.1243616080937,85.47406625872753,85.47406625872753
572.1282413372588,556.1052891767853,85.47406625872753,85.47406625872753
570.7821930497198,553.4131926017072,85.47406625872753,85.47406625872753
569.4361447621808,550.7210960266292,85.47406625872753,85.47406625872753
568.0900964746418,548.7020235953207,85.47406625872753,85.47406625872753
568.0900964746418,547.3559753077817,85.47406625872753,85.47406625872753
566.7440481871027,544.6638787327037,85.47406625872753,85.47406625872753
566.0710240433333,542.6448063013952,85.47406625872753,85.47406625872753
565.3979998995638,541.2987580138562,85.47406625872753,85.47406625872753
564.0519516120248,537.9336372950087,85.47406625872753,85.47406625872753
561.174163974048,533.7098013694929,87.19149667206415,87.19149667206415
559.8010695382675,531.650159715822,87.19149667206415,87.19149667206415
558.4279751024869,529.5905180621512,87.19149667206415,87.19149667206415
557.7414278845966,527.5308764084804,87.19149667206415,87.19149667206415
556.3683334488161,525.4712347548095,87.19149667206415,87.19149667206415
554.9952390130355,523.4115931011387,87.19149667206415,87.19149667206415
552.9355973593647,521.3519514474679,87.19149667206415,87.19149667206415
549.999986334378,517.0432459867006,88.94343541469594,88.94343541469594
548.4060740993449,513.3483077182495,90.73057586248342,90.73057586248342
545.351307419435,511.0079550215088,92.5536253232883,92.5536253232883
543.893770012769,508.8216489115099,92.5536253232883,92.5536253232883
542.436232606103,507.3641115048439,92.5536253232883,92.5536253232883
544.7619679556359,509.68984685437675,90.81722943755457,90.81722943755457
540.274091186172,505.2019700849129,92.64202002864337,92.64202002864337
538.815161736902,503.74304063564296,92.64202002864337,92.64202002864337
537.3562322876321,502.284111186373,92.64202002864337,92.64202002864337
536.6267675629971,501.554646461738,92.64202002864337,92.64202002864337
535.1678381137272,501.554646461738,92.64202002864337,92.64202002864337
533.7089086644572,500.825181737103,92.64202002864337,92.64202002864337
528.4013922624296,497.7060595089803,94.5034761370789,94.5034761370789
534.4967337680656,503.05727915526927,92.73049915666591,92.73049915666591
532.4459452306371,503.19697484988797,90.99078494606378,90.99078494606378
529.5800937362729,498.89819760834166,90.99078494606378,90.99078494606378
525.8001033209481,495.8346700666078,92.81906278798505,92.81906278798505
521.9441615582081,493.4404458280881,94.68407621658403,94.68407621658403
518.0107423576295,491.74365834916097,96.58656336000385,96.58656336000385
513.9982889650535,489.2522531984749,98.5272771775964,98.5272771775964
512.4466783008394,488.4764478663678,98.52727717759642,98.52727717759642
508.35360268224645,486.71078824409597,100.50698575792586,100.50698575792586
504.178284895249,484.1182576343888,102.52647262275988,102.52647262275988
499.9190724479575,481.4736353071408,104.586537037169,104.586537037169
499.0955564082947,481.4736353071408,104.586537037169,104.586537037169
496.62500828930644,480.65011926747803,104.586537037169,104.586537037169
494.9779762099809,479.82660322781527,104.586537037169,104.586537037169
489.8096673673233,476.3053264644831,106.68799432585683,106.68799432585683
488.12954147242795,476.3053264644831,106.68799432585683,106.68799432585683
485.6093526300849,475.4652635170354,106.68799432585683,106.68799432585683
483.0891637877419,474.6252005695877,106.68799432585683,106.68799432585683
482.2491008402942,474.6252005695877,106.68799432585683,106.68799432585683
476.1368822206133,470.19310784480217,108.83167619584628,108.83167619584628
472.7091128916103,469.33616551255136,108.83167619584628,108.83167619584628
469.2813435626073,468.47922318030055,108.83167619584628,108.83167619584628
468.42440123035647,468.47922318030055,108.83167619584628,108.83167619584628
463.04631213420106,464.81501874864665,111.01843106564942,111.01843106564942
461.29799038513573,463.0666969995813,111.01843106564942,111.01843106564942
461.29799038513573,461.318375250516,111.01843106564942,111.01843106564942
456.9271860124724,458.695892626918,111.01843106564942,111.01843106564942
456.9271860124724,457.82173175238535,111.01843106564942,111.01843106564942
456.9271860124724,456.07341000332,111.01843106564942,111.01843106564942
453.18935672117334,451.4614198374883,113.24912440105152,113.24912440105152
452.2976313321887,447.89451828154967,113.24912440105152,113.24912440105152
451.40590594320406,445.2193421145957,113.24912440105152,113.24912440105152
450.5141805542194,442.5441659476417,113.24912440105152,113.24912440105152
454.97280749914273,440.7607151696724,113.24912440105152,113.24912440105152
454.0810821101581,438.0855390027184,113.24912440105152,113.24912440105152
454.97280749914273,435.41036283576443,113.24912440105152,113.24912440105152
450.26814861490897,429.81397856254597,115.52463905764185,115.52463905764185
457.54529123271317,427.0850500808694,115.52463905764186,115.52463905764186
450.9268159830674,422.2858604856747,117.84587563022706,117.84587563022706
442.3195151491246,413.67855965173186,120.2137528092652,120.2137528092652
449.89203501112553,410.8388647034815,120.2137528092652,120.2137528092652
445.1592100973749,407.9991697552311,120.2137528092652,120.2137528092652
435.4323977850255,402.05861737388216,122.62920774446178,122.62920774446178
444.1226566015622,400.1274487479851,122.62920774446178,122.62920774446178
432.26923482352373,393.10194853468926,125.09319641567126,125.09319641567126
441.1341070104611,391.13197693759207,125.09319641567126,125.09319641567126
436.2091780177181,386.2070479448491,125.09319641567126,125.09319641567126
426.08755703299073,380.0253701543161,127.60669401125135,127.60669401125135
436.13532821497904,378.0158159179184,127.60669401125136,127.60669401125136
426.08755703299073,370.9823760905266,127.60669401125136,127.60669401125136
427.81988773620316,366.68604408454604,130.17069531401944,130.17069531401944
436.0196165748815,364.63611187487646,130.17069531401944,130.17069531401944
427.81988773620316,359.51128135070246,130.17069531401944,130.17069531401944
438.06954878455116,357.4613491410329,130.17069531401944,130.17069531401944
428.84485384103795,349.2616203023545,130.17069531401944,130.17069531401944
438.06954878455116,347.21168809268494,130.17069531401944,130.17069531401944
431.91975215554237,342.08685756851094,130.17069531401944,130.17069531401944
442.1694132038904,339.0119592540065,130.17069531401944,130.17069531401944
433.969684365212,333.8871287298325,130.17069531401944,130.17069531401944
424.4621956360613,326.4295722103514,132.78621509496404,132.78621509496404
427.59887788239905,320.15620771767595,132.78621509496404,132.78621509496404
430.44708416756447,313.5943672638282,135.45428851486713,135.45428851486713
431.2193810598088,307.96724895064574,138.17597153399635,138.17597153399635
436.65937993909995,306.87924917478745,138.17597153399635,138.17597153399635
443.1873785942495,304.703249623071,138.17597153399635,138.17597153399635
433.3953806115253,299.26325074377985,138.17597153399635,138.17597153399635
436.3591948169419,291.3470671906141,140.95234133002896,140.95234133002896
434.9431171197698,285.4915456720237,143.78449672437324,143.78449672437324
437.20743990283074,280.96290010590167,143.78449672437324,143.78449672437324
439.1593931310809,276.1218849849688,146.67355861705607,146.67355861705607
440.3143030414514,272.65715525385724,146.67355861705607,146.67355861705607
441.46921295182193,268.03751561237516,146.67355861705607,146.67355861705607
443.46038677628724,261.9443200642468,149.62067043034858,149.62067043034858
444.3134537412079,256.90680945316956,152.62699856130558,152.62699856130558
443.1116663509614,252.0996598921835,152.62699856130558,152.62699856130558
446.3854487709012,244.55735579990483,155.6937328433979,155.6937328433979
445.1595138666225,244.55735579990483,155.69373284339792,155.69373284339792
450.06325348373736,248.235160512741,155.69373284339792,155.69373284339792
451.28918838801604,242.1054859913474,155.69373284339792,155.69373284339792
453.74105819657353,242.1054859913474,155.69373284339792,155.69373284339792
453.74105819657353,237.20174637423247,155.69373284339792,155.69373284339792
459.8707327179672,237.20174637423247,155.69373284339792,155.69373284339792
458.306555630956,229.50789476582764,158.82208701742033,158.82208701742033
459.2120847623563,227.91228866860715,162.01329921186135,162.01329921186135
461.7634753011258,222.80950759106818,162.01329921186135,162.01329921186135
461.4115039599786,223.73323151930566,165.26863243292527,165.26863243292527
465.315487403276,221.1305758904407,165.2686324329253,165.2686324329253
466.6168152177085,225.03455933373817,165.2686324329253,165.2686324329253
471.82212647543844,222.4319037048732,165.2686324329253,165.2686324329253
471.82212647543844,226.33588714817068,165.2686324329253,165.2686324329253
475.72610991873586,221.13057589044075,165.2686324329253,165.2686324329253
477.02743773316837,225.03455933373823,165.2686324329253,165.2686324329253
479.6300933620334,223.73323151930572,165.2686324329253,165.2686324329253
482.2327489908984,226.33588714817068,165.2686324329253,165.2686324329253
483.5340768053309,222.4319037048732,165.2686324329253,165.2686324329253
487.43806024862835,225.03455933373817,165.2686324329253,165.2686324329253
488.73938806306086,227.63721496260314,165.2686324329253,165.2686324329253
491.3420436919259,223.73323151930566,165.2686324329253,165.2686324329253
495.2460271352233,228.9385427770356,165.2686324329253,165.2686324329253
495.2460271352233,226.33588714817063,165.2686324329253,165.2686324329253
497.8486827640883,230.2398705914681,165.2686324329253,165.2686324329253
499.15001057852083,226.33588714817063,165.2686324329253,165.2686324329253
500.45133839295335,230.2398705914681,165.2686324329253,165.2686324329253
500.45133839295335,226.33588714817063,165.2686324329253,165.2686324329253
503.05399402181837,231.54119840590056,165.2686324329253,165.2686324329253
501.75266620738586,226.33588714817063,165.2686324329253,165.2686324329253
505.2976061493784,228.5794992757307,168.5893750644001,168.5893750644001
506.6250815435863,232.56192545835432,168.5893750644001,168.5893750644001
507.9525569377942,229.90697466993856,168.5893750644001,168.5893750644001
509.2800323320021,233.88940085256218,168.5893750644001,168.5893750644001
513.2624585146257,231.23445006414642,168.5893750644001,168.5893750644001
513.2624585146257,233.88940085256218,168.5893750644001,168.5893750644001
514.5899339088337,231.23445006414642,168.5893750644001,168.5893750644001
514.5899339088337,233.88940085256218,168.5893750644001,168.5893750644001
518.5723600914573,232.56192545835432,168.5893750644001,168.5893750644001
519.8998354856651,233.88940085256218,168.5893750644001,168.5893750644001
521.2273108798731,233.88940085256218,168.5893750644001,168.5893750644001
522.5547862740809,233.88940085256218,168.5893750644001,168.5893750644001
525.2097370624967,235.21687624677003,168.5893750644001,168.5893750644001
526.5372124567045,233.88940085256218,168.5893750644001,168.5893750644001
530.5196386393282,236.54435164097794,168.5893750644001,168.5893750644001
534.7560396206333,235.47085104545152,165.4264746786214,165.4264746786214
536.058610287394,238.07599237897313,165.4264746786214,165.4264746786214
536.058610287394,236.77342171221233,165.4264746786214,165.4264746786214
538.6637516209156,238.07599237897313,165.4264746786214,165.4264746786214
541.2688929544372,238.07599237897313,165.4264746786214,165.4264746786214
542.571463621198,238.07599237897313,165.4264746786214,165.4264746786214
547.7817462882412,239.37856304573393,165.4264746786214,165.4264746786214
549.0843169550019,240.68113371249473,165.4264746786214,165.4264746786214
552.9920289552842,241.98370437925553,165.4264746786214,165.4264746786214
556.8997409555666,240.68113371249473,165.4264746786214,165.4264746786214
560.448066544751,240.32174730139675,168.75038883433893,168.75038883433893
568.6747432208191,245.8909375391288,165.58446767388295,165.58446767388295
568.6747432208191,244.5871228330352,165.58446767388295,165.58446767388295
568.6747432208191,243.28330812694162,165.58446767388295,165.58446767388295
573.8900020451933,241.97949342084803,165.58446767388295,165.58446767388295
576.4976314573805,244.58712283303515,165.58446767388295,165.58446767388295
577.8014461634741,244.58712283303515,165.58446767388295,165.58446767388295
581.7128902817548,244.58712283303515,165.58446767388295,165.58446767388295
586.928149106129,247.19475224522228,165.58446767388295,165.58446767388295
588.2319638122226,245.89093753912869,165.58446767388295,165.58446767388295
595.0004853391979,250.0518296539168,162.47794226868098,162.47794226868098
597.5591930914604,250.0518296539168,162.47794226868098,162.47794226868098
600.1179008437232,250.0518296539168,162.47794226868098,162.47794226868098
605.2353163482485,251.33118353004812,162.47794226868098,162.47794226868098
605.2353163482485,247.4931219016541,162.47794226868098,162.47794226868098
609.0733779766426,252.6105374061795,162.47794226868098,162.47794226868098
611.6320857289052,248.77247577778547,162.47794226868098,162.47794226868098
616.7495012334307,252.6105374061795,162.47794226868098,162.47794226868098
622.1116848478212,250.29659776378202,159.4296982966879,159.4296982966879
628.6286206457222,260.5795894269591,156.4386423416222,156.4386423416222
624.9332196455264,253.1887874265675,156.4386423416222,156.4386423416222
628.6286206457222,253.1887874265675,156.4386423416222,156.4386423416222
638.7186933999467,263.278860180792,153.50370150075366,153.50370150075366
633.5504467738251,253.2758513026782,156.58805137500832,156.58805137500832
640.9483074687074,255.741804867639,156.58805137500832,156.58805137500832
647.1131913811093,255.741804867639,156.58805137500832,156.58805137500832
639.715330686227,250.80989773771748,156.58805137500832,156.58805137500832
654.7469472432209,264.6085375122309,153.65030747558905,153.65030747558905
649.9075674802102,259.7691577492202,153.65030747558905,153.65030747558905
654.7469472432209,258.55931280846755,153.65030747558905,153.65030747558905
665.8670212548197,267.2596969385611,150.76767850443406,150.76767850443406
664.907001131376,267.4868238899554,147.93913045196945,147.93913045196945
671.8962513889494,266.32194884702653,147.93913045196945,147.93913045196945
668.4016262601627,263.99219876116877,147.93913045196945,147.93913045196945
676.555751560665,265.15707380409765,147.93913045196945,147.93913045196945
675.3908765177362,262.8273237182399,147.93913045196945,147.93913045196945
688.4273678191873,277.0286900626199,145.16364870764505,145.16364870764505
693.2181358929121,276.104353856516,142.44023769598988,142.44023769598988
693.2181358929121,273.86120050697286,142.44023769598988,142.44023769598988
698.82601926677,272.73962383220135,142.44023769598988,142.44023769598988
698.82601926677,271.6180471574297,142.44023769598988,142.44023769598988
704.4339026406279,271.6180471574297,142.44023769598988,142.44023769598988
706.6770559901711,270.4964704826582,142.44023769598988,142.44023769598988
711.1633626892574,270.4964704826582,142.44023769598988,142.44023769598988
715.6496693883437,270.4964704826582,142.44023769598988,142.44023769598988
715.6496693883437,273.86120050697286,142.44023769598988,142.44023769598988
720.13597608743,271.6180471574297,142.44023769598988,142.44023769598988
717.8928227378868,271.6180471574297,142.44023769598988,142.44023769598988
724.6222827865163,272.73962383220135,142.44023769598988,142.44023769598988
730.2301661603742,273.86120050697286,142.44023769598988,142.44023769598988
731.3517428351458,273.86120050697286,142.44023769598988,142.44023769598988
730.2301661603742,273.86120050697286,142.44023769598988,142.44023769598988
741.6605148215657,280.80524246907794,139.76792051949548,139.76792051949548
738.3589103998453,278.60417285459766,139.76792051949548,139.76792051949548
740.5599800143256,277.5036380473575,139.76792051949548,139.76792051949548
742.7610496288058,275.30256843287725,139.76792051949548,139.76792051949548
744.9621192432861,276.4031032401174,139.76792051949548,139.76792051949548
755.0774886568552,288.7195422681668,137.14573860819928,137.14573860819928
752.9177132457024,281.16032832913214,137.14573860819928,137.14573860819928
751.837825540126,280.0804406235558,137.14573860819928,137.14573860819928
753.9976009512787,279.0005529179794,137.14573860819928,137.14573860819928
758.3171517735842,282.2402160347085,137.14573860819928,137.14573860819928
759.3970394791606,281.16032832913214,137.14573860819928,137.14573860819928
758.3171517735842,280.0804406235558,137.14573860819928,137.14573860819928
761.5568148903134,281.16032832913214,137.14573860819928,137.14573860819928
757.2372640680079,280.0804406235558,137.14573860819928,137.14573860819928
760.4769271847371,281.16032832913214,137.14573860819928,137.14573860819928
756.1573763624316,281.16032832913214,137.14573860819928,137.14573860819928
757.237264068008,281.16032832913214,137.14573860819928,137.14573860819928
753.9976009512789,282.2402160347085,137.14573860819928,137.14573860819928
750.7579378345497,281.16032832913214,137.14573860819928,137.14573860819928
752.0444314507283,287.8462604731926,134.5727513758421,134.5727513758421
752.2471612338219,288.04899025628623,132.04803588247628,132.04803588247628
749.1279162917161,287.009241942251,132.04803588247628,132.04803588247628
743.9291747215399,285.96949362821573,132.04803588247628,132.04803588247628
741.8496780934694,287.009241942251,132.04803588247628,132.04803588247628
738.7304331513636,287.009241942251,132.04803588247628,132.04803588247628
735.6111882092579,287.009241942251,132.04803588247628,132.04803588247628
735.8101145847589,294.4864065159987,129.57068650340383,129.57068650340383
731.7291480807147,291.4256816379655,129.57068650340383,129.57068650340383
732.9445840302538,298.76256734357105,127.1398146043255,127.1398146043255
727.9390795182725,294.758163733986,127.13981460432551,127.13981460432551
729.131712709143,303.9596041440267,124.75454822258442,124.75454822258442
726.3726938338675,304.14754310078075,122.41403175438984,122.41403175438984
727.5209968871079,307.22362618164937,120.11742564790904,120.11742564790904
723.9187241541808,308.35038595454546,117.86390610211686,117.86390610211686
725.0243448195916,311.31213112550137,115.65266477129535,115.65266477129535
723.3772702565677,311.48635836989945,113.48290847507721,113.48290847507721
719.9739639948159,312.55088315047357,111.353858913929,111.353858913929
719.2649131794096,316.2258425285289,109.26475238997236,109.26475238997236
715.823503655316,313.6447853854587,109.26475238997236,109.26475238997236
712.3820941312224,311.0637282423885,109.26475238997236,109.26475238997236
710.6613893691756,310.2033758613651,109.26475238997236,109.26475238997236
707.219979845082,310.2033758613651,109.26475238997236,109.26475238997236
705.4992750830352,310.2033758613651,109.26475238997236,109.26475238997236
704.8035267494531,317.2507989569938,107.21483953304266,107.21483953304266
702.2708927447356,313.8739536173704,107.21483953304266,107.21483953304266
698.8940474051121,311.34131961265285,107.21483953304266,107.21483953304266
695.5172020654888,310.49710827774703,107.21483953304266,107.21483953304266
694.672990730583,311.34131961265285,107.21483953304266,107.21483953304266
694.8345066462548,317.41231487266566,105.20338503188727,105.20338503188727
694.1646192560206,316.74242748243137,103.22966737040667,103.22966737040667
690.1004591233275,315.1167634293541,103.22966737040667,103.22966737040667
686.8491310171728,314.30393140281546,103.22966737040667,103.22966737040667
686.1918113648769,319.33643593628994,101.29297856884403,101.29297856884403
686.3444061759677,320.28661325579685,99.39262392983024,99.39262392983024
683.2139298317211,318.72137508367354,99.39262392983025,99.39262392983025
679.0849054911635,316.1575889152392,101.38971992245233,101.38971992245233
678.439301788822,321.89873922376086,99.48755032170365,99.48755032170365
676.0892021749236,320.3320061478285,99.48755032170367,99.48755032170367
675.4557106249548,322.83198074972444,97.6210672697765,97.6210672697765
673.1497011618892,322.83198074972444,97.62106726977652,97.62106726977652
671.6123615198453,322.83198074972444,97.62106726977652,97.62106726977652
669.4534152444655,326.8223930425194,95.78960125236138,95.78960125236138
667.944917586948,326.06814421376066,95.7896012523614,95.7896012523614
666.4364199294305,326.8223930425194,95.78960125236141,95.78960125236141
664.1736734431543,326.8223930425194,95.78960125236141,95.78960125236141
661.910926956878,327.5766418712782,95.78960125236141,95.78960125236141
659.6481804706018,328.33089070003695,95.78960125236141,95.78960125236141
658.1396828130843,329.0851395287957,95.78960125236141,95.78960125236141
655.876936326808,330.59363718631323,95.78960125236141,95.78960125236141
655.1226874980493,330.59363718631323,95.78960125236141,95.78960125236141
653.6141898405318,331.347886015072,95.78960125236141,95.78960125236141
651.3514433542556,332.10213484383075,95.78960125236141,95.78960125236141
648.3344480392205,334.36488133010704,95.78960125236141,95.78960125236141
647.5801992104618,334.36488133010704,95.78960125236141,95.78960125236141
645.1093513239624,331.89403344360767,97.7143017103251,97.7143017103251
642.8011394725374,335.74105319598266,97.71430171032512,97.71430171032512
640.2806448394547,333.22055856289984,99.67767517459068,99.67767517459068
637.926054087299,334.7902857310036,99.67767517459068,99.67767517459068
636.3563269191952,334.7902857310036,99.67767517459068,99.67767517459068
634.7865997510914,336.3600128991074,99.67767517459068,99.67767517459068
632.4320089989358,338.7146036512631,99.67767517459068,99.67767517459068
630.862281830832,338.7146036512631,99.67767517459068,99.67767517459068
629.2925546627282,341.06919440341875,99.67767517459068,99.67767517459068
628.5076910786763,342.63892157152253,99.67767517459068,99.67767517459068
626.9379639105725,344.2086487396263,99.67767517459068,99.67767517459068
625.3682367424688,344.2086487396263,99.67767517459068,99.67767517459068
623.0136459903131,346.563239491782,99.67767517459068,99.67767517459068
621.4439188222093,348.13296665988577,99.67767517459068,99.67767517459068
620.6590552381574,348.91783024393766,99.67767517459068,99.67767517459068
619.0893280700536,349.70269382798955,99.67767517459068,99.67767517459068
617.5196009019498,350.48755741204144,99.67767517459068,99.67767517459068
616.734737317898,353.627011748249,99.67767517459068,99.67767517459068
615.1650101497942,353.627011748249,99.67767517459068,99.67767517459068
614.3801465657423,355.9816025004047,99.67767517459068,99.67767517459068
612.8104193976385,355.9816025004047,99.67767517459068,99.67767517459068
612.0255558135866,357.55132966850846,99.67767517459068,99.67767517459068
611.2406922295347,359.12105683661224,99.67767517459068,99.67767517459068
609.6709650614309,359.90592042066413,99.67767517459068,99.67767517459068
608.1012378933272,361.4756475887679,99.67767517459068,99.67767517459068
607.3163743092753,363.8302383409236,99.67767517459068,99.67767517459068
609.8211264667735,370.2593084186814,97.80762519580165,97.80762519580165
608.2808489046349,370.2593084186814,97.80762519580165,97.80762519580165
607.658054355129,375.7976241177299,95.97265917053625,95.97265917053625
606.9023641254398,375.7976241177299,95.97265917053626,95.97265917053626
604.4267943457045,374.0777445676839,97.90103781124985,97.90103781124985
603.65592003223,378.7029904485304,97.90103781124985,97.90103781124985
603.8034049870755,384.24659559769685,96.06431927460986,96.06431927460986
603.0469930242833,384.24659559769685,96.06431927460986,96.06431927460986
602.4352990553679,389.68619733111893,94.26205936127211,94.26205936127211
600.9508571756628,388.9439763912664,94.26205936127211,94.26205936127211
599.4664152959577,391.9128601506766,94.26205936127211,94.26205936127211
597.9819734162527,394.13952297023417,94.26205936127211,94.26205936127211
597.2397524764001,396.36618578979176,94.26205936127211,94.26205936127211
596.4975315365475,398.59284860934935,94.26205936127211,94.26205936127211
595.7553105966949,400.0772904890544,94.26205936127211,94.26205936127211
594.2708687169899,402.303953308612,94.26205936127211,94.26205936127211
593.5286477771373,406.0150580078747,94.26205936127211,94.26205936127211
592.7864268372847,407.49949988757976,94.26205936127211,94.26205936127211
592.0442058974321,408.9839417672848,94.26205936127211,94.26205936127211
591.3019849575795,411.2106045868424,94.26205936127211,94.26205936127211
590.5597640177269,412.69504646654747,94.26205936127211,94.26205936127211
588.1283183586488,411.74804268717446,96.15606692001815,96.15606692001815
589.0303089527777,420.9785115184702,94.35208573176052,94.35208573176052
587.5444493349546,418.7497220917357,94.35208573176052,94.35208573176052
586.0585897171316,420.9785115184702,94.35208573176052,94.35208573176052
585.31565990822,421.72144132738174,94.35208573176052,94.35208573176052
583.829800290397,423.95023075411626,94.35208573176052,94.35208573176052
583.829800290397,424.6931605630278,94.35208573176052,94.35208573176052
582.3439406725739,426.9219499897623,94.35208573176052,94.35208573176052
582.3439406725739,427.66487979867384,94.35208573176052,94.35208573176052
581.6010108636624,429.15073941649683,94.35208573176052,94.35208573176052
580.8580810547509,429.89366922540836,94.35208573176052,94.35208573176052
580.1151512458393,430.6365990343199,94.35208573176052,94.35208573176052
578.6292916280163,432.8653884610544,94.35208573176052,94.35208573176052
578.6292916280163,433.60831826996593,94.35208573176052,94.35208573176052
577.1434320101932,435.83710769670046,94.35208573176052,94.35208573176052
576.4005022012817,437.32296731452345,94.35208573176052,94.35208573176052
574.9146425834587,438.80882693234645,94.35208573176052,94.35208573176052
573.4287829656356,441.78054616799244,94.35208573176052,94.35208573176052
572.6858531567241,442.52347597690397,94.35208573176052,94.35208573176052
571.9429233478126,444.00933559472696,94.35208573176052,94.35208573176052
