537.0,350.0,97.0,218.0
535.7834645669292,350.0,97.0,218.0
534.5669291338584,351.2165354330709,97.0,218.0
533.3503937007875,352.43307086614175,97.0,218.0
533.3503937007875,354.8661417322835,97.0,218.0
533.3503937007875,357.29921259842524,97.0,218.0
533.3503937007875,359.732283464567,97.0,218.0
533.3503937007875,362.16535433070874,97.0,218.0
533.3503937007875,363.3818897637796,97.0,218.0
533.3503937007875,367.03149606299223,97.0,218.0
533.3503937007875,369.464566929134,97.0,218.0
532.1338582677167,371.8976377952757,97.0,218.0
532.1338582677167,375.54724409448835,97.0,218.0
532.1338582677167,377.9803149606301,97.0,218.0
532.1338582677167,381.6299212598427,97.0,218.0
532.1338582677167,384.06299212598447,97.0,218.0
530.9173228346459,386.4960629921262,97.0,218.0
530.9173228346459,388.92913385826796,97.0,218.0
530.9173228346459,391.3622047244097,97.0,218.0
529.7007874015751,393.79527559055146,97.0,218.0
529.7007874015751,397.4448818897641,97.0,218.0
529.7007874015751,399.8779527559058,97.0,218.0
529.7007874015751,402.31102362204757,97.0,218.0
528.4842519685043,404.74409448818926,97.0,218.0
528.4842519685043,408.3937007874018,97.0,218.0
528.4842519685043,410.8267716535436,97.0,218.0
528.4842519685043,414.47637795275614,97.0,218.0
528.4842519685043,416.9094488188979,97.0,218.0
528.4842519685043,419.34251968503963,97.0,218.0
528.4842519685043,421.7755905511814,97.0,218.0
527.2677165354335,424.2086614173231,97.0,218.0
527.2677165354335,426.6417322834649,97.0,218.0
526.0511811023626,429.0748031496066,97.0,218.0
526.0511811023626,431.50787401574837,97.0,218.0
524.8346456692918,433.9409448818901,97.0,218.0
524.8346456692918,436.37401574803187,97.0,218.0
524.8346456692918,438.8070866141736,97.0,218.0
523.618110236221,440.02362204724443,97.0,218.0
523.618110236221,441.24015748031525,97.0,218.0
523.618110236221,443.673228346457,97.0,218.0
522.4015748031502,446.10629921259874,97.0,218.0
522.4015748031502,447.32283464566956,97.0,218.0
522.4015748031502,448.5393700787404,97.0,218.0
522.4015748031502,449.7559055118112,97.0,218.0
521.1850393700794,450.972440944882,97.0,218.0
521.4270643031502,449.99883937795283,98.949021,222.380274
521.4270643031502,451.2398186574804,98.94902100000002,222.380274
521.4270643031501,451.2398186574804,98.94902100000003,222.380274
520.1860850236226,452.48079793700794,98.94902100000003,222.380274
519.1919936841462,450.24665451426694,100.93720367895303,226.84856084548198
517.9260794079551,450.24665451426694,100.93720367895303,226.848560845482
516.660165131764,450.24665451426694,100.93720367895303,226.848560845482
516.660165131764,450.24665451426694,100.93720367895303,226.848560845482
516.660165131764,450.24665451426694,100.93720367895303,226.848560845482
516.660165131764,450.24665451426694,100.93720367895303,226.848560845482
515.3942508555729,451.51256879045803,100.93720367895303,226.848560845482
515.3942508555729,451.51256879045803,100.93720367895303,226.848560845482
515.3942508555729,451.51256879045803,100.93720367895303,226.848560845482
515.3942508555729,451.51256879045803,100.93720367895303,226.848560845482
515.3942508555729,451.51256879045803,100.93720367895303,226.848560845482
515.3942508555729,451.51256879045803,100.93720367895303,226.848560845482
515.3942508555729,451.51256879045803,100.93720367895303,226.848560845482
515.3942508555729,451.51256879045803,100.93720367895303,226.848560845482
515.3942508555729,451.51256879045803,100.93720367895303,226.848560845482
515.3942508555729,451.51256879045803,100.93720367895303,226.848560845482
514.1283365793818,451.51256879045803,100.93720367895303,226.848560845482
514.1283365793818,451.51256879045803,100.93720367895303,226.848560845482
514.1283365793818,451.51256879045803,100.93720367895303,226.848560845482
514.1283365793818,452.77848306664913,100.93720367895303,226.848560845482
512.8624223031907,452.77848306664913,100.93720367895303,226.848560845482
512.8624223031907,452.77848306664913,100.93720367895303,226.848560845482
512.8624223031907,452.77848306664913,100.93720367895303,226.848560845482
512.8624223031907,452.77848306664913,100.93720367895303,226.848560845482
512.8624223031907,452.77848306664913,100.93720367895303,226.848560845482
511.5965080269996,452.77848306664913,100.93720367895303,226.848560845482
511.5965080269996,452.77848306664913,100.93720367895303,226.848560845482
511.5965080269996,454.0443973428402,100.93720367895303,226.848560845482
511.5965080269996,454.0443973428402,100.93720367895303,226.848560845482
511.5965080269996,454.0443973428402,100.93720367895303,226.848560845482
511.5965080269996,455.3103116190313,100.93720367895303,226.848560845482
511.5965080269996,455.3103116190313,100.93720367895303,226.848560845482
511.5965080269996,455.3103116190313,100.93720367895303,226.848560845482
511.5965080269996,455.3103116190313,100.93720367895303,226.848560845482
511.5965080269996,455.3103116190313,100.93720367895303,226.848560845482
511.5965080269996,455.3103116190313,100.93720367895303,226.848560845482
511.5965080269996,455.3103116190313,100.93720367895303,226.848560845482
511.5965080269996,455.3103116190313,100.93720367895303,226.848560845482
511.5965080269996,454.0443973428402,100.93720367895303,226.848560845482
511.5965080269996,454.0443973428402,100.93720367895303,226.848560845482
511.5965080269996,451.51256879045803,100.93720367895303,226.848560845482
511.5965080269996,448.98074023807584,100.93720367895303,226.848560845482
511.5965080269996,446.44891168569364,100.93720367895303,226.848560845482
511.5965080269996,443.91708313331145,100.93720367895303,226.848560845482
511.5965080269996,441.38525458092926,100.93720367895303,226.848560845482
511.5965080269996,436.32159747616487,100.93720367895303,226.848560845482
512.8624223031907,433.7897689237827,100.93720367895303,226.848560845482
514.1283365793818,431.2579403714005,100.93720367895303,226.848560845482
514.1283365793818,427.4601975428272,100.93720367895303,226.848560845482
514.1283365793818,424.928368990445,100.93720367895303,226.848560845482
512.8624223031907,422.3965404380628,100.93720367895303,226.848560845482
514.1283365793818,419.8647118856806,100.93720367895303,226.848560845482
514.1283365793818,418.5987976094895,100.93720367895303,226.848560845482
514.1283365793818,417.3328833332984,100.93720367895303,226.848560845482
514.1283365793818,414.8010547809162,100.93720367895303,226.848560845482
514.1283365793818,413.5351405047251,100.93720367895303,226.848560845482
514.1283365793818,412.269226228534,100.93720367895303,226.848560845482
514.1283365793818,411.0033119523429,100.93720367895303,226.848560845482
515.3942508555729,411.0033119523429,100.93720367895303,226.848560845482
515.3942508555729,411.0033119523429,100.93720367895303,226.848560845482
516.660165131764,411.0033119523429,100.93720367895303,226.848560845482
517.9260794079551,411.0033119523429,100.93720367895303,226.848560845482
519.1919936841462,411.0033119523429,100.93720367895303,226.848560845482
519.1919936841462,409.73739767615183,100.93720367895303,226.848560845482
519.1919936841462,409.73739767615183,100.93720367895303,226.848560845482
519.1919936841462,409.73739767615183,100.93720367895303,226.848560845482
519.1919936841462,409.73739767615183,100.93720367895303,226.848560845482
519.1919936841462,409.73739767615183,100.93720367895303,226.848560845482
519.1919936841462,409.73739767615183,100.93720367895303,226.848560845482
519.1919936841462,408.47148339996073,100.93720367895303,226.848560845482
519.1919936841462,408.47148339996073,100.93720367895303,226.848560845482
519.1919936841462,408.47148339996073,100.93720367895303,226.848560845482
519.1919936841462,408.47148339996073,100.93720367895303,226.848560845482
519.1919936841462,407.20556912376964,100.93720367895303,226.848560845482
520.4579079603373,407.20556912376964,100.93720367895303,226.848560845482
520.4579079603373,407.20556912376964,100.93720367895303,226.848560845482
520.4579079603373,407.20556912376964,100.93720367895303,226.848560845482
520.4579079603373,407.20556912376964,100.93720367895303,226.848560845482
520.4579079603373,407.20556912376964,100.93720367895303,226.848560845482
520.4579079603373,407.20556912376964,100.93720367895303,226.848560845482
520.4579079603373,407.20556912376964,100.93720367895303,226.848560845482
520.4579079603373,407.20556912376964,100.93720367895303,226.848560845482
520.4579079603373,407.20556912376964,100.93720367895303,226.848560845482
521.7238222365283,407.20556912376964,100.93720367895303,226.848560845482
521.7238222365283,405.93965484757854,100.93720367895303,226.848560845482
522.9897365127194,405.93965484757854,100.93720367895303,226.848560845482
522.9897365127194,405.93965484757854,100.93720367895303,226.848560845482
522.9897365127194,405.93965484757854,100.93720367895303,226.848560845482
522.9897365127194,405.93965484757854,100.93720367895303,226.848560845482
524.2556507889105,405.93965484757854,100.93720367895303,226.848560845482
524.2556507889105,405.93965484757854,100.93720367895303,226.848560845482
524.2556507889105,405.93965484757854,100.93720367895303,226.848560845482
524.2556507889105,405.93965484757854,100.93720367895303,226.848560845482
524.2556507889105,405.93965484757854,100.93720367895303,226.848560845482
525.5215650651016,405.93965484757854,100.93720367895303,226.848560845482
525.5215650651016,405.93965484757854,100.93720367895303,226.848560845482
525.5215650651016,405.93965484757854,100.93720367895303,226.848560845482
526.7874793412927,405.93965484757854,100.93720367895303,226.848560845482
526.7874793412927,404.67374057138744,100.93720367895303,226.848560845482
528.0533936174838,404.67374057138744,100.93720367895303,226.848560845482
528.0533936174838,403.40782629519634,100.93720367895303,226.848560845482
528.0533936174838,403.40782629519634,100.93720367895303,226.848560845482
528.0533936174838,403.40782629519634,100.93720367895303,226.848560845482
529.3193078936749,403.40782629519634,100.93720367895303,226.848560845482
529.3193078936749,402.14191201900525,100.93720367895303,226.848560845482
530.585222169866,400.87599774281415,100.93720367895303,226.848560845482
530.585222169866,399.61008346662305,100.93720367895303,226.848560845482
530.585222169866,398.34416919043196,100.93720367895303,226.848560845482
531.8511364460571,397.07825491424086,100.93720367895303,226.848560845482
533.1170507222482,397.07825491424086,100.93720367895303,226.848560845482
534.3829649984393,395.81234063804976,100.93720367895303,226.848560845482
534.3829649984393,395.81234063804976,100.93720367895303,226.848560845482
534.3829649984393,395.81234063804976,100.93720367895303,226.848560845482
534.3829649984393,394.54642636185866,100.93720367895303,226.848560845482
534.3829649984393,394.54642636185866,100.93720367895303,226.848560845482
534.3829649984393,394.54642636185866,100.93720367895303,226.848560845482
535.6488792746304,394.54642636185866,100.93720367895303,226.848560845482
536.9147935508215,394.54642636185866,100.93720367895303,226.848560845482
536.9147935508215,394.54642636185866,100.93720367895303,226.848560845482
536.9147935508215,394.54642636185866,100.93720367895303,226.848560845482
538.1807078270126,394.54642636185866,100.93720367895303,226.848560845482
538.1807078270126,394.54642636185866,100.93720367895303,226.848560845482
538.1807078270126,393.28051208566757,100.93720367895303,226.848560845482
538.1807078270126,393.28051208566757,100.93720367895303,226.848560845482
539.4466221032037,393.28051208566757,100.93720367895303,226.848560845482
540.7125363793948,393.28051208566757,100.93720367895303,226.848560845482
541.9784506555859,393.28051208566757,100.93720367895303,226.848560845482
541.9784506555859,393.28051208566757,100.93720367895303,226.848560845482
541.9784506555859,393.28051208566757,100.93720367895303,226.848560845482
543.244364931777,393.28051208566757,100.93720367895303,226.848560845482
543.244364931777,394.54642636185866,100.93720367895303,226.848560845482
543.244364931777,394.54642636185866,100.93720367895303,226.848560845482
544.5102792079681,394.54642636185866,100.93720367895303,226.848560845482
544.5102792079681,394.54642636185866,100.93720367895303,226.848560845482
545.7761934841592,394.54642636185866,100.93720367895303,226.848560845482
547.0421077603503,395.81234063804976,100.93720367895303,226.848560845482
547.0421077603503,395.81234063804976,100.93720367895303,226.848560845482
547.0421077603503,395.81234063804976,100.93720367895303,226.848560845482
548.3080220365414,395.81234063804976,100.93720367895303,226.848560845482
549.5739363127325,395.81234063804976,100.93720367895303,226.848560845482
550.8398505889236,395.81234063804976,100.93720367895303,226.848560845482
550.8398505889236,395.81234063804976,100.93720367895303,226.848560845482
552.1057648651147,395.81234063804976,100.93720367895303,226.848560845482
552.1057648651147,395.81234063804976,100.93720367895303,226.848560845482
553.3716791413058,395.81234063804976,100.93720367895303,226.848560845482
553.3716791413058,395.81234063804976,100.93720367895303,226.848560845482
553.3716791413058,394.54642636185866,100.93720367895303,226.848560845482
554.6375934174969,394.54642636185866,100.93720367895303,226.848560845482
554.6375934174969,394.54642636185866,100.93720367895303,226.848560845482
555.903507693688,394.54642636185866,100.93720367895303,226.848560845482
557.1694219698791,394.54642636185866,100.93720367895303,226.848560845482
557.1694219698791,394.54642636185866,100.93720367895303,226.848560845482
558.4353362460702,394.54642636185866,100.93720367895303,226.848560845482
559.7012505222613,394.54642636185866,100.93720367895303,226.848560845482
560.9671647984524,393.28051208566757,100.93720367895303,226.848560845482
562.2330790746435,393.28051208566757,100.93720367895303,226.848560845482
562.2330790746435,393.28051208566757,100.93720367895303,226.848560845482
563.4989933508346,393.28051208566757,100.93720367895303,226.848560845482
563.4989933508346,393.28051208566757,100.93720367895303,226.848560845482
564.7649076270257,392.01459780947647,100.93720367895303,226.848560845482
564.7649076270257,392.01459780947647,100.93720367895303,226.848560845482
564.7649076270257,392.01459780947647,100.93720367895303,226.848560845482
564.7649076270257,392.01459780947647,100.93720367895303,226.848560845482
566.0308219032167,392.01459780947647,100.93720367895303,226.848560845482
566.0308219032167,390.7486835332854,100.93720367895303,226.848560845482
567.2967361794078,390.7486835332854,100.93720367895303,226.848560845482
567.2967361794078,389.4827692570943,100.93720367895303,226.848560845482
567.2967361794078,389.4827692570943,100.93720367895303,226.848560845482
568.5626504555989,389.4827692570943,100.93720367895303,226.848560845482
569.82856473179,388.2168549809032,100.93720367895303,226.848560845482
569.82856473179,388.2168549809032,100.93720367895303,226.848560845482
571.0944790079811,388.2168549809032,100.93720367895303,226.848560845482
571.0944790079811,388.2168549809032,100.93720367895303,226.848560845482
571.0944790079811,386.9509407047121,100.93720367895303,226.848560845482
571.0944790079811,386.9509407047121,100.93720367895303,226.848560845482
571.0944790079811,386.9509407047121,100.93720367895303,226.848560845482
572.3603932841722,386.9509407047121,100.93720367895303,226.848560845482
572.3603932841722,386.9509407047121,100.93720367895303,226.848560845482
573.6263075603633,386.9509407047121,100.93720367895303,226.848560845482
574.8922218365544,386.9509407047121,100.93720367895303,226.848560845482
576.1581361127455,385.685026428521,100.93720367895303,226.848560845482
576.1581361127455,385.685026428521,100.93720367895303,226.848560845482
577.4240503889366,385.685026428521,100.93720367895303,226.848560845482
577.4240503889366,385.685026428521,100.93720367895303,226.848560845482
578.6899646651277,385.685026428521,100.93720367895303,226.848560845482
579.9558789413188,385.685026428521,100.93720367895303,226.848560845482
581.2217932175099,384.4191121523299,100.93720367895303,226.848560845482
581.2217932175099,384.4191121523299,100.93720367895303,226.848560845482
581.2217932175099,384.4191121523299,100.93720367895303,226.848560845482
581.2217932175099,384.4191121523299,100.93720367895303,226.848560845482
581.2217932175099,384.4191121523299,100.93720367895303,226.848560845482
581.2217932175099,384.4191121523299,100.93720367895303,226.848560845482
582.487707493701,383.1531978761388,100.93720367895303,226.848560845482
583.7536217698921,383.1531978761388,100.93720367895303,226.848560845482
585.0195360460832,383.1531978761388,100.93720367895303,226.848560845482
586.2854503222743,383.1531978761388,100.93720367895303,226.848560845482
586.2854503222743,383.1531978761388,100.93720367895303,226.848560845482
587.5513645984654,381.8872835999477,100.93720367895303,226.848560845482
588.8172788746565,381.8872835999477,100.93720367895303,226.848560845482
590.0831931508476,383.1531978761388,100.93720367895303,226.848560845482
590.0831931508476,383.1531978761388,100.93720367895303,226.848560845482
590.0831931508476,383.1531978761388,100.93720367895303,226.848560845482
591.3491074270387,383.1531978761388,100.93720367895303,226.848560845482
592.6150217032298,383.1531978761388,100.93720367895303,226.848560845482
593.8809359794209,383.1531978761388,100.93720367895303,226.848560845482
595.146850255612,381.8872835999477,100.93720367895303,226.848560845482
595.146850255612,381.8872835999477,100.93720367895303,226.848560845482
596.4127645318031,381.8872835999477,100.93720367895303,226.848560845482
596.4127645318031,381.8872835999477,100.93720367895303,226.848560845482
596.4127645318031,380.6213693237566,100.93720367895303,226.848560845482
597.6786788079942,379.3554550475655,100.93720367895303,226.848560845482
598.9445930841853,378.0895407713744,100.93720367895303,226.848560845482
600.2105073603764,378.0895407713744,100.93720367895303,226.848560845482
600.2105073603764,376.8236264951833,100.93720367895303,226.848560845482
601.4764216365675,376.8236264951833,100.93720367895303,226.848560845482
604.0082501889497,376.8236264951833,100.93720367895303,226.848560845482
605.2741644651408,376.8236264951833,100.93720367895303,226.848560845482
607.805993017523,375.5577122189922,100.93720367895303,226.848560845482
609.071907293714,375.5577122189922,100.93720367895303,226.848560845482
610.3378215699051,374.2917979428011,100.93720367895303,226.848560845482
612.5505758243975,377.6856618609475,99.0435237223506,222.5926615615714
614.7218166603692,379.77368910126336,97.1853710406016,218.41660708093963
615.9406769433283,378.55482881830426,97.1853710406016,218.41660708093963
617.1595372262874,378.55482881830426,97.1853710406016,218.41660708093963
618.3783975092465,377.33596853534516,97.1853710406016,218.41660708093963
619.5972577922056,377.33596853534516,97.1853710406016,218.41660708093963
619.5972577922056,377.33596853534516,97.1853710406016,218.41660708093963
620.8161180751647,376.11710825238606,97.1853710406016,218.41660708093963
622.0349783581238,376.11710825238606,97.1853710406016,218.41660708093963
623.2538386410829,376.11710825238606,97.1853710406016,218.41660708093963
623.2538386410829,374.89824796942696,97.1853710406016,218.41660708093963
624.472698924042,374.89824796942696,97.1853710406016,218.41660708093963
623.4963260938827,372.70392552638833,99.1381167009204,222.80525196701694
625.6696406054483,377.280648653175,97.27818936303844,218.625209083942
624.4496162319936,376.0606242797202,97.27818936303845,218.62520908394202
625.6696406054482,376.0606242797202,97.27818936303845,218.62520908394202
626.889664978903,376.0606242797202,97.27818936303845,218.62520908394202
626.889664978903,376.0606242797202,97.27818936303845,218.62520908394202
628.1096893523577,376.0606242797202,97.27818936303845,218.62520908394202
628.1096893523577,376.0606242797202,97.27818936303845,218.62520908394202
629.3297137258126,376.0606242797202,97.27818936303845,218.62520908394202
630.5497380992672,376.0606242797202,97.27818936303845,218.62520908394202
631.769762472722,376.0606242797202,97.27818936303845,218.62520908394202
631.769762472722,376.0606242797202,97.27818936303845,218.62520908394202
632.9897868461767,376.0606242797202,97.27818936303845,218.62520908394202
634.2098112196315,376.0606242797202,97.27818936303845,218.62520908394202
635.4298355930862,377.2806486531749,97.27818936303845,218.62520908394202
635.4298355930862,377.2806486531749,97.27818936303845,218.62520908394202
636.649859966541,378.5006730266298,97.27818936303845,218.62520908394202
636.649859966541,378.5006730266298,97.27818936303845,218.62520908394202
637.8698843399957,379.72069740008453,97.27818936303845,218.62520908394202
639.0899087134505,379.72069740008453,97.27818936303845,218.62520908394202
640.3099330869052,380.9407217735394,97.27818936303845,218.62520908394202
641.52995746036,382.16074614699414,97.27818936303845,218.62520908394202
641.52995746036,382.16074614699414,97.27818936303845,218.62520908394202
642.7499818338147,383.380770520449,97.27818936303845,218.62520908394202
643.9700062072695,384.60079489390375,97.27818936303845,218.62520908394202
645.1900305807242,385.8208192673586,97.27818936303845,218.62520908394202
646.410054954179,385.8208192673586,97.27818936303845,218.62520908394202
646.410054954179,387.04084364081336,97.27818936303845,218.62520908394202
647.6300793276337,388.2608680142682,97.27818936303845,218.62520908394202
648.8501037010885,389.480892387723,97.27818936303845,218.62520908394202
650.0701280745432,390.70091676117784,97.27818936303845,218.62520908394202
651.290152447998,390.70091676117784,97.27818936303845,218.62520908394202
652.5101768214527,390.70091676117784,97.27818936303845,218.62520908394202
652.5101768214527,391.9209411346326,97.27818936303845,218.62520908394202
653.7302011949075,391.9209411346326,97.27818936303845,218.62520908394202
654.9502255683622,393.14096550808745,97.27818936303845,218.62520908394202
656.170249941817,393.14096550808745,97.27818936303845,218.62520908394202
657.3902743152717,394.3609898815422,97.27818936303845,218.62520908394202
657.3902743152717,394.3609898815422,97.27818936303845,218.62520908394202
658.6102986887265,395.58101425499706,97.27818936303845,218.62520908394202
659.8303230621812,396.8010386284518,97.27818936303845,218.62520908394202
661.050347435636,396.8010386284518,97.27818936303845,218.62520908394202
662.2703718090906,396.8010386284518,97.27818936303845,218.62520908394202
663.4903961825455,398.02106300190667,97.27818936303845,218.62520908394202
663.4903961825455,398.02106300190667,97.27818936303845,218.62520908394202
664.7104205560001,398.02106300190667,97.27818936303845,218.62520908394202
665.930444929455,398.02106300190667,97.27818936303845,218.62520908394202
667.1504693029096,398.02106300190667,97.27818936303845,218.62520908394202
669.5905180498194,398.02106300190667,97.27818936303845,218.62520908394202
669.5905180498194,398.02106300190667,97.27818936303845,218.62520908394202
669.5905180498194,396.8010386284518,97.27818936303845,218.62520908394202
670.810542423274,396.8010386284518,97.27818936303845,218.62520908394202
672.0305667967289,396.8010386284518,97.27818936303845,218.62520908394202
673.2505911701835,395.58101425499706,97.27818936303845,218.62520908394202
674.4706155436384,395.58101425499706,97.27818936303845,218.62520908394202
674.4706155436384,395.58101425499706,97.27818936303845,218.62520908394202
675.690639917093,395.58101425499706,97.27818936303845,218.62520908394202
676.9106642905479,394.3609898815422,97.27818936303845,218.62520908394202
678.1306886640025,394.3609898815422,97.27818936303845,218.62520908394202
679.3507130374574,393.14096550808745,97.27818936303845,218.62520908394202
680.570737410912,391.9209411346326,97.27818936303845,218.62520908394202
680.570737410912,391.9209411346326,97.27818936303845,218.62520908394202
680.570737410912,390.70091676117784,97.27818936303845,218.62520908394202
681.7907617843669,390.70091676117784,97.27818936303845,218.62520908394202
683.0107861578215,389.480892387723,97.27818936303845,218.62520908394202
684.2308105312763,389.480892387723,97.27818936303845,218.62520908394202
685.450834904731,389.480892387723,97.27818936303845,218.62520908394202
685.450834904731,389.480892387723,97.27818936303845,218.62520908394202
685.450834904731,388.2608680142682,97.27818936303845,218.62520908394202
685.450834904731,388.2608680142682,97.27818936303845,218.62520908394202
686.6708592781858,387.04084364081336,97.27818936303845,218.62520908394202
686.6708592781858,387.04084364081336,97.27818936303845,218.62520908394202
687.8908836516405,385.8208192673586,97.27818936303845,218.62520908394202
687.8908836516405,385.8208192673586,97.27818936303845,218.62520908394202
689.1109080250953,385.8208192673586,97.27818936303845,218.62520908394202
690.33093239855,384.60079489390375,97.27818936303845,218.62520908394202
690.33093239855,384.60079489390375,97.27818936303845,218.62520908394202
691.5509567720048,384.60079489390375,97.27818936303845,218.62520908394202
691.5509567720048,383.380770520449,97.27818936303845,218.62520908394202
691.5509567720048,382.16074614699414,97.27818936303845,218.62520908394202
691.5509567720048,382.16074614699414,97.27818936303845,218.62520908394202
692.7709811454595,382.16074614699414,97.27818936303845,218.62520908394202
692.7709811454595,380.9407217735394,97.27818936303845,218.62520908394202
693.9910055189143,379.72069740008453,97.27818936303845,218.62520908394202
693.9910055189143,378.5006730266298,97.27818936303845,218.62520908394202
695.211029892369,378.5006730266298,97.27818936303845,218.62520908394202
695.211029892369,377.2806486531749,97.27818936303845,218.62520908394202
696.4310542658238,377.2806486531749,97.27818936303845,218.62520908394202
696.4310542658238,376.0606242797202,97.27818936303845,218.62520908394202
696.4310542658238,374.8405999062653,97.27818936303845,218.62520908394202
696.4310542658238,373.62057553281056,97.27818936303845,218.62520908394202
697.6510786392785,373.62057553281056,97.27818936303845,218.62520908394202
697.6510786392785,373.62057553281056,97.27818936303845,218.62520908394202
697.6510786392785,372.4005511593557,97.27818936303845,218.62520908394202
698.8711030127333,371.18052678590095,97.27818936303845,218.62520908394202
698.8711030127333,369.9605024124461,97.27818936303845,218.62520908394202
698.8711030127333,368.74047803899134,97.27818936303845,218.62520908394202
700.091127386188,367.5204536655365,97.27818936303845,218.62520908394202
700.091127386188,367.5204536655365,97.27818936303845,218.62520908394202
700.091127386188,366.30042929208173,97.27818936303845,218.62520908394202
701.3111517596428,365.08040491862687,97.27818936303845,218.62520908394202
701.3111517596428,363.8603805451721,97.27818936303845,218.62520908394202
701.3111517596428,362.64035617171726,97.27818936303845,218.62520908394202
702.5311761330975,361.4203317982625,97.27818936303845,218.62520908394202
702.5311761330975,360.20030742480765,97.27818936303845,218.62520908394202
702.5311761330975,358.9802830513529,97.27818936303845,218.62520908394202
702.5311761330975,357.76025867789804,97.27818936303845,218.62520908394202
702.5311761330975,356.5402343044433,97.27818936303845,218.62520908394202
702.5311761330975,356.5402343044433,97.27818936303845,218.62520908394202
702.5311761330975,355.3202099309884,97.27818936303845,218.62520908394202
702.5311761330975,354.1001855575337,97.27818936303845,218.62520908394202
702.5311761330975,352.8801611840788,97.27818936303845,218.62520908394202
703.7512005065523,351.66013681062407,97.27818936303845,218.62520908394202
704.971224880007,350.4401124371692,97.27818936303845,218.62520908394202
704.971224880007,349.22008806371446,97.27818936303845,218.62520908394202
706.1912492534618,348.0000636902596,97.27818936303845,218.62520908394202
706.1912492534618,346.78003931680485,97.27818936303845,218.62520908394202
706.1912492534618,344.33999056989524,97.27818936303845,218.62520908394202
706.1912492534618,343.1199661964405,97.27818936303845,218.62520908394202
706.1912492534618,341.8999418229856,97.27818936303845,218.62520908394202
706.1912492534618,340.6799174495309,97.27818936303845,218.62520908394202
706.1912492534618,339.459893076076,97.27818936303845,218.62520908394202
706.1912492534618,338.23986870262127,97.27818936303845,218.62520908394202
706.1912492534618,335.79981995571165,97.27818936303845,218.62520908394202
706.1912492534618,334.5797955822569,97.27818936303845,218.62520908394202
706.1912492534618,333.35977120880204,97.27818936303845,218.62520908394202
706.1912492534618,330.91972246189255,97.27818936303845,218.62520908394202
706.1912492534618,329.6996980884377,97.27818936303845,218.62520908394202
706.1912492534618,327.2596493415282,97.27818936303845,218.62520908394202
706.1912492534618,326.0396249680733,97.27818936303845,218.62520908394202
706.1912492534618,323.59957622116383,97.27818936303845,218.62520908394202
706.1912492534618,322.37955184770897,97.27818936303845,218.62520908394202
706.1912492534618,319.93950310079947,97.27818936303845,218.62520908394202
706.1912492534618,317.49945435388986,97.27818936303845,218.62520908394202
706.1912492534618,316.2794299804351,97.27818936303845,218.62520908394202
706.1912492534618,313.8393812335255,97.27818936303845,218.62520908394202
706.1912492534618,312.61935686007075,97.27818936303845,218.62520908394202
706.1912492534618,311.3993324866159,97.27818936303845,218.62520908394202
706.1912492534618,308.9592837397064,97.27818936303845,218.62520908394202
706.1912492534618,306.5192349927968,97.27818936303845,218.62520908394202
706.1912492534618,305.29921061934203,97.27818936303845,218.62520908394202
706.1912492534618,302.8591618724324,97.27818936303845,218.62520908394202
706.1912492534618,300.4191131255229,97.27818936303845,218.62520908394202
706.1912492534618,299.19908875206806,97.27818936303845,218.62520908394202
706.1912492534618,296.75904000515857,97.27818936303845,218.62520908394202
706.1912492534618,294.31899125824896,97.27818936303845,218.62520908394202
706.1912492534618,293.0989668847942,97.27818936303845,218.62520908394202
706.1912492534618,291.87894251133935,97.27818936303845,218.62520908394202
706.1912492534618,288.218869390975,97.27818936303845,218.62520908394202
706.1912492534618,286.99884501752024,97.27818936303845,218.62520908394202
706.1912492534618,284.5587962706106,97.27818936303845,218.62520908394202
706.1912492534618,283.3387718971559,97.27818936303845,218.62520908394202
706.1912492534618,280.89872315024627,97.27818936303845,218.62520908394202
706.1912492534618,278.4586744033368,97.27818936303845,218.62520908394202
706.1912492534618,276.01862565642716,97.27818936303845,218.62520908394202
706.1912492534618,273.57857690951766,97.27818936303845,218.62520908394202
706.1912492534618,272.3585525360628,97.27818936303845,218.62520908394202
708.3237902743822,273.1893387723763,95.45315606810705,214.52358786440547
708.0220516919396,270.4131320576637,93.66236216999644,210.49891704184762
708.0220516919396,269.2384559512212,93.66236216999646,210.49891704184762
708.0220516919396,266.8891037383363,93.66236216999646,210.49891704184762
706.8473755854972,264.5397515254515,93.66236216999646,210.49891704184762
706.8473755854972,263.36507541900903,93.66236216999646,210.49891704184762
705.6726994790547,259.84104709968165,93.66236216999646,210.49891704184762
705.6726994790547,257.49169488679684,93.66236216999646,210.49891704184762
705.6726994790547,256.3170187803544,93.66236216999646,210.49891704184762
705.6726994790547,255.14234267391188,93.66236216999646,210.49891704184762
704.4980233726122,253.96766656746942,93.66236216999646,210.49891704184762
704.4980233726122,251.61831435458456,93.66236216999646,210.49891704184762
704.4980233726122,250.4436382481421,93.66236216999646,210.49891704184762
704.4980233726122,250.4436382481421,93.66236216999646,210.49891704184762
704.4980233726122,249.26896214169963,93.66236216999646,210.49891704184762
704.4980233726122,248.09428603525717,93.66236216999646,210.49891704184762
705.3766218054235,248.89419197368952,91.90516530437392,206.549752952098
705.3766218054235,247.74155393167914,91.90516530437392,206.549752952098
705.0860988364574,248.52645285795376,90.18093515828542,202.674679015528
707.0630532266373,250.4276397512586,88.48905324406,198.8723052289183
706.7833289871528,251.1833640095013,86.828912677456,195.14126766685982
707.597826345896,253.01388384667692,85.19991795996944,191.48022799250856
707.3284994474631,253.74151785836705,83.60148476522653,187.88787297751932
706.2800028652545,253.74151785836705,83.60148476522653,187.88787297751935
706.2800028652545,253.74151785836705,83.60148476522653,187.88787297751935
706.2800028652545,253.74151785836705,83.60148476522653,187.88787297751935
705.2315062830459,253.74151785836705,83.60148476522653,187.88787297751935
704.1830097008373,253.74151785836705,83.60148476522653,187.88787297751935
704.1830097008373,254.79001444057565,83.60148476522653,187.88787297751935
704.1830097008373,255.83851102278425,83.60148476522653,187.88787297751935
703.1345131186287,256.88700760499285,83.60148476522653,187.88787297751935
703.1345131186287,257.93550418720145,83.60148476522653,187.88787297751935
703.9187356365501,260.74648024267674,82.03303972938367,184.3629140309859
702.8899098683717,261.77530601085516,82.03303972938369,184.3629140309859
701.8610841001932,261.77530601085516,82.03303972938369,184.3629140309859
701.8610841001932,262.8041317790336,82.03303972938369,184.3629140309859
700.8322583320148,263.832957547212,82.03303972938369,184.3629140309859
700.8322583320148,263.832957547212,82.03303972938369,184.3629140309859
700.8322583320148,264.8617833153904,82.03303972938369,184.3629140309859
700.8322583320148,265.89060908356885,82.03303972938369,184.3629140309859
699.8034325638364,266.91943485174727,82.03303972938369,184.3629140309859
699.8034325638364,267.9482606199257,82.03303972938369,184.3629140309859
699.8034325638364,268.9770863881041,82.03303972938369,184.3629140309859
698.774606795658,270.00591215628253,82.03303972938369,184.3629140309859
698.774606795658,271.03473792446096,82.03303972938369,184.3629140309859
699.54411653762,273.79297733952296,80.49402024545978,180.9040867372188
698.5345925398991,273.79297733952296,80.49402024545978,180.9040867372188
697.5250685421782,274.8025013372438,80.49402024545978,180.9040867372188
698.2801415341446,277.5089935024768,78.98387426152699,177.51015040219457
697.2895571869244,277.50899350247676,78.98387426152699,177.5101504021946
696.2989728397042,277.50899350247676,78.98387426152699,177.5101504021946
698.0304642763441,280.16470924653703,77.50206008268772,174.1798876085146
697.0584642533897,280.16470924653703,77.50206008268772,174.1798876085146
696.0864642304354,280.16470924653703,77.50206008268772,174.1798876085146
696.0864642304354,280.16470924653703,77.50206008268772,174.1798876085146
695.114464207481,280.16470924653703,77.50206008268772,174.1798876085146
696.8134711833958,282.7706011843924,76.04804617676668,170.91210377871266
697.526838779955,284.37383970037075,74.62131098364831,167.7056267467559
696.590967966823,284.37383970037075,74.62131098364831,167.7056267467559
695.6550971536909,284.37383970037075,74.62131098364831,167.7056267467559
694.7192263405589,284.37383970037075,74.62131098364831,167.7056267467559
693.7833555274268,284.37383970037075,74.62131098364831,167.7056267467559
692.8474847142948,284.37383970037075,74.62131098364831,167.7056267467559
692.8474847142948,284.37383970037075,74.62131098364831,167.7056267467559
691.9116139011627,284.37383970037075,74.62131098364831,167.7056267467559
691.9116139011627,284.37383970037075,74.62131098364831,167.7056267467559
691.9116139011627,285.3097105135028,74.62131098364831,167.7056267467559
691.9116139011627,285.3097105135028,74.62131098364831,167.7056267467559
691.9116139011627,286.24558132663486,74.62131098364831,167.7056267467559
690.9757430880306,287.1814521397669,74.62131098364831,167.7056267467559
690.9757430880306,288.117322952899,74.62131098364831,167.7056267467559
690.9757430880306,289.05319376603103,74.62131098364831,167.7056267467559
691.6757272157591,292.49809559688083,73.22134272819132,164.55930633758453
691.4442659936327,295.8783677241944,71.847639236653,161.47201395453965
690.5431814687473,296.7794522490798,71.847639236653,161.47201395453965
689.6420969438619,297.6805367739652,71.847639236653,161.47201395453965
688.7410124189765,299.4827058237359,71.847639236653,161.47201395453965
688.7410124189765,301.2848748735066,71.847639236653,161.47201395453965
689.4149781590243,305.50281433816673,70.4997077565577,158.44264217453167
689.192120343135,307.8732625542266,69.17706477994471,155.47010435080352
689.8410347981412,311.06683010177966,67.87923586993219,152.5533342231465
688.9897204104551,313.62077326483785,67.87923586993219,152.5533342231465
688.7751462124677,315.9031119963828,66.60575549053486,149.69128553542876
687.9398033093678,317.5737978025826,66.60575549053486,149.69128553542876
687.1044604062679,319.2444836087824,66.60575549053486,149.69128553542876
687.1044604062679,320.9151694149822,66.60575549053486,149.69128553542876
686.269117503168,323.4211981242819,66.60575549053486,149.69128553542876
686.269117503168,325.0918839304817,66.60575549053486,149.69128553542876
685.4337746000681,327.5979126397814,66.60575549053486,149.69128553542876
684.5984316969682,329.2685984459812,66.60575549053486,149.69128553542876
684.5984316969682,330.1039413490811,66.60575549053486,149.69128553542876
683.7630887938683,333.4453129614807,66.60575549053486,149.69128553542876
682.9277458907684,335.1159987676805,66.60575549053486,149.69128553542876
682.9277458907684,337.6220274769802,66.60575549053486,149.69128553542876
682.9277458907684,339.29271328318,66.60575549053486,149.69128553542876
682.9277458907684,340.1280561862799,66.60575549053486,149.69128553542876
682.0924029876685,343.4694277986795,66.60575549053486,149.69128553542876
682.0924029876685,345.1401136048793,66.60575549053486,149.69128553542876
682.0924029876685,347.646142314179,66.60575549053486,149.69128553542876
682.7171973130986,351.55634796104323,65.35616683967463,146.88293166029956
682.5105988312001,354.5735232938735,64.13002168532395,144.1272652309341
681.7063055971404,356.18210976199305,64.13002168532395,144.12726523093414
680.9020123630806,358.5949894641725,64.13002168532395,144.12726523093414
682.3078763374407,361.5555596579154,62.92688020472339,141.42329777968752
682.1089571145187,365.2497905919227,61.74631082661554,138.7700593835276
682.688167489607,367.325918805853,60.5878900764389,136.16659831612031
681.1684290340814,368.8456572613785,60.58789007643891,136.16659831612031
681.1684290340814,370.3653957169041,60.58789007643892,136.16659831612031
680.4085598063186,371.8851341724296,60.58789007643892,136.16659831612031
681.736772860088,375.4420506605573,59.45120242442596,133.6119807064417
680.991159516913,376.1876640037324,59.45120242442596,133.6119807064417
680.2455461737379,377.67889069008254,59.45120242442596,133.6119807064417
679.4999328305629,379.1701173764327,59.45120242442596,133.6119807064417
679.4999328305629,379.9157307196078,59.45120242442596,133.6119807064417
679.4999328305629,381.40695740595794,59.45120242442596,133.6119807064417
678.7543194873879,382.8981840923081,59.45120242442596,133.6119807064417
678.7543194873879,385.13502412183334,59.45120242442596,133.6119807064417
678.0087061442129,387.3718641513586,59.45120242442596,133.6119807064417
677.2630928010378,389.6087041808838,59.45120242442596,133.6119807064417
677.2630928010378,391.84554421040906,59.45120242442596,133.6119807064417
677.8207739449753,396.82695617760777,58.335840136551084,131.10529020379508
678.3679924491133,399.5200372805999,57.241403128274975,128.64562764911267
677.6500935301005,401.67373403763827,57.24140312827498,128.64562764911267
676.9321946110878,403.8274307946766,57.24140312827498,128.64562764911267
676.9321946110878,405.98112755171496,57.24140312827498,128.64562764911267
677.4691467647089,410.77738059512325,56.16749882103275,126.23211075242396
677.2915947363451,414.0747903976659,55.113742001414636,123.86387377637499
677.8085883955582,416.6191229512344,54.079754682988465,121.54006722568526
677.1303416142837,417.9756165137835,54.079754682988465,121.54006722568528
675.7738480517345,420.6886036388819,54.079754682988465,121.54006722568528
675.7738480517345,422.0450972014311,54.079754682988465,121.54006722568528
675.7738480517345,424.0798375452549,54.079754682988465,121.54006722568528
675.09560127046,426.11457788907865,54.079754682988465,121.54006722568528
674.4173544891854,427.47107145162784,54.079754682988465,121.54006722568528
676.2811424078716,430.6459166370789,53.065165970714624,119.25985754243067
676.7789194292766,433.0956764308585,52.06961192790457,117.02242680704313
675.4728466891416,435.05478554106094,52.06961192790457,117.02242680704313
675.9612849302562,437.4585854622574,51.09273544567545,114.82697244491996
675.4479817636012,437.586545830851,52.11934177898541,117.13419080225574
674.7943217015139,439.54752601711283,52.11934177898541,117.13419080225574
674.7943217015139,441.5085062033747,52.11934177898541,117.13419080225574
674.1406616394266,443.46948638963653,52.11934177898541,117.13419080225574
674.1406616394266,445.4304665758984,52.11934177898541,117.13419080225574
673.4870015773394,447.39144676216023,52.11934177898541,117.13419080225574
672.8333415152521,448.6987668863348,52.11934177898541,117.13419080225574
672.8333415152521,450.65974707259664,52.11934177898541,117.13419080225574
672.1796814531648,452.6207272588585,52.11934177898541,117.13419080225574
672.1796814531648,454.5817074451203,52.11934177898541,117.13419080225574
672.1796814531648,455.88902756929485,52.11934177898541,117.13419080225574
671.5260213910775,457.8500077555567,52.11934177898541,117.13419080225574
670.8723613289902,459.81098794181855,52.11934177898541,117.13419080225574
670.2187012669029,462.4256281901677,52.11934177898541,117.13419080225574
671.3612660602531,466.139044020118,51.14153231645959,114.9366396390534
671.3612660602531,467.4218375492832,51.14153231645959,114.9366396390534
670.7198692956705,469.346027843031,51.14153231645959,114.9366396390534
670.0784725310879,470.6288213721962,51.14153231645959,114.9366396390534
669.4370757665052,472.553011665944,51.14153231645959,114.9366396390534
668.7956790019226,474.47720195969174,51.14153231645959,114.9366396390534
669.2754114056737,480.6865375610712,50.18206750895761,112.78031666961596
670.3755071021312,483.00319876627725,49.240603192937556,110.66444841299355
670.83740786775,485.89395322498757,48.31680166169975,108.58827589949003
670.2314377519344,487.10589345661884,48.316801661699756,108.58827589949003
669.6254676361189,488.9238038040657,48.31680166169976,108.58827589949003
669.0194975203033,490.135744035697,48.31680166169976,108.58827589949003
668.4135274044877,493.1655946147751,48.31680166169976,108.58827589949003
667.8075572886721,494.98350496222196,48.31680166169976,108.58827589949003
667.8075572886721,498.61932565711567,48.31680166169976,108.58827589949003
667.8075572886721,499.83126588874694,48.31680166169976,108.58827589949003
667.8075572886721,502.2551463520094,48.31680166169976,108.58827589949003
667.8075572886721,503.46708658364065,48.31680166169976,108.58827589949003
667.2015871728565,507.10290727853436,48.31680166169976,108.58827589949003
667.8075572886721,510.1327578576125,48.31680166169976,108.58827589949003
667.2015871728565,511.95066820505934,48.31680166169976,108.58827589949003
667.2015871728565,514.3745486683217,48.31680166169976,108.58827589949003
667.2015871728565,516.1924590157686,48.31680166169976,108.58827589949003
667.2015871728565,518.616339479031,48.31680166169976,108.58827589949003
666.595617057041,521.6461900581091,48.31680166169976,108.58827589949003
666.1102023091468,522.3731682917318,49.28763115748829,110.77014012713849
666.1102023091468,525.4638976584953,49.2876311574883,110.77014012713849
666.1102023091468,527.936481151906,49.2876311574883,110.77014012713849
666.1102023091468,529.7909187719641,49.2876311574883,110.77014012713849
664.9968882493704,530.5325041792349,50.27796753033571,112.99584455271308
664.3663219709844,533.0547692927788,50.27796753033571,112.99584455271308
663.2306380918048,533.180689097252,51.288202731922745,115.26627005731075
662.5874018451873,535.7536340837223,51.288202731922745,115.26627005731075
662.5874018451873,538.9698153168102,51.288202731922745,115.26627005731075
661.9441655985697,540.899524056663,51.288202731922745,115.26627005731075
661.9441655985697,542.8292327965158,51.288202731922745,115.26627005731075
661.3009293519522,545.4021777829862,51.288202731922745,115.26627005731075
661.3009293519522,547.331886522839,51.288202731922745,115.26627005731075
661.3009293519522,549.2615952626918,51.288202731922745,115.26627005731075
661.3009293519522,550.5480677559269,51.288202731922745,115.26627005731075
660.7856624232058,550.6765176670312,52.318736589415266,117.58231522157229
661.9325983671231,553.0918184583041,51.33718628662244,115.37635680911006
662.4141661001096,556.1056564402274,50.37405082064942,113.21178431857277
661.1506234664882,554.2103424897955,50.37405082064942,113.21178431857277
661.1506234664882,554.8421138066062,50.37405082064942,113.21178431857277
662.2549278379857,556.5358666277646,49.42898471127565,111.08782130987709
661.6350091645633,556.5358666277646,49.42898471127566,111.0878213098771
662.0986770402886,557.5779243278483,48.501648959825005,109.00370590970964
661.9453576592844,557.9921436164491,47.59171092756566,106.95869053824018
662.3917910148714,558.398591748966,46.69884421639145,104.95204164096207
662.2441705103644,559.3830928566654,45.82272855174163,102.98303942556352
661.0947896253504,557.0843310866372,45.82272855174163,102.98303942556352
661.5246290673625,558.0503619975512,44.96304966771723,101.05097760373548
660.960720375613,555.2308185388036,44.963049667717236,101.05097760373549
660.3968116838636,554.6669098470542,44.963049667717236,101.05097760373549
660.960720375613,550.155640313058,44.963049667717236,101.05097760373549
660.3968116838636,550.7195490048075,44.963049667717236,101.05097760373549
659.8329029921141,549.5917316213084,44.963049667717236,101.05097760373549
659.2689943003646,547.3360968543104,44.963049667717236,101.05097760373549
661.3824956122954,548.8479127790159,44.11949919435268,99.1551631378234
661.2430287188647,547.564719483388,43.29177454700242,97.29491599223209
660.157132271505,546.4788230360283,43.29177454700242,97.29491599223209
659.6141840478252,544.3070301413089,43.29177454700242,97.29491599223209
661.6491265834646,545.7626519163575,42.47957881780268,95.46956888949454
660.5836026079227,542.0333180019608,42.47957881780268,95.46956888949454
659.6240695315586,541.6069449658834,43.33312099498879,97.38783893719115
659.6240695315586,538.8896110939271,43.33312099498879,97.38783893719116
659.0806027571673,538.3461443195358,43.33312099498879,97.38783893719116
658.537135982776,537.8026775451445,43.33312099498879,97.38783893719116
658.537135982776,536.1722772219708,43.33312099498879,97.38783893719116
658.537135982776,533.4549433500146,43.33312099498879,97.38783893719116
657.9936692083847,533.9984101244058,43.33312099498879,97.38783893719116
657.4502024339935,530.7376094780584,43.33312099498879,97.38783893719116
657.5583230083085,530.3026693285672,44.2038133951411,99.34465278495614
656.5598427447453,527.0870566652068,45.09200061768967,101.34078489336427
656.1068259605396,526.6344624130692,45.99803418610091,103.37702528422665
656.1068259605396,522.0193499644921,45.99803418610091,103.37702528422665
656.1068259605396,522.5962390205642,45.99803418610091,103.37702528422665
657.1151989105899,524.1428547661956,45.135066398144495,101.4375719051081
655.9830667962116,518.4821941943039,45.135066398144495,101.43757190510811
655.4170007390225,519.6143263086823,45.135066398144495,101.43757190510813
656.4064556333442,521.1319260410766,44.288288723879404,99.53450455469792
655.2955634167943,521.1319260410766,44.288288723879404,99.53450455469793
655.4060672324047,514.577491558318,45.17817330920832,101.53445135471547
654.8394605454761,515.7107049321751,45.178173309208326,101.53445135471547
654.8394605454761,516.2773116191037,45.178173309208326,101.53445135471547
654.8394605454761,512.3110648106039,45.178173309208326,101.53445135471547
654.2728538585475,512.8776714975324,45.178173309208326,101.53445135471547
654.6966470594355,514.396720635941,44.33058690743249,99.62956645175535
654.25127981807,508.9479794343799,45.22132139016353,101.63142333047048
654.6754777689068,511.0356271960837,44.37292548848981,99.72471913908007
655.0917173542664,512.5276010696316,43.54044631777065,97.85378656983495
655.0917173542664,508.1590653403707,43.54044631777065,97.85378656983495
654.5456503881088,508.7051323065283,43.54044631777065,97.85378656983495
655.5001478808131,510.16911530141965,42.72358526467731,96.01795451236745
654.9643256612017,509.6332930818082,42.72358526467731,96.01795451236747
654.9643256612017,506.4183597641399,42.72358526467731,96.01795451236747
654.9643256612017,506.9541819837513,42.72358526467731,96.01795451236747
654.4285034415902,507.49000420336273,42.72358526467731,96.01795451236747
654.4285034415902,504.27507088569445,42.72358526467731,96.01795451236747
654.2934491952388,505.71158813799354,41.92204931815709,94.21656444699212
654.2934491952388,503.0827397657006,41.92204931815709,94.21656444699212
654.6866983721528,504.49230655940914,41.13555096432915,92.4489702084922
653.7575243345754,503.56351798020955,41.962087589855415,94.30654736689144
653.7575243345754,497.7745279762353,41.962087589855415,94.30654736689144
653.7575243345754,498.82707161332155,41.962087589855415,94.30654736689144
654.1511490899176,500.23798463459246,41.17483807917104,92.53726496143584
653.1183521935409,498.1723908418392,41.17483807917104,92.53726496143585
652.6019537453526,498.6887892900275,41.17483807917104,92.53726496143585
652.0855552971643,496.10679704908586,41.17483807917104,92.53726496143585
652.0855552971643,496.62319549727414,41.17483807917104,92.53726496143585
652.0855552971643,494.0412032563325,41.17483807917104,92.53726496143585
652.9881937180533,495.42564617925007,40.40235813376975,90.80117601197728
652.4814834062042,495.42564617925007,40.40235813376975,90.80117601197728
651.9747730943552,490.86525337260935,40.40235813376975,90.80117601197728
651.9747730943552,491.87867399630727,40.40235813376975,90.80117601197728
651.8470565182587,493.2371434256207,39.64437066226478,89.09765777704855
651.3498525839036,493.73434735997574,39.64437066226478,89.09765777704855
651.3498525839036,487.7679001477151,39.64437066226478,89.09765777704855
650.8526486495485,488.76230801642527,39.64437066226478,89.09765777704855
649.957157545335,488.3643923319232,40.44094500198166,90.88789701476279
649.5508675913726,483.3937330505,41.25352490990648,92.7141075294804
649.0334822842389,484.42850366476745,41.25352490990648,92.71410752948042
648.1016434390978,483.4970513834725,42.08243198592123,94.57701209207026
647.6788622861511,479.9079777809397,42.92799429181435,96.47734799603623
647.1404764497938,479.9079777809397,42.92799429181435,96.47734799603623
646.6020906134365,479.3695919445824,42.92799429181435,96.47734799603623
646.0637047770792,479.3695919445824,42.92799429181435,96.47734799603623
646.0637047770792,476.13927692643875,42.92799429181435,96.47734799603623
645.525318940722,477.21604859915334,42.92799429181435,96.47734799603623
646.0637047770792,476.13927692643875,42.92799429181435,96.47734799603623
645.525318940722,476.13927692643875,42.92799429181435,96.47734799603623
646.0637047770792,473.4473477446524,42.92799429181435,96.47734799603623
644.9869331043647,474.524119417367,42.92799429181435,96.47734799603623
644.4485472680074,473.9857335810097,42.92799429181435,96.47734799603623
645.9280043699029,474.89073794762237,42.12262343345261,94.66733926281088
645.7948498341377,476.3070487487731,41.332362114453204,92.89128805103903
645.27647578213,470.6049341766883,41.332362114453204,92.89128805103903
644.7581017301222,471.12330822869603,41.332362114453204,92.89128805103903
645.6641934067638,471.99467361189375,40.5569268651855,91.14855728464357
646.0446370722643,473.35834018578123,39.79603953418441,89.43852183971329
645.9188371401248,474.19731694550364,39.04942718837641,87.7605683202685
645.4290947502714,470.2793778266764,39.04942718837641,87.7605683202685
646.2851397267243,471.59235695754717,38.31682201517749,86.11409483823383
646.6445701210992,473.36125767200065,37.59796122642776,84.49851079753856
645.7014927593842,473.36125767200065,37.59796122642777,84.49851079753856
645.2299540785268,473.36125767200065,37.59796122642777,84.49851079753856
644.7584153976694,472.88971899114324,37.59796122642777,84.49851079753856
644.7584153976694,471.9466416294283,37.59796122642777,84.49851079753856
645.2299540785268,471.4751029485709,37.59796122642777,84.49851079753856
645.1111025288191,472.2677400062063,36.89258696412841,82.91323668226784
644.9944807495951,472.58281426563155,36.20044620794705,81.3577038487881
644.8800469081957,472.8919774259956,35.521290684458464,79.83135432177252
644.4345530035972,472.4464835213971,35.521290684458464,79.83135432177252
644.4345530035972,472.0009896167986,35.521290684458464,79.83135432177252
645.6587477659795,472.7498464806583,34.85487677808795,78.33364059405322
644.7844757532813,472.7498464806583,34.85487677808795,78.33364059405322
644.3473397469322,472.7498464806583,34.85487677808795,78.33364059405322
643.9102037405831,471.87557446796006,34.85487677808795,78.33364059405322
644.2371594077644,472.61038204987244,34.20096544372556,76.86402543022848
643.3792895869907,472.1814471394856,34.20096544372556,76.86402543022848
644.5579810691373,473.3314039280095,33.559322120979736,75.42198167395436
642.9581643146032,471.3110139642764,34.233629580356585,76.93743555172912
642.1848915840229,470.9674065890073,34.92148589951469,78.48333944427003
641.396081484467,469.74095232781394,35.623163315693645,80.06030518372376
640.5914218235807,468.48985492115054,36.33893953619588,81.66895689578033
640.2263426675303,467.21361921429497,37.069097848296664,83.30993124668724
639.8539279759974,465.446834216738,37.81392723136249,84.98387769522692
638.9997831154436,464.1187964488491,38.57372247122226,86.69145874975712
638.1284759222067,463.24785070851965,39.34878427683653,88.433350230416
638.62197272964,463.24785070851965,39.34878427683653,88.43335023041601
638.1284759222067,463.24785070851965,39.34878427683653,88.43335023041601
638.2266551684028,459.8919210182631,40.13941939931101,90.21024153659576
637.7232425296177,459.8919210182631,40.13941939931101,90.21024153659576
637.7232425296177,459.8919210182631,40.13941939931101,90.21024153659576
637.2198298908326,459.8919210182631,40.13941939931101,90.21024153659576
637.2198298908326,459.8919210182631,40.13941939931101,90.21024153659576
637.2198298908326,459.8919210182631,40.13941939931101,90.21024153659576
637.2198298908326,459.38850837947797,40.13941939931101,90.21024153659576
637.7232425296177,459.38850837947797,40.13941939931101,90.21024153659576
638.603182411162,460.73813688343336,39.38636491379247,88.51780980625513
638.109214282322,460.73813688343336,39.38636491379247,88.51780980625514
638.603182411162,460.73813688343336,39.38636491379247,88.51780980625514
638.109214282322,460.73813688343336,39.38636491379247,88.51780980625514
638.2074872960557,458.8609064495347,40.1777551440053,90.29639815869223
638.2074872960557,457.85311958862894,40.1777551440053,90.29639815869223
638.2074872960557,457.85311958862894,40.1777551440053,90.29639815869223
638.2074872960557,457.34922615817607,40.1777551440053,90.29639815869223
638.2074872960557,457.34922615817607,40.1777551440053,90.29639815869223
638.2074872960557,457.34922615817607,40.1777551440053,90.29639815869223
638.2074872960557,457.34922615817607,40.1777551440053,90.29639815869223
637.8038414790013,456.44206339407475,40.985046778113805,92.11072368689483
637.8038414790013,455.9280452329238,40.985046778113805,92.11072368689483
637.8038414790013,455.41402707177286,40.985046778113805,92.11072368689483
637.8038414790013,455.41402707177286,40.985046778113805,92.11072368689483
637.8038414790013,455.41402707177286,40.985046778113805,92.11072368689483
637.3920852065451,454.4886366862525,41.808559323026444,93.9615044579356
637.3920852065451,454.4886366862525,41.808559323026444,93.9615044579356
637.3920852065451,454.4886366862525,41.808559323026444,93.9615044579356
636.8677388784821,454.4886366862525,41.808559323026444,93.9615044579356
636.8677388784821,454.4886366862525,41.808559323026444,93.9615044579356
636.8677388784821,454.4886366862525,41.808559323026444,93.9615044579356
636.8677388784821,454.4886366862525,41.808559323026444,93.9615044579356
636.8677388784821,454.4886366862525,41.808559323026444,93.9615044579356
636.3433925504191,454.4886366862525,41.808559323026444,93.9615044579356
635.8190462223562,454.4886366862525,41.808559323026444,93.9615044579356
635.8190462223562,454.4886366862525,41.808559323026444,93.9615044579356
635.8190462223562,455.01298301431547,41.808559323026444,93.9615044579356
635.2946998942932,455.5373293423784,41.808559323026444,93.9615044579356
634.7703535662303,454.4886366862525,41.808559323026444,93.9615044579356
635.2946998942932,455.5373293423784,41.808559323026444,93.9615044579356
634.7703535662303,455.5373293423784,41.808559323026444,93.9615044579356
634.7703535662303,455.5373293423784,41.808559323026444,93.9615044579356
634.7703535662303,456.0616756704414,41.808559323026444,93.9615044579356
634.7703535662303,453.96429035818954,41.808559323026444,93.9615044579356
635.2946998942932,455.5373293423784,41.808559323026444,93.9615044579356
634.7703535662303,456.0616756704414,41.808559323026444,93.9615044579356
634.7703535662303,456.0616756704414,41.808559323026444,93.9615044579356
634.7703535662303,453.96429035818954,41.808559323026444,93.9615044579356
634.7703535662303,455.01298301431547,41.808559323026444,93.9615044579356
634.7703535662303,456.0616756704414,41.808559323026444,93.9615044579356
634.7703535662303,456.0616756704414,41.808559323026444,93.9615044579356
634.7703535662303,453.96429035818954,41.808559323026444,93.9615044579356
634.7703535662303,455.5373293423784,41.808559323026444,93.9615044579356
634.7703535662303,456.58602199850435,41.808559323026444,93.9615044579356
634.2460072381673,455.5373293423784,41.808559323026444,93.9615044579356
634.2460072381673,456.0616756704414,41.808559323026444,93.9615044579356
633.7216609101043,455.01298301431547,41.808559323026444,93.9615044579356
634.2460072381673,456.0616756704414,41.808559323026444,93.9615044579356
633.7216609101043,455.01298301431547,41.808559323026444,93.9615044579356
634.2460072381673,455.5373293423784,41.808559323026444,93.9615044579356
633.7216609101043,456.0616756704414,41.808559323026444,93.9615044579356
633.7216609101043,454.4886366862525,41.808559323026444,93.9615044579356
633.7216609101043,455.01298301431547,41.808559323026444,93.9615044579356
633.7216609101043,455.5373293423784,41.808559323026444,93.9615044579356
633.7216609101043,455.5373293423784,41.808559323026444,93.9615044579356
633.7216609101043,455.5373293423784,41.808559323026444,93.9615044579356
633.1973145820414,455.5373293423784,41.808559323026444,93.9615044579356
633.1973145820414,455.5373293423784,41.808559323026444,93.9615044579356
632.6729682539784,455.5373293423784,41.808559323026444,93.9615044579356
633.1973145820414,455.5373293423784,41.808559323026444,93.9615044579356
632.6729682539784,455.5373293423784,41.808559323026444,93.9615044579356
632.6729682539784,456.0616756704414,41.808559323026444,93.9615044579356
632.6729682539784,454.4886366862525,41.808559323026444,93.9615044579356
632.6729682539784,455.01298301431547,41.808559323026444,93.9615044579356
632.6729682539784,455.5373293423784,41.808559323026444,93.9615044579356
632.6729682539784,456.0616756704414,41.808559323026444,93.9615044579356
632.6729682539784,455.5373293423784,41.808559323026444,93.9615044579356
633.1973145820414,455.5373293423784,41.808559323026444,93.9615044579356
632.2529385627396,454.5933450878418,42.64861870550402,95.84947296700891
631.7180565439069,455.12822710667444,42.64861870550402,95.84947296700892
631.7180565439069,454.5933450878417,42.64861870550402,95.84947296700892
631.1831745250742,455.12822710667444,42.64861870550402,95.84947296700892
634.2576493697745,457.0971057383297,41.84848920443055,94.05124377902936
633.3123714102227,453.5279843539061,42.68935089801517,95.9410154202814
632.7769785444265,454.06337721970226,42.68935089801518,95.94101542028142
632.3480999806295,453.6348986740786,43.547108025609,97.86875824312114
632.3480999806295,454.18104918872723,43.547108025609,97.86875824312114
632.3480999806295,452.5425976447814,43.547108025609,97.86875824312114
632.3480999806295,453.08874815943,43.547108025609,97.86875824312114
632.3480999806295,453.08874815943,43.547108025609,97.86875824312114
632.3480999806295,451.45029661548404,43.547108025609,97.86875824312114
632.3480999806295,451.99644713013265,43.547108025609,97.86875824312114
632.3480999806295,451.99644713013265,43.547108025609,97.86875824312114
632.3480999806295,451.45029661548404,43.547108025609,97.86875824312114
632.3480999806295,450.9041461008354,43.547108025609,97.86875824312114
632.3480999806295,450.9041461008354,43.547108025609,97.86875824312114
632.3480999806295,450.3579955861868,43.547108025609,97.86875824312114
632.3480999806295,449.8118450715382,43.547108025609,97.86875824312114
632.3480999806295,450.3579955861868,43.547108025609,97.86875824312114
631.8019494659809,449.8118450715382,43.547108025609,97.86875824312114
632.3480999806295,450.3579955861868,43.547108025609,97.86875824312114
631.8019494659809,450.3579955861868,43.547108025609,97.86875824312114
631.8019494659809,449.8118450715382,43.547108025609,97.86875824312114
631.8019494659809,449.8118450715382,43.547108025609,97.86875824312114
631.8019494659809,449.8118450715382,43.547108025609,97.86875824312114
631.8019494659809,449.8118450715382,43.547108025609,97.86875824312114
631.8019494659809,449.8118450715382,43.547108025609,97.86875824312114
631.8019494659809,449.8118450715382,43.547108025609,97.86875824312114
631.8019494659809,449.8118450715382,43.547108025609,97.86875824312114
631.8019494659809,449.8118450715382,43.547108025609,97.86875824312114
633.3027435118788,451.2760520564852,42.73012199240773,96.03264530252447
632.3375511406306,449.77535588480174,43.58869833360119,97.9622292445881
631.7908790168752,448.68201163729117,43.58869833360119,97.96222924458812
631.2442068931199,449.22868376104645,43.58869833360119,97.96222924458812
631.2442068931199,449.77535588480174,43.58869833360119,97.96222924458812
631.7908790168752,448.68201163729117,43.58869833360119,97.96222924458812
631.2442068931199,449.22868376104645,43.58869833360119,97.96222924458812
631.7908790168752,450.322028008557,43.58869833360119,97.96222924458812
631.2442068931199,450.8687001323123,43.58869833360119,97.96222924458812
631.7908790168752,447.0419952660253,43.58869833360119,97.96222924458812
631.7908790168752,449.22868376104645,43.58869833360119,97.96222924458812
631.2442068931199,450.322028008557,43.58869833360119,97.96222924458812
631.2442068931199,451.4153722560676,43.58869833360119,97.96222924458812
633.2931064182686,447.96092853970015,42.770932025835506,96.12436269723844
632.7566903944037,450.1065926351597,42.770932025835506,96.12436269723844
632.2202743705387,451.1794246828895,42.770932025835506,96.12436269723844
631.7905762019411,455.57787151170055,43.63032836303062,98.05578951691406
632.7470440967451,449.931351653767,42.81178103548779,96.21616768800338
632.8538638744745,455.40785595591944,43.67199815183385,98.14943914535844
632.3061470375187,449.3829707494058,43.67199815183385,98.14943914535846
632.4151131450421,454.96951445250136,44.549499610698646,100.12155582610615
632.2742869700388,448.08659369887306,43.71370773798365,98.24317821526213
632.9315970892525,439.9724743629118,44.592047267562954,100.2171783951414
632.3723413620962,440.5317300900681,44.59204726756296,100.21717839514142
631.2538299077836,441.6502415443807,44.59204726756296,100.21717839514142
632.2313806889769,443.149583063084,43.75545715948907,98.3370068120475
631.6826171423302,444.24711015637746,43.75545715948907,98.33700681204752
631.6826171423302,442.05205596979056,43.75545715948907,98.33700681204752
631.1338535956835,442.6008195164373,43.75545715948907,98.33700681204752
630.5850900490368,443.14958306308404,43.75545715948907,98.33700681204752
632.0930645749659,444.0720319323065,42.93456229421772,96.49210907360263
631.5545963653339,444.0720319323065,42.93456229421773,96.49210907360263
631.0161281557018,444.0720319323065,42.93456229421773,96.49210907360263
631.9573434055662,445.5156429746257,42.12906821375301,94.68182340822833
632.8809005433712,446.93217047196504,41.338685984416934,92.90550045982354
631.4286847076879,445.48034199812497,42.169304201901824,94.77225068056278
630.3709434138826,443.3648594105143,42.169304201901824,94.77225068056278
632.8819945492659,445.84048107714415,41.37816710635671,92.99423122871913
631.3251489892532,446.87837811715264,41.37816710635671,92.99423122871913
632.7511933269591,448.78860619734724,40.601872510961734,91.24956914834691
632.1136335207567,446.0800836672485,39.840141956001176,89.53763862276546
631.6139743006737,447.57906132749747,39.840141956001176,89.53763862276546
631.1143150805907,449.0780389877464,39.840141956001176,89.53763862276546
631.1143150805907,451.0766758680783,39.840141956001176,89.53763862276546
631.9876941757072,455.91385615201347,39.09270220593402,87.85782557622277
631.4974090477897,453.4624305124255,39.09270220593402,87.85782557622278
631.5949493429954,447.67691558859804,39.878191871357856,89.62315286552582
632.4691625717021,450.01803355796454,39.13003826793004,87.94173548874991
631.4876558077773,453.45330723170156,39.13003826793005,87.94173548874991
631.9784091897398,447.5642666481524,39.13003826793005,87.94173548874991
631.9784091897398,449.52728017600214,39.13003826793005,87.94173548874991
631.4876558077773,453.4533072317016,39.13003826793005,87.94173548874991
631.9784091897398,448.05502003011486,39.13003826793005,87.94173548874991
631.9784091897398,448.54577341207727,39.13003826793005,87.94173548874991
631.4876558077773,450.9995403218894,39.13003826793005,87.94173548874991
631.8547145654419,456.24125693657066,38.3959207526009,86.29186313471122
638.5963637729974,478.87393641907823,38.3959207526009,86.29186313471122
638.5963637729974,479.3554827910464,38.3959207526009,86.29186313471122
638.1148174010292,479.3554827910464,38.3959207526009,86.29186313471122
638.1148174010292,479.3554827910464,38.3959207526009,86.29186313471122
637.633271029061,479.3554827910464,38.3959207526009,86.29186313471122
636.6701782851245,479.3554827910464,38.3959207526009,86.29186313471122
636.1886319131563,478.87393641907823,38.3959207526009,86.29186313471122
636.6701782851245,478.39239004711004,38.3959207526009,86.29186313471122
636.6701782851245,477.91084367514185,38.3959207526009,86.29186313471122
637.1517246570927,478.39239004711004,38.3959207526009,86.29186313471122
637.1517246570927,477.91084367514185,38.3959207526009,86.29186313471122
636.7659800392516,478.970097960032,39.16740998828291,88.02572554067697
636.3724846548045,477.5945254251673,39.95440075717748,89.79442644396579
635.9710827675974,476.1913135113597,40.75720453159145,91.59866585450439
635.5616155122708,475.2710675148524,41.57613904224472,93.43915784751896
635.5616155122708,474.74963610954126,41.57613904224472,93.43915784751897
635.0401841069597,475.7924989201633,41.57613904224472,93.43915784751897
634.1010580207607,473.8108996102262,42.411528404020544,95.31663084614917
635.0308072756936,475.23692441295077,41.61584694723065,93.528398293776
634.508877869626,474.7149950068831,41.61584694723065,93.528398293776
635.9431135317662,476.11426619955995,40.835093247220655,91.77371472055765
633.4843137531077,474.16798656744464,41.655592775837064,93.61772397043781
634.9199192031771,475.04616627227097,40.87409340548703,91.86136456078515
633.8946659470446,475.04616627227097,40.87409340548703,91.86136456078515
633.3820393189784,475.04616627227097,40.87409340548703,91.86136456078515
633.8946659470446,474.5335396442048,40.87409340548703,91.86136456078515
633.3820393189784,474.0209130161386,40.87409340548703,91.86136456078515
633.3820393189784,473.5082863880724,40.87409340548703,91.86136456078515
633.3820393189784,472.9956597600062,40.87409340548703,91.86136456078515
633.3820393189784,473.5082863880724,40.87409340548703,91.86136456078515
633.3820393189784,472.9956597600062,40.87409340548703,91.86136456078515
632.8694126909122,472.9956597600062,40.87409340548703,91.86136456078515
631.3315328067135,472.48303313194003,40.87409340548703,91.86136456078515
631.202325020289,472.8321107046768,40.107255722203696,90.13795615917931
632.0815598068757,474.18065775264546,39.35480465850039,88.4468805727121
632.0815598068757,473.68708543997894,39.3548046585004,88.4468805727121
632.5751321195422,473.68708543997894,39.3548046585004,88.4468805727121
630.6008428688763,473.68708543997894,39.3548046585004,88.4468805727121
630.1072705562098,473.68708543997894,39.3548046585004,88.4468805727121
630.1072705562098,473.19351312731243,39.3548046585004,88.4468805727121
629.6136982435432,472.6999408146459,39.3548046585004,88.4468805727121
629.6136982435432,472.6999408146459,39.3548046585004,88.4468805727121
629.1201259308767,472.6999408146459,39.3548046585004,88.4468805727121
629.1201259308767,472.2063685019794,39.3548046585004,88.4468805727121
629.1201259308767,471.7127961893129,39.3548046585004,88.4468805727121
629.1201259308767,471.7127961893129,39.3548046585004,88.4468805727121
628.6265536182102,472.2063685019794,39.3548046585004,88.4468805727121
627.6394089928773,472.2063685019794,39.3548046585004,88.4468805727121
627.6394089928773,471.7127961893129,39.3548046585004,88.4468805727121
627.1458366802108,472.6999408146458,39.3548046585004,88.4468805727121
626.6522643675443,472.6999408146458,39.3548046585004,88.4468805727121
626.1586920548777,473.1935131273123,39.3548046585004,88.4468805727121
626.1586920548777,473.1935131273123,39.3548046585004,88.4468805727121
626.1586920548777,473.1935131273123,39.3548046585004,88.4468805727121
625.6651197422112,472.6999408146458,39.3548046585004,88.4468805727121
625.1715474295447,472.6999408146458,39.3548046585004,88.4468805727121
625.1715474295447,472.6999408146458,39.3548046585004,88.4468805727121
624.6779751168782,472.2063685019793,39.3548046585004,88.4468805727121
623.6908304915453,471.71279618931277,39.3548046585004,88.4468805727121
623.1972581788788,471.71279618931277,39.3548046585004,88.4468805727121
623.1972581788788,471.71279618931277,39.3548046585004,88.4468805727121
622.3083078212106,470.824214603639,40.14556074850365,90.22404374405961
621.8048181600658,469.8172352813492,40.145560748503655,90.22404374405961
620.898006122861,468.91079942587453,40.95220550062334,92.03691545500901
620.898006122861,467.883586868062,40.95220550062334,92.03691545500902
620.3843998439547,467.3699805891557,40.95220550062334,92.03691545500902
619.8707935650484,467.3699805891557,40.95220550062334,92.03691545500902
619.8707935650484,466.8563743102494,40.95220550062334,92.03691545500902
619.8707935650484,466.3427680313431,40.95220550062334,92.03691545500902
619.3571872861421,466.3427680313431,40.95220550062334,92.03691545500902
618.8435810072358,465.8291617524368,40.95220550062334,92.03691545500902
618.8435810072358,464.8019491946243,40.95220550062334,92.03691545500902
618.3299747283295,464.288342915718,40.95220550062334,92.03691545500902
618.7141262993491,465.1516938691435,40.183902358584106,90.31021354815795
618.2101557729751,464.6477233427695,40.183902358584106,90.31021354815795
617.7061852466011,464.1437528163955,40.183902358584106,90.31021354815795
618.0831297611161,464.99090646757344,39.4300133295542,88.61590624580208
618.0831297611161,464.00187536774126,39.4300133295542,88.61590624580208
618.0831297611161,463.5073598178252,39.4300133295542,88.61590624580208
618.0831297611161,463.01284426790914,39.4300133295542,88.61590624580208
618.0831297611161,462.5183287179931,39.4300133295542,88.61590624580208
618.4530024305049,463.34958894404207,38.690267990776675,86.95338579370414
618.3306979714513,463.68001596305305,37.96440099288809,85.3220558396865
618.686822485527,464.0042438503246,37.25215196473674,83.72133121971748
618.686822485527,463.53704217173447,37.25215196473674,83.72133121971748
618.2196208069369,463.06984049314434,37.25215196473674,83.72133121971748
617.2852174497566,462.6026388145542,37.25215196473674,83.72133121971748
617.1674590435415,463.3879855504075,36.55326541998655,82.15063774801088
616.7090225221203,462.9295490289863,36.55326541998656,82.1506377480109
616.7090225221203,462.9295490289863,36.55326541998656,82.1506377480109
616.7090225221203,462.47111250756507,36.55326541998656,82.1506377480109
616.7090225221203,462.47111250756507,36.55326541998656,82.1506377480109
616.7090225221203,462.01267598614385,36.55326541998656,82.1506377480109
616.2505860006992,461.5542394647226,36.55326541998656,82.1506377480109
616.2505860006992,461.5542394647226,36.55326541998656,82.1506377480109
616.2505860006992,461.0958029433014,36.55326541998656,82.1506377480109
616.2505860006992,460.6373664218802,36.55326541998656,82.1506377480109
616.2505860006992,460.17892990045897,36.55326541998656,82.1506377480109
616.5934733779558,460.49110624751154,35.86749066547322,80.6094120110634
616.5934733779558,460.49110624751154,35.86749066547323,80.6094120110634
616.5934733779558,460.49110624751154,35.86749066547323,80.6094120110634
616.5934733779558,460.04127044039933,35.86749066547323,80.6094120110634
616.5934733779558,459.5914346332871,35.86749066547323,80.6094120110634
617.043309185068,459.5914346332871,35.86749066547323,80.6094120110634
617.043309185068,459.5914346332871,35.86749066547323,80.6094120110634
617.043309185068,459.1415988261749,35.86749066547323,80.6094120110634
616.5934733779558,458.6917630190627,35.86749066547323,80.6094120110634
616.5934733779558,458.2419272119505,35.86749066547323,80.6094120110634
616.5934733779558,457.7920914048383,35.86749066547323,80.6094120110634
616.1436375708436,457.3422555977261,35.86749066547323,80.6094120110634
615.6938017637314,456.89241979061387,35.86749066547323,80.6094120110634
615.6938017637314,456.44258398350166,35.86749066547323,80.6094120110634
616.1436375708436,455.99274817638945,35.86749066547323,80.6094120110634
615.2439659566191,455.54291236927725,35.86749066547323,80.6094120110634
615.2439659566191,455.54291236927725,35.86749066547323,80.6094120110634
614.7941301495069,455.54291236927725,35.86749066547323,80.6094120110634
615.2439659566191,455.09307656216504,35.86749066547323,80.6094120110634
614.7941301495069,454.64324075505283,35.86749066547323,80.6094120110634
614.7941301495069,454.64324075505283,35.86749066547323,80.6094120110634
614.7941301495069,454.64324075505283,35.86749066547323,80.6094120110634
614.7941301495069,454.1934049479406,35.86749066547323,80.6094120110634
614.7941301495069,453.2937333337161,35.86749066547323,80.6094120110634
614.7941301495069,452.8438975266039,35.86749066547323,80.6094120110634
613.983951597424,451.5842192617225,36.58817615541458,82.2290969266017
613.5250772394395,451.125344903738,36.58817615541458,82.2290969266017
613.5250772394395,450.66647054575344,36.58817615541458,82.2290969266017
613.066202881455,450.2075961877689,36.58817615541458,82.2290969266017
613.066202881455,449.74872182978436,36.58817615541458,82.2290969266017
613.066202881455,448.8309731138153,36.58817615541458,82.2290969266017
613.4094177383602,449.1434476094938,35.90174644160436,80.68639921927564
613.2959281218326,448.99979435076693,35.22819481578629,79.17264401898349
613.2959281218326,448.1161583252715,35.228194815786296,79.17264401898349
613.2959281218326,447.6743403125238,35.228194815786296,79.17264401898349
613.1845676807159,447.97520014117356,34.56727967252431,77.6872883361885
613.2708165832847,446.7611857211051,35.261840022984345,79.24825902072755
613.2708165832847,445.8767057659868,35.261840022984345,79.24825902072755
613.2708165832847,445.43446578842764,35.261840022984345,79.24825902072755
612.8285766057256,444.9922258108685,35.261840022984345,79.24825902072755
612.3863366281665,444.9922258108685,35.261840022984345,79.24825902072755
612.3863366281665,444.54998583330934,35.261840022984345,79.24825902072755
611.9440966506074,444.1077458557502,35.261840022984345,79.24825902072755
612.7171098081767,444.8511330025772,34.60029366296397,77.76148472707351
612.7171098081767,444.41718987643645,34.60029366296397,77.76148472707351
612.7171098081767,444.41718987643645,34.60029366296397,77.76148472707351
612.7171098081767,443.9832467502957,34.60029366296397,77.76148472707351
612.7171098081767,443.1153604980142,34.60029366296397,77.76148472707351
612.2831666820359,442.6814173718734,34.60029366296397,77.76148472707351
611.8492235558952,442.24747424573263,34.60029366296397,77.76148472707351
612.6077342359902,442.54297160167454,33.951158555055535,76.30260376290816
612.1819323042785,442.1171696699629,33.95115855505554,76.30260376290816
612.1819323042785,442.1171696699629,33.95115855505554,76.30260376290816
612.1819323042785,442.1171696699629,33.95115855505554,76.30260376290816
612.1819323042785,441.69136773825124,33.95115855505554,76.30260376290816
611.7561303725668,440.8397638748279,33.95115855505554,76.30260376290816
611.330328440855,440.41396194311625,33.95115855505554,76.30260376290816
611.330328440855,439.5623580796929,33.95115855505554,76.30260376290816
611.330328440855,439.13655614798125,33.95115855505554,76.30260376290816
610.9045265091434,439.13655614798125,33.95115855505554,76.30260376290816
610.9045265091434,439.13655614798125,33.95115855505554,76.30260376290816
610.9045265091434,438.7107542162696,33.95115855505554,76.30260376290816
610.4787245774316,437.85915035284626,33.95115855505554,76.30260376290816
610.4787245774316,437.4333484211346,33.95115855505554,76.30260376290816
610.4787245774316,437.00754648942296,33.95115855505554,76.30260376290816
610.4787245774316,436.5817445577113,33.95115855505554,76.30260376290816
610.4787245774316,436.15594262599967,33.95115855505554,76.30260376290816
610.4787245774316,436.15594262599967,33.95115855505554,76.30260376290816
610.4787245774316,435.730140694288,33.95115855505554,76.30260376290816
610.4787245774316,435.3043387625764,33.95115855505554,76.30260376290816
610.4787245774316,434.87853683086473,33.95115855505554,76.30260376290816
610.05292264572,434.4527348991531,33.95115855505554,76.30260376290816
609.6271207140082,434.02693296744144,33.95115855505554,76.30260376290816
609.2013187822965,433.6011310357298,33.95115855505554,76.30260376290816
609.2013187822965,433.17532910401815,33.95115855505554,76.30260376290816
609.2013187822965,433.17532910401815,33.95115855505554,76.30260376290816
608.7755168505848,433.17532910401815,33.95115855505554,76.30260376290816
608.3497149188731,432.7495271723065,33.95115855505554,76.30260376290816
608.6681932703423,433.03948071090673,33.31420185211742,74.87109282228434
608.2503797963467,432.6216672369111,33.31420185211742,74.87109282228434
608.2503797963467,432.20385376291546,33.31420185211742,74.87109282228434
608.5628831846822,432.90618096556636,32.68919507544646,73.46643841698261
608.5628831846822,432.49620607806276,32.68919507544646,73.46643841698261
608.9728580721858,431.67625630305565,32.68919507544646,73.46643841698261
608.9728580721858,431.26628141555204,32.68919507544646,73.46643841698261
608.9728580721858,430.85630652804855,32.68919507544646,73.46643841698261
608.9728580721858,430.44633164054494,32.68919507544646,73.46643841698261
608.9728580721858,429.62638186553784,32.68919507544646,73.46643841698261
608.9728580721858,429.21640697803423,32.68919507544646,73.46643841698261
608.5628831846822,429.21640697803423,32.68919507544646,73.46643841698261
608.1529082971786,429.21640697803423,32.68919507544646,73.46643841698261
607.742933409675,429.21640697803423,32.68919507544646,73.46643841698261
606.5945716363424,428.478326404478,33.34601907209741,74.94259956409505
606.1763591234242,428.06011389155987,33.34601907209741,74.94259956409505
606.1763591234242,427.2236888657235,33.34601907209741,74.94259956409505
606.1763591234242,426.80547635280533,33.34601907209741,74.94259956409505
606.1763591234242,426.38726383988717,33.34601907209741,74.94259956409505
606.9073734856494,427.5084743234129,32.72041537348336,73.53660362287997
606.497007045581,427.0981078833444,32.72041537348336,73.53660362287997
606.0866406055126,427.0981078833444,32.72041537348336,73.53660362287997
606.0866406055126,427.0981078833444,32.72041537348336,73.53660362287997
606.0866406055126,426.68774144327597,32.72041537348336,73.53660362287997
606.0866406055126,426.2773750032075,32.72041537348336,73.53660362287997
606.0866406055126,425.4566421230706,32.72041537348336,73.53660362287997
606.0866406055126,425.04627568300214,32.72041537348336,73.53660362287997
605.6762741654442,425.04627568300214,32.72041537348336,73.53660362287997
605.2659077253758,425.04627568300214,32.72041537348336,73.53660362287997
605.2659077253758,425.04627568300214,32.72041537348336,73.53660362287997
605.2659077253758,425.04627568300214,32.72041537348336,73.53660362287997
604.8555412853074,425.04627568300214,32.72041537348336,73.53660362287997
604.8555412853074,424.6359092429337,32.72041537348336,73.53660362287997
604.8555412853074,424.2255428028652,32.72041537348336,73.53660362287997
604.8555412853074,423.81517636279676,32.72041537348336,73.53660362287997
604.8555412853074,423.4048099227283,32.72041537348336,73.53660362287997
604.8555412853074,422.99444348265985,32.72041537348336,73.53660362287997
604.8555412853074,422.99444348265985,32.72041537348336,73.53660362287997
604.8555412853074,422.99444348265985,32.72041537348336,73.53660362287997
604.445174845239,422.5840770425914,32.72041537348336,73.53660362287997
604.445174845239,422.5840770425914,32.72041537348336,73.53660362287997
604.0348084051706,422.5840770425914,32.72041537348336,73.53660362287997
603.6244419651022,422.5840770425914,32.72041537348336,73.53660362287997
603.6244419651022,422.5840770425914,32.72041537348336,73.53660362287997
