538.0,48.0,40.0,44.0
538.3307086614174,48.66141732283465,40.0,44.0
538.6614173228347,48.99212598425197,40.0,44.0
538.3307086614174,49.98425196850394,40.0,44.0
538.6614173228347,50.97637795275591,40.0,44.0
538.3307086614174,51.96850393700788,40.0,44.0
538.992125984252,52.96062992125985,40.0,44.0
538.992125984252,53.6220472440945,40.0,44.0
538.992125984252,54.283464566929155,40.0,44.0
539.3228346456693,55.606299212598444,40.0,44.0
539.6535433070867,55.93700787401576,40.0,44.0
539.3228346456693,56.92913385826773,40.0,44.0
539.6535433070867,57.590551181102384,40.0,44.0
539.3228346456693,58.251968503937036,40.0,44.0
539.6535433070867,59.574803149606325,40.0,44.0
539.6535433070867,60.236220472440976,40.0,44.0
539.6535433070867,61.22834645669295,40.0,44.0
539.6535433070867,62.22047244094492,40.0,44.0
539.582391968504,62.10913510236224,40.80372,44.884091999999995
539.9197455590552,62.783842283464594,40.80372,44.884092
539.2450383779528,63.45854946456696,40.80372,44.884092
539.2450383779528,65.14531741732286,40.80372,44.884092
539.582391968504,65.82002459842522,40.80372,44.884092
539.9197455590552,66.1573781889764,40.80372,44.884092
539.2450383779528,67.16943896062993,40.80372,44.884092
539.582391968504,68.18149973228347,40.80372,44.884092
539.9197455590552,69.5309140944882,40.80372,44.884092
539.2450383779528,70.54297486614173,40.80372,44.884092
539.582391968504,71.55503563779527,40.80372,44.884092
539.9197455590552,72.56709640944881,40.80372,44.884092
539.2450383779528,72.90444999999998,40.80372,44.884092
539.2450383779528,73.91651077165352,40.80372,44.884092
539.2450383779528,74.92857154330706,40.80372,44.884092
539.2450383779528,75.9406323149606,40.80372,44.884092
539.2450383779528,76.95269308661413,40.80372,44.884092
539.2450383779528,77.96475385826767,40.80372,44.884092
539.2450383779528,78.97681462992121,40.80372,44.884092
539.2450383779528,79.98887540157475,40.80372,44.884092
539.2450383779528,81.00093617322828,40.80372,44.884092
539.2450383779528,81.67564335433065,40.80372,44.884092
538.9076847874016,82.68770412598418,40.80372,44.884092
538.5703311968505,83.69976489763772,40.80372,44.884092
539.2450383779528,84.71182566929126,40.80372,44.884092
538.9076847874016,85.38653285039362,40.80372,44.884092
538.5703311968505,87.07330080314952,40.80372,44.884092
539.5098109860752,87.63443354452507,41.62358914596,45.785948060556
538.4774148773369,89.3550937257557,41.62358914596,45.785948060556
538.1332828410907,89.69922576200182,41.62358914596,45.785948060556
539.165678949829,90.7316218707402,41.62358914596,45.785948060556
539.165678949829,91.76401797947858,41.62358914596,45.785948060556
539.165678949829,93.14054612446309,41.62358914596,45.785948060556
539.165678949829,93.48467816070921,41.62358914596,45.785948060556
539.165678949829,94.86120630569371,41.62358914596,45.785948060556
539.5098109860752,96.23773445067822,41.62358914596,45.785948060556
538.1332828410907,96.23773445067822,41.62358914596,45.785948060556
539.165678949829,97.95839463190885,41.62358914596,45.785948060556
538.8215469135829,99.67905481313947,41.62358914596,45.785948060556
538.1332828410906,100.0231868493856,41.62358914596,45.785948060556
539.1656789498289,101.3997149943701,41.62358914596,45.785948060556
538.4774148773366,101.3997149943701,41.62358914596,45.785948060556
538.1332828410905,102.7762431393546,41.62358914596,45.785948060556
539.1656789498288,103.80863924809299,41.62358914596,45.785948060556
538.8215469135827,104.84103535683137,41.62358914596,45.785948060556
538.1332828410904,105.52929942932363,41.62358914596,45.785948060556
538.8215469135827,105.87343146556975,41.62358914596,45.785948060556
538.4774148773365,107.5940916468004,41.62358914596,45.785948060556
537.4450187685982,107.93822368304652,41.62358914596,45.785948060556
538.1332828410905,109.314751828031,41.62358914596,45.785948060556
538.4774148773366,109.314751828031,41.62358914596,45.785948060556
537.4450187685983,110.00301590052325,41.62358914596,45.785948060556
537.3709794164896,111.26368755456352,42.459931922669774,46.705925114936754
537.3709794164896,111.61473423581393,42.45993192266978,46.70592511493676
537.3709794164896,113.36996764206603,42.45993192266978,46.70592511493676
536.6688860539888,113.72101432331644,42.45993192266978,46.70592511493676
536.593359029178,113.25178324664921,43.313079334791986,47.64438726827119
534.8028577180941,113.96798377108277,43.313079334791986,47.64438726827119
535.8001139154243,114.92172548325924,44.18336903786596,48.60170594165256
535.0695227738532,115.65231662483025,44.18336903786596,48.60170594165257
534.7042272030677,117.11349890797227,44.18336903786596,48.60170594165257
535.4348183446388,117.47879447875779,44.18336903786596,48.60170594165257
533.9736360614967,118.93997676189981,44.18336903786596,48.60170594165257
533.6083404907112,119.30527233268533,44.18336903786596,48.60170594165257
534.7042272030677,119.67056790347085,44.18336903786596,48.60170594165257
534.3389316322822,121.4970457573984,44.18336903786596,48.60170594165257
533.6083404907112,121.86234132818392,44.18336903786596,48.60170594165257
533.9736360614967,121.86234132818392,44.18336903786596,48.60170594165257
532.5124537783546,122.59293246975493,44.18336903786596,48.60170594165257
533.8950434152432,123.20054214336865,45.0711454719438,49.57826001913819
532.404501596486,124.31844850743654,45.07114547194381,49.57826001913819
533.1497725058647,123.94581305274725,45.07114547194381,49.57826001913819
533.8950434152433,125.43635487150446,45.07114547194381,49.57826001913819
532.8272908242956,125.90142302209482,44.22556701632497,48.64812371795748
534.6555130828444,126.26706747380459,44.22556701632497,48.64812371795749
533.1929352760053,128.09528973235345,44.22556701632497,48.64812371795749
533.558579727715,127.72964528064367,44.22556701632497,48.64812371795749
534.7047259224787,129.2829216562515,43.39585243363682,47.73543767700052
532.55201828207,129.2829216562515,43.39585243363682,47.735437677000526
533.9871567090091,130.00049086972106,43.39585243363682,47.735437677000526
533.2695874955396,132.1531985101298,43.39585243363682,47.735437677000526
533.9871567090091,131.43562929666024,43.39585243363682,47.735437677000526
533.2695874955396,132.1531985101298,43.39585243363682,47.735437677000526
533.9871567090091,132.5119831168646,43.39585243363682,47.735437677000526
533.9871567090091,132.87076772359939,43.39585243363682,47.735437677000526
533.2695874955396,134.66469075727335,43.39585243363682,47.735437677000526
533.9871567090091,134.66469075727335,43.39585243363682,47.735437677000526
534.2687494910041,133.82633207591655,44.267805296585884,48.6945858262445
535.2879876484436,131.87314725606154,45.157278308410184,49.67300613925123
532.5942295925247,135.85427831867074,46.06462350146107,50.6710858516072
532.5122906019388,134.5835127558195,46.990199981475925,51.689219979623545
530.0976952908741,136.39522692763515,47.93437406970372,52.72781147667412
530.8050460531181,135.0728813354113,48.89751944788628,53.78727139267493
531.9308804443086,133.31969502312194,49.880017306152666,54.86801903676795
529.3677916310935,136.48000806469696,50.882256493885194,55.97048214327373
529.6979631879769,134.65566039572062,51.90463367361683,57.09509704097853
530.0347688819529,132.3655233109426,52.947553478020815,58.24230882582292
527.7518098323321,135.7201902259326,54.011428670054684,59.412571537060174
528.1983610142499,134.3805366801793,54.011428670054684,59.412571537060174
527.3052586504144,136.1667414078504,54.011428670054684,59.412571537060174
528.6449121961678,134.82708786209707,54.011428670054684,59.412571537060174
529.9845657419211,133.48743431634375,54.011428670054684,59.412571537060174
528.7050144392115,139.8499184487324,52.9981218201318,58.297934002145006
529.5813613354499,138.0972246562556,52.9981218201318,58.297934002145006
529.9252626008222,135.75884066982624,54.06301308186371,59.4693143900501
533.054106271308,125.03137665673202,54.06301308186371,59.4693143900501
536.6299276090061,126.3723096583688,54.06301308186371,59.4693143900501
539.8189309240696,130.05900437182348,53.04873845828398,58.3536123041124
538.5031551276634,128.74322857541722,53.04873845828398,58.3536123041124
538.1235941867549,132.79934924819923,52.05349261155914,57.25884187271508
542.0547893935889,133.3364649857102,51.07691854335741,56.18461039769318
540.8447577526969,133.44121442639658,50.118665952982354,55.13053254828062
543.3867297894952,134.78709943555816,49.178391111718796,54.09623022289071
541.8150819886848,137.73410632454082,48.25575673953601,53.08133241348965
541.4161170707595,136.13824665283963,48.25575673953601,53.08133241348965
543.8099065783113,137.33514140661552,48.25575673953601,53.08133241348965
541.8150819886847,136.13824665283963,48.25575673953601,53.08133241348965
542.6130118245353,139.329965996242,48.25575673953601,53.08133241348965
541.4698145805501,137.83307007710303,47.350431884104175,52.085475072514626
541.8612945291982,139.39898987169545,47.350431884104175,52.085475072514626
539.819668620682,136.13535350584266,48.30184411195148,53.13202852314666
542.2157443522199,139.330121147893,48.30184411195148,53.13202852314666
539.3344041438114,135.6015625812849,49.27237306569292,54.19961037226224
542.1859942385582,138.86052268956692,49.27237306569292,54.19961037226225
539.7966029262618,136.51735125551568,48.34797550079192,53.18277305087115
542.9944217782827,139.71517010753658,48.34797550079192,53.18277305087115
540.6498577672357,139.01486827094712,47.44092053184942,52.18501258503441
537.512033102137,135.48481552271107,47.44092053184942,52.185012585034414
538.9965583097005,136.5294511263249,48.39415094809587,53.233566042905515
537.3100391061649,135.594530983063,49.36653462309596,54.30318808540562
539.350781679167,136.81897652686422,49.36653462309596,54.30318808540562
536.4937420769642,134.7782339538622,49.36653462309596,54.30318808540562
536.814078216074,135.048974003963,50.35845640327783,55.39430204360568
534.3159815598484,134.21627511855445,50.35845640327783,55.39430204360568
535.8918025411142,134.49245514848192,51.37030886778889,56.50733975456785
533.6768501248479,134.7741844637507,52.40249248386938,57.64274173225639
535.3166332521425,134.6283256125444,53.455415765347766,58.80095734188262
532.5698222934979,133.59562756977755,54.52949543432091,59.98244497775307
533.8253293619016,132.99301393630856,55.625156586082724,61.18767224469106
531.8868121455811,131.91839896020946,56.742832857366885,62.41711614310364
531.7858789327618,131.29132540287776,57.882966597969954,63.67126325776702
531.2043577088352,131.13021201662053,59.04600904582297,64.95060995040534
530.122976313617,129.98951004841433,60.23242050558069,66.25566255613884
530.0158358799907,129.32387253454408,61.44267053079933,67.58693758387935
529.5078452968621,129.32387253454408,61.44267053079934,67.58693758387935
530.0158358799907,129.32387253454408,61.44267053079934,67.58693758387935
517.3160713017743,61.25313439530403,61.44267053079934,67.58693758387935
517.8924333834622,63.411104434546615,60.28994636742367,66.3189410041661
517.9595221663159,64.5316684873406,59.158848428711586,65.07473327158282
519.0035694771988,66.60942684911718,58.04897098568815,63.85386808425704
520.028029446702,68.16827200912579,56.959915921247976,62.65590751337284
520.5623411136514,69.6978717202081,55.89129258734916,61.48042184608414
522.4729086666164,71.66086801929609,54.84271766488642,60.32698943137511
522.9873599859629,73.13361255794956,53.81381502619309,59.195196528812446
523.9370770673249,74.13380961061502,52.80421560012279,58.08463716013511
524.8689765340129,75.98838256824146,51.813557239662224,56.99491296362849
525.7833926617801,77.37978213234035,50.84148459202774,55.925633051230555
526.2603104721944,78.74507768949113,49.88764897119898,54.876413868318906
527.1407377816851,80.49721591652562,48.95170823284389,53.846879056128316
527.5999285723118,82.62120117659256,48.033326651590365,52.83665931674943
528.0505044978069,83.11683469463712,47.13217480060026,51.84539228066032
528.8823026423555,84.77219602944524,46.247929433402824,50.87272237674314
529.6984954459905,86.39650117816534,45.38027336794497,49.9183007047395
530.8745669165677,87.99033278500565,44.52889537281695,48.98178491009867
530.8745669165677,87.99033278500565,44.52889537281695,48.98178491009867
531.2427192011461,88.72663735416246,44.52889537281695,48.98178491009867
530.8745669165677,89.09478963874088,44.52889537281695,48.98178491009867
532.0285741443267,90.65871941693858,43.69349005561246,48.062839061173726
532.7996856856648,92.5545537440589,42.87375775338331,47.16113352872166
533.2018623497819,93.35141615050145,42.0694044251492,46.27634486766414
533.5496802603835,94.0470519717047,42.0694044251492,46.27634486766414
533.8974981709852,94.74268779290796,42.0694044251492,46.27634486766414
534.5931339921884,96.4817773459161,42.0694044251492,46.27634486766414
534.5931339921884,96.82959525651773,42.0694044251492,46.27634486766414
534.9409519027901,97.87304898832262,42.0694044251492,46.27634486766414
535.2887698133917,97.87304898832262,42.0694044251492,46.27634486766414
535.2887698133917,98.56868480952588,42.0694044251492,46.27634486766414
535.2887698133917,99.95995645193238,42.0694044251492,46.27634486766414
535.6365877239933,100.30777436253402,42.0694044251492,46.27634486766414
535.984405634595,101.00341018373727,42.0694044251492,46.27634486766414
535.984405634595,101.69904600494053,42.0694044251492,46.27634486766414
535.984405634595,102.74249973674542,42.0694044251492,46.27634486766414
536.3322235451966,103.43813555794867,42.0694044251492,46.27634486766414
536.6800414557982,103.7859534685503,42.0694044251492,46.27634486766414
537.3756772770015,104.82940720035519,42.0694044251492,46.27634486766414
537.3756772770015,105.87286093216008,42.0694044251492,46.27634486766414
537.7234951876031,105.87286093216008,42.0694044251492,46.27634486766414
538.0713130982048,106.22067884276171,42.0694044251492,46.27634486766414
538.0713130982048,107.61195048516822,42.0694044251492,46.27634486766414
538.0713130982048,108.30758630637149,42.0694044251492,46.27634486766414
538.0713130982048,108.65540421697312,42.0694044251492,46.27634486766414
538.0713130982048,109.698857948778,42.0694044251492,46.27634486766414
538.4191310088064,110.74231168058287,42.0694044251492,46.27634486766414
538.766948919408,111.43794750178614,42.0694044251492,46.27634486766414
539.1147668300097,111.78576541238778,42.0694044251492,46.27634486766414
539.1147668300097,112.82921914419265,42.0694044251492,46.27634486766414
539.4625847406113,113.52485496539592,42.0694044251492,46.27634486766414
539.8104026512129,114.22049078659919,42.0694044251492,46.27634486766414
540.1582205618146,114.56830869720082,42.0694044251492,46.27634486766414
540.1582205618146,115.95958033960733,42.0694044251492,46.27634486766414
540.1582205618146,115.95958033960733,42.0694044251492,46.27634486766414
540.5060384724162,116.6552161608106,42.0694044251492,46.27634486766414
540.8538563830178,118.39430571381874,42.0694044251492,46.27634486766414
541.2016742936195,118.39430571381874,42.0694044251492,46.27634486766414
541.2016742936195,119.43775944562361,42.0694044251492,46.27634486766414
540.8538563830178,120.13339526682688,42.0694044251492,46.27634486766414
541.5494922042211,120.48121317742851,42.0694044251492,46.27634486766414
541.5494922042211,121.87248481983502,42.0694044251492,46.27634486766414
541.9441236435837,122.65439731373543,41.28014154642416,45.40815570106659
541.9441236435837,123.3369823314322,41.28014154642416,45.40815570106659
541.6028311347353,123.6782748402806,41.28014154642416,45.40815570106659
541.6028311347353,124.36085985797736,41.28014154642416,45.40815570106659
541.2615386258869,125.04344487567413,41.28014154642416,45.40815570106659
541.9441236435837,126.40861491106769,41.28014154642416,45.40815570106659
541.6028311347353,126.74990741991608,41.28014154642416,45.40815570106659
541.2615386258869,127.77378494646125,41.28014154642416,45.40815570106659
541.6028311347353,128.456369964158,41.28014154642416,45.40815570106659
541.2615386258869,129.1389549818548,41.28014154642416,45.40815570106659
541.6028311347353,130.16283250839996,41.28014154642416,45.40815570106659
541.2615386258869,131.18671003494512,41.28014154642416,45.40815570106659
541.9441236435837,131.86929505264186,41.28014154642416,45.40815570106659
541.9441236435837,132.21058756149029,41.28014154642416,45.40815570106659
541.6028311347353,133.57575759688382,41.28014154642416,45.40815570106659
541.2615386258869,133.91705010573224,41.28014154642416,45.40815570106659
541.9441236435837,134.9409276322774,41.28014154642416,45.40815570106659
541.9441236435837,135.62351264997415,41.28014154642416,45.40815570106659
541.9441236435837,136.30609766767094,41.28014154642416,45.40815570106659
541.9441236435837,136.98868268536768,41.28014154642416,45.40815570106659
541.9441236435837,138.69514522960964,41.28014154642416,45.40815570106659
541.9441236435837,139.03643773845806,41.28014154642416,45.40815570106659
542.285416152432,140.06031526500323,41.28014154642416,45.40815570106659
542.6267086612804,140.74290028269996,41.28014154642416,45.40815570106659
542.285416152432,141.76677780924513,41.28014154642416,45.40815570106659
542.6267086612804,142.44936282694192,41.28014154642416,45.40815570106659
542.285416152432,142.7906553357903,41.28014154642416,45.40815570106659
542.6267086612804,143.81453286233545,41.28014154642416,45.40815570106659
542.285416152432,144.83841038888062,41.28014154642416,45.40815570106659
542.6267086612804,145.86228791542578,41.28014154642416,45.40815570106659
542.6267086612804,146.54487293312258,41.28014154642416,45.40815570106659
542.6267086612804,147.2274579508193,41.28014154642416,45.40815570106659
542.6267086612804,148.25133547736448,41.28014154642416,45.40815570106659
542.9680011701288,149.27521300390964,41.28014154642416,45.40815570106659
542.9680011701288,149.95779802160644,41.28014154642416,45.40815570106659
542.9680011701288,150.64038303930317,41.28014154642416,45.40815570106659
542.9680011701288,150.9816755481516,41.28014154642416,45.40815570106659
542.9680011701288,151.66426056584834,41.28014154642416,45.40815570106659
542.9680011701288,152.00555307469676,41.28014154642416,45.40815570106659
543.3092936789772,153.3707231100903,41.28014154642416,45.40815570106659
543.3092936789772,153.71201561893872,41.28014154642416,45.40815570106659
543.6505861878255,154.39460063663546,41.28014154642416,45.40815570106659
543.3092936789772,155.07718565433225,41.28014154642416,45.40815570106659
543.6505861878255,156.10106318087742,41.28014154642416,45.40815570106659
543.3092936789772,157.80752572511938,41.28014154642416,45.40815570106659
543.6505861878255,157.80752572511938,41.28014154642416,45.40815570106659
543.6505861878255,158.4901107428161,41.28014154642416,45.40815570106659
543.3092936789772,159.1726957605129,41.28014154642416,45.40815570106659
543.9918786966739,160.87915830475487,41.28014154642416,45.40815570106659
543.6505861878255,161.5617433224516,41.28014154642416,45.40815570106659
543.3092936789772,161.90303583130003,41.28014154642416,45.40815570106659
543.9918786966739,163.26820586669356,41.28014154642416,45.40815570106659
543.9918786966739,164.29208339323873,41.28014154642416,45.40815570106659
543.6505861878255,164.97466841093552,41.28014154642416,45.40815570106659
543.6505861878255,165.65725342863226,41.28014154642416,45.40815570106659
543.6505861878255,166.33983844632905,41.28014154642416,45.40815570106659
543.6505861878255,167.0224234640258,41.28014154642416,45.40815570106659
543.6505861878255,168.38759349941938,41.28014154642416,45.40815570106659
543.6505861878255,168.72888600826775,41.28014154642416,45.40815570106659
543.6505861878255,169.7527635348129,41.28014154642416,45.40815570106659
543.6505861878255,170.4353485525097,41.28014154642416,45.40815570106659
543.6505861878255,171.11793357020645,41.28014154642416,45.40815570106659
543.6505861878255,172.1418110967516,41.28014154642416,45.40815570106659
543.3092936789772,173.16568862329677,41.28014154642416,45.40815570106659
543.9918786966739,174.53085865869036,41.28014154642416,45.40815570106659
543.3092936789772,174.87215116753873,41.28014154642416,45.40815570106659
543.9918786966739,175.8960286940839,41.28014154642416,45.40815570106659
543.3092936789772,176.5786137117807,41.28014154642416,45.40815570106659
543.9918786966739,177.26119872947743,41.28014154642416,45.40815570106659
543.3092936789772,178.62636876487102,41.28014154642416,45.40815570106659
543.6505861878255,178.9676612737194,41.28014154642416,45.40815570106659
543.3092936789772,179.99153880026455,41.28014154642416,45.40815570106659
543.9918786966739,180.67412381796134,41.28014154642416,45.40815570106659
543.6505861878255,181.0154163268097,41.28014154642416,45.40815570106659
544.379106467025,182.80653690958962,40.505686005721735,44.55625460629392
544.0892904084479,184.5640543309598,39.74576000300188,43.72033600330208
544.7465037628283,184.89266100815,39.74576000300188,43.72033600330208
545.1193382893176,185.95999234166868,39.00009095002306,42.90010004502538
545.4851780780473,187.32974119976393,38.268411372563854,42.095252509820256
545.8441543570897,188.67379223917976,37.55045881447896,41.30550469592687
546.1963958925515,189.37171447744137,36.84597574355522,40.53057331791076
546.5010279754707,189.67634656036054,36.84597574355522,40.53057331791076
546.8056600583899,190.28561072619885,36.84597574355522,40.53057331791076
546.8466611176814,191.57970343138805,36.15470945913388,39.770180405047284
546.5879760680573,193.14843459002168,35.47641200146593,39.02405320161254
546.6274531192839,193.8078080744279,34.81084006276803,38.291924069044846
547.2418018586936,195.0304233879772,34.15775489994712,37.573530389941844
546.9974049141869,196.2301012510175,33.5169222489624,36.86861447385865
547.0347015059765,196.8530551678047,32.88811224079396,36.17692346487336
539.0908225833624,204.918800977379,33.54893308004823,36.90382638805306
537.9813303082742,206.30566632123924,33.54893308004823,36.90382638805306
538.1990270896297,206.21228509820372,34.22303179242564,37.64533497166821
537.2893127490413,206.11702756625374,34.910675170230846,38.40174268725394
536.7120496163052,206.4056591326218,34.910675170230846,38.40174268725394
536.0726879518394,206.0198560247143,35.6121353664263,39.17334890306894
535.7149106338807,205.6263009749596,36.32769000234391,39.960459002578304
536.0152576772072,206.527342104939,36.32769000234391,39.960459002578304
536.0556820041967,208.70427287224555,35.646147261711704,39.210761987882876
537.5689091372585,211.7244990278581,34.977390924709304,38.475130017180234
537.897014046619,213.53133019472725,34.321181105988316,37.753299216587145
537.9352055927263,213.31795887855435,33.67728242068242,37.045010662750656
537.9726806283426,213.665459064944,33.045463899973946,36.35001028997134
537.9138999035785,212.20742657333832,33.70944640611612,37.08039104672773
537.5752379502594,212.11359857213955,34.386770312754216,37.825447344029634
536.7223377417147,212.96649878068425,34.38677031275422,37.825447344029634
536.0925709842527,212.30218535442754,35.07770368864839,38.585474057513224
538.930300453073,215.104674008237,35.78251998886441,39.36077198775084
542.1208881523016,217.96347306656747,36.50149816300066,40.15164797930072
541.4523918110767,216.95652145528277,37.234922765589836,40.958415042148815
541.1445440244321,217.57221702857206,37.23492276558984,40.958415042148815
543.956607971711,220.4192091412632,36.53635945734615,40.18999540308076
543.9972644995999,220.19206628503383,35.85090187510856,39.43599206261942
543.9334935081546,219.7958725907767,36.57125404648512,40.228379451133634
543.6311327463529,219.49351182897504,36.57125404648512,40.228379451133634
542.9613588807733,218.48463589121593,37.30608025404115,41.036688279445265
541.7691275437431,217.94427166195405,36.60618196221627,40.266800158437896
540.7960644648435,216.32913311052994,37.34170997638308,41.07588097402139
540.4209109755658,214.06408023412592,38.09201695493854,41.9012186504324
536.6417029942097,209.02513625898445,38.09201695493854,41.9012186504324
536.5739455443182,207.3444396720275,38.857399851614126,42.74313983677554
535.5410407421548,206.2724967831031,39.63816158683261,43.601977745515875
560.3770314186659,184.8605561386028,40.43461116759684,44.47807228435653
560.9737108076331,183.07649957198143,41.24706380978736,45.37177019076611
561.2413602440646,182.27965305126165,42.07584106291742,46.28342516920917
560.8186453068259,181.46679549340107,42.921270937394624,47.21339803113409
560.7422976598043,180.63760518863037,43.7836880343397,48.16205683777367
560.6644159595111,180.8777273276972,44.66343367801369,49.129777045815054
560.6644159595111,181.61625654599504,44.66343367801369,49.12977704581506
560.6644159595111,181.24699193684611,44.66343367801369,49.12977704581507
560.6644159595111,181.98552115514397,44.66343367801369,49.12977704581507
560.6644159595111,181.98552115514397,44.66343367801369,49.12977704581507
561.03368056866,181.98552115514397,44.66343367801369,49.12977704581507
560.2157047730649,181.8612034592021,45.560856050906025,50.11694165599663
559.8390205301243,182.23788770214267,45.56085605090603,50.11694165599663
559.4623362871838,181.8612034592021,45.56085605090603,50.11694165599663
559.4623362871838,182.23788770214267,45.56085605090603,50.11694165599663
559.4623362871838,182.23788770214267,45.56085605090603,50.11694165599663
559.4623362871838,182.23788770214267,45.56085605090603,50.11694165599663
559.4623362871838,182.23788770214267,45.56085605090603,50.11694165599663
559.4623362871838,182.61457194508324,45.56085605090603,50.11694165599663
559.4623362871838,182.9912561880238,45.56085605090603,50.11694165599663
559.8390205301243,182.9912561880238,45.56085605090603,50.11694165599663
559.8390205301243,182.9912561880238,45.56085605090603,50.11694165599663
560.2157047730649,182.9912561880238,45.56085605090603,50.11694165599663
560.5923890160054,182.9912561880238,45.56085605090603,50.11694165599663
560.2157047730649,184.1213089168455,45.56085605090603,50.11694165599663
560.5923890160054,184.1213089168455,45.56085605090603,50.11694165599663
560.2157047730649,184.8746774027266,45.56085605090603,50.11694165599663
560.5923890160054,185.25136164566717,45.56085605090603,50.11694165599663
560.5923890160054,185.25136164566717,45.56085605090603,50.11694165599663
560.5923890160054,185.62804588860774,45.56085605090603,50.11694165599663
560.2157047730649,186.0047301315483,45.56085605090603,50.11694165599663
560.8880303615712,184.74786179132025,46.47631033153689,51.123941364690566
560.5037774021372,185.51636771018818,46.47631033153689,51.123941364690566
560.5037774021372,185.1321147507542,46.47631033153689,51.123941364690566
560.8880303615712,185.90062066962213,46.47631033153689,51.123941364690566
560.5037774021372,186.2848736290561,46.47631033153689,51.123941364690566
560.5037774021372,185.90062066962213,46.47631033153689,51.123941364690566
560.8880303615712,185.90062066962213,46.47631033153689,51.123941364690566
560.5037774021372,187.05337954792404,46.47631033153689,51.123941364690566
561.2722833210051,187.05337954792404,46.47631033153689,51.123941364690566
561.2722833210051,187.05337954792404,46.47631033153689,51.123941364690566
561.6565362804391,187.43763250735802,46.47631033153689,51.123941364690566
561.6565362804391,187.821885466792,46.47631033153689,51.123941364690566
561.7082536774438,188.30145285887448,45.604369618659604,50.16480658052556
561.7082536774438,188.30145285887448,45.60436961865961,50.16480658052556
561.7082536774438,188.30145285887448,45.60436961865961,50.16480658052556
561.7082536774438,188.67849685965868,45.60436961865961,50.16480658052556
561.7082536774438,189.05554086044287,45.60436961865961,50.16480658052556
561.7082536774438,189.05554086044287,45.60436961865961,50.16480658052556
561.7082536774438,189.05554086044287,45.60436961865961,50.16480658052556
562.085297678228,189.43258486122707,45.60436961865961,50.16480658052556
562.085297678228,189.80962886201127,45.60436961865961,50.16480658052556
562.4623416790122,190.56371686357966,45.60436961865961,50.16480658052556
561.7082536774438,190.56371686357966,45.60436961865961,50.16480658052556
561.7082536774438,190.94076086436385,45.60436961865961,50.16480658052556
561.7082536774438,190.56371686357966,45.60436961865961,50.16480658052556
561.7082536774438,191.69484886593224,45.60436961865961,50.16480658052556
561.7082536774438,192.07189286671644,45.60436961865961,50.16480658052556
561.3312096766597,190.94076086436385,45.60436961865961,50.16480658052556
561.3312096766597,190.94076086436385,45.60436961865961,50.16480658052556
561.3312096766597,191.69484886593224,45.60436961865961,50.16480658052556
561.3312096766597,192.44893686750063,45.60436961865961,50.16480658052556
561.3312096766597,192.44893686750063,45.60436961865961,50.16480658052556
561.3312096766597,192.82598086828483,45.60436961865961,50.16480658052556
561.3312096766597,193.20302486906903,45.60436961865961,50.16480658052556
561.3312096766597,192.07189286671644,45.60436961865961,50.16480658052556
561.3312096766597,192.44893686750063,45.60436961865961,50.16480658052556
561.3312096766597,192.44893686750063,45.60436961865961,50.16480658052556
561.3312096766597,192.82598086828483,45.60436961865961,50.16480658052556
561.25008937807,192.6990441397578,46.52069821740734,51.17276803914805
561.6347093239619,193.08366408564973,46.52069821740734,51.17276803914805
562.0193292698539,193.4682840315417,46.52069821740734,51.17276803914805
561.6347093239619,193.4682840315417,46.52069821740734,51.17276803914805
562.3211989669966,192.56955687154445,47.45543860668971,52.200982467358656
561.4520897885698,192.82981593011561,48.40896073461393,53.24985680807529
561.4520897885698,193.63027906037303,48.408960734613935,53.24985680807529
561.4520897885698,193.63027906037303,48.408960734613935,53.24985680807529
561.0518582234411,193.63027906037303,48.408960734613935,53.24985680807529
561.8523213536985,193.63027906037303,48.408960734613935,53.24985680807529
561.8523213536985,194.43074219063038,48.408960734613935,53.24985680807529
562.2525529188272,194.8309737557591,48.408960734613935,53.24985680807529
562.2525529188272,195.2312053208878,48.408960734613935,53.24985680807529
562.2525529188272,194.43074219063044,48.408960734613935,53.24985680807529
562.6527844839559,195.2312053208878,48.408960734613935,53.24985680807529
562.2525529188272,195.6314368860165,48.408960734613935,53.24985680807529
562.6527844839559,195.6314368860165,48.408960734613935,53.24985680807529
562.2525529188272,196.43190001627391,48.408960734613935,53.24985680807529
562.6527844839559,195.6314368860165,48.408960734613935,53.24985680807529
562.2525529188272,196.83213158140262,48.408960734613935,53.24985680807529
562.6527844839559,196.43190001627391,48.408960734613935,53.24985680807529
562.6527844839559,196.83213158140262,48.408960734613935,53.24985680807529
562.6527844839559,197.63259471165998,48.408960734613935,53.24985680807529
562.6527844839559,198.03282627678868,48.408960734613935,53.24985680807529
562.2525529188272,196.83213158140262,48.408960734613935,53.24985680807529
562.6527844839559,197.63259471165998,48.408960734613935,53.24985680807529
563.0530160490846,198.4330578419174,48.408960734613935,53.24985680807529
563.0530160490846,198.4330578419174,48.408960734613935,53.24985680807529
563.0530160490846,198.4330578419174,48.408960734613935,53.24985680807529
563.0530160490846,198.4330578419174,48.408960734613935,53.24985680807529
563.0530160490846,198.8332894070461,48.408960734613935,53.24985680807529
563.0530160490846,199.2335209721748,48.408960734613935,53.24985680807529
563.0530160490846,198.4330578419174,48.408960734613935,53.24985680807529
563.4532476142133,199.6337525373035,48.408960734613935,53.24985680807529
562.9669069901929,198.69854628575246,49.38164198265453,54.319806180919954
562.4707943240143,198.15282235295584,50.373867315012006,55.41125404651318
561.6378406125062,198.56929920870988,50.373867315012006,55.41125404651318
561.6378406125062,198.98577606446392,50.373867315012006,55.41125404651318
561.2213637567522,198.15282235295584,50.373867315012006,55.41125404651318
562.3811901217881,197.1796563334235,51.38602943097254,56.52463237406977
561.106654746138,198.02934658385692,51.38602943097254,56.52463237406977
561.106654746138,198.02934658385692,51.38602943097254,56.52463237406977
561.5314998713548,198.87903683429033,51.38602943097254,56.52463237406977
561.106654746138,199.30388195950704,51.38602943097254,56.52463237406977
561.4400952518931,198.73600724036095,52.418528920329074,57.660381812361955
560.5733321752577,198.73600724036095,52.41852892032908,57.66038181236196
560.5733321752577,199.16938877867864,52.41852892032908,57.66038181236196
560.5733321752577,199.60277031699633,52.41852892032908,57.66038181236196
560.5733321752577,200.46953339363168,52.41852892032908,57.66038181236196
560.5733321752577,200.46953339363168,52.41852892032908,57.66038181236196
560.1399506369401,200.46953339363168,52.41852892032908,57.66038181236196
560.913472501095,199.45686682943608,53.471774421925254,58.81895186411775
560.471383027528,199.8989563030032,53.47177442192526,58.81895186411775
560.9134725010949,200.78313525013738,53.47177442192526,58.81895186411775
560.471383027528,201.22522472370449,53.47177442192526,58.81895186411775
560.471383027528,200.3410457765703,53.47177442192526,58.81895186411775
560.471383027528,201.22522472370449,53.47177442192526,58.81895186411775
560.471383027528,200.78313525013738,53.47177442192526,58.81895186411775
560.471383027528,201.66731419727157,53.47177442192526,58.81895186411775
560.471383027528,201.66731419727157,53.47177442192526,58.81895186411775
560.471383027528,201.66731419727157,53.47177442192526,58.81895186411775
560.471383027528,202.10940367083867,53.47177442192526,58.81895186411775
560.471383027528,201.66731419727157,53.47177442192526,58.81895186411775
560.8183577929321,201.07638959736872,54.546182785385,60.00080106392346
560.3673854155727,201.97833435208767,54.54618278538501,60.00080106392346
560.3673854155727,202.42930672944715,54.54618278538501,60.00080106392346
560.8183577929321,202.42930672944715,54.54618278538501,60.00080106392346
560.3673854155727,202.42930672944715,54.54618278538501,60.00080106392346
560.8183577929321,202.42930672944715,54.54618278538501,60.00080106392346
560.8183577929321,203.3312514841661,54.54618278538501,60.00080106392346
560.3673854155727,202.88027910680663,54.54618278538501,60.00080106392346
560.8183577929321,203.3312514841661,54.54618278538501,60.00080106392346
560.8183577929321,203.3312514841661,54.54618278538501,60.00080106392346
560.8183577929321,203.3312514841661,54.54618278538501,60.00080106392346
560.8183577929321,203.78222386152558,54.54618278538501,60.00080106392346
561.2693301702916,204.68416861624453,54.54618278538501,60.00080106392346
561.2693301702916,204.68416861624453,54.54618278538501,60.00080106392346
561.2693301702916,204.68416861624453,54.54618278538501,60.00080106392346
561.2693301702916,204.68416861624453,54.54618278538501,60.00080106392346
561.720302547651,205.135140993604,54.54618278538501,60.00080106392346
562.1712749250105,204.68416861624453,54.54618278538501,60.00080106392346
561.720302547651,206.037085748323,54.54618278538501,60.00080106392346
561.720302547651,204.68416861624453,54.54618278538501,60.00080106392346
562.1712749250105,205.5861133709635,54.54618278538501,60.00080106392346
561.720302547651,206.03708574832297,54.54618278538501,60.00080106392346
561.720302547651,204.6841686162445,54.54618278538501,60.00080106392346
562.1712749250105,206.03708574832297,54.54618278538501,60.00080106392346
561.720302547651,205.135140993604,54.54618278538501,60.00080106392346
562.1712749250105,205.5861133709635,54.54618278538501,60.00080106392346
561.720302547651,206.93903050304195,54.54618278538501,60.00080106392346
561.720302547651,206.93903050304195,54.54618278538501,60.00080106392346
561.720302547651,206.93903050304195,54.54618278538501,60.00080106392346
562.5252214543762,206.33623245515324,55.64217923609175,61.20639715970088
562.5252214543762,207.25629998582878,55.64217923609175,61.206397159700884
562.5252214543762,206.79626622049102,55.64217923609175,61.206397159700884
562.5252214543762,208.1763675165043,55.64217923609175,61.206397159700884
562.5252214543762,206.79626622049102,55.64217923609175,61.206397159700884
562.985255219714,207.71633375116656,55.64217923609175,61.206397159700884
562.0651876890385,207.71633375116656,55.64217923609175,61.206397159700884
562.0651876890385,207.71633375116656,55.64217923609175,61.206397159700884
562.0651876890385,208.1763675165043,55.64217923609175,61.206397159700884
562.0651876890385,207.25629998582878,55.64217923609175,61.206397159700884
562.0651876890385,207.25629998582878,55.64217923609175,61.206397159700884
562.0651876890385,207.71633375116653,55.64217923609175,61.206397159700884
562.0651876890385,208.17636751650429,55.64217923609175,61.206397159700884
562.0651876890385,208.17636751650429,55.64217923609175,61.206397159700884
562.0651876890385,207.71633375116653,55.64217923609175,61.206397159700884
562.0651876890385,208.63640128184207,55.64217923609175,61.206397159700884
562.0651876890385,208.63640128184207,55.64217923609175,61.206397159700884
562.0651876890385,208.1763675165043,55.64217923609175,61.206397159700884
562.0651876890385,208.1763675165043,55.64217923609175,61.206397159700884
562.0651876890385,208.1763675165043,55.64217923609175,61.206397159700884
562.0651876890385,208.1763675165043,55.64217923609175,61.206397159700884
562.0651876890385,207.71633375116656,55.64217923609175,61.206397159700884
562.0651876890385,208.6364012818421,55.64217923609175,61.206397159700884
562.5252214543763,208.6364012818421,55.64217923609175,61.206397159700884
562.9852552197141,208.6364012818421,55.64217923609175,61.206397159700884
562.9852552197141,208.6364012818421,55.64217923609175,61.206397159700884
562.9852552197141,208.6364012818421,55.64217923609175,61.206397159700884
562.9852552197141,208.6364012818421,55.64217923609175,61.206397159700884
562.9852552197141,208.17636751650434,55.64217923609175,61.206397159700884
562.9852552197141,207.2562999858288,55.64217923609175,61.206397159700884
562.9852552197141,207.71633375116656,55.64217923609175,61.206397159700884
562.9852552197141,208.1763675165043,55.64217923609175,61.206397159700884
562.9852552197141,207.71633375116656,55.64217923609175,61.206397159700884
562.9852552197141,208.1763675165043,55.64217923609175,61.206397159700884
562.9852552197141,207.25629998582878,55.64217923609175,61.206397159700884
563.4452889850519,207.71633375116653,55.64217923609175,61.206397159700884
563.9053227503897,208.17636751650429,55.64217923609175,61.206397159700884
563.4452889850519,207.25629998582875,55.64217923609175,61.206397159700884
563.9053227503897,207.25629998582875,55.64217923609175,61.206397159700884
563.9053227503897,207.25629998582875,55.64217923609175,61.206397159700884
563.9053227503897,207.25629998582875,55.64217923609175,61.206397159700884
563.9053227503897,207.25629998582875,55.64217923609175,61.206397159700884
563.9053227503897,207.25629998582875,55.64217923609175,61.206397159700884
563.4452889850519,207.25629998582875,55.64217923609175,61.206397159700884
563.4452889850519,206.3362324551532,55.64217923609175,61.206397159700884
563.4452889850519,206.79626622049096,55.64217923609175,61.206397159700884
563.9053227503897,207.7163337511665,55.64217923609175,61.206397159700884
563.9053227503897,207.7163337511665,55.64217923609175,61.206397159700884
563.9053227503897,207.7163337511665,55.64217923609175,61.206397159700884
563.9053227503897,207.25629998582875,55.64217923609175,61.206397159700884
563.9053227503897,207.25629998582875,55.64217923609175,61.206397159700884
563.9053227503897,206.3362324551532,55.64217923609175,61.206397159700884
564.3653565157275,207.25629998582875,55.64217923609175,61.206397159700884
564.8253902810653,206.796266220491,55.64217923609175,61.206397159700884
564.3653565157275,207.25629998582875,55.64217923609175,61.206397159700884
564.8253902810653,206.3362324551532,55.64217923609175,61.206397159700884
564.3653565157275,206.79626622049096,55.64217923609175,61.206397159700884
564.3653565157275,207.25629998582872,55.64217923609175,61.206397159700884
565.285424046403,206.79626622049096,55.64217923609175,61.206397159700884
564.8253902810652,206.3362324551532,55.64217923609175,61.206397159700884
564.8253902810652,205.87619868981545,55.64217923609175,61.206397159700884
564.8253902810652,206.3362324551532,55.64217923609175,61.206397159700884
564.8253902810652,206.3362324551532,55.64217923609175,61.206397159700884
565.285424046403,206.3362324551532,55.64217923609175,61.206397159700884
565.285424046403,206.3362324551532,55.64217923609175,61.206397159700884
565.285424046403,205.87619868981545,55.64217923609175,61.206397159700884
565.285424046403,206.3362324551532,55.64217923609175,61.206397159700884
565.285424046403,206.3362324551532,55.64217923609175,61.206397159700884
565.285424046403,205.87619868981545,55.64217923609175,61.206397159700884
565.285424046403,206.796266220491,55.64217923609175,61.206397159700884
565.285424046403,206.33623245515324,55.64217923609175,61.206397159700884
565.285424046403,205.87619868981548,55.64217923609175,61.206397159700884
565.285424046403,206.33623245515324,55.64217923609175,61.206397159700884
565.285424046403,205.87619868981548,55.64217923609175,61.206397159700884
565.7454578117408,206.33623245515324,55.64217923609175,61.206397159700884
565.6464824233833,204.80125485541276,56.76019754348255,62.43621729783075
565.0762410987627,203.2354349507607,57.90068019272374,63.690748211996066
564.5975346877204,203.7141413618029,57.90068019272374,63.690748211996066
564.1188282766782,203.2354349507607,57.90068019272374,63.690748211996066
565.0762410987626,204.19284777284514,57.90068019272374,63.690748211996066
565.0762410987626,204.19284777284514,57.90068019272374,63.690748211996066
565.0762410987626,203.71414136180294,57.90068019272374,63.690748211996066
565.0762410987626,203.23543495076075,57.90068019272374,63.690748211996066
565.0762410987626,203.71414136180294,57.90068019272374,63.690748211996066
565.5549475098048,203.23543495076075,57.90068019272374,63.690748211996066
565.0762410987626,204.19284777284514,57.90068019272374,63.690748211996066
565.5549475098048,204.19284777284514,57.90068019272374,63.690748211996066
564.5975346877204,204.19284777284514,57.90068019272374,63.690748211996066
565.0762410987627,203.71414136180294,57.90068019272374,63.690748211996066
565.554947509805,203.23543495076075,57.90068019272374,63.690748211996066
564.5975346877206,204.1928477728452,57.90068019272374,63.690748211996066
565.554947509805,204.1928477728452,57.90068019272374,63.690748211996066
565.554947509805,204.1928477728452,57.90068019272374,63.690748211996066
565.0762410987627,203.714141361803,57.90068019272374,63.690748211996066
566.0336539208471,203.2354349507608,57.90068019272374,63.690748211996066
565.5549475098048,204.1928477728452,57.90068019272374,63.690748211996066
565.0762410987626,203.714141361803,57.90068019272374,63.690748211996066
566.033653920847,203.714141361803,57.90068019272374,63.690748211996066
565.5549475098047,203.2354349507608,57.90068019272374,63.690748211996066
566.033653920847,204.67155418388745,57.90068019272374,63.690748211996066
566.033653920847,203.714141361803,57.90068019272374,63.690748211996066
566.5123603318892,203.714141361803,57.90068019272374,63.690748211996066
566.9910667429315,203.714141361803,57.90068019272374,63.690748211996066
567.3667803814596,202.595565848849,59.06407855983615,64.9704864158197
566.3901302635411,203.57221596676754,59.06407855983615,64.9704864158197
565.9018052045818,203.08389090780827,59.06407855983615,64.9704864158197
566.8784553225004,203.08389090780827,59.06407855983615,64.9704864158197
566.3901302635411,202.595565848849,59.06407855983615,64.9704864158197
565.9018052045818,202.595565848849,59.06407855983615,64.9704864158197
566.3901302635411,203.08389090780827,59.06407855983615,64.9704864158197
565.9018052045818,202.595565848849,59.06407855983615,64.9704864158197
566.8784553225004,203.08389090780827,59.06407855983615,64.9704864158197
566.3901302635411,202.10724078988972,59.06407855983615,64.9704864158197
565.9018052045818,202.10724078988972,59.06407855983615,64.9704864158197
566.8784553225004,202.595565848849,59.06407855983615,64.9704864158197
566.3901302635411,203.08389090780827,59.06407855983615,64.9704864158197
566.3901302635411,202.595565848849,59.06407855983615,64.9704864158197
565.9018052045818,203.08389090780827,59.06407855983615,64.9704864158197
566.8784553225004,203.08389090780827,59.06407855983615,64.9704864158197
566.8784553225004,202.595565848849,59.06407855983615,64.9704864158197
566.3901302635411,203.08389090780827,59.06407855983615,64.9704864158197
566.3901302635411,202.595565848849,59.06407855983615,64.9704864158197
566.3901302635411,203.08389090780827,59.06407855983615,64.9704864158197
566.8784553225004,203.08389090780827,59.06407855983615,64.9704864158197
566.8784553225004,203.08389090780827,59.06407855983615,64.9704864158197
566.8784553225004,203.08389090780827,59.06407855983615,64.9704864158197
567.3667803814596,203.08389090780827,59.06407855983615,64.9704864158197
566.8784553225004,203.08389090780827,59.06407855983615,64.9704864158197
567.3667803814596,203.08389090780827,59.06407855983615,64.9704864158197
566.3901302635411,203.08389090780827,59.06407855983615,64.9704864158197
566.8784553225004,203.08389090780827,59.06407855983615,64.9704864158197
567.3667803814596,203.57221596676754,59.06407855983615,64.9704864158197
566.8784553225004,203.57221596676754,59.06407855983615,64.9704864158197
567.3667803814596,204.06054102572682,59.06407855983615,64.9704864158197
566.8784553225004,203.57221596676754,59.06407855983615,64.9704864158197
567.8551054404189,204.06054102572682,59.06407855983615,64.9704864158197
567.8551054404189,203.57221596676754,59.06407855983615,64.9704864158197
567.8551054404189,204.06054102572682,59.06407855983615,64.9704864158197
567.8551054404189,204.06054102572682,59.06407855983615,64.9704864158197
567.8551054404189,204.06054102572682,59.06407855983615,64.9704864158197
568.3434304993782,204.06054102572682,59.06407855983615,64.9704864158197
567.3667803814596,204.06054102572682,59.06407855983615,64.9704864158197
567.3667803814596,203.57221596676754,59.06407855983615,64.9704864158197
567.3667803814596,204.06054102572682,59.06407855983615,64.9704864158197
567.3667803814596,204.06054102572682,59.06407855983615,64.9704864158197
567.3667803814596,203.57221596676754,59.06407855983615,64.9704864158197
567.8551054404189,204.06054102572682,59.06407855983615,64.9704864158197
568.3434304993782,203.57221596676754,59.06407855983615,64.9704864158197
567.8551054404189,204.5488660846861,59.06407855983615,64.9704864158197
568.3434304993782,204.5488660846861,59.06407855983615,64.9704864158197
567.3667803814596,204.06054102572682,59.06407855983615,64.9704864158197
567.8551054404189,203.57221596676754,59.06407855983615,64.9704864158197
568.3434304993782,204.5488660846861,59.06407855983615,64.9704864158197
567.8551054404189,204.5488660846861,59.06407855983615,64.9704864158197
568.3434304993782,204.5488660846861,59.06407855983615,64.9704864158197
567.8551054404189,204.5488660846861,59.06407855983615,64.9704864158197
568.3434304993782,205.03719114364537,59.06407855983615,64.9704864158197
567.8551054404189,204.06054102572682,59.06407855983615,64.9704864158197
568.3434304993782,204.06054102572682,59.06407855983615,64.9704864158197
567.8551054404189,204.06054102572682,59.06407855983615,64.9704864158197
568.3434304993782,204.06054102572682,59.06407855983615,64.9704864158197
567.8551054404189,204.06054102572682,59.06407855983615,64.9704864158197
568.3434304993782,204.5488660846861,59.06407855983615,64.9704864158197
567.8551054404189,204.5488660846861,59.06407855983615,64.9704864158197
568.8317555583375,205.03719114364537,59.06407855983615,64.9704864158197
568.3434304993782,204.06054102572682,59.06407855983615,64.9704864158197
568.3434304993782,204.06054102572682,59.06407855983615,64.9704864158197
568.3434304993782,204.06054102572682,59.06407855983615,64.9704864158197
568.3434304993782,204.06054102572682,59.06407855983615,64.9704864158197
568.3434304993782,204.06054102572682,59.06407855983615,64.9704864158197
568.3434304993782,204.06054102572682,59.06407855983615,64.9704864158197
568.3434304993782,204.06054102572682,59.06407855983615,64.9704864158197
568.3434304993782,204.06054102572682,59.06407855983615,64.9704864158197
568.3434304993782,204.06054102572682,59.06407855983615,64.9704864158197
568.3434304993782,204.06054102572682,59.06407855983615,64.9704864158197
568.3434304993782,204.06054102572682,59.06407855983615,64.9704864158197
567.8551054404189,203.57221596676754,59.06407855983615,64.9704864158197
568.8317555583375,204.06054102572682,59.06407855983615,64.9704864158197
568.8317555583375,204.06054102572682,59.06407855983615,64.9704864158197
568.8317555583375,204.06054102572682,59.06407855983615,64.9704864158197
568.8317555583375,204.06054102572682,59.06407855983615,64.9704864158197
568.8317555583375,204.06054102572682,59.06407855983615,64.9704864158197
568.8317555583375,204.06054102572682,59.06407855983615,64.9704864158197
568.8317555583375,204.06054102572682,59.06407855983615,64.9704864158197
568.8317555583375,204.06054102572682,59.06407855983615,64.9704864158197
568.8317555583375,203.57221596676754,59.06407855983615,64.9704864158197
568.3434304993782,204.06054102572682,59.06407855983615,64.9704864158197
568.3434304993782,203.57221596676754,59.06407855983615,64.9704864158197
567.8551054404189,203.57221596676754,59.06407855983615,64.9704864158197
568.3434304993782,204.06054102572682,59.06407855983615,64.9704864158197
567.8551054404189,203.57221596676754,59.06407855983615,64.9704864158197
568.3434304993782,204.5488660846861,59.06407855983615,64.9704864158197
568.3434304993782,204.5488660846861,59.06407855983615,64.9704864158197
567.8551054404189,204.06054102572682,59.06407855983615,64.9704864158197
568.8317555583375,204.06054102572682,59.06407855983615,64.9704864158197
568.8317555583375,204.06054102572682,59.06407855983615,64.9704864158197
568.3434304993782,203.57221596676754,59.06407855983615,64.9704864158197
567.8551054404189,204.06054102572682,59.06407855983615,64.9704864158197
568.8317555583375,204.06054102572682,59.06407855983615,64.9704864158197
568.8317555583375,203.57221596676754,59.06407855983615,64.9704864158197
568.3434304993782,204.06054102572682,59.06407855983615,64.9704864158197
567.8551054404189,203.57221596676754,59.06407855983615,64.9704864158197
568.8317555583375,204.5488660846861,59.06407855983615,64.9704864158197
568.3434304993782,204.06054102572682,59.06407855983615,64.9704864158197
567.8551054404189,204.06054102572682,59.06407855983615,64.9704864158197
568.3434304993782,203.57221596676754,59.06407855983615,64.9704864158197
567.8551054404189,204.06054102572682,59.06407855983615,64.9704864158197
568.3434304993782,203.57221596676754,59.06407855983615,64.9704864158197
567.8551054404189,204.06054102572682,59.06407855983615,64.9704864158197
568.3434304993782,203.57221596676754,59.06407855983615,64.9704864158197
567.8551054404189,204.06054102572682,59.06407855983615,64.9704864158197
568.3434304993782,203.57221596676754,59.06407855983615,64.9704864158197
567.8551054404189,203.57221596676754,59.06407855983615,64.9704864158197
568.3434304993782,203.57221596676754,59.06407855983615,64.9704864158197
567.8551054404189,203.57221596676754,59.06407855983615,64.9704864158197
568.3434304993782,203.57221596676754,59.06407855983615,64.9704864158197
567.8551054404189,204.06054102572682,59.06407855983615,64.9704864158197
568.3434304993782,203.08389090780827,59.06407855983615,64.9704864158197
567.8551054404189,203.08389090780827,59.06407855983615,64.9704864158197
568.3434304993782,203.08389090780827,59.06407855983615,64.9704864158197
567.8551054404189,203.57221596676754,59.06407855983615,64.9704864158197
568.3434304993782,204.06054102572682,59.06407855983615,64.9704864158197
567.3667803814596,203.57221596676754,59.06407855983615,64.9704864158197
567.8551054404189,203.57221596676754,59.06407855983615,64.9704864158197
568.3434304993782,203.57221596676754,59.06407855983615,64.9704864158197
567.3667803814596,204.5488660846861,59.06407855983615,64.9704864158197
567.3667803814596,204.06054102572682,59.06407855983615,64.9704864158197
567.3667803814596,203.57221596676754,59.06407855983615,64.9704864158197
566.8784553225004,204.06054102572682,59.06407855983615,64.9704864158197
567.8551054404189,204.06054102572682,59.06407855983615,64.9704864158197
567.8551054404189,204.06054102572682,59.06407855983615,64.9704864158197
567.8551054404189,203.57221596676754,59.06407855983615,64.9704864158197
567.3667803814596,204.06054102572682,59.06407855983615,64.9704864158197
566.8784553225004,203.57221596676754,59.06407855983615,64.9704864158197
567.8551054404189,204.06054102572682,59.06407855983615,64.9704864158197
567.8551054404189,203.57221596676754,59.06407855983615,64.9704864158197
567.3667803814596,204.06054102572682,59.06407855983615,64.9704864158197
567.3667803814596,203.57221596676754,59.06407855983615,64.9704864158197
567.3667803814596,204.06054102572682,59.06407855983615,64.9704864158197
567.3667803814596,203.57221596676754,59.06407855983615,64.9704864158197
567.3667803814596,204.06054102572682,59.06407855983615,64.9704864158197
567.3667803814596,204.06054102572682,59.06407855983615,64.9704864158197
567.3667803814596,204.06054102572682,59.06407855983615,64.9704864158197
567.3667803814596,204.06054102572682,59.06407855983615,64.9704864158197
567.3667803814596,203.57221596676754,59.06407855983615,64.9704864158197
567.3667803814596,204.5488660846861,59.06407855983615,64.9704864158197
567.3667803814596,204.06054102572682,59.06407855983615,64.9704864158197
567.8551054404189,204.06054102572682,59.06407855983615,64.9704864158197
568.3434304993782,204.06054102572682,59.06407855983615,64.9704864158197
567.3667803814596,204.06054102572682,59.06407855983615,64.9704864158197
567.3667803814596,203.57221596676754,59.06407855983615,64.9704864158197
567.3667803814596,204.06054102572682,59.06407855983615,64.9704864158197
567.3667803814596,203.57221596676754,59.06407855983615,64.9704864158197
567.3667803814596,204.5488660846861,59.06407855983615,64.9704864158197
567.8551054404189,204.5488660846861,59.06407855983615,64.9704864158197
567.8551054404189,204.5488660846861,59.06407855983615,64.9704864158197
568.3434304993782,204.5488660846861,59.06407855983615,64.9704864158197
567.8551054404189,204.5488660846861,59.06407855983615,64.9704864158197
568.3434304993782,204.5488660846861,59.06407855983615,64.9704864158197
567.8551054404189,204.5488660846861,59.06407855983615,64.9704864158197
567.8551054404189,204.06054102572682,59.06407855983615,64.9704864158197
568.3434304993782,204.06054102572682,59.06407855983615,64.9704864158197
567.8551054404189,204.06054102572682,59.06407855983615,64.9704864158197
568.3434304993782,204.06054102572682,59.06407855983615,64.9704864158197
567.3667803814596,204.06054102572682,59.06407855983615,64.9704864158197
567.3667803814596,203.57221596676754,59.06407855983615,64.9704864158197
568.3434304993782,204.5488660846861,59.06407855983615,64.9704864158197
567.8551054404189,204.06054102572682,59.06407855983615,64.9704864158197
568.3434304993782,204.06054102572682,59.06407855983615,64.9704864158197
567.8551054404189,204.06054102572682,59.06407855983615,64.9704864158197
568.3434304993782,204.06054102572682,59.06407855983615,64.9704864158197
567.8551054404189,204.06054102572682,59.06407855983615,64.9704864158197
568.3434304993782,204.06054102572682,59.06407855983615,64.9704864158197
567.8551054404189,204.06054102572682,59.06407855983615,64.9704864158197
568.3434304993782,204.06054102572682,59.06407855983615,64.9704864158197
568.3434304993782,204.06054102572682,59.06407855983615,64.9704864158197
568.3434304993782,204.06054102572682,59.06407855983615,64.9704864158197
567.8551054404189,204.06054102572682,59.06407855983615,64.9704864158197
568.3434304993782,204.06054102572682,59.06407855983615,64.9704864158197
567.8551054404189,204.06054102572682,59.06407855983615,64.9704864158197
568.3434304993782,204.06054102572682,59.06407855983615,64.9704864158197
567.8551054404189,204.06054102572682,59.06407855983615,64.9704864158197
568.8317555583375,204.5488660846861,59.06407855983615,64.9704864158197
569.3200806172968,205.03719114364537,59.06407855983615,64.9704864158197
567.8551054404189,204.06054102572682,59.06407855983615,64.9704864158197
568.8317555583375,204.5488660846861,59.06407855983615,64.9704864158197
568.8317555583375,205.03719114364537,59.06407855983615,64.9704864158197
569.3200806172968,204.5488660846861,59.06407855983615,64.9704864158197
568.3434304993782,205.03719114364537,59.06407855983615,64.9704864158197
568.3434304993782,204.5488660846861,59.06407855983615,64.9704864158197
568.3434304993782,205.03719114364537,59.06407855983615,64.9704864158197
568.3434304993782,205.03719114364537,59.06407855983615,64.9704864158197
567.8551054404189,204.5488660846861,59.06407855983615,64.9704864158197
568.3434304993782,205.03719114364537,59.06407855983615,64.9704864158197
568.8317555583375,205.52551620260465,59.06407855983615,64.9704864158197
569.3200806172968,205.52551620260465,59.06407855983615,64.9704864158197
568.8317555583375,205.52551620260465,59.06407855983615,64.9704864158197
569.3200806172968,206.01384126156393,59.06407855983615,64.9704864158197
568.8317555583375,206.01384126156393,59.06407855983615,64.9704864158197
569.3200806172968,206.99049137948248,59.06407855983615,64.9704864158197
568.8317555583375,206.5021663205232,59.06407855983615,64.9704864158197
569.3200806172968,206.5021663205232,59.06407855983615,64.9704864158197
568.8317555583375,206.5021663205232,59.06407855983615,64.9704864158197
568.8317555583375,206.5021663205232,59.06407855983615,64.9704864158197
568.8317555583375,206.99049137948248,59.06407855983615,64.9704864158197
568.8317555583375,207.47881643844175,59.06407855983615,64.9704864158197
568.8317555583375,206.99049137948248,59.06407855983615,64.9704864158197
569.3200806172968,207.96714149740103,59.06407855983615,64.9704864158197
568.8317555583375,207.96714149740103,59.06407855983615,64.9704864158197
568.8317555583375,208.4554665563603,59.06407855983615,64.9704864158197
568.8317555583375,207.47881643844175,59.06407855983615,64.9704864158197
569.3200806172968,208.4554665563603,59.06407855983615,64.9704864158197
568.8317555583375,208.4554665563603,59.06407855983615,64.9704864158197
569.3200806172968,208.94379161531958,59.06407855983615,64.9704864158197
568.8317555583375,209.43211667427886,59.06407855983615,64.9704864158197
570.6799935878824,208.29106562354306,60.250853090338936,66.27593839937278
569.6837196391446,208.789202597912,60.250853090338936,66.27593839937278
569.6837196391446,210.28361352101885,60.250853090338936,66.27593839937278
569.1855826647757,209.7854765466499,60.250853090338936,66.27593839937278
569.1855826647757,210.7817504953878,60.250853090338936,66.27593839937278
569.1855826647757,211.27988746975674,60.250853090338936,66.27593839937278
568.6874456904068,210.7817504953878,60.250853090338936,66.27593839937278
570.0746833923105,210.1159092802585,61.46147348148312,67.60762082963137
569.5665373517155,211.13220136144838,61.46147348148312,67.60762082963137
569.0583913111205,212.14849344263826,61.46147348148312,67.60762082963137
569.0583913111205,212.65663948323316,61.46147348148312,67.60762082963137
569.5665373517155,212.14849344263826,61.46147348148312,67.60762082963137
570.0746833923105,213.67293156442304,61.46147348148312,67.60762082963137
570.5828294329054,213.67293156442304,61.46147348148312,67.60762082963137
570.0746833923105,213.67293156442304,61.46147348148312,67.60762082963137
571.0909754735004,214.6892236456129,61.46147348148312,67.60762082963137
570.5828294329054,214.181077605018,61.46147348148312,67.60762082963137
570.5828294329054,215.19736968620788,61.46147348148312,67.60762082963137
570.0746833923105,215.19736968620788,61.46147348148312,67.60762082963137
571.4897948613585,213.50185764235312,62.69641886814656,68.96606075496115
570.8599152891996,213.8457025509556,63.956178012464235,70.3517958137106
569.8023721882062,214.37447410145234,63.95617801246424,70.3517958137106
569.8023721882062,215.43201720244588,63.95617801246424,70.3517958137106
569.8023721882062,215.43201720244588,63.95617801246424,70.3517958137106
569.2736006377094,215.43201720244588,63.95617801246424,70.3517958137106
570.3311437387028,215.96078875294262,63.95617801246424,70.3517958137106
570.3311437387028,217.0183318539361,63.95617801246424,70.3517958137106
570.3311437387028,218.07587495492965,63.95617801246424,70.3517958137106
570.8599152891996,218.6046465054264,63.95617801246424,70.3517958137106
570.3311437387028,217.54710340443285,63.95617801246424,70.3517958137106
570.8599152891996,218.6046465054264,63.95617801246424,70.3517958137106
570.3311437387028,219.13341805592313,63.95617801246424,70.3517958137106
570.3311437387028,219.66218960641987,63.95617801246424,70.3517958137106
570.8599152891996,219.66218960641987,63.95617801246424,70.3517958137106
570.8599152891996,220.19096115691661,63.95617801246424,70.3517958137106
570.8599152891996,221.77727580840684,63.95617801246424,70.3517958137106
570.8599152891996,221.77727580840684,63.95617801246424,70.3517958137106
570.8599152891996,222.30604735890358,63.95617801246424,70.3517958137106
570.3311437387028,223.36359045989707,63.95617801246424,70.3517958137106
571.3886868396963,222.83481890940033,63.95617801246424,70.3517958137106
570.8599152891995,223.8923620103938,63.95617801246424,70.3517958137106
569.802372188206,223.8923620103938,63.95617801246424,70.3517958137106
572.8612372992811,224.24311579474488,65.24124949726868,71.76537444699548
572.3218411420203,225.32190810926664,65.24124949726868,71.76537444699548
571.2430488274985,225.32190810926664,65.24124949726868,71.76537444699548
571.6663949289459,225.1403134321458,66.55214192341731,73.20735611575896
571.6663949289459,226.24078192064323,66.55214192341731,73.20735611575896
571.1161606846972,226.79101616489194,66.55214192341731,73.20735611575896
571.6663949289459,227.34125040914066,66.55214192341731,73.20735611575896
571.548013079361,226.6057727059237,67.88937411108454,74.6783115221929
571.9885426841909,226.4168071501344,69.25347530509856,76.17882283560833
570.720219541622,225.07890850360025,70.64498538440391,77.70948392284421
570.136146827814,226.83112664502443,70.64498538440391,77.70948392284421
570.720219541622,227.99927207264057,70.64498538440391,77.70948392284421
570.720219541622,227.99927207264057,70.64498538440391,77.70948392284421
570.136146827814,228.5833447864486,70.64498538440391,77.70948392284421
570.720219541622,229.16741750025665,70.64498538440391,77.70948392284421
570.136146827814,230.3355629278728,70.64498538440391,77.70948392284421
571.30429225543,230.91963564168083,70.64498538440391,77.70948392284421
570.5945574097657,229.55485459764196,72.06445507573274,79.27090058330592
569.4029404360724,229.55485459764196,72.06445507573275,79.27090058330592
570.5945574097657,230.1506630844886,72.06445507573275,79.27090058330592
569.998748922919,230.1506630844886,72.06445507573275,79.27090058330592
569.998748922919,231.93808854502845,72.06445507573275,79.27090058330592
570.5945574097657,232.53389703187509,72.06445507573275,79.27090058330592
569.998748922919,233.12970551872172,72.06445507573275,79.27090058330592
570.5945574097657,234.32132249241494,72.06445507573275,79.27090058330592
570.4663703486939,233.52492738970474,73.51244617156945,80.86369078872629
569.858590281921,234.13270745647756,73.51244617156945,80.86369078872629
570.4663703486939,235.3482675900232,73.51244617156945,80.86369078872629
570.4663703486939,235.3482675900232,73.51244617156945,80.86369078872629
569.858590281921,235.95604765679602,73.51244617156945,80.86369078872629
571.1559527861007,238.53792853826192,72.13328129675588,79.34660942643136
571.7523303086328,237.9415510157297,72.13328129675588,79.34660942643137
572.348707831165,239.13430606079416,72.13328129675588,79.34660942643137
571.7523303086328,239.13430606079416,72.13328129675588,79.34660942643137
572.348707831165,240.92343862839087,72.13328129675588,79.34660942643137
571.8325979873591,240.47499330471075,70.77999089423888,77.85798998366266
572.4177868884532,242.23056000799303,70.77999089423888,77.85798998366266
572.2918846110282,240.86317081052806,72.20217325127683,79.4223905764044
571.1783347472177,241.608191395893,70.84759036879514,77.93234940567453
571.7640825416054,243.36543477905602,70.84759036879515,77.93234940567453
572.4286673377212,245.26797364355883,69.5184207765634,76.47026285421961
571.8539087407496,245.26797364355883,69.5184207765634,76.47026285421961
572.4286673377212,246.417490837502,69.5184207765634,76.47026285421961
571.8539087407496,246.9922494344736,69.5184207765634,76.47026285421961
572.4286673377212,247.5670080314452,69.5184207765634,76.47026285421961
571.8539087407496,248.1417666284168,69.5184207765634,76.47026285421961
571.8539087407496,248.1417666284168,69.5184207765634,76.47026285421961
572.5060252807419,251.1581292102947,68.21418769657882,75.03560646623657
573.1459074812029,252.989950765942,66.93442329565693,73.62786562522248
573.2203900319512,254.23401073213458,65.67866851761806,72.24653536937973
572.6773774182228,254.77702334586294,65.67866851761806,72.24653536937973
573.2934752177207,256.5407561527673,64.44647291862228,70.89112021048436
572.7606500479211,257.60640649236655,64.44647291862228,70.89112021048436
572.7606500479211,258.1392316621662,64.44647291862228,70.89112021048436
572.2278248781215,258.1392316621662,64.44647291862228,70.89112021048436
573.2934752177208,258.67205683196585,64.44647291862228,70.89112021048436
572.2278248781215,259.7377071715651,64.44647291862228,70.89112021048436
572.2278248781215,260.80335751116434,64.44647291862228,70.89112021048436
572.7606500479211,261.8690078507636,64.44647291862228,70.89112021048436
572.2278248781215,262.40183302056323,64.44647291862228,70.89112021048436
572.2278248781215,263.4674833601625,64.44647291862228,70.89112021048436
572.2278248781215,264.0003085299621,64.44647291862228,70.89112021048436
572.2278248781215,265.598784039361,64.44647291862228,70.89112021048436
571.6949997083219,266.66443437896027,64.44647291862228,70.89112021048436
571.1621745385223,267.7300847185595,64.44647291862228,70.89112021048436
571.1621745385223,268.79573505815875,64.44647291862228,70.89112021048436
571.6949997083219,270.39421056755765,64.44647291862228,70.89112021048436
570.6293493687226,271.4598609071569,64.44647291862228,70.89112021048436
571.1621745385222,271.99268607695655,64.44647291862228,70.89112021048436
570.6293493687226,273.0583364165558,64.44647291862228,70.89112021048436
570.6293493687226,274.12398675615503,64.44647291862228,70.89112021048436
570.096524198923,274.6568119259547,64.44647291862228,70.89112021048436
570.096524198923,275.72246226555393,64.44647291862228,70.89112021048436
570.096524198923,277.3209377749528,64.44647291862228,70.89112021048436
570.096524198923,278.38658811455207,64.44647291862228,70.89112021048436
569.5636990291234,279.4522384541513,64.44647291862228,70.89112021048436
569.0308738593238,280.51788879375056,64.44647291862228,70.89112021048436
569.9818878785458,280.8713314941552,65.74139589897615,72.31553548887362
568.3512942007366,281.958393946028,65.74139589897615,72.31553548887362
568.8948254266729,283.5889876238373,65.74139589897615,72.31553548887362
568.3512942007366,284.6760500757101,65.74139589897615,72.31553548887362
568.3512942007366,285.76311252758296,65.74139589897615,72.31553548887362
567.8077629748002,286.8501749794558,65.74139589897615,72.31553548887362
567.2642317488638,288.48076865726506,65.74139589897615,72.31553548887362
567.8077629748002,289.0242998832015,65.74139589897615,72.31553548887362
566.7207005229274,290.65489356101074,65.74139589897615,72.31553548887362
566.177169296991,291.7419560128836,65.74139589897615,72.31553548887362
568.234354492774,292.64603166340385,67.06233776677428,73.76857154345156
566.5709972961964,293.200484062263,67.06233776677428,73.76857154345156
566.5709972961964,294.86384125884047,67.06233776677428,73.76857154345156
566.5709972961964,295.9727460565588,67.06233776677428,73.76857154345156
566.5709972961964,297.63610325313624,67.06233776677428,73.76857154345156
566.5709972961964,299.2994604497137,67.06233776677428,73.76857154345156
566.5709972961964,300.96281764629117,67.06233776677428,73.76857154345156
565.4620924984781,301.5172700451503,67.06233776677428,73.76857154345156
566.4517079186818,301.8850588888574,68.40982131952207,75.25080345147413
564.7549288859535,302.4506518997668,68.40982131952207,75.25080345147413
564.1893358750441,304.1474309324951,68.40982131952207,75.25080345147413
564.7549288859535,305.84420996522346,68.40982131952207,75.25080345147413
564.1893358750441,307.5409889979518,68.40982131952207,75.25080345147413
564.1893358750441,309.2377680306801,68.40982131952207,75.25080345147413
563.6237428641347,310.36895405249896,68.40982131952207,75.25080345147413
563.0581498532252,311.5001400743178,68.40982131952207,75.25080345147413
563.5020566051575,311.8753188992614,69.78437985929523,76.7628178452246
561.7711841913246,313.0292338418167,69.78437985929523,76.7628178452246
560.6172692487693,314.7601062556496,69.78437985929523,76.7628178452246
561.1942267200469,315.91402119820486,69.78437985929523,76.7628178452246
561.1942267200469,318.2218510833154,69.78437985929523,76.7628178452246
560.6172692487693,318.79880855459305,69.78437985929523,76.7628178452246
559.463354306214,320.52968096842596,69.78437985929523,76.7628178452246
561.6470528903458,321.48935573277686,71.18655740380805,78.3052131441887
559.2928517793537,322.0779060105249,71.18655740380805,78.3052131441887
559.2928517793537,323.84355684376897,71.18655740380805,78.3052131441887
558.7043015016056,325.60920767701305,71.18655740380805,78.3052131441887
559.2928517793537,327.3748585102571,71.18655740380805,78.3052131441887
558.7043015016056,328.5519590657532,71.18655740380805,78.3052131441887
559.7547765858924,329.53091657514415,72.61690890172277,79.87859979189489
557.3532725119771,330.73166861210177,72.61690890172277,79.87859979189489
557.9536485304559,331.9324206490594,72.61690890172277,79.87859979189489
556.7528964934983,334.33392472297464,72.61690890172277,79.87859979189489
556.7528964934983,335.53467675993227,72.61690890172277,79.87859979189489
555.5521444565406,337.3358048153687,72.61690890172277,79.87859979189489
556.7528964934983,339.13693287080514,72.61690890172277,79.87859979189489
556.1525204750195,340.9380609262416,72.61690890172277,79.87859979189489
556.1525204750195,342.1388129631992,72.61690890172277,79.87859979189489
555.5521444565408,343.3395650001568,72.61690890172277,79.87859979189489
556.1525204750195,344.54031703711445,72.61690890172277,79.87859979189489
555.5521444565408,346.3414450925509,72.61690890172277,79.87859979189489
554.951768438062,348.1425731479873,72.61690890172277,79.87859979189489
554.3513924195832,349.34332518494494,72.61690890172277,79.87859979189489
554.3513924195832,351.1444532403814,72.61690890172277,79.87859979189489
554.3513924195832,352.9455812958178,72.61690890172277,79.87859979189489
553.7510164011045,354.74670935125425,72.61690890172277,79.87859979189489
552.5502643641469,355.9474613882119,72.61690890172277,79.87859979189489
554.8225986812597,358.1468411277967,74.07600045228509,81.48360049751344
553.5977199336235,360.5965986230691,74.07600045228509,81.48360049751344
551.6286366474434,362.22773112594325,75.56440952937285,83.12085048230998
551.0038915292871,363.4772213622557,75.56440952937285,83.12085048230998
551.0038915292871,364.72671159856816,75.56440952937285,83.12085048230998
552.1189690434189,365.1411282105101,77.08272521004655,84.79099773105104
550.2070746779729,365.7784263323254,77.08272521004656,84.79099773105104
551.9818555664116,366.8384679390664,78.63154840769204,86.49470324846105
549.3814421545037,368.78877799799733,78.63154840769204,86.49470324846106
548.0812354485497,370.08898470395127,78.63154840769204,86.49470324846106
551.8419870683107,371.82042907967354,80.2114921098478,88.23264132083239
549.2785804109482,375.9639234928824,78.70664662808947,86.57731129089822
551.0907510607012,377.04629726632504,80.28809927878768,88.31690920666625
549.6203374252912,376.822820683986,81.90132805759637,90.09146086335579
548.7975157329605,377.94912771518943,83.54697144225766,91.90166858648321
546.0345450238465,378.63987039246797,83.54697144225767,91.90166858648321
547.9581610843659,379.09806563357085,85.22568073944696,93.74824881339141
547.101941282817,380.27008916154637,86.93812034254466,95.6319323767989
544.9456020774704,381.70764863177743,86.93812034254466,95.63193237679891
547.6660769270267,382.184441893385,88.68496799458742,97.55346479404594
544.7331882216938,385.1173305987178,88.68496799458742,97.55346479404594
543.9999660453606,386.5837749513842,88.68496799458742,97.55346479404594
545.3086590434025,387.8033705963304,90.46691505650267,99.5136065621527
543.1654633927226,390.232766161525,88.76966788168446,97.64663466985267
542.530321075591,394.81835125981047,87.10426271198634,95.81468898318475
543.9706277818522,396.25865796607167,87.10426271198634,95.81468898318477
542.530321075591,396.97881131920224,87.10426271198634,95.81468898318477
543.9706277818522,399.139271378594,87.10426271198634,95.81468898318477
542.530321075591,400.5795780848552,87.10426271198634,95.81468898318477
543.8156881596468,401.7774358713774,88.85444866265829,97.7398935289239
541.6118179762817,402.5120592658325,88.85444866265829,97.7398935289239
540.2414456626547,407.83664728927454,87.18745292318229,95.90619821550031
540.96228680887,409.9991707279204,87.18745292318229,95.90619821550031
542.2488815017231,410.477331399979,88.93931041476779,97.83324145624437
