451.0,428.0,156.0,134.0
451.0,426.8582677165354,156.0,134.0
451.0,425.7165354330708,156.0,134.0
453.2834645669292,424.5748031496062,156.0,134.0
454.4251968503937,424.5748031496062,156.0,134.0
463.8806785769426,425.8317882102972,153.07328851540618,131.48602987861813
463.8806785769426,424.7114759331554,153.07328851540618,131.48602987861813
465.0009908540844,423.5911636560136,153.07328851540618,131.48602987861813
466.1213031312262,423.5911636560136,153.07328851540618,131.48602987861813
469.7978294530822,423.7042541792224,150.2014849802614,129.01922427791686
469.7978294530822,422.6049600482846,150.2014849802614,129.01922427791686
469.7978294530822,421.50566591734696,150.2014849802614,129.01922427791686
469.7978294530822,420.4063717864092,150.2014849802614,129.01922427791686
469.7978294530822,420.4063717864092,150.2014849802614,129.01922427791686
468.69853532214455,420.4063717864092,150.2014849802614,129.01922427791686
466.4999470602691,419.3070776554715,150.2014849802614,129.01922427791686
464.30135879839366,419.3070776554715,150.2014849802614,129.01922427791686
461.00347640558056,418.20778352453374,150.2014849802614,129.01922427791686
456.60629988182967,418.20778352453374,150.2014849802614,129.01922427791686
451.1098292271411,417.1084893935961,150.2014849802614,129.01922427791686
446.71265270339023,416.0091952626583,150.2014849802614,129.01922427791686
441.2161820487017,416.0091952626583,150.2014849802614,129.01922427791686
435.71971139401313,416.0091952626583,150.2014849802614,129.01922427791686
430.2232407393246,416.0091952626583,150.2014849802614,129.01922427791686
421.7385564169582,417.21945822877234,147.3835592681154,126.59869834568887
420.96374515053844,418.40701548641,144.61850057869032,124.2235838304135
410.37941111868395,418.40701548641,144.61850057869032,124.2235838304135
407.2041109091276,417.3485820832245,144.61850057869032,124.2235838304135
400.85351049001486,417.3485820832245,144.61850057869032,124.2235838304135
392.3860432645313,417.3485820832245,144.61850057869032,124.2235838304135
389.21074305497496,417.3485820832245,144.61850057869032,124.2235838304135
381.8017092326769,417.3485820832245,144.61850057869032,124.2235838304135
377.56797561993505,416.29014868003907,144.61850057869032,124.2235838304135
374.39267541037873,416.29014868003907,144.61850057869032,124.2235838304135
371.51553354933054,417.45542621033997,141.9053170753032,121.89302876981174
368.69236966345886,419.63741816736825,139.24303552909026,119.60619718524421
365.635095261321,418.618326699989,139.24303552909026,119.60619718524423
362.57782085918325,418.618326699989,139.24303552909026,119.60619718524423
359.5205464570454,417.5992352326097,139.24303552909026,119.60619718524423
357.48236352228685,416.58014376523045,139.24303552909026,119.60619718524423
355.4441805875283,416.58014376523045,139.24303552909026,119.60619718524423
354.4250891201491,415.5610522978512,139.24303552909026,119.60619718524423
353.40599765276977,414.5419608304719,139.24303552909026,119.60619718524423
354.71216493236176,415.6639250321727,136.63070096990631,117.36226878184263
356.9937995672855,415.76486777410327,134.06737634377342,115.16043865426695
356.99379956728546,413.8024440339612,134.06737634377345,115.16043865426695
358.95622330742754,411.8400202938191,134.06737634377345,115.16043865426695
362.8810707877117,410.8588084237481,134.06737634377345,115.16043865426695
364.84349452785375,409.87759655367705,134.06737634377345,115.16043865426695
369.74955387820887,407.915172813535,134.06737634377345,115.16043865426695
372.6931894884219,406.93396094346394,134.06737634377345,115.16043865426695
376.61803696870595,405.9527490733929,134.06737634377345,115.16043865426695
383.76292527264076,406.0517980314639,131.55214217675623,112.99991699798294
383.76292527264076,403.16338788373076,131.55214217675623,112.99991699798294
390.50254895068474,402.20058450115306,131.55214217675623,112.99991699798294
391.46535233326244,401.23778111857536,131.55214217675623,112.99991699798294
395.3165658635733,399.31217435341995,131.55214217675623,112.99991699798294
398.2049760113065,398.34937097084224,131.55214217675623,112.99991699798294
403.01899292419506,397.38656758826454,131.55214217675623,112.99991699798294
410.02983618546784,396.52095490912245,129.0840962451432,110.87992882595636
409.08509592928243,394.63147439675157,129.0840962451432,110.87992882595636
418.798629731615,395.67158196439857,126.6623532518158,108.79971369066229
414.74506836491696,390.87046159446714,129.20737991570454,110.98582633784876
422.3102087193596,389.9248190501618,129.20737991570454,110.98582633784878
424.4678792210161,391.91156253219185,126.78332400100216,108.9036244623993
426.3236819648224,389.1278584164824,126.78332400100217,108.90362446239932
434.93618207597297,389.2215259177459,124.40474572915144,106.86048671606599
437.9241450750889,389.3134361257294,122.07079189541116,104.85568021785319
437.9241450750889,386.6332022031318,122.07079189541116,104.85568021785319
443.28461292028413,383.9529682805342,122.07079189541116,104.85568021785319
444.17802422781665,383.0595569730017,122.07079189541116,104.85568021785319
448.64508076547935,382.1661456654692,122.07079189541116,104.85568021785319
451.32531468807696,380.3793230504041,122.07079189541116,104.85568021785319
453.112137303142,379.48591174287156,122.07079189541116,104.85568021785319
458.4726051483372,377.6990891278065,122.07079189541116,104.85568021785319
460.25942776340224,375.9122665127414,122.07079189541116,104.85568021785319
462.93966168599985,374.1254438976763,122.07079189541116,104.85568021785319
469.19354083872764,374.1254438976763,122.07079189541116,104.85568021785319
467.4067182236626,372.3386212826112,122.07079189541116,104.85568021785319
474.55400868392286,371.4452099750787,122.07079189541116,104.85568021785319
473.6605973763903,369.6583873600136,122.07079189541116,104.85568021785319
478.1276539140529,367.8715647449485,122.07079189541116,104.85568021785319
477.23424260652035,366.978153437416,122.07079189541116,104.85568021785319
482.84638244089376,368.8551619357129,119.7806253019896,102.8884858363244
482.2166827753161,368.9436558441999,117.53342445773856,100.95819793164722
480.1756799887479,366.2089728331726,119.89502355536791,102.98675100268781
482.1778408234434,367.1750385604821,117.64567648879648,101.05461954806876
481.5593648140312,367.2619551690975,115.43852935743385,99.15873675574444
477.0201271231224,362.88627241456163,117.75803572781278,101.15113325337762
474.43458575720285,361.16257817061523,117.7580357278128,101.15113325337762
472.71089151325646,359.43888392666884,117.7580357278128,101.15113325337762
471.8490443912833,357.71518968272244,117.7580357278128,101.15113325337762
469.2635030253638,357.71518968272244,117.7580357278128,101.15113325337762
467.5398087814174,356.8533425607492,117.7580357278128,101.15113325337762
464.95426741549784,355.99149543877604,117.7580357278128,101.15113325337762
462.3687260495783,354.26780119482964,117.7580357278128,101.15113325337762
461.50687892760516,353.4059540728564,117.7580357278128,101.15113325337762
458.9213375616856,353.4059540728564,117.7580357278128,101.15113325337762
456.3357961957661,352.54410695088325,117.7580357278128,101.15113325337762
455.71672950171643,352.63110657048804,115.5487806280192,99.25343977022158
453.1796954025246,351.7854285374241,115.54878062801922,99.25343977022159
450.6426613033328,351.7854285374241,115.54878062801922,99.25343977022159
448.10562720414094,350.0940724712962,115.54878062801922,99.25343977022159
445.5685931049491,350.0940724712962,115.54878062801922,99.25343977022159
442.1858809726934,348.40271640516835,115.54878062801922,99.25343977022159
439.64884687350155,347.5570383721044,115.54878062801922,99.25343977022159
437.1118127743097,346.7113603390404,115.54878062801922,99.25343977022159
434.5747786751179,345.86568230597646,115.54878062801922,99.25343977022159
432.03774457592607,345.0200042729125,115.54878062801922,99.25343977022159
428.65503244367034,344.17432623984854,115.54878062801922,99.25343977022159
426.1179983444785,343.3286482067846,115.54878062801922,99.25343977022159
426.3562239758211,345.1053716951721,113.38097329920616,97.39134885957448
424.9303556790621,345.18913754169364,111.25383614094197,95.56419258260395
423.5312380561469,346.0855760671662,109.16660614133419,93.7713155316588
422.1583692384579,345.3672601442838,107.11853460333435,92.01207459517175
422.94234801483003,343.0153238151676,107.11853460333435,92.01207459517175
421.3743904620859,342.23134503879555,107.11853460333435,92.01207459517175
422.1583692384579,340.6633874860514,107.11853460333435,92.01207459517175
423.1631931020363,343.8784417492669,105.10888687617768,90.28583872697308
423.1631931020363,340.80135945630394,105.10888687617768,90.28583872697308
424.7017342485178,340.0320888830632,105.10888687617768,90.28583872697308
423.93246367527706,340.0320888830632,105.10888687617768,90.28583872697308
426.24027539499934,338.49354773658166,105.10888687617768,90.28583872697308
424.7017342485178,339.2628183098224,105.10888687617768,90.28583872697308
427.0095459682401,336.95500659010014,105.10888687617768,90.28583872697308
426.24027539499934,336.95500659010014,105.10888687617768,90.28583872697308
427.2262477871576,337.80193159362074,103.13694209186112,88.59198871993193
428.7359244077229,336.29225497305544,103.13694209186113,88.59198871993193
426.47140947687495,336.29225497305544,103.13694209186113,88.59198871993193
427.2262477871576,334.78257835249013,103.13694209186113,88.59198871993193
427.2262477871576,334.0277400422075,103.13694209186113,88.59198871993193
426.47140947687495,334.78257835249013,103.13694209186113,88.59198871993193
425.9292074489575,334.85877591025115,101.20199290656537,86.92991698384455
427.41056107014185,333.3774222890668,101.20199290656538,86.92991698384455
426.6698842595497,332.63674547847467,101.2019929065654,86.92991698384455
425.9292074489575,331.8960686678825,101.2019929065654,86.92991698384455
425.18853063836536,331.15539185729034,101.2019929065654,86.92991698384455
423.70717701718104,330.4147150466982,101.2019929065654,86.92991698384455
425.6531584378139,325.8379895827592,103.23544455003702,88.67659980580095
422.8437608826081,331.2031745223537,101.29864736297458,87.01294068358064
422.10237667770036,326.75486929290753,101.29864736297458,87.01294068358064
422.10237667770036,327.49625349781525,101.29864736297458,87.01294068358064
420.61960826788504,327.49625349781525,101.29864736297458,87.01294068358064
419.1368398580696,327.49625349781525,101.29864736297458,87.01294068358064
417.6540714482543,326.75486929290753,101.29864736297458,87.01294068358064
418.395455653162,326.0134850879998,101.29864736297458,87.01294068358064
417.6540714482543,326.0134850879998,101.29864736297458,87.01294068358064
416.91268724334657,325.2721008830921,101.29864736297458,87.01294068358064
416.17130303843885,325.2721008830921,101.29864736297458,87.01294068358064
415.42991883353113,325.2721008830921,101.29864736297458,87.01294068358064
416.17130303843885,324.5307166781844,101.29864736297458,87.01294068358064
414.6885346286234,324.5307166781844,101.29864736297458,87.01294068358064
413.2057662188081,324.5307166781844,101.29864736297458,87.01294068358064
412.4643820139004,324.5307166781844,101.29864736297458,87.01294068358064
411.93184409963317,325.3469403089758,99.39818637187818,85.38049342199784
411.2043689823344,325.3469403089758,99.39818637187818,85.38049342199784
410.47689386503566,324.619465191677,99.39818637187818,85.38049342199784
410.47689386503566,323.89199007437827,99.39818637187818,85.38049342199784
409.7494187477369,323.1645149570795,99.39818637187818,85.38049342199784
409.7494187477369,322.43703983978077,99.39818637187818,85.38049342199784
410.6818219964625,326.14785079185526,97.53337987442707,83.77867245623855
408.5403410634231,322.5787159034563,97.53337987442707,83.77867245623855
408.27429894019446,320.30937951526516,99.49311807624393,85.46203732190176
411.3921024038258,324.7519044352292,97.626530567835,83.85868651339666
408.53406748916075,323.3228869778967,97.62653056783502,83.85868651339666
407.8195587604945,322.60837824923044,97.62653056783502,83.85868651339666
407.8195587604945,322.60837824923044,97.62653056783502,83.85868651339666
407.8195587604945,321.8938695205642,97.62653056783502,83.85868651339666
408.9822800071435,320.3368744978411,99.58814044653452,85.54365910151034
409.91646511731733,324.7836423167728,97.71977022618698,83.93877698916054
407.7708917250101,321.92287779369644,97.71977022618698,83.93877698916054
407.7708917250101,321.92287779369644,97.71977022618698,83.93877698916054
407.7708917250101,321.92287779369644,97.71977022618698,83.93877698916054
407.055700594241,321.92287779369644,97.71977022618698,83.93877698916054
409.20127398654824,321.20768666292736,97.71977022618698,83.93877698916054
408.9347234457399,318.9340134783676,99.68325356934176,85.62535883520376
409.66428491189953,319.6635749445272,99.68325356934177,85.62535883520377
408.2051619795803,319.6635749445272,99.68325356934177,85.62535883520377
408.2051619795803,318.9340134783676,99.68325356934177,85.62535883520377
409.66428491189953,318.9340134783676,99.68325356934177,85.62535883520377
409.66428491189953,318.9340134783676,99.68325356934177,85.62535883520377
410.39384637805915,318.9340134783676,99.68325356934177,85.62535883520377
412.78804662782414,322.6554667823505,97.81309893445028,84.01894395651493
411.35629825860394,318.3602216746899,97.81309893445028,84.01894395651493
413.95298988320945,316.8002511696207,99.7784575313402,85.70713659743319
413.42844377084,321.985775191689,97.90651677767333,84.09918748851422
411.99532798921643,319.8361015192537,97.90651677767333,84.09918748851422
411.99532798921643,319.11954362844193,97.90651677767333,84.09918748851422
415.3110575132801,316.84152535971504,99.87375241928711,85.78899246272094
413.11819044774455,316.841525359715,99.87375241928713,85.78899246272096
413.11819044774455,316.841525359715,99.87375241928713,85.78899246272096
413.11819044774455,316.841525359715,99.87375241928713,85.78899246272096
415.3110575132801,316.11056967120317,99.87375241928713,85.78899246272096
415.3110575132801,316.841525359715,99.87375241928713,85.78899246272096
415.3110575132801,316.11056967120317,99.87375241928713,85.78899246272096
418.23488026732747,316.11056967120317,99.87375241928713,85.78899246272096
419.17174455647813,321.30104620449333,98.00002384098579,84.17950765828263
417.02001780648675,318.4320772045049,98.00002384098579,84.17950765828263
416.0354605669683,316.1518832808217,99.96913832002272,85.8709265056605
418.96207576107355,316.1518832808217,99.96913832002272,85.8709265056605
417.70487342070663,319.8840094582501,98.09362020959863,84.25990453901417
416.9869461579168,317.01230040709083,98.09362020959863,84.25990453901417
419.59108491643013,314.72992875055996,100.06461532047008,85.95293880091658
418.126379765868,316.1946339011221,100.06461532047008,85.95293880091658
416.3887280327699,314.59875512617765,102.07521363610428,87.67999120024339
417.1357957683461,313.85168739060146,102.07521363610428,87.67999120024339
416.3887280327699,313.85168739060146,102.07521363610428,87.67999120024339
418.62993123949843,313.85168739060146,102.07521363610428,87.67999120024339
417.1357957683461,313.85168739060146,102.07521363610428,87.67999120024339
418.62993123949843,313.10461965502526,102.07521363610428,87.67999120024339
418.62993123949843,313.85168739060146,102.07521363610428,87.67999120024339
417.88286350392224,313.85168739060146,102.07521363610428,87.67999120024339
420.12406671065077,313.10461965502526,102.07521363610428,87.67999120024339
424.0698527171899,316.91537148583905,100.16018350763534,86.0350294232252
420.40459262012575,315.44926744701337,100.16018350763534,86.0350294232252
419.67154060071294,314.71621542760056,100.16018350763534,86.0350294232252
423.06359343358054,313.1188124850873,102.17270207485426,87.76373126942606
421.7786792857871,316.93320383065907,100.25584296860772,86.11719844739378
421.04492715422805,316.1994516991,100.25584296860772,86.11719844739378
420.771458959403,313.8667710017801,102.27028362137595,87.84755131579726
420.0229635462645,313.1182755886416,102.27028362137597,87.84755131579726
420.0229635462645,313.1182755886416,102.27028362137597,87.84755131579726
420.771458959403,312.36978017550314,102.27028362137597,87.84755131579726
420.771458959403,312.36978017550314,102.27028362137597,87.84755131579726
421.51995437254146,311.62128476236467,102.27028362137597,87.84755131579726
420.771458959403,311.62128476236467,102.27028362137597,87.84755131579726
420.771458959403,310.8727893492262,102.27028362137597,87.84755131579726
421.51995437254146,310.1242939360877,102.27028362137597,87.84755131579726
422.26844978567993,310.1242939360877,102.27028362137597,87.84755131579726
422.26844978567993,310.1242939360877,102.27028362137597,87.84755131579726
422.26844978567993,310.1242939360877,102.27028362137597,87.84755131579726
423.7654406119569,309.37579852294925,102.27028362137597,87.84755131579726
423.0169451988184,309.37579852294925,102.27028362137597,87.84755131579726
423.7654406119569,309.37579852294925,102.27028362137597,87.84755131579726
423.7654406119569,308.6273031098108,102.27028362137597,87.84755131579726
423.7654406119569,307.8788076966723,102.27028362137597,87.84755131579726
424.51393602509535,307.8788076966723,102.27028362137597,87.84755131579726
423.0169451988184,307.13031228353384,102.27028362137597,87.84755131579726
424.51393602509535,305.6333214572569,102.27028362137597,87.84755131579726
423.7654406119569,305.6333214572569,102.27028362137597,87.84755131579726
425.2624314382338,304.8848260441184,102.27028362137597,87.84755131579726
425.2624314382338,304.8848260441184,102.27028362137597,87.84755131579726
426.75942226451076,304.13633063097996,102.27028362137597,87.84755131579726
425.2624314382338,303.3878352178415,102.27028362137597,87.84755131579726
426.75942226451076,303.3878352178415,102.27028362137597,87.84755131579726
426.0109268513723,301.89084439156454,102.27028362137597,87.84755131579726
425.2624314382338,301.14234897842607,102.27028362137597,87.84755131579726
427.50791767764923,301.14234897842607,102.27028362137597,87.84755131579726
426.0109268513723,300.3938535652876,102.27028362137597,87.84755131579726
426.0109268513723,300.3938535652876,102.27028362137597,87.84755131579726
426.75942226451076,298.89686273901066,102.27028362137597,87.84755131579726
426.0109268513723,297.3998719127337,102.27028362137597,87.84755131579726
428.2564130907877,297.3998719127337,102.27028362137597,87.84755131579726
426.75942226451076,296.65137649959524,102.27028362137597,87.84755131579726
428.72594551266246,291.27784359647023,104.32520043018027,89.61267216438559
428.17749668250656,298.22673342259014,102.36795836459333,87.9314514157404
425.92986585832944,293.7314717742358,102.36795836459333,87.9314514157404
429.3966878129739,289.85122734868463,104.4248377520131,89.69825806903687
425.57536702909493,290.6154915054604,104.42483775201312,89.69825806903688
429.8761119940499,287.4215454854425,106.52304601696432,91.50056516841804
425.1983888951826,286.6419249689646,106.52304601696432,91.50056516841804
429.09649147757193,284.30306341953093,106.52304601696432,91.50056516841804
425.9780094116604,285.08268393600883,106.52304601696432,91.50056516841804
424.4187683787047,285.86230445248674,106.52304601696432,91.50056516841804
429.3161088526062,286.7206241798112,104.52457023394018,89.7839257137691
427.2366237568213,288.3278350741096,102.56358779723566,88.09949208224084
431.74047603743884,283.07334074672247,102.56358779723566,88.09949208224084
428.73790785036044,283.07334074672247,102.56358779723566,88.09949208224084
425.73533966328205,285.32526688703126,102.56358779723566,88.09949208224084
431.7404760374388,280.0707725596441,102.56358779723566,88.09949208224084
428.7379078503604,280.0707725596441,102.56358779723566,88.09949208224084
427.2366237568212,281.5720566531833,102.56358779723566,88.09949208224084
432.4911180842083,276.3175623257962,102.56358779723566,88.09949208224084
430.2391919438995,276.3175623257962,102.56358779723566,88.09949208224084
427.23662375682113,277.8188464193354,102.56358779723566,88.09949208224084
432.49111808420827,273.31499413871785,102.56358779723566,88.09949208224084
430.98983399066907,273.31499413871785,102.56358779723566,88.09949208224084
429.4885498971299,274.06563618548745,102.56358779723566,88.09949208224084
434.9544984287324,274.14141014917936,100.63939529526567,86.44666006131791
432.7448206095601,271.19517305694967,100.63939529526567,86.44666006131791
429.7985835173305,270.45861378389225,100.63939529526567,86.44666006131791
434.9544984287324,268.9854952377774,100.63939529526567,86.44666006131791
432.7448206095601,268.24893596472,100.63939529526567,86.44666006131791
430.53514279038785,267.51237669166255,100.63939529526567,86.44666006131791
436.4276169748472,266.0392581455477,100.63939529526567,86.44666006131791
433.48137988261755,263.82958032637544,100.63939529526567,86.44666006131791
432.0082613365027,263.82958032637544,100.63939529526567,86.44666006131791
434.95449842873234,263.82958032637544,100.63939529526567,86.44666006131791
431.7337469247262,262.224534683012,102.66154266493345,88.18363280192997
429.199639819281,261.3385978160674,104.72432104169995,89.95550653581915
434.7807408817029,260.64951211508014,102.75959108587281,88.26785388145481
430.7400604299007,259.01065256607063,104.82433954956126,90.04141986949489
435.5593037760242,259.85528480203595,102.85773314940316,88.35215539756422
432.2675590495415,256.7092703624371,104.92445358157413,90.12741525596748
428.42795533226706,255.94134961898217,104.92445358157414,90.12741525596749
435.339242023361,255.94134961898217,104.92445358157416,90.1274152559675
432.26755904954143,255.17342887552726,104.92445358157416,90.1274152559675
434.5713212799061,252.1017459017077,104.92445358157416,90.1274152559675
431.98135627008907,252.73212231124836,107.03270062738872,91.93834541070567
435.60615569295476,250.24176257417346,109.18330868109484,93.78566258504299
434.2330768257202,252.71969850085492,107.13492378723001,92.02615248390269
432.88575825137025,253.58294849238575,105.12496858306865,90.29965250084102
434.1377850704521,248.8288116736166,107.23724457680825,92.11404341854043
435.14372249121857,252.83227648691926,105.2253697352753,90.38589451619801
431.7762065513605,248.84372224724538,107.33966308936618,92.20201829471198
428.6338178681466,248.84372224724538,107.33966308936618,92.20201829471199
431.7762065513605,246.486930734835,107.33966308936618,92.20201829471199
428.6338178681466,247.27252790563844,107.33966308936618,92.20201829471199
430.2050122097536,247.27252790563844,107.33966308936618,92.20201829471199
427.0626235265397,247.27252790563844,107.33966308936618,92.20201829471199
425.4914291849328,247.27252790563844,107.33966308936618,92.20201829471199
431.2119103658948,251.2798162870762,105.32586677708362,90.47221889826415
428.89933455083167,247.4255232619709,105.32586677708363,90.47221889826415
426.5867587357685,248.19638186699194,105.32586677708365,90.47221889826415
425.0450415257264,248.19638186699194,105.32586677708365,90.47221889826415
426.5867587357685,247.4255232619709,105.32586677708365,90.47221889826415
425.0450415257264,247.4255232619709,105.32586677708365,90.47221889826415
423.50332431568427,247.4255232619709,105.32586677708365,90.47221889826415
424.2741829207053,246.65466465694988,105.32586677708365,90.47221889826415
423.50332431568427,247.4255232619709,105.32586677708365,90.47221889826415
421.1907485006211,246.65466465694988,105.32586677708365,90.47221889826415
423.50332431568427,247.4255232619709,105.32586677708365,90.47221889826415
421.1907485006211,246.65466465694988,105.32586677708365,90.47221889826415
420.4198898956001,247.4255232619709,105.32586677708365,90.47221889826415
420.4198898956001,246.65466465694988,105.32586677708365,90.47221889826415
419.64903129057905,247.4255232619709,105.32586677708365,90.47221889826415
418.1073140805369,246.65466465694988,105.32586677708365,90.47221889826415
418.1073140805369,246.65466465694988,105.32586677708365,90.47221889826415
417.3364554755159,246.65466465694988,105.32586677708365,90.47221889826415
416.56559687049486,246.65466465694988,105.32586677708365,90.47221889826415
415.7947382654738,246.65466465694988,105.32586677708365,90.47221889826415
414.2530210554317,246.65466465694988,105.32586677708365,90.47221889826415
412.7113038453896,246.65466465694988,105.32586677708365,90.47221889826415
412.7113038453896,246.65466465694988,105.32586677708365,90.47221889826415
411.16958663534746,246.65466465694988,105.32586677708365,90.47221889826415
409.62786942530533,246.65466465694988,105.32586677708365,90.47221889826415
408.8570108202843,246.65466465694988,105.32586677708365,90.47221889826415
407.3152936102422,246.65466465694988,105.32586677708365,90.47221889826415
406.54443500522115,246.65466465694988,105.32586677708365,90.47221889826415
405.7735764002001,246.65466465694988,105.32586677708365,90.47221889826415
405.0027177951791,246.65466465694988,105.32586677708365,90.47221889826415
403.46100058513696,247.4255232619709,105.32586677708365,90.47221889826415
401.91928337509484,246.65466465694988,105.32586677708365,90.47221889826415
398.5485512394557,245.74573550978846,107.44217941823558,92.29007719258698
395.89643844998693,245.60489071624488,109.6010151292862,94.14446171361763
394.2921433567357,245.60489071624488,109.6010151292862,94.14446171361763
392.6878482634845,244.80274316961925,109.6010151292862,94.14446171361763
392.6878482634845,245.60489071624488,109.6010151292862,94.14446171361763
391.0835531702333,245.60489071624488,109.6010151292862,94.14446171361763
390.28140562360767,245.60489071624488,109.6010151292862,94.14446171361763
389.47925807698203,246.40703826287051,109.6010151292862,94.14446171361763
387.0728154371052,246.40703826287051,109.6010151292862,94.14446171361763
385.468520343854,246.40703826287051,109.6010151292862,94.14446171361763
383.8642252506028,247.20918580949615,109.6010151292862,94.14446171361763
383.06207770397714,247.20918580949615,109.6010151292862,94.14446171361763
381.4577826107259,247.20918580949615,109.6010151292862,94.14446171361763
379.8534875174747,247.20918580949615,109.6010151292862,94.14446171361763
379.0513399708491,247.20918580949615,109.6010151292862,94.14446171361763
377.1480858257271,246.26336347489027,111.80322832627894,96.03610638282935
376.32982072844715,247.08162857217022,111.80322832627895,96.03610638282936
374.69329053388725,247.08162857217022,111.80322832627895,96.03610638282937
373.05676033932735,247.08162857217022,111.80322832627895,96.03610638282937
371.42023014476746,247.08162857217022,111.80322832627895,96.03610638282937
370.6019650474875,247.08162857217022,111.80322832627895,96.03610638282937
368.9654348529276,247.89989366945017,111.80322832627895,96.03610638282937
367.3289046583677,247.08162857217022,111.80322832627895,96.03610638282937
364.56914333042783,246.11680182939511,114.04969059303887,97.96575986837956
362.8997303346686,246.11680182939511,114.04969059303889,97.96575986837956
362.065023836789,246.11680182939511,114.04969059303889,97.96575986837956
360.3956108410298,246.11680182939511,114.04969059303889,97.96575986837956
358.7261978452706,246.11680182939511,114.04969059303889,97.96575986837956
361.2303173389094,246.11680182939511,114.04969059303889,97.96575986837956
358.7261978452706,246.95150832727472,114.04969059303889,97.96575986837956
357.05678484951136,247.78621482515433,114.04969059303889,97.96575986837956
355.38737185375214,248.62092132303394,114.04969059303889,97.96575986837956
353.7179588579929,247.78621482515433,114.04969059303889,97.96575986837956
354.55266535587253,247.78621482515433,114.04969059303889,97.96575986837956
352.8832523601133,248.62092132303394,114.04969059303889,97.96575986837956
351.2138393643541,248.62092132303394,114.04969059303889,97.96575986837956
350.3791328664745,249.45562782091355,114.04969059303889,97.96575986837956
349.5444263685949,249.45562782091355,114.04969059303889,97.96575986837956
347.87501337283567,249.45562782091355,114.04969059303889,97.96575986837956
348.7097198707153,249.45562782091355,114.04969059303889,97.96575986837956
347.87501337283567,250.29033431879316,114.04969059303889,97.96575986837956
347.04030687495606,250.29033431879316,114.04969059303889,97.96575986837956
345.37089387919684,249.45562782091355,114.04969059303889,97.96575986837956
343.39038716477427,249.30612131227548,116.34129102612482,99.93418588141492
340.5186078733973,249.15361076935935,118.67893658671275,101.9421634783302
339.6500208652672,247.4164367530992,118.67893658671275,101.9421634783302
339.6500208652672,248.28502376122927,118.67893658671275,101.9421634783302
337.91284684900705,249.15361076935935,118.67893658671275,101.9421634783302
334.1147778881984,247.26086181584424,121.06355245954957,103.9904873691003
331.12643385464463,246.21612138449055,123.4960824191193,106.07996823180763
336.80410066397627,247.21120299125138,121.17917599143736,104.08980501828597
333.2565576559491,246.3243172392446,121.17917599143738,104.08980501828599
332.3696719039423,247.21120299125138,121.17917599143739,104.08980501828599
331.4827861519355,246.3243172392446,121.17917599143739,104.08980501828599
329.70901464792195,247.21120299125138,121.17917599143739,104.08980501828599
329.70901464792195,245.43743148723783,121.17917599143739,104.08980501828599
328.82212889591517,246.3243172392446,121.17917599143739,104.08980501828599
327.9352431439084,244.55054573523105,121.17917599143739,104.08980501828599
325.8309308003037,243.50480750911484,123.61402917463334,106.1812814705184
322.779630561357,243.34276321224314,126.09780586283925,108.31478195910553
327.65402602040206,243.43592425280622,123.73208857693633,106.28269146993252
322.78867159177577,241.462585192769,126.21823743271273,108.41822958963786
321.86490597357755,241.462585192769,126.21823743271274,108.41822958963786
321.86490597357755,241.462585192769,126.21823743271274,108.41822958963786
320.94114035537933,242.38635081096723,126.21823743271274,108.41822958963786
317.8255575966151,241.29712706739494,128.75434047744824,110.59667707678246
314.6473734334791,240.18601755114304,131.3414014406616,112.81889610928624
312.3665910299293,238.09132149740492,133.98044421980882,115.08576618881014
318.52627080555715,239.1708818615654,131.46684098385307,112.92664546048918
315.91077728280004,240.23018862498162,129.00039538545104,110.8080319336567
311.78239181072814,239.11695573216014,131.5924003299309,113.03449771929967
310.8192937869123,238.15385770834428,131.5924003299309,113.03449771929967
317.83228253663725,240.17727420212927,129.12359911627144,110.9138607793614
312.7549248194442,236.22788999080586,131.71807959331468,113.1424529840011
309.5035834432248,234.12718649210953,134.36469096658317,115.41582429180863
307.17030072008106,231.98427355801388,137.0644807021747,117.73487444930394
304.79013534718115,230.80145014185894,139.81851731292352,120.10052128161382
303.76683204562784,230.80145014185894,139.81851731292352,120.10052128161382
302.7435287440745,229.77814684030562,139.81851731292352,120.10052128161382
307.125004226871,231.92805134359168,137.19538615665036,117.8473188781484
308.41196356115927,234.03762155072033,134.62146748807373,115.63638873975566
305.45616210964954,231.08182009921055,134.62146748807373,115.63638873975566
302.13315323552405,228.93481196923332,137.3264166343116,117.95987069870357
307.441598192745,230.04133282915353,134.75003970673626,115.74682897886319
303.1292074855368,225.91985787852292,137.4575722545637,118.0725300135355
305.42465027739973,229.03948358687052,134.87873472019308,115.85737469555048
302.4632001661902,227.06518351273078,134.87873472019308,115.85737469555049
300.1209909207539,224.9140723607821,137.58885313692593,118.1852969253082
299.1140060779892,224.9140723607821,137.58885313692593,118.18529692530821
306.4465653801798,226.02270782815845,135.0075526457212,115.96802599055545
306.72490894460543,228.09863704689744,132.47467985831648,113.79235321163087
302.4853363284882,223.0772011771293,135.13649360070963,116.07878296471218
299.1496145017064,219.93294264025207,137.8517911666287,118.41115395082215
303.46945893192867,222.0526059889334,135.26555770265944,116.18964571895114
303.74833442250053,224.13250239488366,132.72784448984942,114.0098151387169
304.9933860468397,224.23056170701653,130.23774124117105,111.87088029690344
304.0402024974772,222.32419460829152,130.23774124117105,111.87088029690344
300.82540193137277,220.24710026002617,132.8546081759299,114.11870189470912
298.5183422439135,219.10060672144098,135.5240558180089,116.41168897187951
298.5183422439135,219.10060672144098,135.5240558180089,116.41168897187953
300.78149669913216,219.2007318740949,132.981492929539,114.2276926446041
296.5257046000123,217.07987884980645,135.65349006697224,116.52286967291215
294.17004149811794,214.916411525701,138.3791756428879,118.86416369324999
295.18281055062243,214.916411525701,138.3791756428879,118.86416369324999
294.17004149811794,214.916411525701,138.3791756428879,118.86416369324999
293.15727244561344,214.916411525701,138.3791756428879,118.86416369324999
293.15727244561344,213.9036424731965,138.3791756428879,118.86416369324999
293.15727244561344,213.9036424731965,138.3791756428879,118.86416369324999
293.15727244561344,212.890873420692,138.3791756428879,118.86416369324999
293.15727244561344,212.890873420692,138.3791756428879,118.86416369324999
292.14450339310895,212.890873420692,138.3791756428879,118.86416369324999
290.7542770050127,211.69670460014777,141.15962841908043,121.25250133433848
289.7211583839363,210.66358597907134,141.15962841908043,121.25250133433848
289.7211583839363,210.66358597907134,141.15962841908043,121.25250133433848
289.7211583839363,209.63046735799492,141.15962841908043,121.25250133433848
289.3361167981004,208.4123041033395,143.99594883290501,123.68882784364934
290.6868687121525,209.57256536284575,141.29444500480085,121.3683053246368
294.0804898411577,210.7110589944461,138.64362401182098,119.09131806143613
290.6581976798201,207.48519907483904,141.4293903490905,121.48421991524457
289.237327309678,206.26470785946054,144.2711310893748,123.92520234600158
287.7879073911886,203.96380223757419,147.1699709263536,126.4152314367398
285.6336931993532,203.96380223757419,147.1699709263536,126.41523143673982
286.71080029527093,203.96380223757419,147.1699709263536,126.41523143673982
286.71080029527093,203.96380223757419,147.1699709263536,126.41523143673982
287.78790739118864,202.88669514165647,147.1699709263536,126.41523143673982
286.71080029527093,202.88669514165647,147.1699709263536,126.41523143673982
287.78790739118864,202.88669514165647,147.1699709263536,126.41523143673982
287.78790739118864,201.80958804573876,147.1699709263536,126.41523143673982
288.86501448710635,201.80958804573876,147.1699709263536,126.41523143673982
289.94212158302406,201.80958804573876,147.1699709263536,126.41523143673982
291.0192286789418,201.80958804573876,147.1699709263536,126.41523143673982
292.0963357748595,200.73248094982105,147.1699709263536,126.41523143673982
293.1734428707772,200.73248094982105,147.1699709263536,126.41523143673982
294.2505499666949,200.73248094982105,147.1699709263536,126.41523143673982
295.3276570626126,200.73248094982105,147.1699709263536,126.41523143673982
296.0033281415364,199.46245032719185,150.12705715217683,128.95529268199823
297.10207755033235,198.36370091839586,150.12705715217683,128.95529268199823
298.20082695912834,198.36370091839586,150.12705715217683,128.95529268199823
298.20082695912834,198.36370091839586,150.12705715217683,128.95529268199823
298.20082695912834,198.36370091839586,150.12705715217683,128.95529268199823
298.20082695912834,198.36370091839586,150.12705715217683,128.95529268199823
299.2995763679243,197.26495150959988,150.12705715217683,128.95529268199823
300.3983257767203,197.26495150959988,150.12705715217683,128.95529268199823
300.3983257767203,197.26495150959988,150.12705715217683,128.95529268199823
300.3983257767203,196.1662021008039,150.12705715217683,128.95529268199823
302.5958245943122,196.1662021008039,150.12705715217683,128.95529268199823
303.6945740031082,196.1662021008039,150.12705715217683,128.95529268199823
304.79332341190417,195.06745269200792,150.12705715217683,128.95529268199823
305.89207282070015,195.06745269200792,150.12705715217683,128.95529268199823
305.89207282070015,193.96870328321194,150.12705715217683,128.95529268199823
308.08957163829206,192.86995387441596,150.12705715217683,128.95529268199823
306.9908222294961,192.86995387441596,150.12705715217683,128.95529268199823
306.9908222294961,192.86995387441596,150.12705715217683,128.95529268199823
308.08957163829206,191.77120446561997,150.12705715217683,128.95529268199823
309.18832104708804,190.67245505682402,150.12705715217683,128.95529268199823
310.59658573399685,191.88211831352774,147.31052777835922,126.53596616859078
312.35103792549376,189.53273892647425,150.27043821300978,129.07845333681627
310.15144035423526,189.53273892647425,150.2704382130098,129.07845333681627
319.2596415245148,191.8433562755473,147.45121887126004,126.65681620992865
313.8638140622867,188.60585979821045,147.45121887126004,126.65681620992865
313.4616108843422,186.2542366017118,150.41395621204026,129.20173161803476
314.1521754026286,183.85536224032586,153.4362238342088,131.7977820114359
313.02920687567723,183.85536224032586,153.43622383420882,131.7977820114359
321.2063243144632,187.33762648094927,150.55761128005312,129.32512763799448
316.7987221267774,185.13382538710638,150.55761128005315,129.3251276379945
318.5918467258167,182.73265994536982,153.58276536350326,131.92365742762473
317.46780569120597,183.85670097998056,153.58276536350326,131.92365742762473
324.5286917720323,186.21824997383186,150.7014035479581,129.44864150914364
321.21983297214524,184.0123441072405,150.70140354795814,129.44864150914364
329.2512029068815,187.43254108206864,147.87409887803366,127.02005929267006
326.0044215111645,185.26802015159066,147.87409887803366,127.02005929267007
326.68332530726434,181.82739219542887,150.84533314678998,129.57227334403768
325.5793189824973,181.82739219542887,150.84533314678998,129.57227334403768
332.5143530708135,184.14684935507066,148.01532821782786,127.14137167428817
328.8607288877462,180.70293537641803,150.98940020770868,129.69602325533964
331.07085033233705,180.70293537641803,150.98940020770868,129.69602325533964
329.9657896100416,180.70293537641803,150.98940020770868,129.69602325533964
330.65899604544575,178.29488355648778,154.02323022608218,132.3020054506092
329.53173133805717,177.16761884909926,154.02323022608218,132.3020054506092
332.91352546022284,174.91308943432216,154.02323022608218,132.3020054506092
335.16805487499994,173.78582472693358,154.02323022608218,132.3020054506092
336.61286755704134,177.28141118910523,151.1336048619994,129.81989135582012
336.2006199226371,173.76494339691536,154.1703323844916,132.4283624328326
335.78008899651473,171.30616053555548,157.26807687309318,135.08924551919552
335.78008899651473,170.15514745527088,157.26807687309318,135.08924551919552
338.08211515708393,169.00413437498628,157.26807687309318,135.08924551919552
339.5573660761367,172.57336324807517,154.3175750349876,132.55484009415613
340.2658524729504,168.98281313266654,157.41827807016563,135.21826449616802
340.2658524729504,167.83070076035813,157.41827807016563,135.21826449616802
346.3509618413921,171.40333847814088,154.46495831174937,132.6814385498361
344.0899665905134,168.01184560182293,154.4649583117494,132.6814385498361
345.9296272631524,165.5483639039927,157.5686227191074,135.34740669461794
347.08283997737965,165.5483639039927,157.5686227191074,135.34740669461794
348.2360526916069,165.5483639039927,157.5686227191074,135.34740669461794
345.49982680923216,164.18859618263522,160.73464905540243,138.0669421373329
351.7131327276482,166.660115352481,157.7191109569242,135.4766722322298
349.40450451356037,165.5058012454371,157.7191109569242,135.4766722322298
351.7131327276482,165.5058012454371,157.7191109569242,135.4766722322298
352.8674468346921,164.35148713839317,157.7191109569242,135.4766722322298
354.021760941736,164.35148713839317,157.7191109569242,135.4766722322298
356.3303891558238,164.35148713839317,157.7191109569242,135.4766722322298
355.1760750487799,164.35148713839317,157.7191109569242,135.4766722322298
356.3303891558238,164.35148713839317,157.7191109569242,135.4766722322298
357.4847032628677,163.19717303134928,157.7191109569242,135.4766722322298
358.2088064287268,161.83610664376818,160.88816105338168,138.198805007392
358.2088064287268,163.0136143841649,160.88816105338168,138.198805007392
358.2088064287268,163.0136143841649,160.88816105338168,138.198805007392
358.2088064287268,163.0136143841649,160.88816105338168,138.198805007392
359.38631416912347,163.0136143841649,160.88816105338168,138.198805007392
360.56382190952024,163.0136143841649,160.88816105338168,138.198805007392
360.12496673989415,160.4476923492614,164.1208868734273,140.97563359640554
358.47612624992024,159.0313806463351,167.4185678533751,143.80825700225813
360.92673117004335,160.25668310639665,167.4185678533751,143.80825700225813
362.1520336301049,161.4819855664582,167.4185678533751,143.80825700225813
363.3773360901664,162.70728802651976,167.4185678533751,143.80825700225813
359.24476052810434,160.037215912485,170.78250913725296,146.69779631020452
362.0967058458156,165.16307985487023,167.57846342661355,143.94560319978348
357.96018340649306,162.49045764907007,170.9456174922445,146.83790220487674
357.96018340649306,162.49045764907007,170.9456174922445,146.83790220487674
359.21129962577305,163.74157386835006,170.9456174922445,146.83790220487674
359.21129962577305,164.99269008763005,170.9456174922445,146.83790220487674
359.21129962577305,166.24380630691005,170.9456174922445,146.83790220487674
357.96018340649306,166.24380630691005,170.9456174922445,146.83790220487674
357.96018340649306,166.24380630691005,170.9456174922445,146.83790220487674
357.96018340649306,167.49492252619004,170.9456174922445,146.83790220487674
357.96018340649306,168.74603874547003,170.9456174922445,146.83790220487674
356.70906718721307,169.99715496475002,170.9456174922445,146.83790220487674
355.4579509679331,171.24827118403002,170.9456174922445,146.83790220487674
354.2068347486531,171.24827118403002,170.9456174922445,146.83790220487674
351.7046023100931,172.49938740331,170.9456174922445,146.83790220487674
350.4534860908131,173.75050362259,170.9456174922445,146.83790220487674
349.2023698715331,175.00161984187,170.9456174922445,146.83790220487674
349.2023698715331,176.25273606115,170.9456174922445,146.83790220487674
346.7001374329731,177.50385228042998,170.9456174922445,146.83790220487674
350.45348609081316,177.50385228042998,170.9456174922445,146.83790220487674
355.8103876395363,183.88572797407784,167.73851171047824,144.0830805718211
352.12745544722577,183.8857279740778,167.73851171047824,144.08308057182114
347.9869823611193,183.66584136921654,171.10888162627688,146.97814190975075
354.60131121398325,186.29687881854989,167.8987128508177,144.2206892436512
352.1436781266252,187.52569536222887,167.8987128508177,144.22068924365124
348.4572284955882,188.75451190590786,167.8987128508177,144.22068924365124
347.2284119519092,189.98332844958685,167.8987128508177,144.22068924365124
347.2284119519092,191.21214499326584,167.8987128508177,144.22068924365124
348.4572284955882,192.44096153694483,167.8987128508177,144.22068924365124
345.99959540823016,194.89859462430286,167.8987128508177,144.22068924365124
357.40509920365264,199.93790434356242,164.74876995883687,141.51496906720615
350.926899677977,197.31041145475768,168.05906699361978,144.35842934067352
345.5485238322804,197.090104637435,171.4358778267226,147.25902326141568
352.1754929431065,199.72617010893168,168.21957428501173,144.49630098840763
348.481998353263,200.9573349722128,168.21957428501173,144.49630098840765
354.98463908841796,204.77511015898062,165.0636117209513,141.78541006799676
349.702126468512,202.14259602181536,168.38023487126037,144.63430431249304
343.0811316170865,201.92186818898773,171.7634989305286,147.54044138904396
339.30982523535926,203.17897031623016,171.7634989305286,147.54044138904396
349.7207651419343,205.82007341865003,168.5410488987722,144.7724394386891
344.32696448231303,203.13209943520934,171.92754419429525,147.6813520643307
356.00615025181935,205.77572496211263,168.7020165140936,144.91070649287545
349.83267145246964,205.77572496211263,168.7020165140936,144.91070649287545
346.12858417285975,205.77572496211263,168.7020165140936,144.91070649287545
344.8938884129898,207.0104207219826,168.7020165140936,144.91070649287545
357.58865707619736,210.83914502676515,165.5370028653376,142.19204092279017
351.53099873391136,212.05067669522236,165.53700286533763,142.19204092279017
345.47334039162536,212.05067669522236,165.53700286533763,142.19204092279017
353.0838161935627,213.38450707723058,162.4313679460349,139.52438015877374
349.51740971988386,213.38450707723058,162.43136794603492,139.52438015877374
355.4614205093486,213.38450707723058,162.43136794603492,139.52438015877374
353.0838161935627,213.38450707723058,162.43136794603492,139.52438015877374
353.0838161935627,214.57330923512353,162.43136794603492,139.52438015877374
354.27261835145566,214.57330923512353,162.43136794603492,139.52438015877374
356.65022266724156,214.57330923512353,162.43136794603492,139.52438015877374
362.9291163950504,219.44852213762135,159.3839977535609,136.9067673011358
360.5961182450134,219.44852213762135,159.3839977535609,136.9067673011358
357.82836783656376,216.906589224912,162.5865004204232,139.65763497651753
355.0050050191572,214.31358125418762,165.85335097337077,142.4637758361007
357.4326989310428,213.0997342982448,165.85335097337077,142.4637758361007
358.6465458869856,213.0997342982448,165.85335097337077,142.4637758361007
358.6465458869856,213.0997342982448,165.85335097337077,142.4637758361007
362.63002475737164,218.07765455350307,162.74178105636992,139.79101706124098
359.8039654456518,214.2910960839232,166.01175166313556,142.5998379670525
361.01897170403834,213.07608982553666,166.01175166313556,142.5998379670525
362.2339779624249,213.07608982553666,166.01175166313556,142.5998379670525
363.7912487963032,219.27377057536302,162.89720999537892,139.92452653449232
363.7912487963032,216.88934745308057,162.89720999537892,139.92452653449232
363.7912487963032,218.0815590142218,162.89720999537892,139.92452653449232
367.7037268394247,224.16296525489196,159.8411001537009,137.29940654228173
365.36403781032243,225.3328097694431,159.8411001537009,137.29940654228173
367.7037268394247,226.50265428399422,159.8411001537009,137.29940654228173
366.5338823248735,227.67249879854535,159.8411001537009,137.29940654228173
370.3729584806743,231.30012292365785,156.8423259003038,134.72353635026113
370.3729584806743,230.1522258281832,156.8423259003038,134.72353635026113
369.22506138519964,231.30012292365785,156.8423259003038,134.72353635026113
370.3729584806743,232.4480200191325,156.8423259003038,134.72353635026113
369.22506138519964,234.74381421008184,156.8423259003038,134.72353635026113
370.3729584806743,235.8917113055565,156.8423259003038,134.72353635026113
371.52085557614896,238.18750549650582,156.8423259003038,134.72353635026113
371.52085557614896,238.18750549650582,156.8423259003038,134.72353635026113
377.26034105352227,240.48329968745514,156.8423259003038,134.72353635026113
374.14000983983783,253.22604282515505,153.8998115638754,132.1959919843547
371.4674939516691,253.0242972229765,156.99212047762836,134.85220605129635
376.0634675977939,255.32228404603887,156.99212047762836,134.85220605129635
376.0634675977939,256.47127745757007,156.99212047762836,134.85220605129635
379.5104478323874,257.62027086910126,156.99212047762836,134.85220605129635
376.7842330824777,256.26547818100687,160.14656315438535,137.56179142748505
376.7842330824777,257.437558317156,160.14656315438538,137.56179142748505
377.9563132186268,258.609638453305,160.14656315438538,137.56179142748505
374.7702451919861,271.6208362084246,157.14205811847404,134.98099864022785
372.79404167001326,274.03711428730327,154.1939205145763,132.4486240317516
379.56512539945413,274.03711428730327,154.1939205145763,132.4486240317516
378.43661144454734,274.03711428730327,154.1939205145763,132.4486240317516
382.9506672641745,274.03711428730327,154.1939205145763,132.4486240317516
379.88302528436964,285.43617228233745,151.3010928349317,129.96375923000556
381.685004666994,283.02314943796966,154.34118569326398,132.5751210442141
381.685004666994,284.1527411967786,154.34118569326398,132.5751210442141
380.5554129081851,285.28233295558755,154.34118569326398,132.5751210442141
379.42582114937613,285.28233295558755,154.34118569326398,132.5751210442141
381.68500466699413,285.28233295558755,154.34118569326398,132.5751210442141
382.8145964258031,285.28233295558755,154.34118569326398,132.5751210442141
381.68500466699413,286.4119247143965,154.34118569326398,132.5751210442141
386.20337170223,287.54151647320543,154.34118569326398,132.5751210442141
381.68500466699413,289.80069999082343,154.34118569326398,132.5751210442141
383.944188184612,289.80069999082343,154.34118569326398,132.5751210442141
383.944188184612,289.80069999082343,154.34118569326398,132.5751210442141
386.20337170223,290.9302917496324,154.34118569326398,132.5751210442141
385.0737799434211,292.0598835084413,154.34118569326398,132.5751210442141
386.20337170223,293.18947526725026,154.34118569326398,132.5751210442141
385.0737799434211,294.3190670260592,154.34118569326398,132.5751210442141
389.9103504785476,298.95146130675374,151.44559517586458,130.08788303567871
386.585151916994,297.84306178623586,151.44559517586458,130.08788303567871
384.36835287595824,300.0598608272716,151.44559517586458,130.08788303567871
391.01874999906556,297.84306178623586,151.44559517586458,130.08788303567871
387.6935514375119,300.0598608272716,151.44559517586458,130.08788303567871
390.22258417178733,304.6053468929503,148.60432874834953,127.64730802742861
388.04737443339536,304.6053468929503,148.60432874834953,127.64730802742861
391.3101890409833,303.51774202375435,148.60432874834953,127.64730802742861
389.1349793025913,304.6053468929503,148.60432874834953,127.64730802742861
392.39779391017925,304.6053468929503,148.60432874834953,127.64730802742861
391.3101890409833,305.69295176214627,148.60432874834953,127.64730802742861
391.3101890409833,307.86816150053824,148.60432874834953,127.64730802742861
389.1349793025913,308.9557663697342,148.60432874834953,127.64730802742861
393.4853987793752,307.86816150053824,148.60432874834953,127.64730802742861
391.31018904098323,310.0433712389302,148.60432874834953,127.64730802742861
390.2225841717873,312.2185809773222,148.60432874834953,127.64730802742861
386.95976956419935,312.2185809773222,148.60432874834953,127.64730802742861
395.6606085177672,310.0433712389302,148.60432874834953,127.64730802742861
394.5730036485712,313.30618584651813,148.60432874834953,127.64730802742861
396.7482133869632,314.3937907157141,148.60432874834953,127.64730802742861
390.904840521409,314.1989869048125,151.59023552589014,130.21212538762376
397.1480960170273,311.781352673273,154.63613812831184,132.8284776230373
392.6210941941714,314.04485358470095,154.63613812831184,132.82847762303732
390.35759328274344,315.17660404041493,154.63613812831184,132.82847762303732
394.8845951055993,316.3083544961289,154.63613812831184,132.82847762303732
392.62109419417135,317.4401049518429,154.63613812831184,132.82847762303732
392.62109419417135,318.5718554075569,154.63613812831184,132.82847762303732
391.48934373845736,319.70360586327087,154.63613812831184,132.82847762303732
390.3575932827434,319.70360586327087,154.63613812831184,132.82847762303732
394.88459510559926,317.4401049518429,154.63613812831184,132.82847762303732
391.48934373845736,317.4401049518429,154.63613812831184,132.82847762303732
401.9939094399171,319.8178510195455,151.73501401681588,130.33648639906002
398.66235628539886,317.59681558320005,151.73501401681588,130.33648639906002
394.5331157975416,319.92995282575015,148.88831781080293,127.89124735030529
401.37817714501597,321.1296348206193,146.09502838991364,125.49188336056704
397.1012179048509,320.060395010578,146.09502838991364,125.49188336056704
394.96273828476836,318.99115520053675,146.09502838991364,125.49188336056704
398.17045771489217,317.9219153904955,146.09502838991364,125.49188336056704
397.1012179048509,316.8526755804542,146.09502838991364,125.49188336056704
397.4024203942674,318.0298503761423,143.3541437909981,123.1375337691909
403.993051029983,319.1849402295617,140.66468084870817,120.8273540623521
402.22406543160923,320.31835947567504,138.02567484283227,118.56051557012538
400.2037017275702,319.3081776236555,138.02567484283227,118.56051557012538
404.24442913564826,316.277632067597,138.02567484283227,118.56051557012538
401.2138835795897,316.277632067597,138.02567484283227,118.56051557012538
401.4984495728629,318.3999691200603,135.4361791522468,116.33620516923787
406.45459887052994,314.43504968192667,135.4361791522468,116.33620516923787
403.4809092919297,315.4262795414601,135.4361791522468,116.33620516923787
402.7689066913065,318.5000293494463,132.8952649153597,114.15362499139894
401.7962732664767,317.52739592461654,132.8952649153597,114.15362499139894
400.8236398416469,316.55476249978676,132.8952649153597,114.15362499139894
406.6594403906255,312.66422880046775,132.8952649153597,114.15362499139894
403.37904126199385,311.51738440699165,135.56552947330403,116.44731377835112
401.6741821045474,315.5862463933155,133.0221884987876,114.26264909511265
400.7006197518155,314.6126840405836,133.0221884987876,114.26264909511266
404.59486916274307,311.69199698238793,133.0221884987876,114.26264909511266
402.92199481860257,315.68452316675916,130.52656307067733,112.1189708427615
401.96669744099063,316.6398205443711,130.52656307067733,112.11897084276151
408.6537790842744,310.90803627869934,130.52656307067733,112.11897084276153
405.7878869514385,311.8633336563113,130.52656307067733,112.11897084276153
404.14639735444723,313.8703614172769,128.07775799898815,110.01551007605414
405.6717893721951,309.9529653818131,130.6512243904618,112.22605172001231
404.02873204634653,311.96190998425254,128.20008055136046,110.12058201206628
404.2930407215357,313.93316483515434,125.79492255087635,108.05461296036839
403.949909494771,311.0062592407627,128.3225199296911,110.22575429858108
399.2540773249232,312.8845921087018,128.3225199296911,110.22575429858108
407.3565494681453,305.20304403035414,130.90090432263838,112.44052037970248
404.4824381527633,308.07715534573606,130.90090432263838,112.44052037970249
404.75231508617696,311.04797623012206,128.44507624555644,110.33102703143979
400.31681187261273,313.02299823115794,126.03532188794489,108.26110982682475
400.31681187261273,313.02299823115794,126.03532188794489,108.26110982682475
401.23923876912755,312.1005713346431,126.03532188794489,108.26110982682475
399.0505980112655,311.0129260947679,128.56774961063937,110.43640030657514
399.991559231412,310.0719648746214,128.56774961063937,110.43640030657515
399.64086455509516,307.0805431386484,131.15106140356596,112.65539889793519
397.9915213266847,309.09717343155313,128.6905401367295,110.54187422001155
397.0496614276424,309.09717343155313,128.6905401367295,110.54187422001155
398.25684117692686,310.1341098828616,126.2761806381606,108.46800131739467
400.6849662990992,307.1960067221496,128.81344793572316,110.64744886786508
398.79944742662997,306.253247285915,128.81344793572316,110.64744886786508
395.6198042494745,307.0271465633332,131.40169654509566,112.8706880579671
399.10818861306853,303.0080842909982,134.04195083377627,115.13859879311585
395.7994845821517,302.8323701441559,136.73525575187935,117.45207865866593
400.08434028098543,303.93412766819347,134.1699695765082,115.2485636105907
396.7724762234689,300.81235751571353,136.86584677520898,117.5642529992183
394.7690896110719,302.81574412811057,136.86584677520898,117.5642529992183
400.05973093075596,306.9236338205219,134.29811058542907,115.35863345158684
398.09392979660623,304.95783268637217,134.29811058542907,115.35863345158684
394.77890269446,303.79888217540076,136.9965625214221,117.67653447352959
391.3972667527503,303.61929485998155,139.74923445216504,120.04100908070623
389.3516742839875,304.6420910943629,139.74923445216504,120.04100908070623
386.28328558084337,305.66488732874427,139.74923445216504,120.04100908070623
393.44285922151306,301.5737023912187,139.74923445216504,120.04100908070623
393.73097865839566,305.76813404275623,137.12740310963716,117.78892318391947
397.02451544636114,308.88026649965377,134.55475986903778,115.5790886054559
392.718374258331,306.73432225497714,137.25836865908636,117.90141923280532
387.3211436813472,306.55439174071734,140.0163010605534,120.27041244945009
390.39539620311893,305.52964090012676,140.01630106055342,120.27041244945009
396.8325712917905,307.68258660409117,137.3894592891158,118.01402272270238
392.8104692128643,306.6770610843596,137.3894592891158,118.01402272270238
388.788367133938,307.68258660409117,137.3894592891158,118.01402272270238
396.1103000868261,311.80619199548346,134.81189962011842,115.79996505830718
392.16365654858316,310.81953111092275,134.81189962011842,115.79996505830718
388.8359470299282,309.65614676196446,137.52067511918546,118.12673375622376
396.16487290290706,312.7772046018092,134.94065371379816,115.91056152339107
393.2020632741214,311.78960139221397,134.94065371379816,115.91056152339107
389.87117557739526,310.6251059358692,137.65201626886952,118.23955243608057
386.84883421473836,311.63255305675483,137.65201626886952,118.23955243608057
392.1698654447283,314.75659170893607,135.06953077597467,116.02126361526064
389.2042261408948,314.75659170893607,135.06953077597467,116.02126361526064
392.44833678877336,316.8334739277776,132.5354952186622,113.84459204679992
390.14681859249424,314.71973389021457,135.1985309240908,116.13207143479627
388.1678374715581,314.71973389021457,135.1985309240908,116.13207143479627
394.3835181365771,317.78809022652854,132.66207519873342,113.95332100404057
391.4707378664656,316.8171634698247,132.66207519873342,113.95332100404059
390.1379483279815,315.67233143035764,135.32765427570158,116.24298508297478
386.1762059758763,315.67233143035764,135.3276542757016,116.2429850829748
394.3786941944701,318.7436182456596,132.78877607088214,114.06215380447601
392.4349860852153,314.85620202715,132.78877607088214,114.06215380447603
388.185361482537,313.7102765989533,135.45690094847438,116.35400466086936
388.80725676345224,311.54994457298085,138.17863645923208,118.69190567652022
384.76205137548766,311.54994457298085,138.1786364592321,118.69190567652024
396.1712475449208,315.6972363173895,135.58627106018884,116.46513026964972
393.19426248984394,313.712579614005,135.58627106018884,116.46513026964973
390.2172774347671,313.712579614005,135.58627106018884,116.46513026964973
391.48914248818085,315.79740743465527,133.04254095336123,114.2801313317337
387.2313966758658,314.64929209523103,135.71576472873713,116.57636201058222
391.8275847826678,310.4982794057171,138.44270158943166,118.91873085246084
389.0733085973548,312.6270288254242,135.84538207212404,116.68769998502995
384.72586376884175,312.4489505800331,138.57492333409922,119.03230594082916
393.12517566206924,314.57973309328,135.97512320846707,116.79914429445282
388.77357874223264,311.4159619271107,138.70727135909482,119.14598950076126
383.6977271505033,312.4311322454566,138.70727135909482,119.14598950076126
391.0898906121277,314.5639497939793,136.10498825599652,116.91069504040759
382.4053741108155,316.6567536142084,133.55152651087258,114.7173368747242
392.7928863399884,307.6847541291202,136.23497733305555,117.02235232454805
384.44466893311255,309.5003173695342,138.97234673260866,119.3736824498052
390.83384877592596,311.63721082123607,136.36509055810046,117.13411624862506
387.12287766809436,313.7340140767428,133.8067490412154,114.93656648412122
396.2124850756195,316.7707836588969,131.29640449547765,112.78024488714135
392.3687583136885,314.84892027793137,131.29640449547765,112.78024488714136
386.2450305335109,314.6768052381555,133.9345431510053,115.04633834765869
391.146228988209,311.73608616533664,133.9345431510053,115.04633834765869
384.8994571457443,312.5407525090061,136.62568992653846,117.3579644240782
390.1808150409896,315.6414984899276,134.06245931244516,115.15621505043396
385.89042889355187,312.52222980878656,136.75617630741013,117.47004887944233
386.5182892689634,311.34206696271923,139.50401815795493,119.83037457157698
381.41328153806705,312.3630685088985,139.50401815795493,119.830374571577
391.6232969998597,307.25806077800223,139.50401815795493,119.830374571577
384.09576060436024,307.07518646604814,142.30707239480273,122.2381262878437
387.51370309792014,309.263355970852,139.63725352866945,119.9448203387292
382.0229307552672,308.05833033331896,142.442984863821,122.3548716137953
390.6566938351066,311.29110092766643,139.77061614779043,120.0593754089998
386.1836301719842,305.99311352196185,142.579027138048,122.47172843909283
389.60810449602604,309.22897162156016,139.90410613684838,120.17403988678032
381.41666682599055,309.22897162156016,139.90410613684838,120.17403988678032
390.63203420478044,305.1332527865424,139.90410613684838,120.17403988678032
389.8965432301323,308.30840304599576,137.27936925112692,117.91945820289136
384.4984868744466,307.12372520916045,140.0377236174898,120.28881387656206
392.98646210965615,311.326815570643,137.41047993808155,118.03207892117294
389.9694240128932,309.3154568394678,137.41047993808155,118.03207892117295
384.56621216384485,308.1296475585862,140.17146871147742,120.40369748293608
395.11406692719083,312.3367521435288,137.54171584423213,118.14480719953308
393.1007872181848,309.3168325800198,137.54171584423213,118.14480719953308
395.3976351475983,309.4184483796065,134.96129969441125,115.9282958913536
396.66363766616024,313.4691750214376,132.42929465728727,113.75336848767017
392.4255175076422,309.4186825551826,135.09019647483615,116.03901492069294
395.67012450590664,312.4845802205958,132.5557732089455,113.86201032050482
390.45780791415115,309.40036802580494,135.21921636003287,116.14983969387472
386.1304021980857,307.24382670835223,137.93617607435502,118.48363842284377
393.4814714738508,309.36478759255766,135.34835946757443,116.2607703118912
395.7416919261292,311.4459571910055,132.80909281324952,114.07960536522751
396.9875056991902,313.48808202685615,130.31746526712757,111.93936119099453
393.7707372177846,310.4559491680514,132.93593409673997,114.1885587754052
400.2186449502799,302.49823629221584,135.60701582054577,116.48294948687942
391.90890781720896,305.29791105369867,138.331767589428,118.82344139091929
389.88406365200944,306.3103331362985,138.331767589428,118.8234413909193
388.8716415694096,307.32275521889824,138.331767589428,118.8234413909193
391.5315797967216,303.091729267165,141.1112677956024,121.21096079878704
390.4988151172161,304.1244939466705,141.1112677956024,121.21096079878706
388.43328575820516,305.157258626176,141.1112677956024,121.21096079878706
392.85527200205166,309.39257032824514,138.46388338494225,118.93692547168152
390.8284939795586,306.3524032945055,138.46388338494228,118.93692547168152
397.19429748997135,311.5216454475694,135.8661664765822,116.70555325552607
392.84618750044734,306.37165570943176,138.5961253595962,119.05051793708935
390.4394246636494,304.161257817604,141.38093730644655,121.4425999939993
389.40468632782085,305.1959961534326,141.38093730644658,121.4425999939993
386.94956440534304,302.9411847367643,144.22170447974503,123.88274615567873
388.00509373855334,302.9411847367643,144.22170447974503,123.88274615567875
390.4134926833937,307.26985304382106,141.51596525648498,121.55858554082715
390.70525456945643,313.5887644859464,138.86098832847512,119.27802843599818
391.7215499110489,308.50728777798435,138.86098832847512,119.27802843599818
388.958952036035,309.62617359748225,136.2558213457636,117.04025679700237
392.57620119741165,305.45864269525504,138.99360956406403,119.39194667682455
390.16253592947396,306.29370344187095,141.78640816103479,121.79088906140198
390.16253592947396,309.4068211256005,141.78640816103479,121.790889061402
391.49256127923104,313.6623964815573,139.12635746152063,119.50597371694752
387.0401157560199,309.40706714363597,141.92182336199497,121.90720724684215
386.65299512851453,307.1436294151296,144.77345855880753,124.35668876205295
388.01104046129797,310.4292905525899,142.05736789324067,122.0236365236814
385.93166247376314,309.3896015588225,142.05736789324067,122.0236365236814
386.97135146753055,311.46897954635733,142.05736789324067,122.0236365236814
384.8919734799957,309.3896015588225,142.05736789324067,122.0236365236814
390.0904184488328,312.50866854012475,142.05736789324067,122.0236365236814
390.38329653866896,315.7326874840883,139.3922337260335,119.73435461082397
393.7312302070862,316.85585386466494,136.77710006379525,117.48802184967059
393.7312302070862,310.8495911422997,136.77710006379527,117.48802184967059
389.35396771011256,313.6734228790305,139.5253623353771,119.84870867269603
387.31165219036393,315.71573839877914,139.5253623353771,119.84870867269603
393.72625663184783,316.83997747597823,136.90773105115235,117.60023051829783
388.342813717048,312.6525072139803,139.65861809116316,119.963171950102
385.91760037873655,313.4915632703006,142.46477870446893,122.3735919640954
377.18763272483665,313.304807729297,145.32732350297783,124.83244454742997
382.50573839512026,313.304807729297,145.32732350297783,124.83244454742999
382.10932857360433,309.92343630703783,148.2473854141232,127.3407028557215
381.3299760799712,314.37293134775325,145.46612050737625,124.95166761531067
379.2007021577453,315.43756830886616,145.46612050737625,124.95166761531067
380.2653391188582,316.5022052699791,145.46612050737625,124.95166761531067
379.8685507002938,314.18224138016893,148.38897126673095,127.46232147270511
374.43840714243083,314.18224138016893,148.38897126673095,127.46232147270511
378.7825219887212,314.18224138016893,148.38897126673095,127.46232147270511
383.43256872085374,316.4639285536234,145.60505007190142,125.07100454894129
379.1699536874546,318.5952360703229,145.60505007190142,125.07100454894129
380.23560744580436,319.6608898286727,145.60505007190142,125.07100454894129
383.7327610274408,321.8997703351092,142.87335794202772,122.72455105276774
383.3430448959108,318.57549601488836,145.7441123231569,125.19045545707101
376.5454690379872,317.3177701041389,148.6725487720661,127.70590727856995
384.46871467616467,320.6919218345068,145.88330738786712,125.31002044855286
379.13026334080206,319.62423156743426,145.88330738786712,125.31002044855286
377.66464669312984,319.43299471407045,148.81454068321153,127.82787468942563
382.3280294411233,322.81036897782894,146.0226353928775,125.42969963234381
375.91576955863775,323.8790789582432,146.0226353928775,125.42969963234381
389.0413425611913,317.5747005774689,143.28310895688395,123.07651666809295
381.3098891466235,321.58151206978994,146.16209646515463,125.54949311750494
380.9112023121346,319.25044841953667,149.09893146942898,128.07215908271496
377.23083036522036,319.0549962392655,152.09477629944422,130.64551297516397
375.0045288748691,322.3944484747924,152.09477629944422,130.64551297516397
373.0917994872342,324.73311756367013,149.24133060366017,128.1944762877597
385.4144251917277,321.56657616813686,146.441418319982,125.7894234287028
378.58432664500344,324.5899325957184,149.3838657382854,128.31691031365574
381.07892997754686,327.98022779972837,146.5812793570722,125.90956047338284
379.606301154486,326.7152774004325,149.52653700319385,128.43946127197452
380.700655478404,327.8096317243505,149.52653700319385,128.43946127197452
382.10328699474627,326.8257475841418,146.7212739705093,126.02981225671982
382.77689806404743,325.5595890753047,149.66934452839874,128.5621292743941
381.2732449942429,326.4587886498707,152.67665066800785,131.1453281379045
377.92101689811005,326.4587886498707,152.67665066800785,131.1453281379045
377.92101689811005,327.57619801524834,152.67665066800785,131.1453281379045
375.68619816735486,328.69360738062596,152.67665066800785,131.1453281379045
383.0916071194395,324.0238277453557,155.74438260988015,133.7804312161794
379.2471982360371,324.95952558665465,158.87375448966048,136.4684814206061
375.75890411111266,327.28505500327094,158.87375448966048,136.4684814206061
374.5961394028045,326.1222902949628,158.87375448966048,136.4684814206061
378.08443352772895,327.28505500327094,158.87375448966048,136.4684814206061
375.75890411111266,326.1222902949628,158.87375448966048,136.4684814206061
379.247198236037,327.28505500327094,158.87375448966048,136.4684814206061
378.08443352772883,328.4478197115791,158.87375448966048,136.4684814206061
376.9216688194207,328.4478197115791,158.87375448966048,136.4684814206061
376.9216688194207,328.4478197115791,158.87375448966048,136.4684814206061
378.08443352772883,328.4478197115791,158.87375448966048,136.4684814206061
378.08443352772883,329.61058441988723,158.87375448966048,136.4684814206061
378.08443352772883,330.7733491281954,158.87375448966048,136.4684814206061
375.75890411111254,331.9361138365035,158.87375448966048,136.4684814206061
373.43337469449625,333.09887854481167,158.87375448966048,136.4684814206061
381.139367186481,327.076789112987,162.06600483862124,139.21054261779034
378.32504292927763,324.4920822569852,165.32239707384366,142.0077000506096
378.6658862701068,333.0839495059158,162.2207883675834,139.3434977003604
385.3469619011719,320.99868633732626,165.48029066825325,142.14332659965373
378.83999774730546,324.41510982031065,168.80528614865045,144.9994124610206
377.60454617797603,326.88601295896945,168.80528614865045,144.9994124610206
376.7171185830076,331.9525325570507,165.63833506126966,142.27908268083453
384.75121943539267,318.4003927709251,168.96650612765575,145.13789628914054
379.34380291484734,320.65215941259004,172.36155013527875,148.05415203927825
378.08232377242786,320.65215941259004,172.36155013527875,148.05415203927825
377.61217260141325,316.64177508928844,175.8248107621469,151.02900411620345
376.3253465585851,317.92860113211657,175.8248107621469,151.02900411620345
376.3253465585851,320.5022532177728,175.8248107621469,151.02900411620345
381.83514677980713,325.77945673360875,172.52616657667184,148.1955533415005
380.57246284312134,320.7287209868659,172.52616657667187,148.1955533415005
378.4027902417594,325.9069190402894,169.28940815928152,145.41526085476775
375.03482804537276,329.7489743100173,166.11337447287215,142.68712935490328
383.54507815086265,320.02297418945744,166.11337447287215,142.68712935490328
383.09197014929094,319.8052179594634,169.45109050615557,145.55414184503135
381.85179206916814,321.0453960395862,169.45109050615557,145.55414184503135
380.61161398904534,322.285574119709,169.45109050615557,145.55414184503135
385.9216817315333,327.37147688112884,166.27202350191638,142.82340480292845
383.83066063645316,329.92814089793575,163.1525988817259,140.14389903943152
392.1892255397921,317.9873338931658,163.1525988817259,140.14389903943152
389.35603225464985,320.1616203128971,166.43082405105642,142.95981040283084
386.91988552666646,323.8158404048722,166.43082405105645,142.95981040283084
390.91723419099804,331.24723965733483,163.30842017836002,140.27774553782237
394.0574406471436,316.69050691325367,166.58977626500382,143.09634627891384
391.618967241286,321.5674537249689,166.58977626500382,143.09634627891384
391.9624235236479,326.5674770390692,163.4643902944224,140.41171986828618
391.1030735942019,331.4736950604988,160.39763959957105,137.77745965604205
400.0568981304077,317.1764189624119,163.62050937204523,140.54582215291092
397.66188764595927,320.76893468908463,163.62050937204523,140.54582215291092
396.46438240373504,325.5589556579816,163.62050937204523,140.54582215291092
397.999222223909,332.86486991976494,160.55082973169743,137.90904605158653
397.999222223909,322.289519990436,160.55082973169743,137.90904605158653
398.33022807760585,330.6334070872597,157.5387402622306,135.32173843037782
403.6654791871663,317.7439571361107,160.70416617031958,138.0407581206594
399.69864254322454,321.0617751366747,163.93319498117984,140.81441107357782
397.2990550939744,323.4613625859248,163.93319498117984,140.81441107357782
397.63703433235446,329.5814450295703,160.8576490551697,138.17259598328707
403.52345647878076,316.63131630743237,160.8576490551697,138.17259598328707
399.99160319092505,322.51773845385867,160.8576490551697,138.17259598328707
401.50052603988183,326.1684333493537,157.83980335725607,135.58034390943817
401.8259426007612,334.3714273843187,154.8785753751297,133.03672500171425
406.36004181929417,319.63560492408646,154.8785753751297,133.03672500171427
405.9375790164211,321.6996258802565,157.9905505901422,135.70983191717372
407.4196070897207,327.59785286863195,155.02649444354302,133.16378368868467
404.72752601907234,320.5869859446967,158.14144179639715,135.83944359434145
405.88493107966576,321.7443910052902,158.14144179639715,135.83944359434145
403.5701209584789,321.7443910052902,158.14144179639715,135.83944359434145
405.88493107966576,321.7443910052902,158.14144179639715,135.83944359434145
405.88493107966576,322.9017960658837,158.14144179639715,135.83944359434145
409.6831847069288,326.49084612177694,155.17455478424495,133.29096372492867
416.4973308134447,316.2696269620031,155.17455478424495,133.29096372492867
411.53129659554685,319.4732833659512,158.2924771135248,135.96917905905366
408.0557652234298,321.7903042806959,158.2924771135248,135.96917905905366
410.6991359714847,327.6998030265409,155.32275653215967,133.41826522634258
415.95933995527184,316.1284353390133,158.44365667916037,136.09903842953548
416.2860014738051,324.3628118585748,155.47109982234025,133.54568830893356
415.4686731344488,331.3048421080005,152.55431101867052,131.04024151603778
417.70170110716305,317.9066742717151,152.55431101867052,131.04024151603778
417.28557820787114,317.7066924716813,155.61958478996866,133.67323308881953
419.5634744116411,323.40143298110627,155.61958478996866,133.67323308881953
419.88431357268087,329.21114521705596,152.70001026411916,131.1653934320001
418.7667332431686,318.03534192193314,152.70001026411916,131.1653934320001
416.11505226053777,317.8351691263308,155.7682115703561,133.80089968222927
417.25508813161093,320.11524086847714,155.76821157035613,133.80089968222927
416.11505226053777,323.5353484816967,155.76821157035613,133.80089968222927
416.11505226053777,330.3755637081357,155.76821157035613,133.80089968222927
422.53037802050835,318.7710101298197,158.8980622454393,136.4893611595443
421.6950337700953,324.7031170541631,155.91698029894292,133.92868820550257
422.0164860681366,330.5239318922032,152.99182634455764,131.41605596263315
427.1977501172193,319.12621583729464,156.06589111129884,134.05659877509035
419.9187615066108,321.20605979903604,159.20172306139818,136.75019801427825
417.58843141940076,324.7015549298511,159.20172306139818,136.75019801427825
421.41215096574837,331.81016340123796,156.21494414312306,134.18463150755474
421.41215096574837,322.66372007365754,156.21494414312306,134.18463150755474
422.55545638169593,327.23694173744775,156.21494414312306,134.18463150755474
427.4507446522593,335.35549122700854,153.28420009768163,131.66719751980378
429.27634262437346,322.81413776580746,156.36413953024436,134.31278651956922
425.84315058441496,326.24732980576596,156.36413953024436,134.31278651956922
427.30992213230536,335.51803038244657,153.4305964344636,131.7929482193473
427.30992213230536,325.41168431203596,153.4305964344636,131.7929482193473
426.8914089863833,328.57933582237723,156.5134774086213,134.44106392791866
428.35958139608044,333.2769292375285,153.5771325892269,131.91881901895167
427.23558158659944,338.8969282849336,153.5771325892269,131.91881901895167
437.3515798719286,329.9049298090855,153.5771325892269,131.91881901895167
432.4366677809279,329.7036072032926,156.66295791434223,134.56946384949947
428.5695846989356,328.35165508472863,159.8107867277151,137.27336808662747
430.0686874709804,335.48745921112936,156.8125811836255,134.69798640131972
427.77332867109897,332.04442101130724,156.8125811836255,134.69798640131972
428.49326987411916,334.1342158907485,159.9634163773481,137.40447304208146
431.16454410850713,337.76461600578705,156.96234735281956,134.82663170049926
428.86699309233927,332.02073846536746,156.96234735281956,134.82663170049926
434.1827239181628,334.1125292342401,160.11619179817978,137.53570321125738
434.5128336836833,341.26197017957327,157.1122565584031,134.95539986426974
430.63466007200645,334.15677743943,160.2691131294311,137.6670587137425
428.2887059630051,340.02166271193335,160.2691131294311,137.6670587137425
440.0184765080119,329.4648692214272,160.2691131294311,137.6670587137425
433.7164246449544,332.7737053340623,163.48940041954077,140.43320292447774
429.6808370187259,333.75593452579506,166.7743929421706,143.2549272708393
428.4602491438716,341.07946177492124,166.7743929421706,143.2549272708393
437.34820117235677,343.6438504217891,163.64554338345258,140.56732572681224
435.2902104405203,355.7416363359914,160.57539408074138,137.9301461975603
430.5893357904683,342.81423104834846,160.57539408074138,137.9301461975603
441.49736025082643,347.6337387761057,157.56284376023314,135.34244271712373
438.0378489932199,356.8591021297232,157.56284376023314,135.34244271712373
432.99538262577613,346.2740209253481,160.7287539799075,138.0618784186389
440.38480173852105,338.15837979827796,157.71332647877,135.47170351381567
436.921986423648,343.9297386563997,157.71332647877,135.47170351381567
448.7898599448022,348.6633443254759,154.75447132570005,132.9301228054094
442.7046530993198,349.59309487136574,157.86395291804735,135.6010877629385
436.497176192691,352.85227524679294,161.03591332402968,138.32572041935924
427.8077942341255,359.7127096611814,164.27160793044942,141.10509911974543
439.3824150272259,347.4746627810963,167.57231734859596,143.9403238763585
432.7931888555509,349.7078494813468,170.93934792108132,146.83251680400616
441.90310493619245,352.336280113763,167.7323597625582,144.07779620630038
435.76510973995505,358.47427531000034,167.7323597625582,144.07779620630038
442.67317986233286,344.750807337939,171.1026060672673,146.97275136547358
437.19740197024885,348.2833063383181,174.5405707309769,149.92587485866005
430.3341723218389,351.8867838411117,178.0476144186744,152.9383354621951
439.82291113732435,345.50285393830416,174.7072682781381,150.06906377737545
436.34716223257817,352.025162525586,171.42959027485833,147.25362241558386
430.8609199008451,358.0737289140613,174.87412503225107,150.2123894507802
443.6596015734054,349.1146517432691,174.87412503225107,150.2123894507802
436.7832560072447,351.4451474744199,178.3878708265241,153.2306069920147
432.86650233222264,356.6674857077827,178.38787082652414,153.2306069920147
447.5957127562074,358.10486319904817,175.04114114536884,150.35585200948384
442.4713506592806,367.0724968686701,175.04114114536884,150.35585200948384
437.3469885623538,354.26159162635304,175.04114114536884,150.35585200948384
441.99389035899526,356.59431313183495,178.55824279440273,153.3769521439104
433.66584759208587,360.28073748666145,182.1460135668707,156.45875524333798
447.37227240511544,363.0814862168643,178.72877747854284,153.5234370649025
438.21571531139847,372.23804331058125,178.72877747854284,153.5234370649025
452.9730738700587,360.59737184194034,175.37565205755652,150.64318830585015
444.79346867372135,362.9345512753902,178.89947503434902,153.6700618884796
442.54364595359755,366.99470883799785,175.54314716145905,150.78706230535616
433.5502937241971,381.1271194841985,175.54314716145905,150.78706230535616
446.39793976619774,370.84900265059804,175.54314716145905,150.78706230535616
441.2588813493975,358.00135660859746,175.54314716145905,150.78706230535616
450.6141489260055,364.554870881094,172.24978725864375,147.95815059396352
445.1016579203674,369.37171518439203,175.7108022340317,150.93107371384804
451.05232917126364,362.71141960196553,179.2413593833201,153.9637317779804
442.6924255163983,366.41194724091474,182.84285601740913,157.05732504059537
448.4221493486987,357.179703691815,179.4125464880368,154.1107771115191
445.79598144634,365.0582073988911,179.4125464880368,154.1107771115191
441.36734539568926,375.32768903725434,183.01748278462094,157.20732495602084
454.7620228657932,364.61194706117124,183.01748278462094,157.20732495602084
446.22599898994554,369.7299024060525,186.69485306621235,160.3660917363622
436.15207911390934,377.6834561725807,190.44611274887177,163.5883276176209
450.483083532888,366.67346669771223,186.87315874003605,160.51925173823636
449.50067118308283,370.91458852638755,183.36723681794123,157.50775470259083
442.79053355472587,378.9667536804159,183.36723681794126,157.50775470259083
456.2108088114397,365.54647842370196,183.3672368179413,157.50775470259083
449.0004997640626,367.9901593430966,187.05163470732418,160.67255801783
443.0143068617414,373.2209269126939,190.81006320349846,163.90095172608227
449.9968071556308,382.99642732413906,190.8100632034985,163.90095172608227
445.8073069792972,369.03142673636034,190.8100632034985,163.90095172608227
461.56219860346613,376.1548974770891,187.230281130718,160.82601071484777
452.8296877761028,367.68765715245877,190.99229916947752,164.05748774814123
445.31954841544757,373.02862263560843,194.82990743668984,167.35389484946464
439.61586648968137,384.4359864871408,194.82990743668984,167.35389484946467
452.4491508226554,367.32494070984217,194.82990743668984,167.35389484946467
446.21403071326796,371.34730173100326,198.74462476681524,170.71653665867495
446.6237802878952,375.8578487357928,195.01598261421054,167.51372865579657
461.29866584095964,383.1383381544522,191.3572934091057,164.3710084411552
454.29614021398606,370.53379202589963,191.35729340910572,164.3710084411552
446.77164866417263,375.88496431656915,195.2022355055749,167.67371511376334
453.3824222544415,369.9144939130409,199.12443402358844,171.0427830715442
444.6383147640054,374.286547658259,199.12443402358846,171.0427830715442
454.2966211248356,372.5681663381307,203.12544127642443,174.47954571180074
445.37681828259406,375.5414339522112,203.12544127642445,174.47954571180074
450.76928757201165,370.81525758213706,207.20684076799165,177.98536322378794
443.1867638713861,376.8812765426376,207.20684076799165,177.98536322378794
460.29551204366965,380.0673704065981,203.319439225927,174.646184976117
452.8552438507161,369.6509949364631,203.319439225927,174.646184976117
447.8364878273514,373.84862659346345,207.40473671829355,178.15535077084215
440.2467223255967,384.4742982959199,207.40473671829358,178.15535077084218
455.426253329106,375.3665796938144,207.4047367182936,178.15535077084218
449.3544409277023,375.3665796938144,207.4047367182936,178.15535077084218
443.2826285262986,382.95634519556904,207.4047367182936,178.15535077084218
456.9442064294569,372.3306734931125,207.4047367182936,178.15535077084218
450.87239402805324,381.4383920952181,207.4047367182936,178.15535077084218
453.34256164166567,375.094695062646,211.57212009317428,181.73502623388072
446.0364908602539,382.99327117406585,207.60282167204252,178.3255006670111
458.19171361109017,373.87685411093867,207.60282167204252,178.3255006670111
453.0672261754529,376.6435155000511,211.77418516789888,181.9085949519134
456.60370305972395,381.4497708527257,207.80109580974894,178.49581306734868
446.9117594908859,382.6982206106587,211.97644322785425,182.08232943931094
455.6420255897066,374.66328052468424,216.23568590163154,185.74090968473502
457.6704213118454,387.4837155938098,212.1788944573538,182.25622985439387
448.79050302912697,378.32310818883764,208.19821235993868,178.836926001486
469.0286279940264,387.6194873212336,204.29221172413267,175.48177160919107
459.50034047529186,381.370990214573,208.39705513430567,179.00772684613457
455.88146378379673,382.62302044099,212.58437716311926,182.60452910165395
463.6607729622371,388.8464677837423,212.58437716311929,182.60452910165398
459.4314702928454,404.56214344743717,208.59608781639795,179.17869081664975
456.80818580524044,386.3961859247878,204.68262265066977,175.8171245845499
463.7400248423369,386.12786968357517,208.79531058758968,179.3498180688273
457.62750313121217,389.1841305391375,208.7953105875897,179.3498180688273
471.3806769812427,390.7122609669187,208.79531058758974,179.3498180688273
470.2830175148664,396.9790406230245,204.8781078092177,175.9850413233026
464.28517264663776,389.4817345377387,204.87810780921774,175.9850413233026
474.7814011660379,395.47957940596734,204.87810780921774,175.9850413233026
470.2830175148664,401.477424274196,204.87810780921774,175.9850413233026
461.28625021252344,392.480656971853,204.87810780921774,175.9850413233026
472.72309325593255,392.2120844712556,208.99472362942834,179.52110875861172
470.09479556239705,401.54402909031194,205.07377966875038,176.15311843341397
461.0894357647081,392.538669292623,205.07377966875038,176.15311843341397
479.100155360086,397.0413491914675,205.07377966875038,176.15311843341397
476.52116708350303,413.70268396571214,201.22639642422732,172.84831487722107
479.8815034667844,407.96040966255845,197.4511938253926,169.60551264488868
472.6559777488655,396.3995685138882,197.4511938253926,169.60551264488868
485.66192404111956,405.07019937539087,197.4511938253926,169.60551264488868
479.8815034667844,394.9544633703044,197.4511938253926,169.60551264488868
469.765767461698,380.50341193446656,197.4511938253926,169.60551264488868
480.78802033518525,384.5798907260148,201.41858066292622,173.01339621046242
481.7127518470228,385.78999492345406,205.4656842041864,176.48975438051926
476.64101771220317,381.0093674676079,209.59410619690112,180.03596301528705
479.137260475621,379.2006361651748,213.80548057271545,183.65342562015323
474.442863945784,379.2006361651748,213.80548057271545,183.65342562015323
486.96125469201604,376.07103847861674,213.80548057271545,183.65342562015323
476.9892637150472,374.2259643381239,218.10147409386303,187.34357390113897
475.3930233686101,375.8222046845609,218.10147409386306,187.34357390113897
485.42012282206883,382.36829940753,214.00967865131594,183.82882653382282
477.58865618456616,383.93459273503055,214.00967865131594,183.82882653382282
472.8897762020646,394.89864602753437,214.00967865131594,183.82882653382282
488.55270947707004,377.66941942502837,214.00967865131594,183.82882653382282
482.28753616706786,377.66941942502837,214.00967865131594,183.82882653382282
474.4560695295652,379.2357127525289,214.00967865131594,183.82882653382282
488.55270947707004,379.2357127525289,214.00967865131594,183.82882653382282
480.72124283956737,372.97053944252673,214.00967865131594,183.82882653382282
477.5886561845663,380.80200608002946,214.00967865131594,183.82882653382282
493.25158945957173,380.80200608002946,214.00967865131594,183.82882653382282
483.2700745854986,374.25628979175576,218.30977512445685,187.5224991453669
473.68348542951856,375.8540546510858,218.30977512445685,187.5224991453669
486.46560430415866,377.4518195104158,218.30977512445685,187.5224991453669
478.47678000750864,379.04958436974584,218.30977512445685,187.5224991453669
480.52463169358504,380.80863645906794,214.214071752304,184.0043949667228
490.9148439341358,374.2566685878809,218.51827509602305,187.70159527478916
481.3190989647465,372.65737775964936,218.51827509602307,187.70159527478916
478.12051730828347,372.65737775964936,218.51827509602307,187.70159527478916
485.5209184269205,370.7716336827212,222.90896279752747,191.4730834286455
482.71763658987305,377.4620203072675,218.72697419856323,187.88086245261212
474.7135453172121,380.6636568163318,218.72697419856323,187.88086245261212
492.77349307848704,384.02688878200325,214.62344376665686,184.35603503033357
488.5036237882341,388.89780859970966,210.59689955040716,180.8973367932986
480.7970443326493,396.6043880552944,210.59689955040716,180.8973367932986
491.0118097102518,379.37384405003104,214.8284230530735,184.53210698148632
482.56439375278046,379.0922277885587,219.14497055747893,188.23991060706533
472.94112884338176,380.6961052734585,219.14497055747893,188.23991060706533
492.6394674020279,387.27351948531367,215.03359810798182,184.70834709275368
479.46262205782836,380.6964855187573,219.3542681947655,188.41969191088842
469.23183294363696,385.22516425099275,223.76175350560294,192.20560878045393
477.88149395662924,390.30347974377815,219.56376572484845,188.59964491749813
468.23983858712495,401.55207767486644,219.56376572484845,188.59964491749815
480.49647426902663,383.58788572636234,223.97546046955785,192.38917758282548
472.7620876836428,424.7341302257089,219.77346333863832,188.7797697908818
466.78128299690155,421.67954423676883,215.65029975426555,185.23807799404875
486.16549521051866,407.63416034857704,211.60449072255457,181.76283177450216
481.51942447236445,392.147257888063,211.6044907225546,181.76283177450216
471.65008872606325,402.7106995670517,215.8562597546429,185.41499235334723
463.7510483302367,413.76935612120883,215.8562597546429,185.41499235334726
458.422832258281,397.68831168804314,220.19345958189297,189.14053579470306
470.1576607965487,384.9585812806375,216.06241646015724,185.59207567731468
462.25107630565367,392.8651657715326,216.06241646015724,185.5920756773147
455.33645454414966,397.32588257595654,220.4037585940912,189.321177253899
438.6043554959069,408.3285897575883,224.83233131552228,193.12520766846163
456.7048788377329,393.5190706597306,224.83233131552228,193.12520766846166
451.7683724717803,398.4555770256831,224.83233131552228,193.12520766846168
443.54086186185936,411.6195940015566,224.83233131552228,193.12520766846168
441.8953597398751,396.81007490369893,224.83233131552228,193.12520766846168
431.40907111339277,406.38835735874704,229.34988734864507,197.0056724661441
444.2119942352355,397.6948790858311,233.95821463514142,200.96410744300633
439.0751164154149,401.1194642990448,233.95821463514145,200.96410744300633
436.1328802420294,406.42919041368356,229.56893134227133,197.19382564015635
436.6061799454829,404.91862757206917,225.26199526621133,193.49427798507918
427.7484983297056,407.9206275435435,229.78818453709533,197.38215851263337
436.63111508568767,396.31798399180445,225.4771350581935,193.67907754998694
431.6804511572446,404.5690905392096,225.47713505819354,193.67907754998694
424.4645311914394,409.22417892452773,230.0076471329178,197.57067125519882
419.4143935726821,419.3244541620423,230.00764713291784,197.57067125519882
412.6808767476724,422.69121257454714,230.00764713291784,197.57067125519882
417.7310143664297,409.22417892452773,230.00764713291784,197.57067125519882
419.8885977715845,414.4442461594092,225.6924803226081,193.86405361044558
