616.0,211.0,28.0,100.0
614.0629921259842,211.48425196850394,28.0,100.0
611.1574803149606,212.93700787401576,28.0,100.0
609.2204724409448,213.90551181102364,28.0,100.0
606.3149606299212,214.38976377952758,28.0,100.0
603.4094488188975,214.38976377952758,28.0,100.0
600.5039370078739,213.90551181102364,28.0,100.0
596.1456692913384,213.4212598425197,28.0,100.0
594.6929133858266,214.38976377952758,28.0,100.0
592.7559055118109,216.8110236220473,28.0,100.0
591.303149606299,216.8110236220473,28.0,100.0
589.6287953270545,218.23332414330565,27.474692810457515,98.12390289449112
587.2529606703572,218.23332414330565,27.47469281045752,98.12390289449112
586.5603527659605,220.10410785699253,26.959240893893075,96.28300319247525
585.1615957510777,221.50286487187532,26.959240893893075,96.28300319247526
583.2965863979006,222.43536954846385,26.959240893893075,96.28300319247528
581.8978293830178,223.36787422505242,26.959240893893075,96.28300319247528
580.499072368135,223.8341265633467,26.959240893893075,96.28300319247528
578.8869537839967,225.66981255793078,26.453459355815585,94.47664055648424
577.3050801099528,227.92856429237537,25.957166770534165,92.70416703762203
576.2018056758852,229.2470961433797,25.470185116080064,90.9649468431431
571.7968102185205,228.80659659764322,25.470185116080064,90.9649468431431
568.4574271835965,228.33321680492006,25.981957545617462,92.79270552006237
566.8483479377875,227.85032539202172,26.504013018581556,94.65718935207698
563.3734202516208,227.81611054473194,27.036558152163913,96.55913625772827
561.6990289158498,227.78120821851553,27.579803715115343,98.4992989825548
559.5140092406834,227.74560459985852,28.13396471116316,100.47844539701128
555.8253794159125,227.70928559769183,28.69926046410456,102.49735880037345
553.3436520276357,228.20563107534713,28.69926046410456,102.49735880037346
550.8619246393589,229.19832203065783,28.69926046410456,102.49735880037346
549.3728882063929,229.69466750831316,28.69926046410456,102.49735880037346
547.6567192932063,231.15248797680692,28.160834469235045,100.57440881869661
546.4597809298413,234.04405898123497,27.63250986887058,98.68753524596639
542.6366102730684,234.04405898123497,27.63250986887058,98.6875352459664
540.725024944682,235.4777479775248,27.63250986887058,98.6875352459664
536.9018542879091,236.43354064171803,27.63250986887058,98.6875352459664
534.5123726274261,237.86722963800787,27.63250986887058,98.6875352459664
532.122890966943,239.30091863429772,27.63250986887058,98.6875352459664
527.3439276459769,238.82302230220108,27.63250986887058,98.6875352459664
524.9544459854939,239.7788149663943,27.63250986887058,98.6875352459664
521.131275328721,239.30091863429766,27.63250986887058,98.6875352459664
519.2196900003346,240.25671129849087,27.63250986887058,98.6875352459664
515.3965193435617,240.25671129849087,27.63250986887058,98.6875352459664
516.352312007755,243.1240892910705,27.63250986887058,98.6875352459664
512.0512450188855,244.55777828736035,27.63250986887058,98.6875352459664
515.6557257024764,247.3951006118706,27.11409715104125,96.83606125371878
514.9722080327085,249.71026148153393,26.605410359205703,95.01932271144896
515.8924739140871,250.1703944222232,26.605410359205703,95.01932271144898
515.4323409733978,252.4710591256697,26.605410359205703,95.01932271144898
514.0519421513299,253.39132500704832,26.605410359205703,95.01932271144898
514.0519421513299,253.8514579477376,26.605410359205703,95.01932271144898
514.0519421513299,254.31159088842688,26.605410359205703,95.01932271144898
514.5120750920191,253.8514579477376,26.605410359205703,95.01932271144898
515.4323409733977,253.8514579477376,26.605410359205703,95.01932271144898
520.2832420471196,255.663051210648,26.106267025547886,93.23666794838536
522.3341331067611,256.53765642497433,25.616488105525168,91.4874575197328
523.6632225486816,255.20856698305377,25.616488105525168,91.4874575197328
528.9795803163637,255.65159679702728,25.616488105525168,91.4874575197328
532.9668486421252,255.20856698305377,25.616488105525168,91.4874575197328
536.0680573399397,255.20856698305377,25.616488105525168,91.4874575197328
543.3968294594563,260.05403208003105,25.13589791364439,89.77106397730144
544.2662657483703,258.315159502203,25.13589791364439,89.77106397730144
551.0228248418263,260.46141010200535,24.66432406044284,88.08687164443877
552.7290744815532,258.7551604622784,24.66432406044284,88.08687164443879
558.932311555493,260.8611453167009,24.201597390651546,86.43427639518416
561.4436696649279,260.4425856317951,24.20159739065155,86.43427639518416
564.7921471441745,260.8611453167009,24.201597390651553,86.43427639518416
568.9777439932326,262.95394374123,24.201597390651553,86.43427639518416
571.9076617875733,262.5353840563242,24.201597390651553,86.43427639518416
574.0004602121023,262.1168243714184,24.201597390651553,86.43427639518416
576.2686769733521,261.66702209851996,24.687880087021917,88.17100031079259
577.5495863873159,260.81308248921073,24.687880087021917,88.17100031079259
579.684435410589,260.3861126845561,24.687880087021917,88.17100031079259
583.1001938478261,261.66702209851996,24.687880087021917,88.17100031079259
584.612687563652,260.3592598676113,24.2247114832978,86.5168267260636
585.8695658731763,259.5213409945951,24.2247114832978,86.5168267260636
587.5454036192086,259.9403004311032,24.2247114832978,86.5168267260636
589.221241365241,260.7782193041194,24.2247114832978,86.5168267260636
596.5707913413568,266.61730238320956,23.770232372341773,84.8936870440778
603.5594803023475,271.9615939416143,23.770232372341773,84.8936870440778
605.4268540256887,273.16903729495766,23.324279730831538,83.3009990386841
608.2505611190867,276.39613111598385,23.324279730831538,83.3009990386841
612.6878151229977,278.41306475412523,23.324279730831538,83.3009990386841
613.0912018506259,278.0096780264969,23.324279730831538,83.3009990386841
614.3013620335107,277.60629129886865,23.324279730831538,83.3009990386841
618.9574091058771,279.5978552976658,22.886693593920615,81.73819140685937
618.9574091058771,279.2020364967585,22.886693593920615,81.73819140685939
620.1448655085989,278.8062176958513,22.886693593920615,81.73819140685939
621.9428290102588,280.36459921920545,22.457316997858385,80.20470356378
622.5418824031851,281.8937439919072,22.035995923686613,78.69998544173797
622.5418824031851,281.8937439919072,22.035995923686613,78.69998544173797
622.9229886318991,281.8937439919072,22.035995923686613,78.69998544173797
623.6852010893269,282.27485022062103,22.035995923686613,78.69998544173797
624.8285197754687,283.41816890676284,22.035995923686613,78.69998544173797
626.3529446903244,285.70480627904647,22.035995923686613,78.69998544173797
626.9407592598856,286.8241565822145,21.622579241992277,77.22349729282962
627.8915021631095,288.67041939832063,21.216918658696898,75.77470949534613
628.2584426854688,290.13818148775806,21.216918658696898,75.77470949534613
628.824408206245,291.5828660982517,20.818868661862915,74.35310236379618
629.3797556642679,293.36050338442465,20.428286469498012,72.95816596249296
629.9246842647053,295.1047904689252,20.0450319783387,71.58939992263828
630.2713573430708,294.41144431219413,20.0450319783387,71.58939992263828
630.2713573430708,294.7581173905596,20.0450319783387,71.58939992263828
629.9246842647053,293.024751998732,20.0450319783387,71.58939992263828
628.6832826158384,293.34554832750587,20.44779680587946,73.02784573528385
627.9760050547801,293.34554832750587,20.447796805879463,73.02784573528385
627.7705762641699,292.61187407532634,20.8586543871,74.4951942396429
627.0490873750773,292.61187407532634,20.8586543871,74.4951942396429
626.3275984859847,294.05485185351154,20.8586543871,74.4951942396429
626.523262791587,299.80407516859634,20.467325775895517,73.09759205676976
622.4675379032486,298.36590690219987,20.083338869438872,71.72621024799602
616.0565532567335,291.0500151230154,19.706555930219793,70.38055689364217
615.3749147923305,292.07247281961986,19.706555930219793,70.38055689364217
614.1964949262258,294.0959535437872,19.336841804817453,69.06014930291953
614.1964949262258,295.43365407359175,19.336841804817453,69.06014930291953
613.709033626022,297.4191723344624,18.974063875420445,67.76451384078734
616.4717696232879,301.33249003725683,19.355309740869266,69.12610621739029
616.4717696232879,301.6672345673647,19.355309740869266,69.12610621739029
611.6321638745757,297.9639921149106,18.992185335058544,67.82923333949485
610.1679978059095,298.92872765426375,18.635873495714634,66.55669105612373
610.3428113475292,300.1976659046977,18.286246412475236,65.30802290169731
611.1468559903394,301.75905302783707,17.94317867282457,64.0827809743735
617.4833545409527,302.9771781388208,18.303710961897636,65.37039629249159
621.4147129100219,305.80256619198565,18.671487426255048,66.68388366519663
620.5812937729468,306.101380612714,19.046653623110792,68.02376293968143
610.8371556458324,304.7591670561688,19.429358034359957,69.39056440842846
611.1731808199362,307.78339362310305,19.429358034359957,69.39056440842847
616.6904117342086,313.4707396257461,19.81975212534435,70.78482901908703
616.8763306321799,317.90528189712717,19.447914329401733,69.45683689072054
616.6809471608697,316.87113768540064,19.838681272022406,70.8524331143658
616.6809471608697,316.18492908122215,19.838681272022406,70.8524331143658
616.8670436234274,316.5064550025535,19.466488346906864,69.52317266752456
617.0496487356377,317.49528344979905,19.101278122486324,68.21885043745121
617.5591791247574,317.80485826289913,18.74291959651516,66.93899855898276
617.2350257065387,317.15655142646176,18.74291959651516,66.93899855898276
617.8833325429762,312.6184035714,18.74291959651516,66.93899855898276
632.3219006306178,299.3077268952069,18.391284224477086,65.68315794456106
631.0496126893295,299.94387086585107,18.391284224477086,65.68315794456106
630.5859878941859,301.1961547489976,18.046245873475762,64.45087811955634
633.0828250622822,301.1961547489976,18.046245873475762,64.45087811955634
636.6852587166571,301.4886306324236,17.707680776990472,63.241717060680294
634.8477631579649,302.10112915198766,17.707680776990472,63.2417170606803
634.0951220218737,303.6131149429586,17.375467490480606,62.055241037430775
634.3956257481574,306.6181522057948,17.375467490480606,62.055241037430775
631.0900847590375,307.51966338464564,17.375467490480606,62.055241037430775
630.7895810327539,309.02218201606377,17.375467490480606,62.055241037430775
628.0850474962012,309.9236931949146,17.375467490480606,62.055241037430775
626.4450154598283,311.40731266422534,17.049486847823065,60.89102445651099
625.4254839861649,312.2733660224699,16.72962191856694,59.748649709167694
625.25740983956,315.4344433739919,17.06577021177671,60.949179327774004
621.4204910306973,320.15680498489974,17.06577021177671,60.949179327774004
616.8218257600387,321.61051225955543,17.40867273264194,62.17383118800697
609.1199794938742,325.2009748844365,17.758465193858914,63.423089978067594
605.5631658945512,326.09943261949593,18.115286034999123,64.69745012499692
605.3811706734006,328.8957351206388,18.47927647730036,65.99741599035849
605.2349214728603,328.5560415679065,18.132587306190747,64.75924037925273
601.2895776785919,327.5918399631116,18.496925382934037,66.06044779619306
596.8109914146137,328.2316380008228,18.496925382934037,66.06044779619307
592.3324051506355,327.5918399631116,18.496925382934037,66.06044779619307
586.3883934503754,290.1397765059354,18.86858410465333,67.38780037376199
585.5864096809701,289.1402730428673,18.514591144415423,66.12353980148374
582.2378355607838,290.0807484941383,18.167239435858246,64.8829979852081
581.6094411708483,290.0807484941383,18.167239435858246,64.8829979852081
581.1127268048882,287.2295210901057,18.532273777842946,66.1866920637249
577.7214387243167,286.88508684749377,18.904642754861143,67.51658126736133
573.7980342380716,286.88508684749377,18.904642754861143,67.51658126736133
570.2015801256803,286.88508684749377,18.904642754861143,67.51658126736133
565.6242748917276,287.53898759520126,18.904642754861143,67.51658126736133
563.3356222747514,287.86593796905504,18.904642754861143,67.51658126736133
562.0278207793364,287.21203722134754,18.904642754861143,67.51658126736133
560.5300937904847,286.86068226149877,19.28449374173457,68.87319193476642
558.1954552764755,286.86068226149877,19.28449374173457,68.87319193476642
555.3335553083745,288.1698664650197,19.67197707448724,70.25706098031169
551.0532663809735,288.82491370512173,20.067246109844913,71.6687361065891
550.0120945847793,289.1719709705198,20.067246109844913,71.6687361065891
546.1944646654008,290.560200032112,20.067246109844913,71.6687361065891
544.6474188501217,292.62071663552945,19.690765086422772,70.3241610229386
540.0644819098168,294.3020298125042,19.321347212583845,69.00481147351385
538.3936961202022,294.6361869704271,19.321347212583845,69.00481147351385
528.0348242245916,300.3168586551168,19.321347212583845,69.00481147351385
524.0249383295165,302.9901159185002,19.321347212583845,69.00481147351385
524.2061819474168,306.3106718172418,18.95885997678324,67.7102142027974
535.204330749172,296.7812971018244,18.60317335352133,66.43990483400486
531.0217556377714,296.7812971018244,18.60317335352133,66.43990483400486
529.9093162480573,297.4045356675712,18.25415975670312,65.19342770251126
527.8706459305803,298.33178212961025,17.91169399387265,63.97033569240243
527.7288887070146,299.551410157463,17.575653221306,62.77019007609296
527.2858251055399,301.66005442241874,17.2459168999468,61.59256035695297
525.9562842495264,303.1326121013931,16.922366752168433,60.43702411488738
526.115024265937,304.28487568939374,16.604886719347405,59.30316685481229
530.2912607058088,309.1488194810069,16.293362920232703,58.19058185797407
530.7258893990082,311.38540962075183,15.987683610096163,57.098870036057846
529.0668749861495,313.04442403361054,15.987683610096164,57.09887003605785
528.6638424165867,316.3450631790541,15.687739140649235,56.0276397880331
527.8498975708471,315.80243328189437,15.687739140649235,56.027639788033106
528.121212519427,316.0737482304742,15.687739140649235,56.027639788033106
518.3538743705526,316.3450631790541,15.687739140649235,56.027639788033106
514.7026237004035,315.514054900329,15.393421920711734,54.97650685968488
512.6843999702979,314.4292837907977,15.702721947364596,56.081149812016534
511.8696777545249,313.886135646949,15.702721947364598,56.081149812016534
505.6234741002653,312.256691215403,15.7027219473646,56.081149812016534
501.3921056253561,311.69327194381657,16.018236739452995,57.20798835518938
501.5082092197047,311.11853188880616,16.340091170258827,58.357468465210204
503.3570703473172,312.23114765679185,16.033535192776093,57.262625688486146
506.83501739751085,313.04559428044547,15.732730503113675,56.18832322540608
508.343063354746,313.0284819107016,15.43756920152725,55.13417571974027
512.225711886599,313.0116905856312,15.147945412576469,54.09980504491605
514.9553011327664,310.372341927153,15.452313079751368,55.186832427683555
519.3761444901545,310.35553456527987,15.162412681327986,54.151473861885755
554.3949091768346,321.8771439644397,14.877951095888282,53.13553962817252
555.3064012716429,321.6036514350462,14.598826286019298,52.138665307211866
556.3163313240503,320.59372138263876,14.5988262860193,52.13866530721187
560.9979606385788,323.8601150220989,14.324938128629023,51.16049331653231
562.1233182973039,321.86256832942036,14.056188379031878,50.20067278225679
566.1447361073706,318.4439110755225,13.792480635707989,49.25885941324289
566.2447069470352,315.32512498434403,14.069612949121268,50.24861767543318
585.9544304864187,314.83846514386545,14.069612949121268,50.24861767543318
594.3596275752022,316.52647117594546,13.805653347826503,49.30590481366616
598.3093683410115,316.27269005852594,13.546645884971344,48.38087816061201
601.687552286212,313.67806337223504,13.818838640738072,49.35299514549319
598.4712797949811,313.6630327279229,13.559583808984245,48.42708503208666
598.8329843872177,314.1173022982075,13.305192849624842,47.51854589151736
603.329873939983,314.1028303424646,13.055574511690658,46.62705182746671
607.742397478011,314.0886298946645,12.810639256169278,45.75228305774749
612.5152504523473,314.29625219239716,12.570299223887105,44.893925799596865
618.0681589478751,315.3695781719047,12.334468203993955,44.05167215712133
624.3701738461657,318.34265731999585,12.103061603038913,43.22522001085332
630.6497432099471,321.4824420018865,12.103061603038913,43.22522001085332
624.9023443979573,321.46927759503785,11.875996414626346,42.41427290937986
627.4784504283336,318.7862647958711,11.653191189641205,41.61853996300436
631.2154578022397,318.77358970960466,11.434566007032933,40.837735739403385
635.0801128281819,317.3768496457913,11.220042445147488,40.07158016124108
641.4836775476494,322.8101772865517,11.22004244514749,40.07158016124108
644.9765310309954,324.3625566124833,11.22004244514749,40.07158016124108
650.127013286048,325.5146371532174,11.009543553597211,39.31979840570437
654.1255581396675,326.46667164217433,11.009543553597211,39.319798405704375
658.0369709594651,326.2642897486908,10.802993825658437,38.58212080592304
663.1598097078065,326.4371785104939,11.020058380597392,39.35735135927645
668.3855816551185,329.28178360810415,11.241484413638736,40.14815862013839
668.7744181519906,331.0315478440291,11.241484413638737,40.14815862013839
671.0184694666381,329.0751380836896,11.030583249938232,39.394940178350865
675.3188987058759,331.54316025624183,10.823638796865396,38.65585284594788
679.538647716632,333.777688207903,10.620576822686669,37.93063150959528
683.128190649084,335.23557492633654,10.4213244883279,37.219016029742534
685.6514640980296,337.75884837528207,10.4213244883279,37.219016029742534
688.5352051825388,337.75884837528207,10.4213244883279,37.219016029742534
690.9760018972431,338.46844845206215,10.225810321246694,36.52075114730965
691.8602641789595,339.3527107337785,10.225810321246694,36.52075114730965
698.757509976347,347.13421881288247,10.225810321246694,36.52075114730965
695.670088827894,338.6341783733113,10.033964189794958,35.83558639212488
691.4044538259701,338.6212252196804,10.235576632260509,36.55563082950185
693.4477034852349,339.14115614751773,10.043547275330528,35.86981169760906
716.5498392947304,341.920360455427,10.043547275330528,35.86981169760906
722.1300215482142,344.6886404743527,10.0,35.19685919859874
725.1979682515881,346.89366042140875,10.0,34.53653194194379
728.2083572956615,347.0609042571906,10.0,34.53653194194379
731.2187463397348,349.2350741223547,10.0,34.53653194194379
734.2291353838082,351.5764878233007,10.0,34.53653194194379
736.737792920536,354.25238919581034,10.0,34.53653194194379
736.737792920536,354.58687686737403,10.0,34.53653194194379
735.9015737416267,354.9213645389377,10.0,34.53653194194379
734.9648895627175,355.4106124496922,10.20093,35.23047447825327
734.4530767641949,355.75182098204067,10.20093,35.23047447825327
734.0093845886014,358.4687548113309,10.40589728649,35.93836040194482
734.2810291751929,362.1124862171597,10.210672548695936,35.26412186267659
733.8369132448412,362.27050682975323,10.415835592216883,35.97268386326335
731.1474439641663,356.33680459978365,10.22042440215674,35.297801382530814
722.6968016056803,358.37721809514176,10.028679315777156,34.63558035248489
722.3756943042496,362.55975668754877,10.0,33.98578323201572
721.7173870069995,364.6889049027367,10.0,33.34817693651536
717.0342001120172,364.52741569946136,10.0,33.34817693651536
715.6418214858152,363.7079156300429,10.20093,34.01824185570076
715.1476194683052,365.02578767673623,10.20093,34.018241855700765
730.4678820111146,374.0861579977526,10.20093,34.018241855700765
730.4678820111146,375.89823206195587,10.20093,34.018241855700765
728.5533243036664,380.1690199585791,10.40589728649,34.701770389307356
727.2724734130661,381.3327846783064,10.614982980667444,35.399033061739715
726.0725298120362,382.5327282793362,10.614982980667445,35.399033061739715
724.5297451821407,384.41835393809737,10.614982980667445,35.399033061739715
722.0232145535658,385.6055021823381,10.828269833697997,36.11030583304925
718.3510523501499,387.35415085063147,10.828269833697997,36.11030583304925
715.2034847472219,388.7530697852661,10.828269833697997,36.11030583304925
713.3460498660443,387.86569299722635,11.04584225946649,36.83587020815271
709.6675092798139,387.3172430005816,11.26778636798595,37.57601334824513
705.2241419786618,390.035237846192,11.056391754081243,36.87105084945307
707.4341982030098,385.02254430562226,11.278547833595997,37.611900874171134
706.0829054947352,377.17922553056434,11.06695132414647,36.90626509054395
703.2233964514994,380.2174538890024,11.06695132414647,36.90626509054395
705.5467475491286,385.4003140298674,11.06695132414647,36.90626509054395
704.7569643498475,387.8911444978518,10.859324570686082,36.21386771942882
702.2283345772805,388.05548179258756,10.655593096737627,35.53446039535181
711.9645633559695,386.66804904443785,10.455683823074931,34.86779941241642
709.6987706763516,387.8393659573465,10.259525041509065,34.21364563688544
709.9606902550165,392.1366326249337,10.067046389166356,33.57176442140277
708.0433502887339,394.0772713759443,10.0,32.941925520824576
706.2886091379593,395.343414168328,10.0,32.323903009629504
705.1929051816093,395.343414168328,10.0,32.323903009629504
702.5319098590448,395.03035589508517,10.0,32.323903009629504
699.3008621266162,395.6447886232275,10.20093,32.973387192801994
688.9792247833027,408.4068121670076,10.40589728649,33.63592146166697
684.0927464292259,408.73257739061273,10.40589728649,33.63592146166697
685.558689935449,405.31204254275895,10.40589728649,33.63592146166697
684.2556290410286,404.6605120955487,10.40589728649,33.63592146166697
686.6335979751614,401.5554985221717,10.210672548695936,33.004878912713394
683.5328435244878,401.06596643196497,10.019110416556863,32.38567533475528
679.6216919747201,413.2887083352027,10.0,31.77808861720043
676.9051646401309,413.1233357875917,10.20093,32.416605751785845
672.8782297100063,414.6813989756086,10.40589728649,33.06795261115648
669.9333300610973,417.7138400213821,10.210672548695936,32.44756570936753
666.7907705475129,418.81373585113664,10.210672548695936,32.44756570936753
663.4297361486396,418.4895978689605,10.019110416556863,31.838817868286
662.7123587467374,423.2576725603402,10.220424402156741,32.47855523571347
659.5667978853259,425.1450090771872,10.220424402156741,32.47855523571347
656.5171095671041,428.7525125990135,10.028679315777158,31.869226001025154
647.7740246019699,444.1737285542014,10.230185569269068,32.509574359063755
644.2078254593558,445.2639753994772,10.435740687912393,33.16278923666043
640.3536304268117,446.0669326979239,10.435740687912393,33.16278923666043
638.3216902417186,442.521933542071,10.645426025554617,33.82912916079265
634.6107400435975,443.0011603154015,10.859324570686086,34.50885785302046
631.1594453700686,443.65712601574995,11.07752097928488,35.2022443338612
632.7528306669931,445.00814227949274,11.300101608321652,35.90956302926148
624.9276562037269,439.61746653813157,11.300101608321652,35.90956302926148
621.7975864184203,439.61746653813157,11.300101608321652,35.90956302926148
619.8847659940664,440.8347158990841,11.300101608321652,35.90956302926148
617.556267711758,442.56270716218336,11.088100729128369,35.23586475666862
617.3856373430544,443.2452286369976,11.08810072912837,35.23586475666862
617.1483883740649,445.62332258084064,10.880077192293285,34.57480571786774
616.9809591967697,448.3021894175636,10.880077192293285,34.57480571786774
615.3066674238179,448.4696185948588,10.880077192293285,34.57480571786774
614.9064402985732,451.4728138962359,10.675956379011541,33.92614878855951
615.3351620395715,454.58395438083727,10.475665070399518,33.28966129312671
616.0782522246369,456.6694918081372,10.27913142123095,32.66511492117266
616.0782522246369,459.67493958651437,10.27913142123095,32.66511492117266
617.1855224587758,461.8894800547923,10.27913142123095,32.66511492117266
617.5983086263481,463.6195278507446,10.086284934165784,32.052285645625396
617.3310234450521,463.45455237979974,10.0,31.450953642378387
607.2791005447045,469.6893502182022,10.0,30.860903211438792
606.830766950806,472.5193975062353,10.0,30.281922699555096
606.830766950806,475.7454952552509,10.0,30.2819226995551
604.9244364627514,475.58963197255997,10.0,29.713804424296313
604.9244364627514,476.7316999819828,10.0,29.156344599555528
603.7949150814143,476.2992497871993,10.0,28.609343262451077
603.3792911576409,476.2905367017763,10.0,28.07260420159914
602.0198697730752,476.01010280538367,10.0,27.54593488673198
602.0198697730752,476.13510531699956,10.0,27.029146399636648
602.2816481200954,476.3886518336232,10.0,26.52205336638931
602.4100816856098,477.66491009550265,10.0,26.024473890860964
603.2922498753749,477.6569842419792,10.0,25.536229489470614
603.2922498753749,479.0094637189933,10.0,25.057145027162555
603.8989484655995,479.85121049550673,10.0,24.587048654584798
605.5658342050954,481.62967142196516,10.0,24.125771746446077
605.8158577788922,482.5555871021038,10.20093,24.610530878147422
606.6266093365449,484.2165695936718,10.009550647535015,24.148813420692132
607.3282559627052,486.3215094721526,10.009550647535015,24.148813420692132
604.0586803643914,494.96779658087604,10.0,23.69575823109179
606.5831182294834,496.344762689108,10.0,23.695758231091794
606.9416419322274,496.2214504297253,10.20093,24.17187710122912
608.8290557306623,491.99881278306793,10.40589728649,24.65756262782412
614.2022686891271,480.774767936497,10.40589728649,24.65756262782412
613.3446431987414,478.8567826624859,10.210672548695936,24.194962809074475
609.7271241665289,478.9652017196697,10.415835592216883,24.68111219679721
607.2321060410186,480.1514681859245,10.625120976771298,25.177029784167456
605.0375413188868,479.5418668742212,10.6251209767713,25.17702978416746
603.3306576461177,481.2487505469904,10.6251209767713,25.177029784167463
601.3951084331148,480.9958095172637,10.838611532557564,25.68291184362074
601.0219984145992,481.7420295542949,10.838611532557564,25.682911843620744
599.1719282174313,481.7327461928017,11.056391754081245,26.198958591294616
597.7532148677968,482.9934569263511,10.848963108409206,25.70744068748987
597.3797485050534,484.1138560145815,10.848963108409208,25.70744068748987
597.6287260802156,485.358743890393,10.848963108409208,25.70744068748987
597.2552597174722,485.23425510281186,10.848963108409208,25.70744068748987
600.7564404494569,486.8433171136623,11.066951324146475,26.223980293223605
600.7564404494569,488.49418894393256,11.066951324146475,26.223980293223608
598.7404042111285,484.6750057837961,11.28931957710255,26.75089872925535
601.995071657909,484.6653363870905,11.516155875365271,27.28840453742228
596.46144451593,484.78761733934266,11.747549995368987,27.836710449792708
594.5910251167433,482.7555581896506,11.983593517425938,28.396033472860395
592.5455150294994,479.995127120117,12.224379861971578,28.96659497343058
591.5636158849276,475.5064453163602,12.224379861971578,28.966594973430585
591.5380151969387,473.25328252667754,11.99503862521472,28.423153523569574
587.7966234305989,473.1069864656062,11.770000052762397,27.889907563019545
584.1500729181269,470.9460676434006,11.770000052762398,27.88990756301955
582.369677263851,474.7191816037442,11.549183422454131,27.366665814500642
581.7235539209149,472.0588172730677,11.781241164961504,27.916544230711402
581.1581356082819,472.7262472571294,11.560213640472641,27.39280275244092
582.4846374738529,472.8588974436865,11.560213640472641,27.39280275244092
577.5765805712404,472.8588974436865,11.560213640472641,27.39280275244092
573.0422644584918,473.77910616625013,11.343332806973093,26.878887172884625
568.5028112970607,473.11858280552786,11.571254393063604,27.418964652849397
563.6065931511072,471.7809031685444,11.803755607583431,27.969893909619103
558.070216246564,470.8226798201525,12.040928469006605,28.531892987945078
553.7870623897516,469.717349792588,12.040928469006607,28.531892987945078
553.7618458915476,476.34064046033063,11.81502895852318,27.996606969451353
553.355123530456,475.39162161778347,11.815028958523182,27.996606969451356
551.6095343976577,475.1103537058649,12.05242833538679,28.559142793288544
542.0417172457252,479.94209329994,11.826313076243068,28.023345541985513
540.2775704141648,478.72076087809046,11.826313076243068,28.023345541985513
527.6571353883863,478.3136500708073,11.826313076243068,28.023345541985513
525.4858777495427,477.63513205866866,11.826313076243068,28.023345541985513
523.0601034539509,476.8107811079702,12.06393918488402,28.58641862396063
538.0278052342621,484.96783564285414,12.306339914925896,29.16080553337187
538.310228783916,483.69692966941153,12.306339914925896,29.16080553337187
538.708091777039,483.2644133095541,12.07546102798789,28.613720504817213
540.8998030365523,483.11713638621836,11.848913653164958,28.07689932264794
541.8267292255816,480.3893267053474,11.626616527083685,27.550149427139104
541.9357925336483,478.1129298057231,11.408489910950452,27.03328187117318
551.9919088786895,473.39196552980746,11.194455561948839,26.526111252464048
550.5554797161859,470.6863693666384,10.98443670517364,26.02845564705251
555.9523380370922,468.7877926678255,10.778358006091423,25.5401365440495
557.5375876360569,466.5537992695854,10.57614554351776,25.060978781603577
561.5202620747056,473.9490221198522,10.377726783101417,24.59081048406972
563.321305984022,473.10656312312307,10.586246447354274,25.084913639126135
557.3469007108635,471.5197589710499,10.387638184173426,24.614296300423092
559.5072503768419,473.8947661593679,10.596356998208023,25.108871355987496
543.3135620397024,485.68136892573233,10.397559051275255,24.63780454725187
546.2745134762939,480.6628851400046,10.202490746870705,24.175575409279947
548.1622160498875,478.07859122532346,10.407489393447579,24.661335245978613
550.2072712326803,474.24814107913454,10.616607077830121,25.156855455076062
552.2782548845136,469.6188835044485,10.616607077830121,25.156855455076062
554.4710611041016,467.42607728486036,10.616607077830121,25.156855455076062
547.1617070388079,471.0807543175072,10.616607077830121,25.156855455076062
548.3576990776472,467.1747705323557,10.417429219739702,24.68488841804633
532.2350745912809,466.92677380086377,10.626746625051933,25.180881881030135
532.1283129813123,464.9666492443085,10.840269844989102,25.686841340665673
532.6413513845079,460.72813727794244,11.05808338698447,26.202967043723667
533.9260285706329,458.5615634138026,11.280273456479149,26.72946326053321
527.0819277988496,440.94834029186006,11.506927991040184,27.266538365827103
528.2461783605712,439.61964867503417,11.29104684806729,26.754991628773357
526.5382318312247,438.1863230295373,11.079215844969049,26.253042005246805
524.2498761225784,436.78788342980897,11.079215844969049,26.253042005246805
522.0654488378223,435.25431749255716,10.871358997188505,25.76050944407834
519.4457875821508,432.63465623688575,10.871358997188505,25.76050944407834
517.574600970957,429.0170287885776,10.871358997188505,25.76050944407834
513.5599690520684,427.76172558564485,10.667401745712773,25.27721727203365
511.08952059308086,424.57148633420223,10.467270930328453,24.80299213043984
508.3419636476096,422.04023249861274,10.677589805131543,25.301358651316768
504.88897713175567,418.72442403477856,10.47726785185936,24.826680594004998
501.26032461699793,416.6730602524652,10.280704132954215,24.36090795798694
497.46381279437463,414.07034116503525,10.087828140289929,23.90387366891147
493.8754084518723,411.4079766528561,10.087828140289929,23.90387366891147
490.98153398211235,408.8613671194674,10.087828140289929,23.90387366891147
488.2034144911428,405.62022771333625,10.087828140289929,23.90387366891147
486.1637389430606,402.719073226999,10.0,23.455413786904526
484.7002743072547,401.2340120795667,10.20093,23.9267034161248
495.1415541024618,385.46765112674507,10.40589728649,24.407462667864998
495.8301345635138,376.2411155025851,10.210672548695936,23.949554967225026
496.3898203950902,374.7261310856955,10.019110416556863,23.500238059702664
497.7649799882553,372.78436778597114,10.0,23.05935077367689
499.21662966885015,370.87903385130875,10.0,22.6267349612628
501.95588990530223,367.2563192801155,10.0,22.202235441583387
504.64375895974587,366.28868642051583,10.0,22.202235441583387
508.4138253981447,366.17314642432973,10.20093,22.64834495831112
512.6983440066671,362.76503319417475,10.40589728649,23.10341815355847
517.628345233592,361.7497734032929,10.614982980667444,23.56763513451792
522.0867712898258,360.1434803120892,10.828269833697995,24.041179627275792
527.2168799287908,355.94367449067767,11.04584225946649,24.524239049526646
531.9750313992068,353.3221095159077,11.26778636798595,25.017004584748786
537.6768057672545,350.64786943609965,11.494189999477893,25.519671257870144
542.1337712730375,348.04347536079,11.725142759137402,26.03243801245453
548.3191043025518,344.8825008212257,11.96073605259675,26.555507789438778
554.3630960557307,342.56778057532733,11.96073605259675,26.555507789438778
559.5153508588577,341.4008216818047,12.201063122101576,27.089087607451972
564.9023093577329,339.9480562032569,12.446219083413963,27.633388644748507
570.129877556773,336.325056652324,12.696300963457,28.188626322787442
575.8630446269902,334.00448902866464,12.696300963457002,28.188626322787442
581.3232037414829,330.8648975378313,12.696300963457004,28.188626322787442
585.0088111437655,327.58880206913574,12.696300963457004,28.188626322787442
590.0594583246711,324.58571455616476,12.696300963457004,28.188626322787442
593.6175123393243,322.52796580960273,12.951407738715746,28.75502039149121
596.6900713241358,320.2896239651866,13.211640374409763,29.332795016217446
600.8093658053504,316.7385080331052,13.211640374409765,29.332795016217446
605.3547941984145,314.8919277484228,13.211640374409766,29.332795016217446
610.1843118660453,312.47716891460743,13.211640374409766,29.332795016217446
614.1708756022383,310.6199859793612,13.47710186445278,29.922178866478305
618.0926426234025,308.8703854075772,13.74789727221523,30.523405206442455
622.0835177687015,307.2444733113443,13.74789727221523,30.523405206442455
625.4831521517341,305.4707510245447,13.74789727221523,30.523405206442455
628.0056173319881,306.4943893492379,14.02413377210585,31.136711987255502
632.8404685159943,302.41207085411577,14.305920691988774,31.762341941215425
638.6852396275392,300.8739731931829,14.305920691988776,31.762341941215425
642.6842935459647,299.33587553225004,14.305920691988776,31.762341941215425
647.1447767626701,296.87491927475753,14.305920691988776,31.762341941215425
651.1242173970116,295.019528738352,14.03752772796998,31.166449563414453
653.8408520164368,292.9065907010213,14.03752772796998,31.166449563414453
658.2176522366218,290.49180437264334,14.03752772796998,31.166449563414453
659.4349415240154,290.3296147826281,14.31958377260808,31.792677034492144
661.292516462579,289.2404263309029,14.607307169351094,32.431487294146194
662.7162653074721,287.9723026999802,14.900811792304864,33.08313316834747
663.1764536040595,286.19996414493517,14.62125809357211,32.46246146456446
663.4708082126677,284.7752765995552,14.346949093689622,31.85343416465084
666.5361563185957,283.22306669399813,14.07778639701408,31.255832808282655
673.8112161342319,282.30362702710414,14.360651359089285,31.883856256899477
674.4288089404679,281.53163601930913,14.360651359089287,31.883856256899477
677.6711711732069,281.0684414146321,14.360651359089287,31.883856256899477
680.3060645173899,279.3585364387161,14.64919992684747,32.52449858066936
682.9939007735375,278.7167780144796,14.943546300977616,33.17801333065075
687.0210651848932,277.9014595555607,15.24380697680316,33.84465915250352
692.7573351711738,277.40977927102233,15.24380697680316,33.844659152503525
696.3629905911216,275.9347384174073,15.24380697680316,33.844659152503525
700.962753101533,275.59471804923163,15.550100790388067,34.52469988885478
704.1179782959226,273.9123380308996,15.258365799555884,33.87698299355435
707.9018840923021,273.4079429642388,15.564952143566362,34.55767321284384
710.9141159227445,272.06917326181997,15.564952143566362,34.55767321284384
711.594473695046,271.38729717228244,15.877698726987042,35.25204054070951
714.1551041988888,270.8751710715139,15.877698726987042,35.25204054070951
723.8966935134873,270.35030274596545,16.196729327508393,35.96035979129398
728.0760235175778,270.00202524562457,16.196729327508393,35.96035979129398
727.379468516896,269.3054702449428,16.196729327508393,35.96035979129398
726.6829135162143,268.7830539944315,16.196729327508393,35.96035979129398
723.8966935134872,268.9571927446019,16.196729327508393,35.96035979129398
721.8070285114419,268.9571927446019,16.196729327508393,35.96035979129398
719.0208085087148,268.4347764940906,16.196729327508393,35.96035979129398
716.0604497558173,268.08649899374973,16.196729327508393,35.96035979129398
712.751813502579,267.73822149340884,16.196729327508393,35.96035979129398
709.0726941838795,267.90140837782593,15.892862957407903,35.28570852211894
705.9752139305832,267.7197902415901,15.594697415481484,34.62371436587717
703.4388434698204,267.2062474011793,15.30212574865677,33.974139862839294
700.3237427242611,266.3713648818431,15.609591361324533,34.65678225510332
697.6171237151792,267.1999407770897,15.31674026961296,34.00658736635282
694.8176050465554,265.71784265840654,15.31674026961296,34.00658736635282
692.8414742216445,265.8825202271491,15.31674026961296,34.00658736635282
691.5240536717039,266.21187536463424,15.31674026961296,34.00658736635282
688.2305022968524,265.55316508966393,15.31674026961296,34.00658736635282
684.9369509220008,265.3884875209214,15.31674026961296,34.00658736635282
681.3140444096642,265.55316508966393,15.31674026961296,34.00658736635282
677.3725806974663,265.0468403409453,15.624499531850295,34.68988172630495
671.9970147732641,265.2148267760766,15.624499531850297,34.68988172630495
668.480314536091,265.70624705496994,15.938442600943766,35.38690551983159
665.3958023777875,266.7344177744044,15.938442600943768,35.3869055198316
662.4608005496337,268.7799819952219,15.639421940644269,34.723012809644885
658.2356872213882,269.10570071435546,15.346011198297523,34.07157537137766
655.2447870430515,270.4152622806445,15.058105126395198,33.43235953203397
651.8243084789358,271.21456462284,14.775600451974416,32.805136002550164
648.01168007423,271.6911431734282,14.775600451974416,32.805136002550164
644.3579111863869,272.3265812408792,14.775600451974416,32.805136002550164
640.7041422985438,272.3265812408792,14.775600451974416,32.805136002550164
638.9566876130536,272.8031597914674,14.775600451974416,32.805136002550164
636.5737948601125,272.9620193083301,14.775600451974416,32.805136002550164
635.4415210314111,273.5874664455567,14.49839583957337,32.189679795548074
632.8017963685679,271.39352293071,14.789712107177918,32.83646703168002
632.0171665739308,272.01769879260456,15.086881792547445,33.49625016374757
631.530547821552,273.31534879894815,15.086881792547446,33.49625016374757
633.1319263549993,275.0894161459728,14.803837239925919,32.867827983971495
631.7098947720335,275.3958619281993,15.10129074158775,33.528241251653434
631.0710961498005,276.68263213512336,15.404720976458472,34.20192420312291
632.7381910239288,278.8233748719144,15.714248035038452,34.889143466136254
631.9045123749291,279.3176179122265,16.02999442080648,35.59017102580133
631.9045123749291,280.1793484311583,16.02999442080648,35.59017102580133
633.2832812052201,283.2815782993128,16.02999442080648,35.59017102580133
632.766242893861,284.31565492203094,16.02999442080648,35.59017102580133
632.6051975549124,284.99217489153835,16.352085098703746,36.305284332222755
634.890715257559,287.4535016482347,16.352085098703746,36.305284332222755
634.3408695389736,289.20053527488443,16.045304103476617,35.62416194371916
631.7532089568413,291.7881958570168,16.045304103476617,35.62416194371916
632.593764521671,295.0550497856441,15.744278617621196,34.95581807263125
632.435589626539,295.21168887074754,16.060628407885062,35.65818532516464
632.619587451979,295.54415076935777,16.383334614484696,36.37466524290318
637.529186962061,297.9991031799438,16.075967347996517,35.69224120114253
637.8748677233004,298.51762432180294,16.075967347996517,35.69224120114253
637.8862008979586,299.1960845042939,16.398981759919813,36.40940540359709
637.3688220029325,301.1223698239441,16.728486500421884,37.14097958637157
640.2235821999772,303.44918541788803,16.41464384939203,36.44417874339402
637.7644109919345,305.5537921177222,16.74446328825786,37.17645162688504
637.9444386907576,306.8139860094839,16.74446328825786,37.17645162688504
639.3846602813423,308.7942906965381,16.74446328825786,37.17645162688504
641.5567971156173,308.6008251740917,17.08090978910883,37.923438069424044
643.5889336999277,309.87263231190724,17.424116509501395,38.685433710552985
643.6012172876826,307.79796433372536,17.774219282526808,39.46274013009913
643.0404504018495,307.40150191500834,18.131356670570618,40.255664967533214
634.0732633000266,316.75856671691054,18.131356670570618,40.25566496753322
633.8534665287902,318.1108786497383,17.791194812884555,39.50042960227398
633.6377933584172,319.0552566817038,17.457414721964586,38.759363185842155
631.3615436548736,324.1111628073012,17.12989666966913,38.032199894998904
629.8881702416185,324.2953344839581,17.12989666966913,38.032199894998904
630.2685897646973,324.09741566436986,17.474087683452794,38.79638088748912
629.7172918664736,324.27126453825156,17.825194527276413,39.57591656866144
628.5799752744692,324.6402537125934,18.18335616091298,40.37111546027556
628.9837899507687,325.6031507503854,18.548714336254204,41.18229228321888
628.3855117675992,327.59741136095073,18.548714336254204,41.18229228321888
627.7618034697589,328.98085156298725,18.200722443482633,40.409672489711205
627.9325350832308,329.946967814442,17.859259216538753,39.65154779378612
634.0524790285886,324.9425433641231,17.524202171311945,38.90764625333743
633.2988348570672,327.39188692156745,17.52420217131195,38.90764625333743
626.1515693733808,337.3636086119017,17.87631596554012,39.689417589505744
625.9593725874158,339.0933796855861,17.87631596554012,39.68941758950575
626.3437661593457,339.8621668294458,17.87631596554012,39.68941758950575
626.3563685369628,339.8478206675627,18.23550478223572,40.48689705713169
627.1406029209041,340.43599645551865,18.23550478223572,40.4868970571317
627.3116608096013,341.2079003993889,17.893389004841264,39.727323553332496
626.9023684471771,342.54246371473374,17.557691651643996,38.982000386052285
627.0670681196125,340.64288055440977,17.228292306773334,38.2506602051401
627.0434482912514,341.7426086189197,16.905072813477354,37.53304067619344
632.1093972665942,337.0055610909996,16.58791723173954,36.82888438645791
632.2649999841186,339.13447988417704,16.276711796690666,36.13793875249237
643.2899168106171,350.1593967106756,16.276711796690666,36.137938752492374
644.4925923487762,350.32338944235295,15.971344877800933,35.4599559295663
643.9774457449175,348.94966516539654,15.971344877800934,35.459955929566306
643.9887051632222,348.42170118353056,16.29225711043059,36.17245282405908
643.6498591873057,348.05829463623365,16.619617432550474,36.8992659186529
643.3042047791951,345.36467568071237,16.953555405622712,37.6406828687564
643.6807081280633,344.9865185602714,17.29420319438789,38.39699710963833
643.1350854869712,343.1132574140108,17.641695619172726,39.16850797256229
645.2215024667695,343.682280226683,17.641695619172726,39.168507972562296
645.0318281958787,343.682280226683,17.641695619172726,39.168507972562296
644.2855680881684,341.2023568315384,17.996170209248763,39.95552080325499
643.330827980098,339.05957512764667,18.3577672572632,40.758347082754796
643.13345488202,337.0858441468676,18.3577672572632,40.758347082754796
643.5282010781758,337.2832172449455,18.3577672572632,40.758347082754796
645.3175007502049,337.86060400136813,18.72662987476339,41.57730455068859
644.3108061715169,335.64587592825467,18.72662987476339,41.57730455068859
643.9213301687425,333.21478038071035,19.10290404883701,42.412717331025576
641.4305272422772,334.63955435467534,18.744515018908643,41.61701356881055
642.6140159313305,334.4253485258387,18.392849715197226,40.836237981846864
643.1820503644743,333.8196608337765,18.047781994069815,40.07011050307072
643.3888139204565,332.4468949741433,18.41041607767666,40.87523923340893
644.1935494284246,330.45272867823707,18.78033656792542,41.696545415325815
644.3697181038024,329.63236446722294,18.42799921716975,40.9142777336917
644.5425816837607,328.0348783041281,18.08227205725323,40.14668615339005
644.7369928017475,327.25723383218053,18.082272057253235,40.14668615339005
644.9314039197344,326.0907671242592,18.082272057253235,40.14668615339005
644.9066132930857,324.52325135283104,17.74303107457687,39.39349533650857
645.109885484654,323.17366571878506,18.099541797958345,40.185028838305044
642.7499096630312,321.4100560750997,17.759976818176483,39.4311186754217
643.3227475681978,320.07343429637774,17.759976818176483,39.4311186754217
643.2983988053213,320.06142539766967,17.426782407151627,38.691352599282354
642.712415939072,318.55073270474014,17.099839046827725,37.965465253084986
642.7244709189279,317.06622158103653,17.443426112795635,38.72830534641522
642.3493857569114,315.37833835196244,17.443426112795635,38.72830534641522
642.3616829574773,314.426626689275,17.79391687368004,39.50647318574074
640.0415571740396,311.5449317297349,17.460085714256277,38.76529338581442
640.2292788703567,310.23087985551496,17.46008571425628,38.76529338581442
640.4293095118627,308.7150941576116,17.81091121651283,39.54420442581559
638.489955034788,306.9796085229526,17.47676122671508,38.80231675118635
638.6901767185092,305.6502761342481,17.82792179004347,39.58197170166794
636.365617078053,303.52978004415326,17.49345266536808,38.83937547626961
636.7417779586499,301.4608952008701,17.49345266536808,38.83937547626961
637.1302713073427,299.94221277335697,17.84494860977332,39.6197750477143
634.8034915619064,297.43597239101575,17.510160045425817,38.87646959483501
634.9917516312042,297.0594522524201,17.510160045425817,38.87646959483501
635.1923559469036,295.5393193848487,17.861991691218556,39.65761449840403
635.3969910051183,293.98864248756905,18.22089269027021,40.454454946520464
632.8252909033333,291.2337010059026,17.879051049910178,39.6954900882194
633.2223475934389,289.48931691961485,18.238294822656023,40.493091570561994
633.6273823436187,287.70988292388137,18.604756880527653,41.3067192594893
631.6015893837567,285.4969881912852,18.255713575205114,40.53176509508135
632.2032868386927,283.91213059120355,18.62252562807171,41.34616985113682
633.217513483401,282.2954284473634,18.996708035516555,42.17693844195571
634.6606042934011,280.44199925268725,19.37840889007419,43.02439966606993
633.0074935922474,278.3429826028825,19.767779259902454,43.88888892856028
634.9342246838235,276.4143232201243,20.164973248571673,44.770748373801844
633.8644243588254,274.01330482376017,20.570148056055224,45.67032702087665
634.9847231121049,272.0063616799995,20.98346404094554,46.58798090170713
635.6763255990286,270.18469624225395,21.405084783920262,47.52407320196513
635.0010068947595,267.6360193008865,21.835177152483574,48.47897440481222
635.9554417268262,265.50565256946777,22.273911367008427,49.45306243752812
635.7316668762775,262.8535255226363,22.72146106810573,50.44672282108537
635.9919742142704,260.39239853535963,23.17800338534718,51.46034882272944
636.5067096597787,257.6326223713545,23.643719007368958,52.49434161162455
638.2861438380311,256.10739307570964,23.643719007368958,52.49434161162455
638.0486072150235,254.0547793770636,24.118792253384022,53.54911041762692
638.0656103899636,251.18298464742958,24.60341114613127,54.6250726932483
640.975363277915,250.38941567798827,24.603411146131272,54.6250726932483
640.7281851078354,247.72444096666544,25.097767486290486,55.72265427887374
643.6964036605644,246.1054126651769,25.09776748629049,55.72265427887375
643.4442589395134,243.38689061697949,25.602056928392525,56.84228957129916
646.9875375383062,244.470618704039,25.12173747940822,55.775873021947056
646.4650562396603,240.3990214759566,25.626508550581974,56.89657763857704
649.7361961017285,240.93273899906205,25.14573036542152,55.8291425923661
649.4835695216124,237.6683142979838,25.650983525653935,56.950917554474515
652.7578335340665,235.99625404117515,25.169746166194585,55.88246303867428
653.8402812433196,235.18441825923534,25.169746166194585,55.88246303867429
653.8580253157742,231.6462638938714,25.675481875911935,57.005309368510375
657.4466666417682,231.6462638938714,25.675481875911935,57.00530936851038
660.1719591228367,229.97260671124573,25.193784903612496,55.935834409461386
661.7971813981982,229.159995573565,25.1937849036125,55.93583440946139
661.5440720381641,225.61846204167426,25.700003623680786,57.0597531302507
665.653532238808,226.43002320787454,25.217846599581236,55.98925675336356
665.653532238808,223.4476033501068,25.217846599581236,55.98925675336356
668.8725077416389,223.9728097627797,24.74473530945483,54.93884392801778
668.8899521915471,221.29252720169902,25.241931276027707,56.04273011906345
670.2468923105716,219.66419905886954,25.241931276027707,56.04273011906345
672.926166095838,219.91851905387057,24.768368133983614,54.991314081451556
672.9436272063255,216.70308360749516,25.26603895489975,56.096254555290166
675.89710708849,217.2292937115005,24.792023529390132,55.04383434727948
675.3814831727352,214.01078731606307,25.29016965816617,56.149830110819366
677.3026587442505,213.17477139023148,25.798325037107706,57.27804864723606
677.598216027955,210.65773692783284,26.31669078207831,58.42893647870498
678.748541769383,209.2219007922774,26.845472049962613,59.6029490993716
680.4803124951836,207.49013006647678,26.845472049962613,59.60294909937161
683.3665970381846,207.20150161217668,26.845472049962613,59.60294909937161
684.232482401085,204.89247397777584,26.845472049962613,59.60294909937161
687.9478474147311,205.74020703350155,26.341824925873073,58.484739896520374
687.6832042706133,203.17014556456797,26.87111121410864,59.65987377526116
687.991051878128,201.70406030319384,27.411032451733725,60.85861961902749
690.3487243862037,201.40935123968438,27.411032451733725,60.85861961902749
691.822269703751,199.93580592213706,27.411032451733725,60.85861961902749
693.8852331483172,199.6410968586276,27.411032451733725,60.85861961902749
694.7693603388456,197.57813341406137,27.411032451733725,60.85861961902749
695.0833935283381,196.67200822854934,27.96180232678641,62.08145186303261
695.4037365867072,195.44704561696227,28.523638820938533,63.32885447531653
700.884712983131,192.97438877556678,27.988507658633104,62.140743669553196
703.5546009698628,194.15913467115547,27.46341607657436,60.97492297622702
706.4696715301612,194.7311090536771,26.948175722487893,59.830974211183765
706.759404200554,192.70298036092794,26.948175722487893,59.83097421118377
706.1799388597684,192.99271303132068,26.948175722487893,59.83097421118377
707.9183348821249,192.70298036092794,26.948175722487893,59.83097421118377
709.3669982340886,191.544049679357,26.948175722487893,59.83097421118377
710.8156615860522,190.9645843385715,26.948175722487893,59.83097421118377
712.8437902788014,190.67485166817877,26.948175722487893,59.83097421118377
717.7322999774436,189.49769923350925,26.442601777770854,58.70848703581
719.4380820023424,188.92910522520964,26.442601777770854,58.70848703581001
721.4281610313909,188.92910522520964,26.442601777770854,58.70848703581001
724.5191755161759,189.19552233404332,25.946512891196857,57.60705880984313
727.5521995676809,189.45694119920955,25.459731113864628,56.52629444694288
724.2853917496471,188.6153200884667,25.971293491135512,57.662077281265304
724.8621603825329,187.75678828474565,26.493134691252898,58.820681400077774
725.4505180275592,186.31132538635785,27.025461246604245,60.00256535144954
727.7940791659504,185.12738240582001,27.568483839432265,61.20819689705622
728.9796867593894,184.83098050746025,27.568483839432268,61.208196897056226
729.8688924544687,184.23817671074073,27.568483839432268,61.208196897056226
731.0545000479077,183.6453729140212,27.568483839432268,61.208196897056226
732.2401076413468,182.75616721894193,27.568483839432268,61.208196897056226
732.7951153033786,182.73752602738233,27.051272312088,60.059871686736386
733.6676386361504,181.86500269461044,27.051272312088003,60.059871686736386
734.2122338154995,181.5558701189822,26.543764175237598,58.933090172449184
734.7466118604522,181.25253717065746,26.04577738385287,57.827448173536936
734.1508422299073,181.79498671134414,25.557133308247124,56.74254909216357
741.8095571448998,178.20560570752747,25.077656670000056,55.67800377105354
740.7310698277597,177.93598387824244,25.077656670000056,55.67800377105354
738.3044733641946,174.97014375610718,25.077656670000056,55.67800377105354
737.4956078763395,174.97014375610718,25.077656670000056,55.67800377105354
736.4171205591994,174.43090009753712,25.077656670000056,55.67800377105354
735.3386332420592,174.1612782682521,25.077656670000056,55.67800377105354
734.2257646910917,171.98734668397879,24.607175479084734,54.63343035389968
732.9029473813418,172.25191014592878,24.607175479084734,54.63343035389968
724.7014800608923,171.98734668397879,24.607175479084734,54.63343035389968
728.4053685281921,168.28345821667898,24.607175479084734,54.63343035389968
727.6116781423422,168.018894754729,24.607175479084734,54.63343035389968
727.0825512184422,168.018894754729,24.607175479084734,54.63343035389968
719.1456473599426,167.754331292779,24.607175479084734,54.63343035389968
716.7819236758921,166.14720268692864,25.101607455985985,55.73117987000059
716.4776302701692,165.8603502063593,24.630676925068034,54.685608817593575
713.5646527611061,164.80108565760906,24.630676925068034,54.685608817593575
713.5308843323477,164.51961480812477,24.16858150820959,53.6596536934368
717.1687553425877,160.36204793927897,24.16858150820959,53.65965369343681
716.3892115546792,158.28326450485605,24.16858150820959,53.659653693436816
715.8695156960734,158.5431124341589,24.16858150820959,53.659653693436816
715.3498198374677,158.02341657555317,24.16858150820959,53.659653693436816
714.830123978862,157.76356864625032,24.16858150820959,53.659653693436816
714.7969890786183,157.48737846322607,23.715155450091522,52.65294648366817
710.2074763418135,153.91775744571126,23.715155450091522,52.652946483668174
709.6975304821685,153.66278451588877,23.715155450091522,52.652946483668174
709.442557552346,153.4078115860663,23.715155450091522,52.652946483668174
709.6650172248291,152.62685713942648,23.270236105125427,51.66512607872294
709.1810434077327,152.10780345027658,23.737804959185716,52.703233457022726
704.8423638345581,148.53477321354458,23.73780495918572,52.70323345702273
703.8382326405931,148.2605066240995,24.21476867423064,53.76219952687469
703.5949589671073,147.46004017703282,24.701316021201958,54.84244340196818
703.0812215839507,146.64348995764527,25.19763956401597,55.944392617243935
702.5571616755542,145.81053279469955,25.70393573577574,57.06848329810222
701.7462165776519,144.96083902347874,26.220404916514685,58.21516033301099
701.1824004578913,144.11511484383774,26.220404916514685,58.21516033301099
696.3540155088912,140.71448847450063,25.72848465882325,57.12298739503603
732.8858866812856,103.07363079718834,26.245447101072983,58.27075958076449
730.0826160939962,97.97337680574744,26.772796869674846,59.4415939530208
729.7947690051685,97.68552971691982,26.77279686967485,59.4415939530208
728.643380649858,97.3976826280922,26.77279686967485,59.4415939530208
726.071631035486,95.93696138796032,27.310742677177224,60.635953900318846
724.8971078339523,95.34969978719346,27.310742677177224,60.63595390031885
723.4289538320352,94.76243818642658,27.310742677177224,60.63595390031885
719.6310068511276,91.51058187211613,27.859497429789748,61.85431212203796
719.331476127072,91.21105114806059,27.85949742978975,61.85431212203797
717.8338225067944,90.6119896999495,27.85949742978975,61.854312122037975
716.0562784455883,89.09197818104883,28.419278311646515,63.09715081550608
715.1396308609063,88.48087979126086,28.419278311646515,63.09715081550608
709.9653294630447,82.95818714728912,28.990306870762428,64.36496186684205
709.3623897502006,82.62323315276089,29.57280910671666,65.6582470456325
709.3218457042314,86.73660428077656,29.017994491047887,64.42643457328154
708.6978731489153,85.4886591701445,29.017994491047887,64.42643457328154
703.7265497023907,79.22564599735975,29.601053054356512,65.7209549231625
703.110907704945,78.24712540578918,30.1958270133777,67.0414860704336
702.8075453288552,77.2489433999722,30.802551765557496,68.38855065004684
701.50456878428,76.23070492311234,31.421467438182844,69.76268179825823
700.5132386918838,75.19200698053695,32.052818983418256,71.16442336363063
699.1573746829283,74.13243848020137,32.69685627525208,72.59433012227606
698.1258067710802,73.05158006998855,33.35383420839072,74.05296799742295
697.0735115651794,71.59040101647622,34.02401279913992,75.54091428339518
695.6102781074065,70.8587842875898,34.02401279913992,75.54091428339518
694.8786613785201,70.49297592314659,34.02401279913992,75.54091428339518
694.1470446496336,69.76135919426017,34.02401279913992,75.54091428339518
692.6838111918607,69.39555082981695,34.02401279913992,75.54091428339518
691.9521944629743,68.66393410093053,34.02401279913992,75.54091428339518
691.2205777340878,68.29812573648732,34.02401279913992,75.54091428339518
689.7573442763149,67.93231737204411,34.02401279913992,75.54091428339518
688.6839053028419,67.17339557669598,34.70765728831304,77.05875787409144
687.1912710952021,67.17339557669598,34.70765728831304,77.05875787409144
686.4449539913821,66.42707847287605,34.70765728831304,77.05875787409144
685.6510530125402,66.40360993206457,34.05650793453706,75.61306074807453
684.5765888353385,65.2778055821404,34.74080534846571,77.1323539776856
683.7819296296539,65.62782956984316,34.089034104892676,75.68527611729938
682.6824073112568,65.26132213037748,34.089034104892676,75.6852761172994
681.240409511725,64.50095000386503,34.773985067162286,77.2060203703243
680.4926661648313,64.12707833041819,34.773985067162286,77.2060203703243
679.6972480081484,64.10356494024762,34.12159133984717,75.75756045687805
678.9167526684797,64.08049268410946,33.48143715236674,74.33627505794243
677.4768531673574,63.72051780882887,33.48143715236674,74.33627505794243
676.3510258028841,62.97792866005911,32.85329287906842,72.94165435323727
672.4887512253257,60.12579194720999,33.513414092887544,74.40727101415686
669.6298279884687,59.73857797356238,34.186799122255934,75.90233631064432
667.4485775224631,57.87334947864317,34.87371447701942,77.4274419541341
666.7232748381446,54.84581121210014,35.57443202200617,78.98319154531852
665.2184433272992,55.19973955777641,36.28922908462434,80.57020081303861
669.1200711619463,60.27185574281768,36.28922908462434,80.57020081303861
667.8998306163214,57.906341077778016,35.608407908156224,79.05862560768252
666.3196400174761,57.49942051878635,34.94035959807351,77.57540902100169
664.0903094684782,57.471380062575214,35.642416243477605,79.13413171446068
664.4246526382168,55.531236505757086,34.9737299040003,77.64949855989612
663.6726141875973,57.78735185761547,34.97372990400031,77.64949855989612
668.5129154585228,62.6519533334847,34.31758876958287,76.19271856497176
666.6680917609851,62.282988593977166,34.31758876958287,76.19271856497176
664.8232680634475,60.80712963594701,34.31758876958287,76.19271856497176
663.7163738449249,59.700235417424395,34.31758876958287,76.19271856497176
661.8957432313211,59.303730009868936,35.0071320807301,77.72365885909774
660.4149090348167,58.52287927114101,35.71053038562822,79.2853603365536
658.904320436802,56.19057522585903,36.42806207266665,80.87844108179597
658.1210095507342,56.582230668892926,36.42806207266665,80.87844108179597
658.1210095507342,53.44898712462179,36.42806207266665,80.87844108179597
657.3633795820873,54.203063638429086,37.160011123892744,82.5035315984525
656.9900515303311,54.57276683577754,37.90666722740512,84.16127505886021
655.7941169356499,54.134793217089246,38.66832589200538,85.85232755861789
654.9898940133668,54.10376098068969,39.445288564153444,87.5773583762532
654.593606921807,53.64801013166341,40.23786274727298,89.33705023810725
653.7567408093352,53.18310188082764,41.04636212345394,91.13209958854155
653.7567408093352,53.62441086702411,41.04636212345394,91.13209958854156
653.7567408093352,54.06571985322058,41.04636212345394,91.13209958854158
655.0243935875856,55.80320116689859,40.27629251173913,89.42237290597149
655.0243935875856,55.80320116689859,40.27629251173913,89.42237290597149
655.0243935875856,55.80320116689859,40.27629251173913,89.42237290597149
654.1867282137863,55.33784889857884,41.08556405717751,91.21913664477117
655.0138612176702,56.63525915456481,40.31475897911881,89.50777706250844
654.1753958191972,56.602905617084936,41.12480343128624,91.30625682702542
654.6175481652493,57.04505796313706,41.12480343128624,91.30625682702542
655.4454711347117,58.343707329929344,40.35326218446567,89.59326278554511
655.4454711347117,58.77756446861525,40.35326218446567,89.59326278554511
657.559432881366,60.051849912226444,39.59619580064451,87.91240617569454
657.1616297002547,59.168637923582324,40.39180216286686,89.67883015298278
659.7672587023375,59.60290942392945,40.39180216286686,89.67883015298278
660.6358017030317,60.47145242462369,40.39180216286686,89.67883015298278
663.6757022054616,61.33999542531794,40.39180216286686,89.67883015298278
663.2699059650324,60.439037058185995,41.203394643725346,91.48074688724667
667.2568818234647,60.88203437578959,41.203394643725346,91.48074688724668
666.8429319191766,60.40597036979046,42.03129445230172,93.31886953445213
671.7561904955525,62.185143600317595,41.24274655367418,91.56811692422268
673.9167491176254,64.81777863081989,40.46899257934834,89.85021013303836
673.9167491176254,64.81777863081989,40.46899257934834,89.85021013303836
674.3518505288995,65.25288004209405,40.46899257934834,89.85021013303836
675.6571547627219,64.38267721954573,40.46899257934834,89.85021013303836
676.092256173996,64.81777863081989,40.46899257934834,89.85021013303836
676.092256173996,65.68798145336821,40.46899257934834,89.85021013303836
676.092256173996,66.12308286464237,40.46899257934834,89.85021013303836
676.5273575852701,66.12308286464237,40.46899257934834,89.85021013303836
676.9624589965442,66.12308286464237,40.46899257934834,89.85021013303836
676.9624589965442,66.12308286464237,40.46899257934834,89.85021013303836
676.5273575852701,66.12308286464237,40.46899257934834,89.85021013303836
676.5273575852701,66.12308286464237,40.46899257934834,89.85021013303836
676.5273575852701,66.12308286464237,40.46899257934834,89.85021013303836
676.5273575852701,66.12308286464237,40.46899257934834,89.85021013303836
676.5273575852701,66.12308286464237,40.46899257934834,89.85021013303836
676.5273575852701,66.12308286464237,40.46899257934834,89.85021013303836
676.5273575852701,66.12308286464237,40.46899257934834,89.85021013303836
676.9624589965442,66.12308286464237,40.46899257934834,89.85021013303836
676.9624589965442,66.55818427591653,40.46899257934834,89.85021013303836
676.9624589965442,66.99328568719069,40.46899257934834,89.85021013303836
676.9624589965442,67.86348850973901,40.46899257934834,89.85021013303836
681.7771041978858,72.61712672020153,41.28213604724519,91.6555704052415
684.8840115254021,71.72943891233973,41.28213604724519,91.65557040524152
682.6938949298799,71.25246512819437,42.111618006842484,93.49720578139403
682.2411328703873,70.7997030687018,42.111618006842484,93.49720578139403
684.9577052273428,70.34694100920923,42.111618006842484,93.49720578139403
682.7235826190667,69.86038339081902,42.957766747453974,95.37584513715959
681.7998638039588,70.32224279837297,42.957766747453974,95.3758451371596
686.3595631812146,71.21691453335941,42.15183732891374,93.58650166718672
683.670112364603,70.27669774436002,42.998794196363605,95.46693524518551
683.2078118514079,69.81439723116483,42.998794196363605,95.46693524518552
682.7455113382127,69.35209671796963,42.998794196363605,95.46693524518552
684.5947133909934,69.35209671796963,42.998794196363605,95.46693524518552
683.670112364603,69.35209671796963,42.998794196363605,95.46693524518552
685.5193144173837,69.35209671796963,42.998794196363605,95.46693524518552
684.5947133909933,69.81439723116483,42.998794196363605,95.46693524518552
689.1587675764108,70.24762292239612,42.19209506304192,93.67588283633258
686.4667481601181,69.76013547212928,43.03986082914362,95.55811235016301
686.9294902002389,68.83465139188755,43.03986082914362,95.55811235016301
686.4667481601181,68.83465139188755,43.03986082914362,95.55811235016301
687.3922322403598,68.37190935176667,43.03986082914362,95.55811235016301
687.3922322403598,68.83465139188755,43.03986082914362,95.55811235016301
689.7059424409641,68.37190935176667,43.03986082914362,95.55811235016301
689.2432004008433,69.2973934320084,43.03986082914362,95.55811235016301
689.2432004008433,69.2973934320084,43.03986082914362,95.55811235016301
690.6314265212059,68.83465139188753,43.03986082914362,95.55811235016301
690.1990265593859,68.3373688562825,43.904660752783606,97.47816150161484
689.2858984692,67.35805450675652,44.786837101289294,99.43679020066679
689.7989967381897,66.35906279400552,45.6867390191655,101.43477362616879
689.8312048026659,64.84879845273798,46.60472266627759,103.47290253263941
688.8619208890167,64.81139707220875,47.541151358811106,105.55198356322774
688.3842987118903,62.72869395294103,48.4963957130637,107.67283956896367
690.4699300925175,62.72869395294103,48.496395713063706,107.67283956896367
689.9485222473608,63.7715096432546,48.49639571306371,107.67283956896367
690.4699300925175,63.250101798097816,48.49639571306371,107.67283956896367
691.5127457828311,63.250101798097816,48.49639571306371,107.67283956896367
691.5127457828311,64.29291748841139,48.49639571306371,107.67283956896367
690.504118898143,63.211182305681795,49.4708337921263,109.83630993442286
693.1635413630906,63.21118230568179,49.47083379212631,109.83630993442287
696.2870242684609,64.77338471441003,48.54271291128112,107.77567410294543
694.7213067982252,65.29529053782193,48.54271291128112,107.77567410294543
693.7117166095502,63.69061640453479,49.51808164180749,109.94121072269591
694.2441090866719,63.15822392741306,49.5180816418075,109.94121072269593
698.9677525518383,66.85148824908659,48.58907434542203,107.87860685056603
697.4347938618901,65.24528154809389,49.5653746162446,110.04621169801446
696.9018929154785,64.71238060168223,49.565374616244604,110.04621169801447
696.3689919690669,64.17947965527057,49.565374616244604,110.04621169801449
696.9018929154785,63.64657870885893,49.565374616244604,110.04621169801449
697.4347938618901,63.11367776244729,49.565374616244604,110.04621169801449
702.6958496588497,67.34337033711145,48.63548005773461,107.98163790562587
700.6042368301266,67.34337033711144,48.63548005773462,107.98163790562589
699.5927172725459,65.212726397531,49.612712758534684,110.15131295606363
699.5927172725459,64.14590659488566,49.612712758534684,110.15131295606363
700.6595370751912,64.14590659488566,49.612712758534684,110.15131295606363
701.1929469765139,64.14590659488566,49.612712758534684,110.15131295606363
701.1929469765139,64.14590659488566,49.612712758534684,110.15131295606363
701.7263568778366,64.14590659488566,49.612712758534684,110.15131295606363
704.8587977184635,66.77940909587801,48.68193009050739,108.08476736201492
703.8119924912565,66.77940909587801,48.68193009050739,108.08476736201492
703.8119924912565,66.77940909587801,48.68193009050739,108.08476736201492
704.33539510486,66.77940909587801,48.68193009050739,108.08476736201492
703.3229094806022,65.69353548057553,49.66009611181596,110.25651459261988
705.3905033204313,66.72779512002909,48.72842448606926,108.18799531371278
705.9144058174229,66.72779512002909,48.72842448606926,108.18799531371278
706.4383083144145,66.72779512002909,48.72842448606926,108.18799531371278
706.9622108114061,66.72779512002909,48.72842448606926,108.18799531371278
706.9622108114061,66.72779512002909,48.72842448606926,108.18799531371278
707.4861133083976,66.72779512002909,48.72842448606926,108.18799531371278
708.0100158053892,66.72779512002909,48.72842448606926,108.18799531371278
708.0100158053892,66.72779512002909,48.72842448606926,108.18799531371278
708.0100158053892,66.72779512002909,48.72842448606926,108.18799531371278
708.5339183023808,66.72779512002909,48.72842448606926,108.18799531371278
709.0578207993724,66.72779512002909,48.72842448606926,108.18799531371278
709.0578207993724,66.72779512002909,48.72842448606926,108.18799531371278
708.0100158053892,66.72779512002909,48.72842448606926,108.18799531371278
703.3292457128572,66.16478692210147,49.70752471926785,110.3618167035512
