772.0,249.0,6.0,15.0
769.1732283464567,249.41338582677167,10.0,15.0
768.8425196850393,250.40551181102364,10.0,15.0
767.767716535433,250.65354330708664,10.0,15.0
767.6850393700787,250.90157480314963,10.0,15.0
767.0236220472441,251.6456692913386,10.0,15.0
766.6102362204724,251.72834645669292,10.0,15.0
765.5354330708661,252.2244094488189,10.0,15.0
764.6259842519685,251.9763779527559,10.0,15.0
763.5511811023622,252.96850393700788,10.0,15.0
762.7244094488188,253.29921259842519,10.0,15.0
762.3110236220472,252.8858267716535,10.0,15.0
762.2283464566929,253.93598287346433,10.0,14.71858543417367
761.0114555349699,253.4492265047751,10.0,14.71858543417367
759.9568167361432,254.26048711925714,10.0,14.71858543417367
760.180855981936,254.11261685069272,10.20093,15.014325971302522
759.2508110646822,253.7135070426194,10.40589728649,15.316008823043905
758.0689458169198,253.96676388142563,10.40589728649,15.316008823043905
757.0357945608749,254.65708106147235,10.614982980667444,15.623753388325326
757.0357945608749,255.08765694225298,10.614982980667445,15.623753388325326
755.8301820946892,255.00154176609686,10.614982980667445,15.623753388325326
755.4651931397057,254.75846255152493,10.828269833697997,15.937681465156949
755.2895021629244,255.2855354818687,10.828269833697997,15.937681465156949
754.0596653254555,255.2855354818687,10.828269833697997,15.937681465156949
753.005519464768,255.5490719470406,10.828269833697997,15.937681465156949
752.2149100692524,255.98829938899377,10.828269833697997,15.937681465156949
752.4043299861063,256.8405664864453,10.6251209767713,15.638675084503916
751.3699609253989,256.0647896909148,10.6251209767713,15.638675084503916
750.680381551594,256.49577679954285,10.6251209767713,15.638675084503916
750.3355918646915,257.5301458602502,10.6251209767713,15.638675084503916
749.0220826826398,257.5454267544649,10.838611532557564,15.952902982976855
749.1100120691602,257.4574973679446,10.838611532557564,15.952902982976857
748.8462239095992,257.5454267544649,10.838611532557564,15.952902982976857
747.9459693201542,257.6489440742075,11.056391754081245,16.273444662613812
747.9459693201542,257.9180325292586,11.056391754081247,16.273444662613812
746.9593116516335,258.54590559104446,11.056391754081247,16.273444662613812
746.9593116516335,258.36651328767704,11.056391754081247,16.273444662613812
746.3314385898476,258.36651328767704,11.056391754081247,16.273444662613812
744.6272117078573,258.54590559104446,11.056391754081247,16.273444662613812
743.9993386460715,259.08408250114667,11.056391754081247,16.273444662613812
742.3848079157649,259.98104401798366,11.056391754081247,16.273444662613812
742.5642002191323,259.98104401798366,11.056391754081247,16.273444662613812
742.2951117640812,260.0707401696674,11.056391754081247,16.273444662613812
741.3981502472442,260.33982862471845,11.056391754081247,16.273444662613812
740.6049030532432,261.47913910538006,10.848963108409208,15.968139038331927
739.7247694054612,261.3031123758236,10.848963108409208,15.968139038331927
739.8127827702394,261.1270856462672,10.848963108409208,15.968139038331927
739.4607293111266,261.21509901104537,10.848963108409208,15.968139038331927
739.3727159463483,261.6551658349364,10.848963108409208,15.968139038331927
738.4925822985663,262.62331284749666,10.848963108409208,15.968139038331927
737.964502109897,262.9753663066095,10.848963108409208,15.968139038331927
737.4364219212277,263.2394064009441,10.848963108409208,15.968139038331927
737.1723818268931,263.0633796713877,10.848963108409208,15.968139038331927
736.0282080847765,263.0633796713877,10.848963108409208,15.968139038331927
735.0390803291258,263.2550092216519,11.066951324146475,16.288986856029133
733.512789434742,264.6017364814023,11.066951324146475,16.288986856029133
733.8859482634223,264.0362805483301,10.859324570686088,15.983389645106453
733.0930714542556,264.1243779715709,10.859324570686088,15.983389645106453
732.5644869148111,264.5648650877746,10.859324570686088,15.983389645106453
732.3001946450889,265.53393674342277,10.859324570686088,15.983389645106453
731.1339273619006,265.5495544658347,11.077520979284884,16.304543893245576
730.5947219733051,265.4596869010688,11.077520979284884,16.304543893245576
730.034093834957,265.4756184303771,11.300101608321656,16.63215109369256
729.300707644999,266.75904426280374,11.300101608321658,16.63215109369256
728.9340145500199,266.3923511678247,11.30010160832166,16.63215109369256
727.7422619913381,267.4924304527618,11.30010160832166,16.63215109369256
727.6505887175933,267.4924304527618,11.30010160832166,16.63215109369256
726.5648365985081,267.92346792662244,11.088100729128376,16.32011578843993
726.2050230220701,268.10337471484144,11.088100729128378,16.32011578843993
724.8557221104275,268.91295526182705,11.088100729128378,16.32011578843993
724.7657687163179,269.09286205004605,11.088100729128378,16.32011578843993
724.6758153222083,269.27276883826505,11.088100729128378,16.32011578843993
723.7762813811132,269.7225358088126,11.088100729128378,16.32011578843993
723.2365610164561,269.5426290205936,11.088100729128378,16.32011578843993
721.7973067107039,269.7225358088126,11.088100729128378,16.32011578843993
721.7073533165943,270.26225617346967,11.088100729128378,16.32011578843993
721.6173999224848,270.8019765381267,11.088100729128378,16.32011578843993
720.7178659813897,270.8019765381267,11.088100729128378,16.32011578843993
720.2466558009764,270.54806310074866,11.310893937078756,16.648035874977055
719.4208083520602,271.4656713773222,11.310893937078756,16.648035874977055
717.9526351095426,271.5574322049796,11.310893937078756,16.648035874977055
718.2978043518905,271.481938540219,11.53816372895648,16.98254485981297
717.5489677281507,271.66914769615397,11.53816372895648,16.98254485981297
716.987340260346,272.04356600802384,11.53816372895648,16.98254485981297
715.5832715908339,272.04356600802384,11.53816372895648,16.98254485981297
714.9057259611261,271.9665554490572,11.770000052762404,17.323775133681192
714.8102405863735,272.5394676975726,11.770000052762404,17.323775133681195
713.7599014640953,272.5394676975726,11.770000052762404,17.323775133681195
712.8050477165696,272.8259238218303,11.770000052762404,17.323775133681195
712.1366500933016,273.30335069559317,11.770000052762404,17.323775133681195
710.704369472013,274.2582044431189,11.770000052762404,17.323775133681195
711.1967192861774,274.42070986504285,11.549183422454135,16.99876428983334
710.7282494041741,274.3270158886422,11.549183422454135,16.99876428983334
709.0194229341093,274.24993177960505,11.781241164961507,17.34032046070896
708.9238463646409,274.91896776588436,11.781241164961507,17.34032046070896
708.3503869478301,275.0145443353528,11.781241164961507,17.34032046070896
707.7769275310193,275.11012090482126,11.781241164961507,17.34032046070896
707.3946212531454,275.6835803216321,11.781241164961507,17.34032046070896
705.9609727111183,275.6835803216321,11.781241164961507,17.34032046070896
705.9609727111183,275.8747334605691,11.781241164961507,17.34032046070896
704.9824233465383,276.4651364868084,12.01796164368908,17.688739519725985
704.689932378102,276.9526214342024,12.01796164368908,17.688739519725985
703.1299805464411,276.9526214342024,12.01796164368908,17.688739519725985
702.8374895780047,277.2451124026388,12.01796164368908,17.688739519725985
701.4725317253015,277.8300943395117,12.01796164368908,17.688739519725985
701.4725317253015,277.6351003605541,12.01796164368908,17.688739519725985
701.3750347358226,278.2200822974269,12.01796164368908,17.688739519725985
700.4975618305134,278.51257326586335,12.01796164368908,17.688739519725985
698.8168715471992,278.6273543127149,12.259438546995725,18.04415936289584
698.4947951048599,278.74444165514075,12.50576744572051,18.406720656974507
697.1517035223063,278.6609729018862,12.757045831007371,18.776566895135097
696.9447177455096,278.867958678683,12.757045831007371,18.776566895135097
697.1517035223063,279.6959017858701,12.757045831007371,18.776566895135097
695.7189774801226,280.07902087668367,12.5177112634234,18.424300267101533
695.5158749574931,280.3836746606279,12.517711263423402,18.424300267101533
694.2972598217164,280.3836746606279,12.517711263423402,18.424300267101533
694.1957085604016,280.3836746606279,12.517711263423402,18.424300267101533
694.0941572990869,280.58677718325737,12.517711263423402,18.424300267101533
692.8755421633101,281.3991872737752,12.517711263423402,18.424300267101533
691.6569270275334,281.6022897964047,12.517711263423402,18.424300267101533
690.6572853624159,282.4859775076185,12.282866844734357,18.07864250308018
691.1710888612521,282.9545021350981,12.05242833538679,17.739469614364594
690.6822058403837,283.05227873927174,12.05242833538679,17.739469614364594
689.3133333819525,283.63893836431373,12.05242833538679,17.739469614364594
689.4111099861261,283.63893836431373,12.05242833538679,17.739469614364594
689.0200035694314,284.03004478100837,12.05242833538679,17.739469614364594
688.6288971527367,284.421151197703,12.05242833538679,17.739469614364594
687.6664121363983,285.66309868159715,11.826313076243068,17.406659938396878
687.8582965766641,285.4712142413314,11.826313076243068,17.406659938396878
687.5704699162654,285.4712142413314,11.826313076243068,17.406659938396878
687.0907588156009,285.7590409017301,11.826313076243068,17.406659938396878
686.6110477149364,286.1428097822617,11.826313076243068,17.406659938396878
686.3003502203501,286.73547153425375,12.06393918488402,17.756411956539086
686.006740258864,286.73547153425375,12.063939184884022,17.756411956539086
685.615260310216,286.9312115085778,12.063939184884022,17.756411956539086
684.0493405156235,287.3226914572259,12.063939184884022,17.756411956539086
684.3429504771095,287.81204139303605,12.063939184884022,17.756411956539086
684.6365604385956,287.81204139303605,12.063939184884022,17.756411956539086
683.8536005412993,288.0077813673601,12.063939184884022,17.756411956539086
683.0473102661442,288.22087152328686,12.306339914925896,18.113191541981827
683.3468197325865,289.3190729002417,12.306339914925896,18.113191541981827
683.6463291990287,289.51874587786983,12.306339914925896,18.113191541981827
682.4244921781187,288.53807978853075,12.553611202836503,18.47713989963487
682.6281771848863,289.5565048223689,12.553611202836503,18.47713989963487
682.0946873164017,289.5745592431348,12.805850912735098,18.848401071638236
682.1985761412061,289.8862257175477,12.805850912735098,18.848401071638236
681.3674655427717,290.0940033671563,12.805850912735098,18.848401071638236
681.471354367576,289.8862257175477,12.805850912735098,18.848401071638236
680.6154786127512,290.11242055539867,13.063158875124683,19.227121994370663
680.0855972979457,290.64230187020416,13.063158875124685,19.227121994370663
680.403526086829,290.85425439612635,13.063158875124685,19.227121994370663
680.7214548757122,291.06620692204854,13.063158875124685,19.227121994370663
679.8736447720235,291.4901119738929,13.063158875124685,19.227121994370663
679.8736447720235,291.4901119738929,13.063158875124685,19.227121994370663
679.8736447720235,291.7020644998151,13.063158875124685,19.227121994370663
679.8483820093456,291.826828007582,13.325636926402565,19.613452556603555
679.6321707213201,291.826828007582,13.325636926402566,19.613452556603555
680.2808045853967,291.93493365159475,13.325636926402566,19.613452556603555
680.5139111737428,292.65944557951104,13.075635037735706,19.24548514089876
680.4886242834908,292.6782507673521,13.33836377254893,19.632184673834843
681.2202915470742,293.45489605115364,13.606371515830759,20.02665416048621
681.0835951356404,292.9225488706262,13.879764338698347,20.42904972253286
681.1693542061372,292.7173084225888,14.158650443555814,20.83953061860771
682.4328533066355,293.40648975013335,14.158650443555814,20.83953061860771
682.7774439704077,293.7510804139056,14.158650443555814,20.83953061860771
683.0071710795892,294.4402617414501,14.158650443555814,20.83953061860771
683.2368981887706,294.55512529604084,14.158650443555814,20.83953061860771
684.288621641072,294.980337320591,13.893020412405146,20.448560787870377
684.6443621235201,295.3975719546563,13.632373858580257,20.064925930810922
685.0867384432545,295.72935419445713,13.632373858580259,20.064925930810922
686.0557215986203,295.63836599602683,13.906289146520713,20.468090487538706
685.37882411793,295.75118224280857,13.906289146520713,20.46809048753871
686.1685378454019,296.4280797234988,13.906289146520713,20.46809048753871
687.6527805508632,296.95852909043873,13.645393658359144,20.08408923434906
689.4239758219239,296.18363115934966,13.645393658359145,20.08408923434906
690.6416725707782,296.73712968155615,13.645393658359145,20.08408923434906
690.6152838278308,296.97815369682843,13.919570553136555,20.48763883933484
692.7784880428015,297.39618568365967,13.658425892889897,20.10327084008297
694.4578867268001,299.35765100206703,13.402180560055317,19.726113957739567
696.3232314854291,299.65141814092783,13.150742638493048,19.356032904749036
697.5780408915053,299.13689736973623,13.41498051032829,19.74495367390416
697.9215408286761,299.86626688852,13.163302449269443,19.374519169543976
698.7503939056442,299.99198684669136,13.427792685382615,19.763811383217625
696.3538372497264,302.2796091091583,13.427792685382617,19.76381138321763
697.1163780038821,301.84387153535505,13.427792685382617,19.76381138321763
699.404000266349,301.0813307811994,13.427792685382617,19.76381138321763
699.5959011274878,300.5559704697855,13.697597323810008,20.16092564534062
701.3738725229824,301.44495616753284,13.697597323810008,20.16092564534062
703.2803340319352,302.6341843487366,13.440617096893748,19.78268710286459
704.9159105246918,301.21668472168096,13.44061709689375,19.78268710286459
707.2057176145508,302.0889921844844,13.44061709689375,19.78268710286459
707.750909778803,302.9612996472879,13.44061709689375,19.78268710286459
709.2774478387091,304.9239914385957,13.44061709689375,19.78268710286459
711.022062764316,306.1234141999505,13.44061709689375,19.78268710286459
712.8927572040816,306.6361007085661,13.188458068576395,19.411544682735872
714.9423411315455,307.67413255027253,12.941029788490582,19.047365254808504
715.5886616631,308.1677625177303,12.698243503205669,18.69001818658734
717.45904677314,308.7551473559293,12.460012124391561,18.339375296369695
718.9910921294942,309.8369281388049,12.226250197579798,17.995310807266097
721.6846358570344,310.60085340628217,11.996873871510733,17.65770130208365
723.8258059361848,310.2115497555276,11.996873871510733,17.65770130208365
724.035668350601,309.9878839162869,11.77180086805577,17.32642567905586
726.3276679679878,309.9878839162869,11.77180086805577,17.32642567905586
727.5840929843572,309.4819143132088,11.550950452703908,17.001365108402947
729.8107541511621,310.34190152647955,11.783043700150088,17.34297353752609
731.0534396566069,309.1948072137613,11.783043700150088,17.34297353752609
731.1262436935264,309.4985269937491,12.019800397217205,17.691445904815602
733.38425720156,312.004767103508,11.79429726987707,17.35953720027269
734.4367645751198,311.4306721724754,11.79429726987707,17.35953720027269
736.4610505800762,312.07192550247464,11.573024800181795,17.03385542532864
739.0106833665351,312.9828104736351,11.355903616885762,16.714283756737483
739.5634392073091,312.7064325532481,11.355903616885762,16.714283756737487
740.3925729684701,313.5355663144091,11.355903616885762,16.714283756737487
742.7878482784907,313.8119442347961,11.355903616885762,16.714283756737487
745.8280054027477,313.5355663144091,11.355903616885762,16.714283756737487
748.0390287658437,315.5623377305804,11.355903616885762,16.714283756737487
748.6619494678553,314.2889059972704,11.584077788259847,17.050123860261614
750.9173989233859,314.75879130050595,11.584077788259847,17.050123860261614
752.8909171969752,314.00697481532904,11.584077788259847,17.050123860261614
755.5222748950944,314.85276836115304,11.584077788259847,17.050123860261614
758.529540835802,317.0142407560366,11.584077788259847,17.050123860261614
758.5071384589494,316.2790843227918,11.816836663259352,17.392711998985853
760.4015927856726,316.7754058337809,12.054272362334222,17.742183761181476
763.7265059629649,315.6996986293628,12.054272362334222,17.742183761181476
765.893203735203,317.1374192598557,11.828122507454314,17.409323165183885
769.1557383126154,317.7131606558696,11.828122507454314,17.409323165183885
769.0597814132798,318.38485895121926,11.828122507454314,17.409323165183885
771.2439157645645,318.8816544813899,12.065784972996594,17.759128695541925
774.0825796426708,319.762619133216,12.065784972996596,17.759128695541925
775.7232900375918,318.7032373949501,12.308222790459018,18.115962868421448
778.8186947166843,319.90145856105045,12.30822279045902,18.115962868421448
779.1338553501233,320.77035743544707,12.077308578947635,17.776089813411932
780.5801758341323,321.47357597925077,12.31997794022443,18.133264786032818
783.1549756517875,321.59124152080364,12.56752325697736,18.497616475378578
787.0452136786065,322.98822254124167,12.331744316919055,18.15058322809587
789.7463634660947,323.5884780495724,12.331744316919055,18.15058322809587
790.0464912202601,323.5884780495724,12.331744316919055,18.15058322809587
792.4631484179554,324.45903742591264,12.100388818730583,17.810060661520584
795.1136220124652,326.1278541335669,12.100388818730583,17.810060661520584
797.8622612956605,329.2691561715044,12.100388818730583,17.810060661520584
800.587499711274,329.18839308575394,12.343521931265336,18.167918210392518
800.3633523863232,329.4064216229264,12.591540317430251,18.532966190993935
801.7691045868031,329.2202301780886,12.844542137028379,18.905349080669577
804.4535351038664,329.0302975885497,13.10262752218769,19.28521425974747
806.3668713217627,329.6680763278484,13.10262752218769,19.28521425974747
809.8493152970539,329.1554380531385,13.365898616991007,19.672712069868577
810.040331610352,329.4999575075847,13.634459617902209,20.067995873488446
812.252551627902,329.3893465067072,13.634459617902209,20.067995873488446
814.3277930469006,329.07712238528677,13.908416815004719,20.471222114574452
816.4716296935451,330.3182909701862,13.90841681500472,20.471222114574452
816.8960663226038,329.6612928063396,14.18787863406861,20.882550380522595
818.9858669264052,328.70617455407523,13.921700253681738,20.49077345727718
831.7658815888823,326.63956253745215,13.660515638184794,20.106346649548822
832.780602922987,327.27145936364104,13.404231099699222,19.72913206203306
836.3691300933253,328.0326620967431,13.404231099699224,19.72913206203306
836.821098031922,328.54396067728,13.152754708022048,19.35899438647524
839.6120552237481,328.2987449692877,12.905996257650166,18.995800853134952
842.4553526130273,328.89573986245404,12.663867235423309,18.63942118316106
845.3319876932633,329.1012137967566,12.663867235423309,18.63942118316106
848.516833674953,330.43679436972326,12.663867235423309,18.63942118316106
849.1332554778606,330.8477422383284,12.663867235423309,18.63942118316106
851.1879948208863,331.8751119098412,12.663867235423309,18.63942118316106
854.372840802576,332.4915337127489,12.663867235423309,18.63942118316106
857.6604237514169,334.2380621543207,12.663867235423309,18.63942118316106
859.8179000615938,335.9845905958925,12.663867235423309,18.63942118316106
859.8961464537157,335.2836448152195,12.91832231978467,19.013943072994316
862.096972935393,337.589272557929,12.918322319784671,19.013943072994316
864.192998156038,338.846887690316,12.918322319784671,19.013943072994316
867.2322347259733,340.2093040837353,12.918322319784671,19.013943072994316
869.7224823265939,340.1230817656847,13.177890170156104,19.395990231159992
870.8984596870658,340.2299887984548,13.177890170156106,19.395990231159992
874.5500067765064,341.267188866272,12.930660154106668,19.032102619848416
875.3642110764732,340.8661801412561,13.190475908583133,19.41451465778903
877.157857406621,340.9921596274739,13.455512141014296,19.80461050080799
880.7340918001106,342.2122631242771,13.725873746463696,20.202544539600723
882.3778365326941,341.89794565286144,14.001667727651391,20.60847426703492
886.0127170333365,342.9202557936671,14.001667727651391,20.60847426703492
892.2330901546349,340.55500245968693,14.283003237303092,21.022560340482457
898.0267091461064,339.9756405605398,14.283003237303092,21.022560340482457
901.1552634015011,341.1343643588341,14.283003237303092,21.022560340482457
901.5028805409894,340.4391300798575,14.283003237303092,21.022560340482457
903.9362005174074,340.7867472193458,14.283003237303092,21.022560340482457
907.8482396194139,340.57554406688513,14.569991621350223,21.44496664540377
911.484281512425,340.8328996237114,14.862746462998015,21.87586036020987
914.711079962054,341.09542622574105,15.161383627679035,22.31541202242757
915.1737527913479,340.625237770894,15.46602130890999,22.763795596194207
917.9041774169193,340.5220110379434,15.77678007506992,23.221188541108535
921.4574092823873,340.5447009732301,16.0937829171183,23.68777188246503
924.2986611026072,341.612346994881,16.417155297271957,24.1637302828994
927.8946808061253,341.7455329098261,16.417155297271957,24.163730282899405
929.0933540406313,342.1450906546615,16.417155297271957,24.163730282899405
932.2898159993141,343.2105779742224,16.417155297271957,24.163730282899405
935.4862779579969,344.40925120872845,16.417155297271957,24.163730282899405
937.7712534847882,347.03326519995073,16.109153521932942,23.71039523847896
940.6463722774856,347.2946396356505,16.109153521932942,23.710395238478963
941.3202328303587,348.03980352643697,15.80693015898598,23.265565199705147
944.0131762038678,348.9374513176067,15.806930158985981,23.265565199705147
947.9884735647623,349.45039291256086,15.806930158985981,23.265565199705147
951.0355542093835,349.34489081052055,16.124538806670486,23.733040201262824
953.6206117149753,349.7605169851655,16.448529164912916,24.2099081780268
953.9891233218261,349.6507325814315,16.779029461423512,24.696357863047893
956.460586942574,352.1964645866675,16.464238575365265,24.23303020801314
959.8206586871232,352.95805370796745,16.155353472008763,23.778395029703518
962.8038424048369,352.9812881019991,16.479962989321834,24.256174321035353
965.713271783977,353.27238024273714,16.81109488566628,24.74355363166792
965.8709680162542,354.3227775395027,16.495702421111943,24.27934053818416
969.772753545172,356.29023032075975,16.186227025456105,23.82383653311065
972.924253181048,356.02760535110343,16.186227025456105,23.82383653311065
975.1252629781437,356.44482160151443,16.511456885078594,24.302528880570442
979.030774964896,358.9499572139203,16.201685920380292,23.846589839676604
978.6051289337886,358.710382449096,16.527226395578495,24.325739369325227
981.1206657220774,359.0023094221765,16.859307955544857,24.81451645047308
984.698137349298,360.3292650371537,16.543010966982052,24.348972025599732
988.1555251650816,359.14519456272654,16.875409686341623,24.83821592051011
990.5871538557054,359.58017518807,17.214487293169284,25.337290193000918
990.833171575298,359.74458716832953,17.560377986350936,25.846392364848885
993.9333411360791,360.4821443999381,17.913218661230687,26.365723926635795
996.6598337404912,360.9438755934322,18.273148963790796,26.89549041749369
999.7729338124374,363.6122470836717,18.273148963790796,26.89549041749369
1002.7377910238147,364.20521852594715,18.273148963790796,26.89549041749369
1003.5021734754877,364.3092684239958,17.930326944995794,26.390904900258676
1006.2659454059872,364.7456534656536,17.930326944995794,26.390904900258676
1009.5768887095968,364.916902281231,18.290601004301596,26.921177352419576
1012.8413464357957,366.54913114433043,18.2906010043016,26.921177352419576
1015.6606508356947,367.2910533548302,18.2906010043016,26.921177352419576
1015.8090352777947,367.4394377969301,18.2906010043016,26.921177352419576
1019.3702618881935,368.03297556532993,18.2906010043016,26.921177352419576
1022.0411818459925,369.3684355442295,18.2906010043016,26.921177352419576
1025.8991773405912,370.2587421968292,18.2906010043016,26.921177352419576
1029.0384409006012,371.69835144816767,17.94745156827972,26.416109923341924
1028.6016390829711,371.98955265992106,17.947451568279725,26.416109923341924
1032.264409433704,373.40215344376446,17.610739948894622,25.920518049682066
1034.858379676036,374.7882524651898,17.280345366454718,25.43422396081908
1038.4698658584339,374.1121616261539,17.627559345902892,25.94527382286382
1040.8668686162848,374.709535110299,17.98174989584012,26.466592209786622
1041.7073669488534,375.02715391046183,18.343057196497238,26.998385447057863
1043.7907069282326,376.0688239001515,18.343057196497238,26.998385447057867
1046.4338133761228,376.39282461486596,18.711624244746456,27.5408640058456
1049.1300277618705,377.0269355515962,19.08759691069615,28.094242586315055
1051.9173305696465,378.1108866435091,19.08759691069615,28.094242586315055
1053.0012816615595,378.8851374234469,19.08759691069615,28.094242586315055
1054.8594835334102,379.6593882033847,19.08759691069615,28.094242586315055
1058.2292735787607,379.5319895512289,19.471123995422765,28.658740202601884
1061.571153379041,382.486168971858,19.105826801734597,28.121074407185567
1058.3404182567467,392.0498411781709,18.74738293812372,27.593495744194364
1058.0600074090078,392.46077169967674,18.39566382946292,27.075814969228823
1061.5157767265905,395.1025443968772,18.050543312819222,26.567846388298186
1064.7602755074358,396.8161331813899,17.711897592198795,26.069407791211283
1068.0875939898087,398.4975733763159,17.379605194140858,25.580320386217064
1070.1688920565064,399.9325073902662,17.728813601306733,26.094305763737324
1070.2784332949855,399.9580047117355,18.08503865299779,26.618618649448102
1073.8225660395644,399.0339659130949,17.74574576629874,26.119227515439363
1076.557886716378,401.48135809761243,17.74574576629874,26.119227515439363
1081.4751705506012,401.4384406410154,17.412818343626245,25.62920544404093
1084.0179106182777,403.1336006861331,17.412818343626245,25.629205444040934
1083.8429727387886,404.71254025585034,17.76269410260473,26.14417306902805
1086.2927023413197,404.568438514525,17.76269410260473,26.14417306902805
1091.214682500016,404.66958181030327,17.42944871268537,25.653682994820784
1094.3475424986927,405.9000135814559,17.102455329880527,25.17239499069853
1096.7062157301048,407.2874684234629,17.102455329880527,25.17239499069853
1097.1441360332137,407.38485222616606,16.78159666046569,24.700136416890775
1099.4261044377408,408.0896996949669,17.11878928216443,25.196436257915366
1105.2258743114794,407.0032957273676,17.46275711521096,25.70270825164566
1109.4980691015421,407.8110734928543,17.135138834430443,25.220500486099148
1111.8281123160518,407.00165320431853,17.479435179030656,25.72725600236634
1112.07791649025,407.0267918733735,17.830649470082918,26.244193757221886
1115.3704537453198,408.20965994536283,18.188920709885295,26.771518342385747
1115.9606919449943,410.86573184389874,18.188920709885295,26.771518342385747
1117.1411683443437,412.6364464429227,18.188920709885295,26.771518342385747
1117.8437906519437,411.92480773413996,18.55439069370902,27.309438460439303
1119.3131530693465,412.40306578042305,18.927204065917717,27.85816700742491
1119.430098817717,411.20189499352637,19.3075083772142,28.4179211571051
1122.7194172508623,412.1417002601393,19.307508377214205,28.4179211571051
1119.5867330288193,408.38247919368763,19.307508377214205,28.4179211571051
1121.2723706791332,408.4102469709871,19.69545414303757,28.988922446914813
1121.0745002990852,408.59835414854166,20.091194903133626,29.571396865640672
1123.8708366817523,411.809603330972,19.714264577093793,29.01660874498585
1127.0945132703298,413.52119978490146,19.344405829990578,28.472228988204336
1130.076250636811,414.6197346041314,19.344405829990578,28.472228988204336
1133.3963814678236,416.9269540289477,18.981485992136236,27.938062324282775
1133.4204477025664,417.34301593814587,18.625374882855198,27.413917145681644
1135.7105673922395,419.11117509842654,18.275944763787777,26.899605439604915
1138.3793471445151,419.85250280739206,18.275944763787777,26.89960543960492
1140.9230330485634,422.4770828356045,17.933070293069953,26.394942720559186
1144.7283523612884,424.32500351260063,17.596628480372797,25.89974796417805
1145.607189861772,425.4244828215736,17.266498642785372,25.413843542288014
1149.2491737394857,421.3622700348929,17.266498642785372,25.413843542288017
1150.2515996980496,423.0014272563305,16.942562361525347,24.9370551591926
1153.2969442050667,425.1596256386744,16.624703439461737,24.46921178915184
1154.3969796940319,424.9845497118966,16.312807859434564,24.010145615034727
1154.2853229815114,423.88638268255545,16.006763743356487,23.559691968122596
1157.0123109494752,425.70437466119796,16.006763743356487,23.5596919681226
1158.071458154434,427.74336798938083,15.706461312081734,23.117689269041847
1160.6397787439828,428.59732481176826,15.411792846027897,22.68397896980482
1161.3899575760552,429.8476228652221,15.411792846027897,22.68397896980482
1161.5149873814005,429.2224738384952,15.411792846027897,22.68397896980482
1163.3904344615812,430.09768247591285,15.411792846027897,22.68397896980482
1165.1603920308166,431.8108268764908,15.122652646536546,22.25840549693807
1167.5105641012585,433.1237786501975,14.838936997958713,21.84081619567759
1169.69626221004,435.3751577854589,14.560544130451724,21.431061275210972
1169.5965992639597,436.7574311434372,14.287374183473979,21.028993754946907
1170.98749333909,437.91650953937915,14.287374183473979,21.02899375494691
1173.3237647981343,440.89555986121695,14.019329169964603,20.63446941179271
1174.5477191592745,440.9157222562124,14.301019550976703,21.049077805683865
1175.707904550139,443.46813011611425,14.301019550976704,21.049077805683865
1175.9399416283118,443.5841486552007,14.301019550976706,21.049077805683865
1177.7962382536948,444.976371124238,14.301019550976706,21.049077805683865
1179.3044792618186,445.9045194369296,14.301019550976706,21.049077805683865
1181.7590005504749,449.1184520229016,14.032718537122575,20.65417666623512
1183.0979657859177,450.3908947792506,14.314677950688978,21.069181037989782
1183.0979657859177,450.50702412355446,14.31467795068898,21.069181037989786
1184.4638348498365,452.2695514494223,14.602302774752173,21.492524092586116
1185.146371933543,453.83056777441084,14.895706844405268,21.924373379178448
1187.4423889882128,456.00574182620335,14.895706844405268,21.924373379178448
1188.892505022741,456.3682708348354,14.895706844405268,21.924373379178448
1188.7716620198637,456.48911383771275,14.895706844405268,21.924373379178448
1189.467913321193,457.8398096579645,15.195006282029905,22.364899813486282
1190.823895435869,459.4423339753088,15.195006282029905,22.364899813486282
1192.5496908545474,460.7983160899848,15.195006282029905,22.364899813486282
1193.3085828977378,462.3640918236861,14.909933208990852,21.94531257543551
1193.6426239168343,462.6274519039775,15.209518496959106,22.386259741013735
1194.8957960839396,464.68827838776673,14.92417316067582,21.96627176998088
1195.5011657783878,466.7465353488909,14.92417316067582,21.96627176998088
1197.4383488006224,467.10975716555987,14.92417316067582,21.96627176998088
1198.5280142506294,469.16801412668406,14.92417316067582,21.96627176998088
1199.012310006188,469.77338382113237,14.92417316067582,21.96627176998088
1198.983448239419,471.73203057180905,15.22404457199328,22.40764006865511
1199.4774749495941,473.8316440900531,15.22404457199328,22.407640068655112
1201.349377364985,474.53586534359863,14.938426712436735,21.98725098191423
1202.5802132116366,477.16590788005016,14.658167321276148,21.574748802661567
1202.4612972733541,478.2361513245916,14.65816732127615,21.574748802661567
1202.955545814619,478.7952807583425,14.38316586844104,21.169985564854024
1203.7723405332629,479.4953905171802,14.38316586844104,21.169985564854024
1205.405929970551,481.479034833887,14.38316586844104,21.169985564854024
1205.7559848499698,482.52919947214355,14.38316586844104,21.169985564854024
1206.0075908890453,484.3613736526409,14.113323709902678,20.772816078435152
1206.3510783990037,486.1933070390856,14.11332370990268,20.772816078435152
1207.5832389321856,486.5570921256176,14.396902723205756,21.190204271899148
1213.539855408617,474.76065557425324,14.396902723205756,21.190204271899148
1214.240633817609,475.69502678624247,14.396902723205756,21.190204271899148
1214.0070410146118,476.6293979982317,14.396902723205756,21.190204271899148
1214.609276558243,479.0473040312044,14.126802847932765,20.79265546290263
1215.2002135782718,482.1074789246235,13.861770308601756,20.402565055604683
1215.4426987970212,483.0860504717379,13.60171003706979,20.019793123146922
1216.2991570649751,484.8711373158085,13.875009196844633,20.422050826370313
1217.104686297159,486.41345588646516,13.614700550913541,20.03891332193123
1217.7673905172544,488.8433713601482,13.614700550913543,20.03891332193123
1217.4360384072068,491.0523854271327,13.614700550913545,20.03891332193123
1218.0055537220835,493.00757141712444,13.359275547954155,19.66296384912305
1218.5643843766222,495.03445476025126,13.108642566082034,19.294067553492397
1217.9009621279229,495.0533074190388,13.372034521162321,19.681743252844722
1218.1348803536478,497.0821265670061,13.12116216856315,19.312494637364416
1218.5352927021004,498.27191226049814,13.38480568001609,19.70054059211298
1217.7493083109946,498.8340903770879,13.653746580544654,20.096383554230307
1216.5481774622804,499.90874395944746,13.39758903615354,19.719355884057432
1217.0916242779826,500.34350141200935,13.397589036153542,19.719355884057432
1217.0916242779826,502.95204612738075,13.397589036153542,19.719355884057432
1217.0916242779826,503.71287166936406,13.397589036153542,19.719355884057432
1217.0657147628713,505.6885484232844,13.666786792656975,20.115576901835798
1216.622221728815,507.9060135935655,13.666786792656975,20.115576901835798
1217.3719044234151,508.92352829387573,13.941393539681833,20.519759188524386
1216.2408940744413,510.3938417475416,13.941393539681833,20.519759188524386
1215.4222256548605,513.3545189639807,14.22151796007466,20.932062709899405
1214.702481304717,515.7978171977719,14.507270920446441,21.352650645929415
1214.5567340074147,518.054825072547,14.798765515050972,21.781689455358077
1214.5281147657208,518.6763912218058,15.096117110544892,22.219348941584588
1214.0573794116287,521.5791342565302,14.81289929438973,21.802492379228603
1213.355133074213,523.8265629240085,14.53499491948574,21.393456450773105
1211.468466048633,526.0669800168847,14.53499491948574,21.393456450773105
1210.7328567766806,527.1491342367383,14.827046572402967,21.82331517123849
1209.770568863618,527.6302781932695,14.827046572402967,21.82331517123849
1207.8459930374931,530.1562839650586,14.827046572402967,21.82331517123849
1207.1242771026962,530.9982858889883,14.827046572402967,21.82331517123849
1205.5793581506255,534.2101489094355,14.548876780825664,21.413888586984807
1203.6908892358676,536.8067936672273,14.548876780825665,21.41388858698481
1203.5728599286954,536.9248229743997,14.548876780825667,21.41388858698481
1202.0384789354548,538.2231453532956,14.548876780825667,21.41388858698481
1199.106192477058,540.6665748615491,14.275925724656545,21.012143243027495
1197.8322278867327,542.0563544146312,14.275925724656545,21.012143243027495
1195.5159286315957,543.2145040421997,14.275925724656545,21.012143243027495
1194.2600641931658,544.1064979243348,14.008095495351668,20.61793503183968
1192.073772953101,545.9449187487081,14.289560158139771,21.032211200434432
1189.9594781366955,548.3999068304341,14.576680290397274,21.454811420084763
1187.4761259487013,549.3459457591938,14.576680290397276,21.454811420084766
1184.0467348319476,551.592788214998,14.576680290397276,21.454811420084766
1184.1649896980425,552.1840625454728,14.576680290397276,21.454811420084766
1182.0364021083333,553.2483563403274,14.576680290397276,21.454811420084766
