807.0,242.0,38.0,99.0
806.4724409448819,242.0,38.0,99.0
807.0,242.5275590551181,38.0,99.0
807.0,242.5275590551181,38.0,99.0
807.5275590551181,243.0551181102362,38.0,99.0
808.0551181102362,244.11023622047242,38.0,99.0
808.0551181102362,244.63779527559052,38.0,99.0
808.5826771653543,245.16535433070862,38.0,99.0
809.1102362204724,245.69291338582673,38.0,99.0
809.1102362204724,245.69291338582673,38.0,99.0
809.1102362204724,245.16535433070862,38.0,99.0
809.1102362204724,245.16535433070862,38.0,99.0
809.1102362204724,244.63779527559052,38.0,99.0
809.1102362204724,243.5826771653543,38.0,99.0
809.6377952755905,242.5275590551181,38.0,99.0
810.6929133858267,242.0,38.0,99.0
811.2204724409448,242.0,38.0,99.0
811.2204724409448,241.4724409448819,38.0,99.0
811.7480314960629,241.4724409448819,38.0,99.0
812.275590551181,241.4724409448819,38.0,99.0
812.275590551181,240.9448818897638,38.0,99.0
812.8031496062991,239.88976377952758,38.0,99.0
813.3307086614172,239.36220472440948,38.0,99.0
813.3307086614172,238.83464566929138,38.0,99.0
813.3307086614172,237.25196850393706,38.0,99.0
812.9489416614173,236.25736500393708,38.763534,100.989207
813.0976631162988,235.24277693581155,39.542409688662005,103.018383136251
812.7004002973616,234.20780274963323,40.33693532653629,105.0883315086077
812.2951552766036,232.5920297879944,41.14742536805239,107.19987135361015
811.3105124874405,230.94379110023738,41.97420058597267,109.35383836871824
810.3060852707148,229.84516776306606,42.81758819834662,111.55108504306091
809.2814760979234,228.13002751422422,43.677921998016004,113.79248099483112
809.2814760979234,226.31086830958245,43.677921998016004,113.79248099483112
808.6750896963761,225.7044819080352,43.677921998016004,113.79248099483112
808.0687032948288,224.49170910494067,43.677921998016004,113.79248099483112
808.6750896963761,224.49170910494067,43.677921998016004,113.79248099483112
808.0687032948288,223.27893630184613,43.677921998016004,113.79248099483112
808.6750896963761,222.0661634987516,43.677921998016004,113.79248099483112
808.0687032948288,221.45977709720435,43.677921998016004,113.79248099483112
807.4623168932815,221.45977709720435,43.677921998016004,113.79248099483112
807.4623168932815,221.45977709720435,43.677921998016004,113.79248099483112
807.0235066499284,220.922947338437,44.55554248472214,116.07891331546027
806.5758793923557,219.75676053581324,45.45079699986766,118.41128692070782
806.1192579602965,218.56714154176436,46.36403986398601,120.79052490880561
805.4755798270833,218.56714154176433,46.36403986398601,120.79052490880562
805.4755798270833,218.56714154176433,46.36403986398601,120.79052490880562
805.0097835005897,217.35361953326802,47.29563251697308,123.21756892579826
804.3531719426459,216.04039641738026,47.295632516973086,123.21756892579828
804.3531719426459,215.38378485943636,47.295632516973086,123.21756892579828
804.3531719426459,214.72717330149246,47.295632516973086,123.21756892579828
803.8780163705641,214.14587955322332,48.24594366113663,125.69337953822435
803.8780163705641,213.47607469924566,48.245943661136636,125.69337953822436
803.8780163705641,212.806269845268,48.24594366113664,125.69337953822436
804.5478212245417,212.13646499129032,48.24594366113664,125.69337953822436
805.2176260785194,212.13646499129032,48.24594366113664,125.69337953822436
805.8874309324971,211.46666013731266,48.24594366113664,125.69337953822436
806.5572357864747,210.12705042935733,48.24594366113664,125.69337953822436
807.2270406404524,209.45724557537966,48.24594366113664,125.69337953822436
807.8968454944301,208.787440721402,48.24594366113664,125.69337953822436
807.8968454944301,208.11763586742433,48.24594366113664,125.69337953822436
808.5666503484077,207.44783101344666,48.24594366113664,125.69337953822436
809.2364552023854,206.10822130549133,48.24594366113664,125.69337953822436
809.9062600563631,205.43841645151366,48.24594366113664,125.69337953822436
809.9062600563631,204.09880674355833,48.24594366113664,125.69337953822436
809.9062600563631,203.42900188958066,48.24594366113664,125.69337953822436
809.9062600563631,202.759197035603,48.24594366113664,125.69337953822436
809.9062600563631,202.08939218162533,48.24594366113664,125.69337953822436
810.5760649103407,201.41958732764766,48.24594366113664,125.69337953822436
811.2458697643184,200.07997761969233,48.24594366113664,125.69337953822436
811.2458697643184,200.07997761969233,48.24594366113664,125.69337953822436
811.2458697643184,199.41017276571466,48.24594366113664,125.69337953822436
811.2458697643184,198.07056305775933,48.24594366113664,125.69337953822436
811.2458697643184,197.40075820378166,48.24594366113664,125.69337953822436
811.2458697643184,196.730953349804,48.24594366113664,125.69337953822436
811.2458697643184,196.06114849582633,48.24594366113664,125.69337953822436
811.0286352866167,196.5704085695151,47.34080290858462,123.33524968289146
811.0286352866167,195.91316990501548,47.34080290858462,123.33524968289146
812.1299536676626,196.41287576520227,46.452643475492,121.0213606335186
811.4850454387239,195.12305930732495,46.452643475492,121.02136063351861
813.2106102464393,196.2582984292714,45.581146775815945,118.75088238962572
812.577801122117,194.99268018062668,45.58114677581595,118.75088238962573
812.577801122117,194.3598710563043,45.58114677581596,118.75088238962573
812.577801122117,193.72706193198195,45.58114677581596,118.75088238962573
812.577801122117,193.0942528076596,45.58114677581596,118.75088238962573
811.9449919977947,192.46144368333722,45.58114677581596,118.75088238962573
811.3121828734724,191.82863455901486,45.58114677581596,118.75088238962573
810.67937374915,190.5630163103702,45.58114677581596,118.75088238962573
810.0465646248277,189.93020718604782,45.58114677581596,118.75088238962573
810.2214427580668,188.10436732179807,46.49700875798243,121.13694386948049
809.5759186000095,184.87674653151126,46.49700875798243,121.1369438694805
808.463262243465,183.6597442249265,47.43127315495657,123.57094848264998
807.1462728935346,180.36727085010045,47.43127315495657,123.57094848265
808.2496959398829,180.20943699403648,46.54141641219043,121.25263749491714
807.1359769244697,178.34513169601553,47.47657309216057,123.68896674010252
806.4768533444501,176.3677609559566,47.47657309216058,123.68896674010253
806.9222066512385,176.20977635833975,46.58586647858375,121.36844161525765
807.359204697529,176.05475570518598,45.71187038600282,119.09145179511259
806.7245807199363,174.150883772408,45.71187038600283,119.09145179511259
805.455332764751,172.88163581722267,45.71187038600283,119.09145179511259
806.0899567423437,172.24701183962998,45.71187038600283,119.09145179511259
806.0899567423437,170.97776388444464,45.71187038600283,119.09145179511259
806.2653364141034,169.1466876363924,46.630358997668786,121.4843563360318
806.0553763446508,170.28626988282556,45.75552818222513,119.20519184316544
805.4201462600654,168.3805796290694,45.755528182225135,119.20519184316544
806.2309235153534,166.54775458463163,46.67489400999058,121.60038176287016
806.2309235153534,165.89976082195665,46.67489400999058,121.60038176287017
806.2309235153534,165.89976082195665,46.67489400999058,121.60038176287017
806.2309235153534,165.2517670592817,46.67489400999058,121.60038176287017
806.8789172780284,163.30778577125682,46.67489400999058,121.60038176287017
807.5269110407035,161.36380448323195,46.67489400999058,121.60038176287017
808.8228985660534,159.41982319520707,46.67489400999058,121.60038176287017
808.8228985660534,157.4758419071822,46.67489400999058,121.60038176287017
809.4708923287284,155.53186061915733,46.67489400999058,121.60038176287017
810.1188860914034,152.9398855684575,46.67489400999058,121.60038176287017
810.1188860914034,151.64389804310758,46.67489400999058,121.60038176287017
809.4708923287284,149.6999167550827,46.67489400999058,121.60038176287017
807.5269110407035,149.05192299240775,46.67489400999058,121.60038176287017
805.5829297526785,147.75593546705784,46.67489400999058,121.60038176287017
802.3429609393037,145.81195417903297,46.67489400999058,121.60038176287017
798.8928315310143,145.00864351227855,45.79922767446982,119.31904052032922
793.1703005969684,142.4652964304804,45.79922767446982,119.31904052032922
788.0836064333721,140.55778611913178,45.79922767446982,119.31904052032922
784.0623680325984,141.04121988144365,44.939989689723674,117.08049945480637
776.5754737701579,138.54558846063014,44.939989689723674,117.08049945480639
769.7124873629208,137.2977727502234,44.939989689723674,117.08049945480639
762.2255931004803,135.42604918461328,44.939989689723674,117.08049945480639
753.4908831276331,133.55432561900315,44.939989689723674,117.08049945480639
744.1322652995825,132.3065099085964,44.939989689723674,117.08049945480639
734.773647471532,130.43478634298629,44.939989689723674,117.08049945480639
724.7911217882779,128.56306277737616,44.939989689723674,117.08049945480639
714.9810143538095,126.76290568440007,45.84296890255929,119.4329979303518
704.161465746264,124.21712954144817,45.84296890255929,119.4329979303518
692.0690290672425,122.94424146997221,45.84296890255929,119.4329979303518
682.6982511798312,119.83502574905103,46.764091676718415,121.83276515776636
671.8407220408321,116.66333655664934,47.70372257077872,124.28075090808136
661.4273096952919,114.09019573975358,48.66223346839338,126.77792403607745
650.8046606554929,110.11418428292276,49.64000372547381,129.32527286373437
640.6577295038389,106.7474416031917,50.63742032032976,131.9238055713854
631.7129281497029,103.3130509627968,51.654878006826145,134.57455059673126
620.9559550048914,100.44452479084707,51.65487800682615,134.57455059673126
613.0675080320295,98.29313016188478,51.65487800682615,134.57455059673126
605.663608894738,98.12124170015834,50.68578233568595,132.0498013482344
600.5096464714561,98.65625549175378,49.73486784038162,129.57241884731
596.1428531744452,99.18123190509105,48.801793424399555,127.14151444777778
591.8579851600832,99.69635925113309,47.88622439052798,124.75621617532289
587.6535054305135,98.87220066096528,46.9878323207998,122.41566841471527
584.1802441503258,98.71584241312632,46.10629495868791,120.11903160289746
580.9797450182992,97.43564276031569,46.10629495868791,120.11903160289746
578.4193457126779,96.79554293391035,46.10629495868791,120.11903160289746
576.499046233462,96.15544310750502,46.10629495868791,120.11903160289746
574.578746754246,94.87524345469438,46.10629495868791,120.11903160289746
572.6584472750301,94.87524345469438,46.10629495868791,120.11903160289746
571.3782476222194,94.23514362828905,46.10629495868791,120.11903160289746
569.4579481430035,93.59504380188372,46.10629495868791,120.11903160289746
568.1777484901928,92.95494397547839,46.10629495868791,120.11903160289746
566.8975488373821,91.03464449626242,46.10629495868791,120.11903160289746
566.6899484435655,90.24111985458006,45.241296093510584,117.86548192783022
566.0618575114758,89.61302892249029,45.24129609351059,117.86548192783022
564.1775847152064,87.72875612622099,45.24129609351059,117.86548192783022
563.5494937831166,85.84448332995169,45.24129609351059,117.86548192783022
562.9214028510269,84.58830146577216,45.24129609351059,117.86548192783022
561.6652209868473,83.33211960159264,45.24129609351059,117.86548192783022
561.6652209868473,82.07593773741311,45.24129609351059,117.86548192783022
560.4090391226678,80.81975587323359,45.24129609351059,117.86548192783022
559.5772425817407,80.66920945647512,44.39252544700554,115.65421103298812
558.9609352454479,80.05290212018225,44.39252544700554,115.65421103298812
558.7610513516419,79.28887276409817,43.55967856203198,113.4844257273991
558.1563065394462,78.0793831397069,43.55967856203198,113.4844257273991
558.5649174737817,79.74866696504009,42.74245669336074,111.355347701124
557.3781190492251,77.96846932820512,42.74245669336074,111.355347701124
556.7847198369468,77.3750701159268,42.74245669336074,111.355347701124
555.5979214123902,76.18827169137018,42.74245669336074,111.355347701124
555.5979214123902,76.18827169137018,42.74245669336074,111.355347701124
555.0045222001119,75.59487247909186,42.74245669336074,111.355347701124
553.8177237755552,75.00147326681355,42.74245669336074,111.355347701124
552.6309253509986,75.00147326681355,42.74245669336074,111.355347701124
551.444126926442,75.00147326681355,42.74245669336074,111.355347701124
551.444126926442,74.40807405453523,42.74245669336074,111.355347701124
551.8450719228657,74.85924206978198,41.940566700513216,109.26621324607387
550.6805389892004,73.69470913611669,41.940566700513216,109.26621324607387
549.5160060555351,72.53017620245137,41.940566700513216,109.26621324607387
548.9337395887025,71.94790973561872,41.940566700513216,109.26621324607387
548.3514731218698,71.94790973561872,41.940566700513216,109.26621324607387
547.1869401882045,71.36564326878607,41.940566700513216,109.26621324607387
546.0224072545392,71.36564326878607,41.940566700513216,109.26621324607387
546.0224072545392,71.36564326878607,41.940566700513216,109.26621324607387
544.8578743208739,70.78337680195342,41.940566700513216,109.26621324607387
543.6933413872085,69.61884386828811,41.940566700513216,109.26621324607387
543.1110749203759,69.03657740145546,41.940566700513216,109.26621324607387
541.9465419867106,69.03657740145546,41.940566700513216,109.26621324607387
541.9465419867106,68.45431093462281,41.940566700513216,109.26621324607387
540.7820090530453,67.87204446779016,41.940566700513216,109.26621324607387
540.0108989983312,68.89701459979453,41.153720942610875,107.21627298206514
539.8255982995358,70.47409787932209,40.381637175197355,105.20479158801413
539.0831503809379,71.46096990424176,39.62403844899639,103.23104753817478
538.5330445839875,70.91086410729133,39.62403844899639,103.23104753817479
537.4328329900866,71.46096990424175,39.62403844899639,103.23104753817479
536.3326213961857,71.46096990424175,39.62403844899639,103.23104753817479
535.7825155992352,71.46096990424175,39.62403844899639,103.23104753817479
535.7825155992352,72.0110757011922,39.62403844899639,103.23104753817479
535.2324098022848,72.0110757011922,39.62403844899639,103.23104753817479
534.1321982083839,72.0110757011922,39.62403844899639,103.23104753817479
534.1321982083839,72.0110757011922,39.62403844899639,103.23104753817479
533.031986614483,72.56118149814262,39.62403844899639,103.23104753817479
532.4818808175326,72.56118149814262,39.62403844899639,103.23104753817479
532.0837979152546,72.6242823729512,40.42020425355207,105.30526897635934
531.5226388425261,73.7466005184083,40.42020425355207,105.30526897635934
530.400320697069,74.8689186638654,40.42020425355207,105.30526897635934
529.8391616243405,74.30775959113684,40.42020425355207,105.30526897635934
530.400320697069,74.8689186638654,40.42020425355207,105.30526897635934
529.8391616243405,75.43007773659394,40.42020425355207,105.30526897635934
529.8391616243405,76.55239588205106,40.42020425355207,105.30526897635934
529.278002551612,77.67471402750817,40.42020425355207,105.30526897635934
529.278002551612,78.79703217296529,40.42020425355207,105.30526897635934
529.278002551612,79.35819124569383,40.42020425355207,105.30526897635934
529.278002551612,79.91935031842237,40.42020425355207,105.30526897635934
529.278002551612,80.48050939115092,40.42020425355207,105.30526897635934
529.278002551612,82.16398660933658,40.42020425355207,105.30526897635934
529.278002551612,83.28630475479369,40.42020425355207,105.30526897635934
528.7168434788834,84.96978197297935,40.42020425355207,105.30526897635934
527.5945253334263,86.09210011843646,40.42020425355207,105.30526897635934
527.0333662606978,87.21441826389358,40.42020425355207,105.30526897635934
527.0333662606978,88.33673640935069,40.42020425355207,105.30526897635934
527.0333662606978,89.4590545548078,40.42020425355207,105.30526897635934
527.0333662606978,90.58137270026492,40.42020425355207,105.30526897635934
526.066125605936,90.64574146095104,41.2323674176187,107.42116774590133
525.0794501846981,90.71140358314561,42.06084937614091,109.57958126941972
524.4955138174786,91.29533995036515,42.06084937614091,109.57958126941972
523.3276410830396,93.04714905202373,42.06084937614091,109.57958126941972
523.3276410830396,94.21502178646277,42.06084937614091,109.57958126941972
523.1382559046691,96.41080419711398,41.27174699844269,107.5237619169954
522.565274750733,97.5567665049862,41.27174699844269,107.5237619169954
522.9524237761484,100.85731621326012,40.497448947611964,105.5065117319364
523.3323095099039,102.97148146180724,39.737677480100885,103.52710711921017
522.7806260471673,104.07484838728041,39.737677480100885,103.52710711921019
522.2289425844307,105.72989877549017,39.737677480100885,103.52710711921019
522.2289425844307,107.9366326264365,39.737677480100885,103.52710711921019
522.2289425844307,109.59168301464626,39.737677480100885,103.52710711921019
522.2289425844307,111.7984168655926,39.737677480100885,103.52710711921019
521.6772591216941,112.90178379106578,39.737677480100885,103.52710711921019
521.6772591216941,115.10851764201212,39.737677480100885,103.52710711921019
521.6772591216941,117.86693495569503,39.737677480100885,103.52710711921019
521.1255756589575,120.07366880664136,39.737677480100885,103.52710711921019
521.6772591216941,122.2804026575877,39.737677480100885,103.52710711921019
520.5738921962209,125.03881997127061,39.737677480100885,103.52710711921019
521.1255756589575,126.1421868967438,39.737677480100885,103.52710711921019
521.1255756589575,128.34892074769013,39.737677480100885,103.52710711921019
521.1255756589575,130.55565459863647,39.737677480100885,103.52710711921019
520.0222087334843,132.21070498684622,39.737677480100885,103.52710711921019
519.6229841566804,132.82567029338284,40.536126633708555,105.60727728255648
518.4974472795737,133.3884387319362,40.536126633708555,105.6072772825565
517.9346788410204,135.07674404759624,40.536126633708555,105.6072772825565
517.9346788410204,136.20228092470293,40.536126633708555,105.6072772825565
517.9346788410204,138.45335467891633,40.536126633708555,105.6072772825565
517.9346788410204,140.14165999457637,40.536126633708555,105.6072772825565
517.371910402467,141.82996531023642,40.536126633708555,105.6072772825565
516.8091419639137,143.51827062589646,40.536126633708555,105.6072772825565
516.8091419639137,145.76934438010986,40.536126633708555,105.6072772825565
516.8091419639137,147.4576496957699,40.536126633708555,105.6072772825565
516.8091419639137,149.7087234499833,40.536126633708555,105.6072772825565
516.8091419639137,151.39702876564334,40.536126633708555,105.6072772825565
516.8091419639137,153.64810251985674,40.536126633708555,105.6072772825565
516.9646642062415,155.96372963995765,41.35061902615966,107.7292443049949
517.1233113569843,157.17773236620434,42.18147701425229,109.89384801081516
516.5377003002179,158.34895447973724,42.18147701425229,109.89384801081516
517.2851462049272,161.34418333306175,43.02902943189966,112.10194509889646
516.6877684651971,163.13631655225194,43.02902943189966,112.10194509889646
516.090390725467,164.92844977144213,43.02902943189966,112.10194509889646
516.2554773210096,167.9838617581165,43.89361172027482,114.3544094817686
516.4238810015163,168.66314273522124,44.7755660605703,116.65213263148578
515.9740432770888,169.35607250499902,45.675241509425334,118.99602393245024
516.1492824172908,169.42880985861447,46.592994137074214,121.38701104132497
515.6811859016926,168.85615198803197,47.52918716827045,123.82604025417831
514.5438298945691,168.93184173109336,48.48419112604251,126.31407688100552
513.8707174193422,169.60495420632023,48.48419112604251,126.31407688100552
513.1976049441154,170.95117915677395,48.48419112604251,126.31407688100552
513.652410197288,173.48229147733505,47.57458061969744,123.94430214079074
513.4381986307077,176.62640190447524,46.68203528973332,121.6189866758842
513.2280058811277,179.06343286088625,45.80623497687001,119.33729638710872
513.6576906053996,181.45474275006364,44.946865528326356,117.09841282379764
513.4553107136111,183.80118934362648,44.10361868513247,114.90153289021356
514.481320475684,186.71591072584985,43.27619197155603,112.74586855747494
513.880511345536,187.91752898614587,43.27619197155603,112.74586855747494
514.481320475684,189.71995637658986,43.27619197155603,112.74586855747494
513.880511345536,192.12319289718187,43.27619197155603,112.74586855747494
515.0821296058319,195.12723854792188,43.27619197155603,112.74586855747494
515.68293873598,197.53047506851388,43.27619197155603,112.74586855747494
515.68293873598,199.9337115891059,43.27619197155603,112.74586855747494
515.68293873598,201.7361389795499,43.27619197155603,112.74586855747494
516.283747866128,204.13937550014194,43.27619197155603,112.74586855747494
516.884556996276,205.94180289058593,43.27619197155603,112.74586855747494
517.4853661264241,207.14342115088195,43.27619197155603,112.74586855747494
517.4853661264241,208.34503941117796,43.27619197155603,112.74586855747494
518.0861752565721,209.54665767147398,43.27619197155603,112.74586855747494
519.8886026470161,210.74827593177,43.27619197155603,112.74586855747494
521.0902209073121,211.34908506191798,43.27619197155603,112.74586855747494
522.291839167608,212.550703322214,43.27619197155603,112.74586855747494
522.8926482977561,213.75232158251,43.27619197155603,112.74586855747494
522.8926482977561,214.353130712658,43.27619197155603,112.74586855747494
523.4934574279041,215.554748972954,43.27619197155603,112.74586855747494
525.1010273806764,219.01559648183985,42.46428858660321,110.63064658088732
525.1010273806764,219.6051338492875,42.46428858660321,110.63064658088733
526.2801021155718,222.55282068652585,42.46428858660321,110.63064658088733
526.8696394830195,223.73189542142117,42.46428858660321,110.63064658088733
527.4591768504671,224.9109701563165,42.46428858660321,110.63064658088733
529.2277889528101,227.26911962610714,42.46428858660321,110.63064658088733
530.8051993322296,230.66503827505267,41.66761729755502,108.55510822257756
531.3836764061906,232.4004694969359,41.66761729755502,108.55510822257756
531.9621534801516,234.13590071881913,41.66761729755502,108.55510822257756
533.1191076280738,235.87133194070236,41.66761729755502,108.55510822257756
534.276061775996,237.6067631625856,41.66761729755502,108.55510822257756
534.4359251327772,239.40854963763292,42.504844731914794,110.73630601209382
535.1891010377943,240.06633858070694,43.35889457711316,112.96133060879482
534.7534959034253,239.53342987416852,44.230104845851095,115.23106262471734
534.9231905845719,238.9898134329896,45.11882034251878,117.54640036603578
535.7226855258925,239.06166469160397,46.02539279966101,119.90826018859053
535.8992680680999,239.1349596575577,46.950181017184605,122.31757686055988
536.551083676917,240.43859087519192,46.950181017184605,122.31757686055988
537.202899285734,241.74222209282615,46.950181017184605,122.31757686055988
538.5065305033683,243.0458533104604,46.950181017184605,122.31757686055988
540.4619773298195,244.34948452809462,46.950181017184605,122.31757686055988
541.1137929386366,245.65311574572885,46.950181017184605,122.31757686055988
542.4174241562708,247.6085625721802,46.950181017184605,122.31757686055988
544.3728709827221,248.91219378981444,46.950181017184605,122.31757686055988
545.6765022003564,250.21582500744867,46.950181017184605,122.31757686055988
546.3283178091734,252.17127183390002,46.950181017184605,122.31757686055988
547.6319490268077,253.47490305153426,46.950181017184605,122.31757686055988
548.9355802444419,255.4303498779856,46.950181017184605,122.31757686055988
550.2392114620761,257.385796704437,46.950181017184605,122.31757686055988
552.1946582885274,258.6894279220712,46.950181017184605,122.31757686055988
553.4982895061617,259.99305913970545,46.950181017184605,122.31757686055988
555.453736332613,260.6448747485225,46.950181017184605,122.31757686055988
557.4091831590642,261.94850596615674,46.950181017184605,122.31757686055988
558.8929449919264,261.3714580390443,47.8935510043629,124.7753039324191
560.4065200512962,260.78281548793234,48.855876124693566,127.28241411433319
561.950507374334,260.1823453420409,49.837537243667036,129.8398996611325
563.3343096931594,259.49044418262815,49.83753724366704,129.8398996611325
564.026210852572,260.1823453420409,49.83753724366705,129.8398996611325
566.1019143308101,260.1823453420409,49.83753724366705,129.8398996611325
566.7938154902229,260.8742465014535,49.83753724366705,129.8398996611325
568.869518968461,261.56614766086625,49.83753724366705,129.8398996611325
570.9452224466991,261.56614766086625,49.83753724366705,129.8398996611325
573.0209259249372,262.9499499796916,49.83753724366705,129.8398996611325
574.8722285406052,264.85981243877336,48.902536649981705,127.40397706179438
576.6887989214865,265.3760031799652,47.98507757537099,125.01375473583488
578.0211653522987,267.3745528261835,47.985077575370994,125.01375473583488
578.6873485677048,268.0407360415895,47.985077575371,125.01375473583488
581.3520814293292,268.70691925699566,47.985077575371,125.01375473583488
582.6844478601414,268.70691925699566,47.985077575371,125.01375473583488
584.6829975063597,270.0392856878078,47.985077575371,125.01375473583488
586.681547152578,271.3716521186201,47.985077575371,125.01375473583488
588.6800967987963,272.70401854943225,47.985077575371,125.01375473583488
590.0124632296084,273.3702017648384,47.985077575371,125.01375473583488
591.3448296604206,274.70256819565054,47.985077575371,125.01375473583488
593.3433793066389,274.70256819565054,47.985077575371,125.01375473583488
595.3419289528572,274.70256819565054,47.985077575371,125.01375473583488
598.0066618144816,274.70256819565054,47.985077575371,125.01375473583488
600.671394676106,274.70256819565054,47.985077575371,125.01375473583488
602.6699443223243,274.70256819565054,47.985077575371,125.01375473583488
604.6684939685426,275.3687514110567,47.985077575371,125.01375473583488
606.6670436147609,276.0349346264627,47.985077575371,125.01375473583488
609.3317764763854,276.0349346264627,47.985077575371,125.01375473583488
610.6641429071975,276.70111784186884,47.985077575371,125.01375473583488
613.9950589842281,277.36730105727486,47.985077575371,125.01375473583488
616.6597918458525,278.033484272681,47.985077575371,125.01375473583488
619.3245247074769,279.36585070349315,47.985077575371,125.01375473583488
621.9892575691014,280.6982171343054,47.985077575371,125.01375473583488
625.3201736461319,281.36440034971145,47.985077575371,125.01375473583488
626.6525400769441,282.6967667805237,47.985077575371,125.01375473583488
629.3172729385685,283.36294999592974,47.985077575371,125.01375473583488
631.982005800193,284.695316426742,47.985077575371,125.01375473583488
634.6467386618174,285.36149964214803,47.985077575371,125.01375473583488
637.977654738848,286.6938660729603,47.985077575371,125.01375473583488
641.3085708158785,287.3600492883663,47.985077575371,125.01375473583488
643.3071204620968,288.02623250377246,47.985077575371,125.01375473583488
647.3042197545334,288.02623250377246,47.985077575371,125.01375473583488
650.635135831564,288.02623250377246,47.985077575371,125.01375473583488
653.9660519085945,288.02623250377246,47.985077575371,125.01375473583488
658.8134355499824,287.43646503222493,48.949241739092926,127.52565610974202
661.0399423318637,286.1552785281184,49.932778853356524,130.08802911795507
663.8128359772635,285.46205511676845,49.932778853356524,130.08802911795507
666.5857296226633,284.7688317054185,49.932778853356524,130.08802911795507
669.3586232680631,284.07560829406856,49.932778853356524,130.08802911795507
672.8247403248129,284.07560829406856,49.932778853356524,130.08802911795507
675.7892077188123,283.461902320885,50.93607817885702,132.70188788702217
678.6178171162292,283.461902320885,50.93607817885702,132.70188788702217
682.1535788630002,283.461902320885,50.93607817885702,132.70188788702217
686.3964929591255,284.1690546702392,50.93607817885702,132.70188788702217
690.1276777458269,282.8358651535822,51.95953679770479,135.3682669203361
692.2917612303561,282.8358651535822,51.9595367977048,135.3682669203361
695.3765555514669,282.1972490214768,53.00355977058108,138.08822150756643
699.2591881161998,281.54580117542906,54.06856029705136,140.86282814231797
701.51111116214,282.2964421907425,54.06856029705136,140.862828142318
703.7630342080802,282.2964421907425,54.06856029705136,140.862828142318
706.7655982693337,282.2964421907425,54.06856029705136,140.862828142318
709.7681623305873,282.2964421907425,54.06856029705136,140.862828142318
712.7707263918409,282.2964421907425,54.06856029705136,140.862828142318
716.5239314684078,282.2964421907425,54.06856029705136,140.862828142318
718.983295738637,281.6319048031241,55.15495987910002,143.6931849481816
720.5147430291051,280.86618115789,55.15495987910002,143.69318494818162
722.0461903195733,280.86618115789,55.15495987910002,143.69318494818162
725.1090849005096,280.10045751265596,55.15495987910002,143.69318494818162
726.6405321909778,279.3347338674219,55.15495987910002,143.69318494818162
728.1719794814459,277.8032865769537,55.15495987910002,143.69318494818162
731.2348740623822,277.8032865769537,55.15495987910002,143.69318494818162
733.5320449980845,277.8032865769537,55.15495987910002,143.69318494818162
735.0634922885527,277.03756293171966,55.15495987910002,143.69318494818162
737.360663224255,277.03756293171966,55.15495987910002,143.69318494818162
738.8921105147231,277.03756293171966,55.15495987910002,143.69318494818162
740.4235578051912,277.03756293171966,55.15495987910002,143.69318494818162
741.1892814504253,277.03756293171966,55.15495987910002,143.69318494818162
742.7207287408934,277.03756293171966,55.15495987910002,143.69318494818162
744.2521760313615,277.8032865769537,55.15495987910002,143.69318494818162
745.7836233218296,277.8032865769537,55.15495987910002,143.69318494818162
747.3150706122977,277.03756293171966,55.15495987910002,143.69318494818162
748.8465179027659,276.2718392864856,55.15495987910002,143.69318494818162
751.6610691413864,276.8540274830647,54.12019927326365,140.99736126455528
752.4124270674761,275.35131163088545,54.12019927326365,140.99736126455528
754.422816665686,276.67393533764954,53.10485178120232,138.35211385102707
755.1600783874723,275.199411894077,53.10485178120233,138.35211385102707
755.1600783874723,274.4621501722907,53.104851781202335,138.35211385102707
754.422816665686,272.98762672871817,53.104851781202335,138.35211385102707
752.2110315003272,272.2503650069319,53.104851781202335,138.35211385102707
746.312937726037,271.5131032851456,53.104851781202335,138.35211385102707
739.6775822299605,270.03857984157304,53.104851781202335,138.35211385102707
731.5677032903116,267.8267946762142,53.104851781202335,138.35211385102707
721.7441884788797,267.6500812343264,52.10855319405042,135.75649384765762
711.3815423685205,267.4766831082069,51.1309461358543,133.2095701960414
700.7336764616549,266.7668253810825,51.1309461358543,133.2095701960414
687.9562373734161,266.05696765395817,51.1309461358543,133.2095701960414
675.1787982851773,265.3471099268338,51.1309461358543,133.2095701960414
661.6915014698142,265.3471099268338,51.1309461358543,133.2095701960414
648.204204654451,265.3471099268338,51.1309461358543,133.2095701960414
634.7169078390879,264.63725219970945,51.1309461358543,133.2095701960414
620.5197532966004,263.9273944725851,51.1309461358543,133.2095701960414
606.3225987541128,263.21753674546073,51.1309461358543,133.2095701960414
592.8353019387497,262.5076790183364,51.1309461358543,133.2095701960414
577.9282896691378,261.08796356408754,51.1309461358543,133.2095701960414
564.4409928537747,261.08796356408754,51.1309461358543,133.2095701960414
551.6635537655359,261.08796356408754,51.1309461358543,133.2095701960414
540.3058301315459,261.08796356408754,51.1309461358543,133.2095701960414
529.6579642246803,261.08796356408754,51.1309461358543,133.2095701960414
519.0100983178147,261.7978212912119,51.1309461358543,133.2095701960414
509.0720901380735,261.7978212912119,51.1309461358543,133.2095701960414
499.1340819583323,262.50767901833626,51.1309461358543,133.2095701960414
489.9059315057154,262.50767901833626,51.1309461358543,133.2095701960414
481.38763878022286,262.50767901833626,51.1309461358543,133.2095701960414
474.2890615089791,262.50767901833626,51.1309461358543,133.2095701960414
467.19048423773535,262.50767901833626,51.1309461358543,133.2095701960414
461.51162242074037,263.2175367454606,51.1309461358543,133.2095701960414
455.12290287662097,263.927394472585,51.1309461358543,133.2095701960414
453.1895003720183,263.29896225273484,52.15832023656202,135.88615008999045
448.32076641714883,262.65790294429127,53.20633736507526,138.61651050374863
443.88874245926235,262.65790294429127,53.20633736507526,138.61651050374863
443.88874245926235,262.65790294429127,53.20633736507526,138.61651050374863
442.41140113996687,261.9192322846435,53.20633736507526,138.61651050374863
440.9340598206714,261.18056162499573,53.20633736507526,138.61651050374863
440.1953891610236,260.44189096534797,53.20633736507526,138.61651050374863
441.4331610982981,260.26483981671157,52.2081348098218,136.0159301624304
441.4331610982981,258.8152148551459,52.2081348098218,136.01593016243044
439.9835361367324,258.090402374363,52.2081348098218,136.01593016243044
438.53391117516674,256.6407774127973,52.2081348098218,136.01593016243044
438.53391117516674,255.91596493201445,52.2081348098218,136.01593016243044
438.29883634738746,256.4670479156357,51.22865950381456,133.46413923362212
436.8764077577664,254.3334050312042,51.22865950381457,133.46413923362212
435.45397916814534,252.19976214677266,51.228659503814576,133.46413923362212
435.22331457240585,252.74050627848928,50.267560105672516,130.9602223805678
434.5254433483942,250.64689260645443,50.267560105672516,130.9602223805678
433.60123502044723,250.4796206291561,49.324491865520066,128.503281439118
433.60123502044723,249.11006366480058,49.32449186552007,128.50328143911804
432.2316780560917,247.0557282182673,49.32449186552008,128.50328143911804
432.9164565382695,245.68617125391177,49.32449186552008,128.50328143911804
431.32480877383415,245.52203746133785,48.3991165013241,126.09243509555483
430.6528774009397,243.50624334265444,48.3991165013241,126.09243509555483
431.32480877383415,242.1623805968655,48.3991165013241,126.09243509555483
430.6528774009397,241.49044922397104,48.3991165013241,126.09243509555483
430.6528774009397,239.47465510528764,48.3991165013241,126.09243509555483
431.32480877383415,237.45886098660424,48.3991165013241,126.09243509555483
430.6528774009397,234.77113549502633,48.3991165013241,126.09243509555483
430.6528774009397,232.08341000344842,48.3991165013241,126.09243509555483
430.6528774009397,230.06761588476502,48.3991165013241,126.09243509555483
429.98094602804525,228.05182176608162,48.3991165013241,126.09243509555483
429.98094602804525,226.0360276473982,48.3991165013241,126.09243509555483
429.3090146551508,224.69216490160926,48.3991165013241,126.09243509555483
427.96515190936185,222.67637078292586,48.3991165013241,126.09243509555483
427.2932205364674,220.66057666424246,48.3991165013241,126.09243509555483
427.96515190936185,219.3167139184535,48.3991165013241,126.09243509555483
427.96515190936185,218.64478254555905,48.3991165013241,126.09243509555483
427.96515190936185,217.3009197997701,48.3991165013241,126.09243509555483
427.96515190936185,215.95705705398115,48.3991165013241,126.09243509555483
428.15084155832574,213.34640665900469,49.37159994918521,128.62601039392982
426.7799765783857,211.29010918909455,49.37159994918521,128.62601039392982
426.09454408841566,209.9192442091545,49.37159994918521,128.62601039392982
426.2839647994962,207.25613801579186,50.36362350696419,131.21049282077504
425.0787817709425,204.53952202968588,51.37557979408962,133.8469052530229
424.36552776219736,202.39976000345047,51.37557979408962,133.8469052530229
423.6522737534522,200.9732519859602,51.37557979408962,133.8469052530229
423.6522737534522,199.5467439684699,51.37557979408962,133.8469052530229
423.6522737534522,198.12023595097963,51.37557979408962,133.8469052530229
424.36552776219736,196.69372793348936,51.37557979408962,133.8469052530229
425.0787817709425,195.26721991599908,51.37557979408962,133.8469052530229
426.9872176711604,195.09626085614138,50.4117240286343,131.33580733775776
427.6870903420926,193.6965155142771,50.41172402863431,131.33580733775776
428.5803742985032,190.27743231306187,51.42464679954166,133.97473771459534
427.86643908599405,187.42169146302516,51.42464679954167,133.97473771459534
427.86643908599405,185.27988582549762,51.42464679954167,133.97473771459534
429.06276245356537,185.1087634886676,50.45987048941731,131.46124153821873
427.6616802642612,182.30659911005927,50.45987048941732,131.46124153821873
426.9611391696091,180.204975826103,50.45987048941732,131.46124153821873
426.9611391696091,178.10335254214675,50.45987048941732,131.46124153821873
427.6616802642612,176.70227035284256,50.45987048941732,131.46124153821873
427.6616802642612,175.30118816353843,50.45987048941732,131.46124153821873
428.36222135891325,173.90010597423424,50.45987048941732,131.46124153821873
428.36222135891325,171.79848269027798,50.45987048941732,131.46124153821873
427.6616802642612,169.69685940632172,50.45987048941732,131.46124153821873
427.6616802642612,168.2957772170176,50.45987048941732,131.46124153821873
428.36222135891325,166.8946950277134,50.45987048941732,131.46124153821873
428.36222135891325,165.49361283840926,50.45987048941732,131.46124153821873
428.36222135891325,164.79307174375714,50.45987048941732,131.46124153821873
428.36222135891325,163.391989554453,50.45987048941732,131.46124153821873
429.0627624535653,162.69144845980088,50.45987048941732,131.46124153821873
429.7633035482174,161.29036627049675,50.45987048941732,131.46124153821873
429.7633035482174,159.1887429865405,50.45987048941732,131.46124153821873
430.46384464286945,157.7876607972363,50.45987048941732,131.46124153821873
430.46384464286945,155.68603751328004,50.45987048941732,131.46124153821873
430.46384464286945,154.98549641862797,50.45987048941732,131.46124153821873
430.46384464286945,152.88387313467172,50.45987048941732,131.46124153821873
430.46384464286945,151.48279094536753,50.45987048941732,131.46124153821873
430.46384464286945,150.78224985071546,50.45987048941732,131.46124153821873
430.46384464286945,149.38116766141127,50.45987048941732,131.46124153821873
429.7633035482174,148.6806265667592,50.45987048941732,131.46124153821873
429.7633035482174,147.98008547210708,50.45987048941732,131.46124153821873
430.46384464286945,146.57900328280294,50.45987048941732,131.46124153821873
430.46384464286945,145.87846218815082,50.45987048941732,131.46124153821873
432.3382649170214,147.1116324618331,49.51319431972184,128.9949009908542
433.02566318047377,145.73683593492825,49.51319431972184,128.9949009908542
433.02566318047377,145.04943767147583,49.51319431972184,128.9949009908542
433.71306144392616,144.3620394080234,49.51319431972184,128.9949009908542
433.71306144392616,143.67464114457098,49.51319431972184,128.9949009908542
433.71306144392616,142.98724288111856,49.51319431972184,128.9949009908542
434.40045970737856,142.98724288111856,49.51319431972184,128.9949009908542
434.40045970737856,142.29984461766614,49.51319431972184,128.9949009908542
435.08785797083095,141.61244635421372,49.51319431972184,128.9949009908542
435.77525623428335,140.9250480907613,49.51319431972184,128.9949009908542
436.46265449773574,140.23764982730887,49.51319431972184,128.9949009908542
437.8374510246406,138.86285330040403,49.51319431972184,128.9949009908542
438.524849288093,138.1754550369516,49.51319431972184,128.9949009908542
439.8996458149978,136.80065851004676,49.51319431972184,128.9949009908542
439.8996458149978,136.11326024659434,49.51319431972184,128.9949009908542
440.5870440784502,134.7384637196895,49.51319431972184,128.9949009908542
441.2744423419026,134.7384637196895,49.51319431972184,128.9949009908542
440.7770080351695,132.75511818343244,50.508062933188015,131.58679553646346
439.56836862415133,130.03071112855542,51.52292144170456,134.23076901917761
437.4224699068321,129.3154115561157,51.52292144170456,134.23076901917761
435.9918707619526,128.60011198367596,51.52292144170456,134.23076901917761
435.75988120843357,129.8592617698115,50.55630140386313,131.71246944690654
434.8303641463477,131.09478868325533,49.60781609657292,129.24141562001887
432.075516505676,130.40607677308742,49.60781609657292,129.24141562001887
430.69809268534016,129.7173648629195,49.60781609657292,129.24141562001887
427.94324504466846,130.40607677308742,49.60781609657292,129.24141562001887
425.18839740399676,130.40607677308742,49.60781609657292,129.24141562001887
423.12226167349297,131.09478868325533,49.60781609657292,129.24141562001887
420.3674140328213,132.47221250359118,49.60781609657292,129.24141562001887
416.92385448198166,132.47221250359118,49.60781609657292,129.24141562001887
415.54643066164584,132.47221250359118,49.60781609657292,129.24141562001887
412.79158302097414,132.47221250359118,49.60781609657292,129.24141562001887
410.72544729047036,131.78350059342327,49.60781609657292,129.24141562001887
408.65931155996657,131.78350059342327,49.60781609657292,129.24141562001887
407.97059964979866,131.09478868325536,49.60781609657292,129.24141562001887
405.90446391929487,130.40607677308745,49.60781609657292,129.24141562001887
404.52704009895905,129.0286529527516,49.60781609657292,129.24141562001887
403.1496162786232,129.0286529527516,49.60781609657292,129.24141562001887
401.7721924582874,129.0286529527516,49.60781609657292,129.24141562001887
399.7060567277836,129.0286529527516,49.60781609657292,129.24141562001887
399.7060567277836,129.7173648629195,49.60781609657292,129.24141562001887
399.7060567277836,129.7173648629195,49.60781609657292,129.24141562001887
399.0173448176157,129.7173648629195,49.60781609657292,129.24141562001887
399.0173448176157,130.40607677308742,49.60781609657292,129.24141562001887
398.3286329074478,130.40607677308742,49.60781609657292,129.24141562001887
396.951209087112,130.40607677308742,49.60781609657292,129.24141562001887
396.26249717694407,131.09478868325533,49.60781609657292,129.24141562001887
394.1963614464403,131.78350059342324,49.60781609657292,129.24141562001887
393.50764953627237,131.78350059342324,49.60781609657292,129.24141562001887
392.81893762610446,131.78350059342324,49.60781609657292,129.24141562001887
392.13022571593655,132.47221250359115,49.60781609657292,129.24141562001887
391.44151380576864,131.78350059342324,49.60781609657292,129.24141562001887
390.7528018956007,132.47221250359115,49.60781609657292,129.24141562001887
390.0640899854328,132.47221250359115,49.60781609657292,129.24141562001887
390.0640899854328,132.47221250359115,49.60781609657292,129.24141562001887
390.0640899854328,131.78350059342324,49.60781609657292,129.24141562001887
388.686666165097,131.78350059342324,49.60781609657292,129.24141562001887
387.3092423447612,131.78350059342324,49.60781609657292,129.24141562001887
385.93181852442535,131.09478868325533,49.60781609657292,129.24141562001887
385.24310661425744,131.09478868325533,49.60781609657292,129.24141562001887
383.8656827939216,131.09478868325533,49.60781609657292,129.24141562001887
382.4882589735858,130.40607677308742,49.60781609657292,129.24141562001887
381.7995470634179,129.7173648629195,49.60781609657292,129.24141562001887
380.42212324308207,129.7173648629195,49.60781609657292,129.24141562001887
379.04469942274625,129.0286529527516,49.60781609657292,129.24141562001887
378.35598751257834,129.0286529527516,49.60781609657292,129.24141562001887
376.28985178207455,129.0286529527516,49.60781609657292,129.24141562001887
374.91242796173873,129.7173648629195,49.60781609657292,129.24141562001887
374.2237160515708,129.7173648629195,49.60781609657292,129.24141562001887
373.311637632182,133.6845597323741,48.67712529467895,126.816721162453
369.93268260240217,132.33297772046217,48.67712529467896,126.816721162453
371.0650886777073,135.54995315584506,47.76389515598056,124.43751632742297
367.0864136149837,134.88684064539115,47.76389515598057,124.43751632742297
366.8713496317796,138.04346249774588,46.86779810148093,122.10294768543707
362.9673183767453,137.39279062190684,46.86779810148093,122.10294768543709
362.9673183767453,138.69413437358492,46.86779810148093,122.10294768543709
358.412615245872,138.04346249774588,46.86779810148093,122.10294768543709
356.4605996183549,139.34480624942395,46.86779810148093,122.10294768543709
353.20724023915966,139.995478125263,46.86779810148093,122.10294768543709
351.2552246116425,140.64615000110203,46.86779810148093,122.10294768543709
349.3032089841254,140.64615000110203,46.86779810148093,122.10294768543709
348.0018652324473,142.59816562861917,46.86779810148093,122.10294768543709
347.35119335660823,143.2488375044582,46.86779810148093,122.10294768543709
344.7485058532521,144.55018125613628,46.86779810148093,122.10294768543709
343.447162101574,144.55018125613628,46.86779810148093,122.10294768543709
341.49514647405687,145.20085313197532,46.86779810148093,122.10294768543709
340.1938027223788,146.5021968836534,46.86779810148093,122.10294768543709
337.59111521902264,146.5021968836534,46.86779810148093,122.10294768543709
335.6390995915055,146.5021968836534,46.86779810148093,122.10294768543709
334.3377558398274,147.15286875949243,46.86779810148093,122.10294768543709
332.3857402123103,149.10488438700958,46.86779810148093,122.10294768543709
331.0843964606322,149.75555626284861,46.86779810148093,122.10294768543709
329.13238083311506,151.0569000145267,46.86779810148093,122.10294768543709
328.92135165907484,155.45564432735563,45.98851269788331,119.8121778181696
327.6444223798547,156.0941089669657,45.98851269788331,119.81217781816962
326.36749310063453,156.0941089669657,45.98851269788331,119.81217781816962
328.28288701946474,157.37103824618583,45.98851269788331,119.81217781816962
330.19828093829494,158.0095028857959,45.98851269788331,119.81217781816962
332.11367485712515,158.0095028857959,45.98851269788331,119.81217781816962
335.94446269478556,157.37103824618583,45.98851269788331,119.81217781816962
339.77525053244597,157.37103824618583,45.98851269788331,119.81217781816962
344.8829676493265,157.37103824618583,45.98851269788331,119.81217781816962
351.26761404542714,156.73257360657576,45.98851269788331,119.81217781816962
358.29072508113785,156.09410896696568,45.98851269788331,119.81217781816962
365.31383611684856,156.09410896696568,45.98851269788331,119.81217781816962
372.3369471525593,156.09410896696568,45.98851269788331,119.81217781816962
379.36005818827,154.81717968774555,45.98851269788331,119.81217781816962
386.3831692239807,154.81717968774555,45.98851269788331,119.81217781816962
394.0447448993015,154.17871504813547,45.98851269788331,119.81217781816962
400.4293912954022,154.17871504813547,45.98851269788331,119.81217781816962
407.6289433779037,152.33655736407516,46.91255988352188,122.2195639070701
414.79316978365495,151.6852640544614,46.91255988352189,122.21956390707011
421.30610287979243,152.33655736407516,46.91255988352189,122.21956390707011
427.9990222526739,151.10867851528278,47.85517394926149,124.67532160465487
433.31406022134445,152.43743800745042,47.8551739492615,124.67532160465488
438.629098190015,152.43743800745042,47.8551739492615,124.67532160465488
442.61537666651793,153.10181775353425,47.8551739492615,124.67532160465488
446.6016551430209,155.75933673786952,47.8551739492615,124.67532160465488
450.5879336195238,155.75933673786952,47.8551739492615,124.67532160465488
453.9098323499429,157.752475976121,47.8551739492615,124.67532160465488
456.5673513342782,158.41685572220482,47.8551739492615,124.67532160465488
459.2248703186135,158.41685572220482,47.8551739492615,124.67532160465488
459.8892500646973,158.41685572220482,47.8551739492615,124.67532160465488
460.5536298107811,159.74561521437246,47.8551739492615,124.67532160465488
461.2180095568649,161.73875445262394,47.8551739492615,124.67532160465488
460.5536298107811,164.3962734369592,47.8551739492615,124.67532160465488
461.4016122978675,164.47248231062568,48.81672795942401,127.18042284165722
458.69069578457993,165.82794056726945,48.81672795942401,127.18042284165722
455.9797792712924,167.18339882391322,48.81672795942401,127.18042284165722
453.94659188632676,169.21658620887888,48.81672795942401,127.18042284165722
453.04905823980846,173.79824596634143,47.900878739173116,124.79439460995096
451.5033489242912,176.2989065224232,47.00221173963418,122.45313058483634
449.9866386165019,178.75265225819373,46.120404605661754,120.15579094632923
448.7060471914794,180.03324368321626,46.120404605661754,120.15579094632923
447.8580875543848,183.08125047877274,45.255141029805955,117.90155163028386
447.0260364634976,186.7003568502442,44.406110638851814,115.68960403279806
445.79304458086057,187.9333487328812,44.406110638851814,115.68960403279807
444.56005269822356,191.0158284394737,44.406110638851814,115.68960403279807
443.32706081558655,192.86531626342918,44.406110638851814,115.68960403279807
441.47757299163106,194.71480408738466,44.406110638851814,115.68960403279807
440.24458110899405,196.56429191134015,44.406110638851814,115.68960403279807
440.0446360458579,201.34849221556814,43.57300888248725,113.51915472016408
438.22984640943434,201.34849221556814,43.57300888248725,113.51915472016408
435.20519701539513,202.55835197318382,43.57300888248725,113.51915472016408
434.60026713658726,203.7682117307995,43.57300888248725,113.51915472016408
432.3477212664258,205.0474610581347,44.448521349963066,115.80009509595634
430.0499149920952,205.73532960734138,45.34162548944788,118.12686640671939
427.5319797183339,207.62378106266237,45.34162548944788,118.12686640671939
425.6435282630129,209.51223251798336,45.34162548944788,118.12686640671939
424.55851980409284,210.84340622838954,46.25267477040735,120.5003895334296
422.80957823340344,211.55919517535466,47.18202976456915,122.92160386032481
420.8444750459442,213.5242983628139,47.18202976456915,122.92160386032481
419.71542638809467,214.90950405291017,48.13005828862864,125.39146764669033
417.89549575362804,214.31795467513265,49.097135549822056,127.91095840611528
416.0389972529231,215.07776342411114,50.08364429442464,130.48107329336935
413.4498782315056,215.85283901028285,51.089974959232514,133.10282949905303
411.3220114750187,217.2714168479408,51.08997495923252,133.10282949905303
409.19414471853185,218.68999468559875,51.08997495923253,133.10282949905303
407.066277962045,221.5271503609146,51.08997495923253,133.10282949905303
404.22912228672914,223.65501711740146,51.08997495923253,133.10282949905303
402.10125553024227,225.78288387388832,51.08997495923253,133.10282949905303
399.9733887737554,227.9107506303752,51.08997495923253,133.10282949905303
397.84552201726854,230.74790630569103,51.08997495923253,133.10282949905303
395.71765526078167,231.45719522452,51.08997495923253,133.10282949905303
393.5897885042948,232.87577306217796,51.08997495923253,133.10282949905303
390.75263282897896,235.00363981866482,51.08997495923253,133.10282949905303
390.94864631438,235.08500007976053,52.11652582608839,135.7772646521775
386.6074023479301,236.53208140191052,52.11652582608839,135.7772646521775
385.8838616868551,239.42624404621048,52.11652582608839,135.7772646521775
383.7132397036301,241.59686602943546,52.11652582608839,135.7772646521775
382.2661583814801,244.49102867373543,52.11652582608839,135.7772646521775
380.81907705933014,246.6616506569604,52.11652582608839,135.7772646521775
379.86087405343767,250.10592930622468,51.13876919357337,133.2299513200989
377.7309750464115,252.23582831325083,51.13876919357337,133.2299513200989
376.31104237506077,254.365727320277,51.13876919357337,133.2299513200989
375.60107603938536,256.49562632730317,51.13876919357337,133.2299513200989
372.7612106966838,257.2055926629786,51.13876919357337,133.2299513200989
372.7612106966838,260.7554243413555,51.13876919357337,133.2299513200989
371.34127802533305,262.8853233483816,51.13876919357337,133.2299513200989
370.63131168965765,265.0152223554078,51.13876919357337,133.2299513200989
369.2113790183069,268.5650540337847,51.13876919357337,133.2299513200989
368.5014126826315,270.6949530408108,51.13876919357337,133.2299513200989
365.66154733992994,272.1148857121616,51.13876919357337,133.2299513200989
365.8577480309021,273.61625634892573,52.16630048297984,135.90694073197366
364.40928465238585,275.06471972744197,52.16630048297984,135.9069407319737
361.5123578953534,275.78895141670006,52.16630048297984,135.9069407319737
360.06389451683714,277.9616464844744,52.16630048297984,135.9069407319737
356.4427360705466,279.4101098629906,52.16630048297984,135.9069407319737
355.7185043812885,280.85857324150686,52.16630048297984,135.9069407319737
354.27004100277225,283.0312683092812,52.16630048297984,135.9069407319737
352.0973459349979,285.2039633770555,52.16630048297984,135.9069407319737
349.9246508672236,286.65242675557175,52.16630048297984,135.9069407319737
347.9520987509051,287.4597327432823,53.21447795858436,138.63771889210125
346.4745313977244,289.67608377305345,53.21447795858436,138.63771889210125
344.25818036795323,291.1536511262342,53.21447795858436,138.63771889210125
344.4623447917327,290.4996109599751,54.283716464206194,141.42336657780024
343.16335537727093,289.8324291646553,55.37443917912149,144.26498628244798
342.39458467171744,292.9075119868693,55.37443917912149,144.26498628244798
340.3007239573974,292.22692450773616,56.48707778554758,147.1637026518212
340.3007239573974,293.79535973841655,56.48707778554758,147.1637026518212
337.94807111137686,294.5795773537567,56.48707778554758,147.1637026518212
338.94900891508473,294.6695324457455,57.622072639492586,150.12066292920426
335.74910931554393,294.6695324457455,57.622072639492586,150.1206629292043
338.37010876231204,296.3612448051681,58.779872945037916,153.13703740944078
339.41167435986694,295.63880235438273,59.960936932122564,156.21401990210867
338.80927680697835,294.90184386743374,61.16573203789971,159.35282820400175
339.0439472747838,292.45173368415794,62.39473509173723,162.55470458110477
334.71277523671256,291.5854992765437,62.39473509173723,162.55470458110477
336.6846297534562,291.6848622521982,63.64843250393551,165.82091626025291
337.56826940902266,292.56850190776464,63.64843250393551,165.82091626025291
338.45190906458913,293.4521415633311,63.64843250393551,165.82091626025291
340.4633840541377,291.7862217281225,64.92732045823709,169.1527559306702
340.4633840541377,290.8848271009567,64.92732045823709,169.1527559306702
341.36477868130345,290.8848271009567,64.92732045823709,169.1527559306702
343.16756793563496,291.7862217281225,64.92732045823709,169.1527559306702
346.4808016070329,293.37295670707437,63.709220878435644,165.9792859727664
348.84739220876673,294.04543940835777,62.51397402959306,162.86535339288707
350.5831718440683,292.3096597730562,62.51397402959306,162.86535339288707
354.0547311146715,291.4417699554054,62.51397402959306,162.86535339288707
356.37692217862696,292.9695260458458,61.3411511722853,159.80984121200635
359.7833516262383,292.1179186839429,61.34115117228531,159.80984121200635
363.18978107384964,291.2663113220401,61.34115117228531,159.80984121200635
364.8929957976553,291.2663113220401,61.34115117228531,159.80984121200635
367.4478178833638,290.4147039601372,61.34115117228531,159.80984121200635
370.00263996907233,289.56309659823444,61.34115117228531,159.80984121200635
371.705854692878,288.71148923633154,61.34115117228531,159.80984121200635
374.2606767785865,286.1566671506231,61.34115117228531,159.80984121200635
375.6876939213039,286.8041536913686,60.190331610656244,156.81165340670958
377.9235692175475,286.6038623750288,59.06110254151254,153.8697145160457
378.74352236099577,284.14400294468396,59.06110254151255,153.8697145160457
378.74352236099577,282.5040966577875,59.06110254151255,153.8697145160457
379.56347550444406,281.6841435143392,59.06110254151255,153.8697145160457
380.38342864789234,280.8641903708909,59.06110254151255,153.8697145160457
381.20338179134063,279.22428408399435,59.06110254151255,153.8697145160457
381.75740360897214,279.027750427243,57.95305890624961,150.9829692557554
380.14826355645715,277.418610374728,57.95305890624961,150.9829692557554
380.14826355645715,275.80947032221303,57.95305890624961,150.9829692557554
380.9528335827147,274.20033026969804,57.95305890624961,150.9829692557554
380.9528335827147,272.59119021718305,57.95305890624961,150.9829692557554
383.1056014655766,274.81205380144985,56.86580324555561,148.15038213973682
381.52665044301045,272.44362726760056,56.86580324555561,148.15038213973682
383.1056014655766,270.8646762450344,56.86580324555561,148.15038213973682
382.3161259542935,270.0752007337513,56.86580324555561,148.15038213973682
383.8950769768597,269.28572522246816,56.86580324555561,148.15038213973682
384.6845524881428,268.49624971118504,56.86580324555561,148.15038213973682
384.6845524881428,266.12782317733576,56.86580324555561,148.15038213973682
387.0529790219921,265.33834766605264,56.86580324555561,148.15038213973682
388.63193004455826,263.75939664348647,56.86580324555561,148.15038213973682
389.4214055558414,261.3909701096372,56.86580324555561,148.15038213973682
391.00035657840755,259.0225435757879,56.86580324555561,148.15038213973682
394.3764318425165,255.95519973905488,58.008407830168565,151.12716776807054
395.98710872797915,253.53918441086097,58.008407830168565,151.12716776807054
400.2363579151013,250.4102084344164,59.173970768700144,154.1637659500344
402.70091823928453,249.58868832635528,59.17397076870015,154.16376595003442
407.0355475903235,245.57532172755495,60.36295336335564,157.26137849926846
410.38765523669304,243.8992679043702,60.36295336335564,157.26137849926846
414.5777897946549,242.22321408118543,60.36295336335564,157.26137849926846
419.60595126420924,240.54716025800067,60.36295336335564,157.26137849926846
423.7960858221711,238.0330795232235,60.36295336335564,157.26137849926846
428.82424729172544,237.1950526116311,60.36295336335564,157.26137849926846
432.17635493809496,235.51899878844634,60.36295336335564,157.26137849926846
438.04254331924164,233.84294496526158,60.36295336335564,157.26137849926846
442.2326778772035,233.00491805366917,60.36295336335564,157.26137849926846
447.26083934675785,232.16689114207676,60.36295336335564,157.26137849926846
453.12702772790453,231.32886423048436,60.36295336335564,157.26137849926846
