382.0,299.0,48.0,113.0
465.1825467698891,298.81590037642354,47.099473389355744,110.88001027077499
459.8263456404578,290.37741994820055,48.04584310816807,113.10792231714568
473.6644038859954,287.3731571881643,49.011228233740496,115.3805998002641
483.1916849648967,292.45437376357836,49.011228233740496,115.3805998002641
491.44866189994457,298.17074241091916,49.011228233740496,115.3805998002641
500.97594297884586,298.80589448284593,49.011228233740496,115.3805998002641
511.2811368971504,289.38974635190476,49.99601084264104,117.6989421920508
519.8496505293316,284.96771301663244,51.00058068850223,120.06386703751568
529.1027086398112,292.8989056827578,51.00058068850224,120.06386703751568
535.0511031394052,296.86450201582045,51.00058068850224,120.06386703751568
539.0166994724678,297.52543473799756,51.00058068850224,120.06386703751568
546.7653696254608,300.6344902716553,50.043760270412534,117.81135230326284
542.3714070928622,292.9655686956707,51.04928954552594,120.17853580509231
545.6792268714847,287.6730570498747,51.04928954552594,120.17853580509232
553.6179943401787,283.04210935980325,51.04928954552594,120.17853580509232
558.3976392985555,288.4503752570824,52.07502292036419,122.59328312502404
562.4467798602768,293.84922933937736,52.0750229203642,122.59328312502404
571.7084067428572,303.0974949809483,51.09804492266217,120.29331408876718
572.3706025349979,297.1377328516811,51.098044922662176,120.29331408876718
575.1682249873865,289.3072481502803,52.124757939293225,122.71036764875277
575.9955561911339,281.99492681196654,53.17210070056745,125.17598706591916
576.150436821102,279.35919797859617,54.24048771994395,127.69114817403468
581.0708747655128,287.0913147483848,54.24048771994395,127.6911481740347
586.1493053563897,290.02598386632087,55.33034183970078,130.25684641429558
590.4515661884137,290.02598386632087,55.33034183970078,130.25684641429558
594.0367835484337,292.1771142823328,55.33034183970078,130.25684641429558
597.6220009084537,285.0066795622929,55.33034183970078,130.25684641429558
597.6220009084537,282.13850567427687,55.33034183970078,130.25684641429558
598.3390443804577,277.8362448422529,55.33034183970078,130.25684641429558
601.3683854611852,278.67874985076367,56.44209439828589,132.87409722929803
610.1457977790288,282.3360049831985,56.44209439828589,132.87409722929803
612.3401508584898,287.4561621686073,56.44209439828589,132.87409722929803
618.721213320033,293.8227429000611,55.383185898991066,130.38125013720813
619.2407344938279,294.3280540350854,54.3441435514015,127.9351712772577
623.9760870370217,292.7110959969803,53.324594647220074,125.53498323199724
624.82246221118,285.23045557367277,54.39604572746667,128.05735765007776
625.6858436017127,276.89457101037283,55.489025474268665,130.63041413734078
630.0004430234324,283.3664701429524,55.48902547426867,130.63041413734078
629.442972529005,278.4585921692218,56.60396646312315,133.25517104860236
633.2755934478336,283.72178309513254,57.74130996126668,135.93266720048194
637.0170333157306,285.96664701587076,57.74130996126668,135.93266720048194
640.0101852100482,288.211510936609,57.74130996126668,135.93266720048194
645.2482010251041,286.71493498945017,57.74130996126668,135.93266720048194
645.2482010251041,285.96664701587076,57.74130996126668,135.93266720048194
651.0278583625931,282.7520335917889,56.65802691640045,133.3824383656927
651.0278583625931,277.61228803982544,56.65802691640046,133.3824383656927
658.1675824451976,283.26897625994064,55.59506731338344,130.8800543002568
662.2914618369855,288.09906538260026,54.55204986471135,128.42461738984125
662.8031865512393,288.5967933082801,53.528600436203746,126.0152468602296
662.8031865512393,289.9841815741791,53.52860043620375,126.0152468602296
666.2716572159867,296.921122903674,53.52860043620375,126.0152468602296
674.4044169401326,299.49059536899534,52.524351912800725,123.65107846138497
674.5574107960408,284.6347396612302,53.57972371578463,126.13559958090958
676.102192069027,279.20137842544705,54.6563011044059,128.6700421832888
676.8105004330769,279.9096867894969,54.6563011044059,128.6700421832888
680.3520422533263,286.9927704299957,54.6563011044059,128.6700421832888
685.1145950791246,293.8662248109236,53.630895821407925,126.25606724623108
691.3697733811293,295.2562644335913,53.63089582140793,126.25606724623108
693.4548328151309,294.56124462225745,53.63089582140794,126.25606724623108
694.1498526264647,294.56124462225745,53.63089582140794,126.25606724623108
700.2130949592175,292.9655085884899,52.62472813724403,123.88738082309521
702.9410172183004,286.82768350555347,52.62472813724403,123.88738082309521
705.6689394773833,281.3718389873877,52.62472813724403,123.88738082309521
710.9364489314607,285.261885029327,51.63743713587928,121.56313325738238
710.9364489314607,283.25432718792223,51.63743713587928,121.56313325738238
715.6207505614052,287.9386288178667,51.63743713587928,121.56313325738238
718.9666802970798,293.96130234208096,51.63743713587928,121.56313325738238
721.7938345205689,297.4243199537551,52.67498816025051,124.00570129392295
723.9951628534997,294.81323287496434,53.733386697354426,126.49734785002175
724.8480264303344,292.8460292466442,54.81305163626437,129.03905906037227
728.3997251502038,287.8736510388269,54.813051636264376,129.03905906037227
729.269725314888,280.8945421801857,55.914410282791835,131.63184087407234
734.342013518035,284.5176051824335,55.914410282791835,131.63184087407234
740.1389143216314,288.1406681846813,55.914410282791835,131.63184087407234
739.5771701987253,286.0936162948904,57.037898528603975,134.2767194527551
742.5338591644469,288.3111330191816,57.037898528603975,134.2767194527551
747.7080648544596,290.52864974347284,57.037898528603975,134.2767194527551
751.4039260616116,287.57196077775126,57.037898528603975,134.2767194527551
755.8389595101941,281.65858284630804,57.037898528603975,134.2767194527551
755.0997872687636,280.9194106048776,57.037898528603975,134.2767194527551
758.0564762344852,278.7018938805864,57.037898528603975,134.2767194527551
763.9698541659284,281.658582846308,57.037898528603975,134.2767194527551
771.8966197619015,286.6140248769727,55.967812165265755,131.75755780572968
774.7978383715183,290.9658527913979,55.967812165265755,131.75755780572968
780.3999761903723,297.2789352223685,54.917801661216565,129.2856580774472
780.3999761903723,296.56723798955414,54.917801661216565,129.2856580774472
783.9584623544439,294.43214629111117,54.917801661216565,129.2856580774472
786.9652168241261,288.1513972975359,56.02126504999539,131.88339480519736
789.1432089200658,283.06941574034306,56.0212650499954,131.88339480519736
792.2103781073074,280.2924544838061,57.14690032864496,134.5333278570182
792.9509629376819,279.55186965343165,57.14690032864497,134.5333278570182
798.1350567503034,286.21713312680214,57.14690032864497,134.5333278570182
803.319150562925,289.9200572786746,57.14690032864497,134.5333278570182
809.9844140362954,293.6229814305471,57.14690032864497,134.5333278570182
812.206168527419,294.3635662609216,57.14690032864497,134.5333278570182
812.9467533577935,293.6229814305471,57.14690032864497,134.5333278570182
816.6496775096659,292.1418117697981,57.14690032864497,134.5333278570182
820.3526016615384,286.9577179571766,57.14690032864497,134.5333278570182
824.0555258134109,281.77362414455513,57.14690032864497,134.5333278570182
828.4990347956578,285.4765482964276,57.14690032864497,134.5333278570182
829.2396196260323,283.9953786356786,57.14690032864497,134.5333278570182
831.6278326133786,289.3090530307336,58.29515299694843,137.23650601364926
837.6715558243483,296.1082416430745,58.29515299694843,137.23650601364926
841.4488828312044,299.1301032485593,58.29515299694843,137.23650601364926
845.9816752394316,296.86370704444573,58.29515299694843,137.23650601364926
846.7371406408029,296.86370704444573,58.29515299694843,137.23650601364926
849.7590022462878,290.81998383347593,58.29515299694843,137.23650601364926
849.0035368449165,290.0645184321047,58.29515299694843,137.23650601364926
852.7808638517727,284.77626062250624,58.29515299694843,137.23650601364926
856.5581908586288,287.79812222799103,58.29515299694843,137.23650601364926
861.8464486682273,296.1082416430744,58.29515299694843,137.23650601364926
861.2607864136435,292.4630988812947,59.46647750611612,139.99399912898153
865.8846562197293,300.16954855810434,59.46647750611612,139.99399912898156
872.049815961177,302.48148346114726,59.46647750611612,139.99399912898156
874.3617508642199,301.7108384934662,59.46647750611612,139.99399912898156
878.2149757026248,297.8576136550614,59.46647750611612,139.99399912898156
878.2149757026248,296.3163237196994,59.46647750611612,139.99399912898156
878.3881907040404,291.82729413672627,60.66133743864651,142.80689855348018
883.1049679261399,291.82729413672627,60.66133743864651,142.80689855348018
888.607874685256,297.3302008958423,60.66133743864651,142.80689855348018
890.1801337592891,301.26084858092526,60.66133743864651,142.80689855348018
890.1801337592891,301.26084858092526,60.66133743864651,142.80689855348018
893.3246519073555,305.1914962660082,60.66133743864651,142.80689855348018
896.4691700554218,302.83310765495844,60.66133743864651,142.80689855348018
897.4319950028777,295.89549138952486,61.88020569180124,145.67631756611527
898.4141659920026,285.61077664925443,63.123564664766604,148.60339181497125
900.8682809568238,285.61077664925443,63.123564664766604,148.60339181497125
901.686319278431,285.61077664925443,63.123564664766604,148.60339181497125
906.5945492080732,292.1550832221108,63.123564664766604,148.60339181497125
910.6847408161086,299.51742811657425,63.123564664766604,148.60339181497125
913.9568941025368,302.78958140300244,63.123564664766604,148.60339181497125
921.9113686817851,310.72785994212313,61.9393052951969,145.81544788244258
922.4923894386928,311.29298851234336,60.77726378138142,143.0798084853353
922.4923894386928,305.77956546918324,60.77726378138143,143.07980848533532
925.6429168919271,299.4785105627146,60.77726378138143,143.07980848533532
928.0058124818529,294.75271938286306,60.77726378138143,143.07980848533532
931.9439717983959,299.4785105627146,60.77726378138143,143.07980848533532
932.7316036617044,297.9032468360974,60.77726378138143,143.07980848533532
934.3068673883216,304.2043017425661,60.77726378138143,143.07980848533532
937.4573948415559,312.8682522389605,60.77726378138143,143.07980848533532
941.3955541580989,316.01877969219487,60.77726378138143,143.07980848533532
942.1831860214074,310.50535664903475,60.77726378138143,143.07980848533532
942.1831860214074,309.71772478572615,60.77726378138143,143.07980848533532
941.3955541580989,301.8414061526403,60.77726378138143,143.07980848533532
941.3955541580989,297.11561497278876,60.77726378138143,143.07980848533532
944.5460816113332,301.8414061526403,60.77726378138143,143.07980848533532
948.4842409278762,312.0806203756519,60.77726378138143,143.07980848533532
948.4842409278762,310.50535664903475,60.77726378138143,143.07980848533532
950.0595046544934,316.8064115555034,60.77726378138143,143.07980848533532
952.4224002444191,323.8950983252807,60.77726378138143,143.07980848533532
953.2100321077277,323.1074664619721,60.77726378138143,143.07980848533532
953.9976639710362,319.1693071454292,60.77726378138143,143.07980848533532
953.3870651904566,314.5813283962469,61.99846134254072,145.95471107723117
953.3870651904566,304.93983539219033,61.99846134254073,145.95471107723117
953.5676553989167,305.08041688802905,63.2441964262964,148.88737908690598
953.5676553989167,311.6372299033537,63.2441964262964,148.88737908690598
951.9284521450855,319.8332461725096,63.2441964262964,148.88737908690598
952.5217134143636,329.42589834642416,62.05767388774031,146.09410727738853
950.913263205331,327.8174481373915,62.057673887740314,146.09410727738853
950.1090381008146,325.40477282384256,62.057673887740314,146.09410727738853
948.681350575585,317.5032375389497,63.30459872916668,149.0295761749131
944.5794285778782,308.4790091439947,63.30459872916668,149.0295761749131
942.3026701276629,308.62255230603614,64.57657803143182,152.02402744899564
942.3026701276629,306.11194715619206,64.57657803143184,152.02402744899564
941.6539015364701,310.4427164473952,65.87411521381739,155.0786462325283
939.9465343770569,316.41850150534157,65.87411521381739,155.0786462325283
940.5644655614599,325.5563667193166,64.63825284501138,152.16922023929752
939.7267979146823,328.9070373064268,64.63825284501138,152.16922023929752
940.3331361100207,330.33445847461917,63.42557645433462,149.31437790291267
938.6892317334156,330.33445847461917,63.425576454334625,149.31437790291267
937.0453273568104,324.5807931565013,63.425576454334625,149.31437790291267
933.1203135497516,317.32704094078167,64.69998656203157,152.3145516981159
933.1203135497516,314.8116379199153,64.69998656203157,152.3145516981159
933.1203135497516,317.3270409407817,64.69998656203157,152.3145516981159
931.4433782025073,322.3578469825145,64.69998656203157,152.3145516981159
930.3733601428406,332.17130816657436,63.48615198687666,149.45698280243874
928.500679455153,340.9779220835432,62.29509012705191,146.65302467410132
925.2714720273071,336.9414127987359,62.29509012705191,146.65302467410132
924.4641701703457,336.9414127987359,62.29509012705191,146.65302467410132
922.2237188334614,331.43155390154016,63.54678537297476,149.59972389887804
916.6441582151714,323.34041649000295,64.82363093147394,152.6056311511782
913.2838781340779,321.6602764494562,64.82363093147394,152.6056311511782
910.7636680732578,328.38083661164313,64.82363093147394,152.6056311511782
910.9524874853781,326.0076141180094,66.12613214778005,155.67193609789882
906.0034035628019,329.5853532951462,67.45480452102541,158.79985230991392
902.5067306250321,336.5786991706856,67.45480452102541,158.79985230991392
900.5169847392776,345.0616647625943,66.1892868858798,155.82061287717528
893.6548408232875,343.3461287835968,66.1892868858798,155.82061287717528
883.5544222681019,334.91853308033603,67.51922822727778,158.95151645171637
881.8044160246784,331.418520593489,67.51922822727778,158.95151645171637
877.626071611446,328.0716079400333,68.87589208004847,162.14532927178072
874.0557333737007,330.7493616183423,68.87589208004847,162.14532927178072
866.9150568982101,338.7826226532692,68.87589208004847,162.14532927178072
860.4204697315731,350.1220547216616,67.58371346234128,159.10332544259504
858.6687921188679,348.3703771089565,67.58371346234128,159.10332544259504
855.799404939489,355.1178763887701,66.3157773702789,156.11839255919816
848.6868141506402,352.28530661146704,65.07162899053938,153.18945991522807
839.4106911859456,343.8524675526537,65.07162899053938,153.1894599152281
827.6047165036068,338.7927641173657,65.07162899053938,153.1894599152281
828.2151199776064,341.9163234408355,63.8508220425404,150.31547689181383
819.9404891682876,341.9163234408355,63.8508220425404,150.31547689181383
813.5067703181141,347.0258836496969,65.13377660984116,153.33576576900106
805.0658773519438,352.93450872601613,65.13377660984116,153.33576576900106
801.6895201654756,360.53131239556944,65.13377660984116,153.33576576900106
801.6895201654756,361.3754016921864,65.13377660984116,153.33576576900106
798.9241494278505,369.56647999677375,63.911803712155326,150.45903790569898
787.3286023632763,367.0817199115079,63.91180371215533,150.45903790569898
775.9192187244632,359.77235965490127,65.19598358414368,153.48221135433818
768.3151596154859,353.8580914590299,65.19598358414368,153.48221135433818
766.8152727098548,354.8508187923177,66.50596648229988,156.5661294270809
761.6440410640854,359.1601784971255,66.50596648229988,156.5661294270809
756.472809418316,366.9170259657796,66.50596648229988,156.5661294270809
746.9922180677388,374.6738734344337,66.50596648229988,156.5661294270809
745.0304605009367,378.72815556851276,65.25824997013476,153.62879680469217
744.7969121839104,381.01497065997717,64.03394183133932,150.74657139461124
737.3283864880308,376.0359535293907,64.03394183133932,150.74657139461124
730.6896969805822,370.22710021037324,64.03394183133932,150.74657139461124
722.3913350962715,364.41824689135575,64.03394183133932,150.74657139461124
719.6726598071676,369.15166767637413,62.83260290209833,147.9184193320231
718.8583921514481,365.08032939777684,62.83260290209833,147.91841933202312
716.5986090949533,371.7369435551522,64.09509839221019,150.89054413166147
714.9373516235016,378.3819734409588,64.09509839221019,150.89054413166147
714.1067228877758,385.0270033267654,64.09509839221019,150.89054413166147
712.4454654163242,387.51888953394285,64.09509839221019,150.89054413166147
710.7842079448725,385.0270033267654,64.09509839221019,150.89054413166147
710.7842079448725,384.19637459103956,64.09509839221019,150.89054413166147
706.817761595972,377.6966803250659,65.38296120420486,153.92238783489896
705.3135731173211,369.3717505843805,66.69670104368095,157.0151503736656
704.4492293866042,375.42215669939947,66.69670104368095,157.0151503736656
702.7205419251702,383.20125027585243,66.69670104368095,157.0151503736656
701.8561981944531,382.33690654513543,66.69670104368095,157.0151503736656
700.1275107330191,390.9803438523054,66.69670104368095,157.0151503736656
700.1275107330191,390.1160001215884,66.69670104368095,157.0151503736656
700.1275107330191,392.7090313137394,66.69670104368095,157.0151503736656
699.2631670023022,386.6586251987204,66.69670104368095,157.0151503736656
698.3988232715851,384.9299377372864,66.69670104368095,157.0151503736656
697.5344795408682,378.87953162226745,66.69670104368095,157.0151503736656
694.9414483487171,373.6934692379655,66.69670104368095,157.0151503736656
694.0771046180002,374.55781296868247,66.69670104368095,157.0151503736656
694.2713799416819,379.8951101061894,68.03683785775164,160.17005579012366
694.2713799416819,386.0670870312774,68.03683785775164,160.17005579012368
695.1530909309802,384.30366505268086,68.03683785775164,160.17005579012368
695.7913095038447,391.9781148680541,66.7604007120226,157.16511000955325
694.9261402688956,391.11294563310497,66.7604007120226,157.16511000955325
693.1958017989973,388.5174379282576,66.7604007120226,157.16511000955325
689.9295857283967,380.88229400590285,68.10181744352927,160.3230285649752
689.0470326480097,383.52995324706364,68.10181744352927,160.32302856497523
689.2454008194502,374.85884329749007,69.47018726142211,163.54439917793127
687.4448283805879,379.36027439464584,69.47018726142211,163.54439917793127
684.7439697222944,386.5625641500951,69.47018726142211,163.54439917793127
682.9433972834321,389.2634228083886,69.47018726142211,163.54439917793127
682.043111064001,389.2634228083886,69.47018726142211,163.54439917793127
679.3422524057075,387.4628503695263,69.47018726142211,163.54439917793127
673.9405350891205,381.1608468335082,69.47018726142211,163.54439917793127
670.3393902113959,375.75912951692123,69.47018726142211,163.54439917793127
669.1904818587351,375.4926829476584,68.16685908901898,160.47614743873223
668.307085883008,375.4926829476584,68.16685908901898,160.47614743873226
667.4236899072808,379.02626685056686,68.16685908901898,160.47614743873226
664.7735019800995,385.2100386806567,68.16685908901898,160.47614743873226
664.7735019800995,393.16060246220076,68.16685908901898,160.47614743873226
662.1233140529181,395.81079038938213,68.16685908901898,160.47614743873226
658.5897301500096,393.16060246220076,68.16685908901898,160.47614743873226
657.7063341742825,394.927394413655,68.16685908901898,160.47614743873226
654.172750271374,388.7436225835652,68.16685908901898,160.47614743873226
652.4059583199197,385.21003868065674,68.16685908901898,160.47614743873226
649.7557703927383,389.6270185592923,68.16685908901898,160.47614743873226
646.2221864898298,393.16060246220076,68.16685908901898,160.47614743873226
645.3387905141027,395.81079038938213,68.16685908901898,160.47614743873226
641.8052066111942,403.7613541709262,68.16685908901898,160.47614743873226
637.1442689919742,405.2666983494913,66.88798261873359,157.46545908160206
629.3428655074073,397.46529486492443,66.88798261873359,157.46545908160206
624.1419298510293,390.5307139897539,66.88798261873359,157.46545908160206
623.275107241633,387.9302461615649,66.88798261873359,157.46545908160206
618.074171585255,387.0634235521686,66.88798261873359,157.46545908160206
615.4737037570661,391.3975365991502,66.88798261873359,157.46545908160206
612.8732359288772,400.0657626931134,66.88798261873359,157.46545908160206
610.0333872442136,411.077913856476,65.63309911289025,154.51125416159587
608.9479372295468,410.8261840889585,64.40175844017756,151.61247299458472
606.4441287075124,419.17221249574004,64.40175844017756,151.61247299458472
599.7673059820872,418.3376096550619,64.40175844017756,151.61247299458472
595.7818823532053,409.3030093790184,65.69578297251604,154.6588224144649
588.3108895451248,403.49236694185197,67.01580833978281,157.76638213323878
587.6376152266392,402.7758461272614,68.36235697675406,160.93638204944196
582.5211653325646,402.04492825994316,69.73596181548798,164.1700767739614
574.5907191819182,405.81797644133394,71.13716649624659,167.4687461265806
566.293716987228,422.4119808307143,71.1371664962466,167.46874612658064
560.5077942188132,432.2799211747609,69.8025641746695,164.32686982786788
560.2579825644311,433.82138699896785,68.49300028861757,161.24393817945395
550.4941345902171,424.0575390247538,68.49300028861757,161.24393817945395
543.3931542453341,415.18131359365015,68.49300028861757,161.24393817945395
535.4045513573408,412.518445964319,68.49300028861757,161.24393817945395
532.4965587828449,417.58148256525715,67.20800509272664,158.2188453224607
529.8836491360312,415.83954280071464,67.20800509272664,158.2188453224607
522.9158900778614,420.19439221207085,67.20800509272664,158.2188453224607
520.0624542678839,430.38826062351524,65.94711765451174,155.25050614499648
514.0800467772433,437.2252977556759,65.94711765451174,155.2505061449965
503.82449107900226,432.9521495480755,65.94711765451174,155.2505061449965
496.13282430532155,422.69659384983447,65.94711765451174,155.2505061449965
496.13282430532155,418.42344564223407,65.94711765451174,155.2505061449965
491.8596760977211,410.7317788685533,65.94711765451174,155.2505061449965
487.58652789012064,413.2956677931136,65.94711765451174,155.2505061449965
483.3133796825202,413.2956677931136,65.94711765451174,155.2505061449965
477.3309721918796,418.42344564223407,65.94711765451174,155.2505061449965
476.4763425503595,416.7141863591939,65.94711765451174,155.2505061449965
473.05782398427914,432.0975199065554,65.94711765451174,155.2505061449965
465.5582491346024,425.41001784744924,67.27219308954385,158.36995456496794
459.4556371302524,417.56380241328486,67.27219308954385,158.36995456496794
454.2248268408095,409.7175869791206,67.27219308954385,158.36995456496794
454.2248268408095,407.1021818343992,67.27219308954385,158.36995456496794
449.8658182662738,404.48677668967775,67.27219308954385,158.36995456496794
447.25041312155236,405.3585784045848,67.27219308954385,158.36995456496794
445.50680969173806,409.7175869791206,67.27219308954385,158.36995456496794
444.3942520956064,419.9211911949866,66.01010142217858,155.39878043137887
443.53880622743844,418.2102994586506,66.01010142217858,155.39878043137887
440.97246862293446,424.1984205358266,66.01010142217858,155.39878043137887
439.26157688659845,428.4756498766666,66.01010142217858,155.39878043137887
436.0320687981565,422.63720668822276,67.33644239005442,158.52120812658657
431.66889708817104,401.69398248029245,67.33644239005442,158.52120812658657
431.86503586169647,401.8466678468429,68.68943352699779,161.70637476147408
431.61920791496084,397.1323748681886,67.40075305280735,158.67260614515075
428.99880462206136,395.3854393395889,67.40075305280735,158.67260614515078
426.13718535341945,389.88612331075257,66.13624947569245,155.69575397402613
423.75858620134943,415.74850706585255,67.46512513640755,158.82414875862625
422.2064958390917,419.39869215079807,68.8207018957734,162.01540237963334
421.314626506781,422.9661694800409,68.8207018957734,162.01540237963337
418.6390185098489,406.9125214984481,68.8207018957734,162.01540237963337
417.7471491775382,398.8856975076517,68.8207018957734,162.01540237963337
416.85527984522747,389.96700418454463,68.8207018957734,162.01540237963337
415.96341051291677,390.8588735168553,68.8207018957734,162.01540237963337
416.85527984522747,389.96700418454463,68.8207018957734,162.01540237963337
416.85527984522747,394.4263508460982,68.8207018957734,162.01540237963337
417.7471491775382,401.56130550458386,68.8207018957734,162.01540237963337
418.6390185098489,407.80439083075885,68.8207018957734,162.01540237963337
422.20649583909176,414.9393454892446,68.8207018957734,162.01540237963337
422.20649583909176,413.1556068246232,68.8207018957734,162.01540237963337
420.42275717447035,412.26373749231243,68.8207018957734,162.01540237963337
417.0557419959423,404.39296442613045,70.20351625896518,165.27077785964735
414.530863044237,392.72488526551035,71.61411551115657,168.59156359918126
415.45893311073655,384.3722546670142,71.61411551115657,168.59156359918126
415.66753196575326,380.8223593903159,73.05305793412225,171.9790738865796
413.98688664087234,387.6150316296261,74.52091302719256,175.43464941818266
412.2724721094786,398.4071497469049,76.01826173264794,178.95965782894223
415.94099470171875,409.93732618794337,74.59208532462358,175.60220086838487
411.1076820863601,392.53740077265223,74.59208532462358,175.6022008683849
411.1076820863601,389.63741320343706,74.59208532462358,175.6022008683849
407.2410319940732,381.9041130188632,74.59208532462358,175.6022008683849
407.2410319940732,375.1374753573611,74.59208532462358,175.6022008683849
408.90740449400187,371.95139664585326,73.19266537090962,172.30773306068326
408.90740449400187,373.84845063676596,73.19266537090962,172.30773306068326
408.90740449400187,372.8999236413096,73.19266537090962,172.30773306068326
408.90740449400187,381.4366666004167,73.19266537090962,172.30773306068326
409.8559314894582,391.87046355043645,73.19266537090962,172.30773306068326
413.6500394712836,398.51015251863083,73.19266537090962,172.30773306068326
411.7529854803709,396.61309852771814,73.19266537090962,172.30773306068326
410.80445848491456,395.6645715322618,73.19266537090962,172.30773306068326
407.9588774985455,389.0248825640674,73.19266537090962,172.30773306068326
407.01035050308917,381.4366666004167,73.19266537090962,172.30773306068326
409.12060137680936,372.11736099657185,74.66332559620732,175.76991234107157
410.0881871251854,376.95528973845205,74.66332559620733,175.76991234107157
411.05577287356147,386.63114722221246,74.66332559620733,175.76991234107157
409.3380820245831,383.8976890495019,76.16353579741192,179.30165718974072
409.3380820245831,394.7549909865017,76.16353579741192,179.30165718974072
410.32510947340126,393.76796353768356,76.16353579741192,179.30165718974072
410.32510947340126,388.83282629359275,76.16353579741192,179.30165718974072
406.3769996781286,378.96255180541107,76.16353579741192,179.30165718974072
405.38997222931044,375.0144420101384,76.16353579741192,179.30165718974072
404.4029447804923,370.0793047660476,76.16353579741192,179.30165718974072
406.10442317458467,374.72232371283513,74.73463390686348,175.93778398907457
406.10442317458467,378.5963631345163,74.73463390686348,175.9377839890746
407.072933030005,389.2499715441397,74.73463390686348,175.9377839890746
407.072933030005,393.12401096582096,74.73463390686348,175.9377839890746
412.61652945887624,404.45949135648186,73.33253960332416,172.63702031615912
411.66618978882,411.11186904687526,73.33253960332416,172.63702031615912
408.81517077865135,408.26085003670664,73.33253960332416,172.63702031615912
402.37639739918933,400.82441419176314,74.80601032157377,176.10581596537173
401.4069625541427,397.91610965662323,74.80601032157377,176.10581596537173
399.6859891264004,398.08573226662037,76.30908748696515,179.64431012556395
403.8639183759034,396.2809357049439,77.84236598184074,183.2539032489169
403.8639183759034,408.3863430131435,77.84236598184074,183.2539032489169
403.8639183759034,420.49175032134315,77.84236598184074,183.2539032489169
407.62046939047576,425.2371127356855,76.38196760679581,179.81588207433197
408.33696933217664,425.93401483909975,74.94896772339399,176.44236151549018
402.5092444796687,417.1924275603377,74.94896772339399,176.44236151549018
397.65280710257866,410.3934152324117,74.94896772339399,176.44236151549018
395.71023215174273,408.4508402815758,74.94896772339399,176.44236151549018
399.5953820534147,414.2785651340837,74.94896772339399,176.44236151549018
398.62409457799663,409.42212775699375,74.94896772339399,176.44236151549018
402.5092444796686,416.22114008491974,74.94896772339399,176.44236151549018
405.4231069059226,426.9053023145177,74.94896772339399,176.44236151549018
411.46914442961554,430.9603989820603,76.45491733186014,179.98761788542095
412.45994798427716,435.9144167553682,76.45491733186014,179.98761788542095
412.45994798427716,434.9236132007066,76.45491733186014,179.98761788542095
416.14954289380296,431.6579666721101,75.02054884077792,176.61087539599822
410.31625218669524,422.90803061144845,75.02054884077793,176.61087539599822
412.2606824223978,416.1025247864894,75.02054884077793,176.61087539599822
419.76991742002616,413.8703600757434,73.61309049543924,173.29748387468004
