551.0,233.0,41.0,82.0
546.2362204724409,232.5236220472441,41.0,82.0
543.8543307086613,233.4763779527559,41.0,82.0
539.5669291338581,234.42913385826773,41.0,82.0
536.7086614173227,235.85826771653547,41.0,82.0
533.3740157480313,236.8110236220473,41.0,82.0
531.4685039370077,237.7637795275591,41.0,82.0
528.1338582677163,238.24015748031502,41.0,82.0
525.2755905511808,238.71653543307093,41.0,82.0
522.8937007874013,239.19291338582684,41.0,82.0
520.0354330708658,239.66929133858275,41.0,82.0
517.6535433070862,240.14566929133866,41.0,82.0
515.7480314960626,240.62204724409457,41.0,82.0
513.842519685039,241.09842519685049,41.0,82.0
512.8897637795271,240.62204724409457,41.0,82.0
511.9370078740153,241.09842519685049,41.0,82.0
511.4606299212594,240.62204724409457,41.0,82.0
511.9370078740153,240.62204724409457,41.0,82.0
512.4133858267712,240.62204724409457,41.0,82.0
513.366141732283,240.62204724409457,41.0,82.0
514.7952755905508,240.14566929133866,41.0,82.0
516.7007874015744,239.66929133858275,41.0,82.0
519.082677165354,239.19291338582684,41.0,82.0
525.66019045781,239.48573524632957,40.23080018674136,80.46160037348272
526.595071737356,239.0182946065566,40.23080018674136,80.46160037348272
532.1143032137719,239.7730634843831,39.476031308914855,78.95206261782971
533.9489872116128,238.85572148546265,39.476031308914855,78.95206261782971
538.9943682056752,238.39705048600246,39.476031308914855,78.95206261782971
542.6637362013569,237.0210374876218,39.476031308914855,78.95206261782971
548.1677881948794,237.0210374876218,39.476031308914855,78.95206261782971
550.4611431921805,236.10369548870136,39.476031308914855,78.95206261782971
555.9651951857031,234.72768249032072,39.476031308914855,78.95206261782971
558.2585501830042,234.26901149086052,39.476031308914855,78.95206261782971
563.7626021765268,233.81034049140032,39.476031308914855,78.95206261782971
565.5972861743677,233.35166949194013,39.476031308914855,78.95206261782971
571.1013381678903,232.43432749301968,39.476031308914855,78.95206261782971
572.477351166271,231.51698549409923,39.476031308914855,78.95206261782971
576.605390161413,231.51698549409923,39.476031308914855,78.95206261782971
578.8987451587141,230.59964349517878,39.476031308914855,78.95206261782971
580.2747581570948,230.1409724957186,39.476031308914855,78.95206261782971
583.4854551533163,229.22363049679814,39.476031308914855,78.95206261782971
585.3201391511572,228.76495949733794,39.476031308914855,78.95206261782971
586.6961521495379,228.30628849787774,39.476031308914855,78.95206261782971
588.5308361473787,227.84761749841755,39.476031308914855,78.95206261782971
589.4481781462991,227.84761749841755,39.476031308914855,78.95206261782971
590.3655201452195,227.38894649895735,39.476031308914855,78.95206261782971
590.3655201452195,226.93027549949716,39.476031308914855,78.95206261782971
590.3655201452195,226.47160450003696,39.476031308914855,78.95206261782971
590.3655201452195,226.01293350057676,39.476031308914855,78.95206261782971
589.4481781462991,226.01293350057676,39.476031308914855,78.95206261782971
588.5308361473787,225.55426250111657,39.476031308914855,78.95206261782971
587.6134941484584,225.09559150165637,39.476031308914855,78.95206261782971
585.7788101506175,224.17824950273592,39.476031308914855,78.95206261782971
583.4854551533164,224.17824950273592,39.476031308914855,78.95206261782971
581.6507711554755,223.71957850327573,39.476031308914855,78.95206261782971
580.2747581570948,223.71957850327573,39.476031308914855,78.95206261782971
578.4400741592539,223.71957850327573,39.476031308914855,78.95206261782971
577.0640611608732,223.71957850327573,39.476031308914855,78.95206261782971
575.2293771630323,223.26090750381553,39.476031308914855,78.95206261782971
573.8533641646516,222.34356550489508,39.476031308914855,78.95206261782971
572.4773511662709,221.8848945054349,39.476031308914855,78.95206261782971
571.5600091673505,221.8848945054349,39.476031308914855,78.95206261782971
570.1839961689698,221.8848945054349,39.476031308914855,78.95206261782971
567.4319701722085,221.4262235059747,39.476031308914855,78.95206261782971
565.5972861743676,220.50888150705424,39.476031308914855,78.95206261782971
563.7626021765267,220.05021050759404,39.476031308914855,78.95206261782971
560.5519051803052,219.1328685086736,39.476031308914855,78.95206261782971
559.6345631813848,218.6741975092134,39.476031308914855,78.95206261782971
557.7998791835439,219.1328685086736,39.476031308914855,78.95206261782971
554.5891821873224,218.21552650975315,39.476031308914855,78.95206261782971
553.671840188402,217.75685551029295,39.476031308914855,78.95206261782971
551.8371561905611,217.29818451083275,39.476031308914855,78.95206261782971
548.6264591943396,216.83951351137256,39.476031308914855,78.95206261782971
547.7091171954193,216.38084251191233,39.476031308914855,78.95206261782971
545.8744331975784,215.9221715124521,39.476031308914855,78.95206261782971
543.5810782002773,215.46350051299189,39.476031308914855,78.95206261782971
542.2050652018966,214.54615851407146,39.476031308914855,78.95206261782971
540.3703812040557,214.08748751461124,39.476031308914855,78.95206261782971
538.994368205675,213.17014551569082,39.476031308914855,78.95206261782971
536.7010132083739,212.7114745162306,39.476031308914855,78.95206261782971
535.7836712094535,212.25280351677037,39.476031308914855,78.95206261782971
533.0316452126922,211.33546151784995,39.476031308914855,78.95206261782971
531.6556322143115,210.41811951892953,39.476031308914855,78.95206261782971
530.7382902153911,209.9594485194693,39.476031308914855,78.95206261782971
528.9036062175502,209.50077752000908,39.476031308914855,78.95206261782971
525.6929092213287,208.58343552108866,39.476031308914855,78.95206261782971
524.7755672224083,207.66609352216824,39.476031308914855,78.95206261782971
522.4822122251072,206.74875152324782,39.476031308914855,78.95206261782971
521.1061992267265,205.8314095243274,39.476031308914855,78.95206261782971
518.8128442294254,204.91406752540698,39.476031308914855,78.95206261782971
516.9781602315845,203.99672552648656,39.476031308914855,78.95206261782971
515.1434762337436,203.07938352756614,39.476031308914855,78.95206261782971
513.7674632353629,201.24469952972527,39.476031308914855,78.95206261782971
512.3914502369822,200.32735753080485,39.476031308914855,78.95206261782971
511.47410823806183,198.9513445324242,39.476031308914855,78.95206261782971
510.09809523968113,198.49267353296398,39.476031308914855,78.95206261782971
508.7220822413004,196.6579895351231,39.476031308914855,78.95206261782971
507.80474024238003,195.28197653674246,39.476031308914855,78.95206261782971
506.42872724399933,194.36463453782204,39.476031308914855,78.95206261782971
505.51138524507894,192.52995053998117,39.476031308914855,78.95206261782971
504.59404324615855,191.15393754160053,39.476031308914855,78.95206261782971
504.13537224669835,189.77792454321988,39.476031308914855,78.95206261782971
503.21803024777796,188.86058254429946,39.476031308914855,78.95206261782971
502.30068824885757,187.94324054537904,39.476031308914855,78.95206261782971
501.3833462499372,186.5672275469984,39.476031308914855,78.95206261782971
500.4660042510168,184.73254354915753,39.476031308914855,78.95206261782971
500.0073332515566,183.8152015502371,39.476031308914855,78.95206261782971
499.0899912526362,182.89785955131669,39.476031308914855,78.95206261782971
498.1726492537158,181.52184655293604,39.476031308914855,78.95206261782971
497.7139782542556,179.68716255509517,39.476031308914855,78.95206261782971
497.2553072547954,178.31114955671453,39.476031308914855,78.95206261782971
496.7966362553352,176.47646555887366,39.476031308914855,78.95206261782971
496.337965255875,175.55912355995324,39.476031308914855,78.95206261782971
496.70826959625316,174.00637724340845,38.73542262815853,77.47084525631706
496.2582037101376,173.10624547117737,38.73542262815853,77.47084525631706
497.1583354823686,172.2061136989463,38.73542262815853,77.47084525631706
498.87189021208195,171.5826301833332,38.008708485425025,76.01741697085005
500.1967568512417,170.25776354417349,38.008708485425025,76.01741697085005
501.0800012773481,168.49127469196054,38.008708485425025,76.01741697085005
502.8464901295611,167.60803026585407,38.008708485425025,76.01741697085005
504.17135676872084,165.84154141364112,38.008708485425025,76.01741697085005
505.93784562093384,164.07505256142818,38.008708485425025,76.01741697085005
506.8210900470403,162.75018592226846,38.008708485425025,76.01741697085005
508.1459566862,161.42531928310873,38.008708485425025,76.01741697085005
509.47082332535973,160.98369707005548,38.008708485425025,76.01741697085005
511.23731217757273,159.21720821784254,38.008708485425025,76.01741697085005
512.1205566036791,158.33396379173607,38.008708485425025,76.01741697085005
513.0038010297856,157.4507193656296,38.008708485425025,76.01741697085005
513.887045455892,156.12585272646987,38.008708485425025,76.01741697085005
514.7702898819985,155.2426083003634,38.008708485425025,76.01741697085005
515.6535343081049,154.35936387425693,38.008708485425025,76.01741697085005
516.0951565211582,153.47611944815046,38.008708485425025,76.01741697085005
517.8616453733712,152.59287502204398,38.008708485425025,76.01741697085005
519.1014299393458,150.65622202346088,37.295628205688665,74.59125641137733
520.7512918944606,151.35592422470916,36.59592600444039,73.19185200888079
521.519786578205,151.19208507422718,35.909350895936925,71.81870179187385
521.9370164090489,149.94039558169544,35.909350895936925,71.81870179187385
523.1887059015805,149.94039558169544,35.909350895936925,71.81870179187385
524.3600127096512,149.36240038192943,35.23565660317123,70.47131320634246
525.9976214859076,148.5435959938012,35.235656603171236,70.47131320634247
526.7375512467913,147.976444545248,34.5746014695321,69.1492029390642
528.2670420295511,147.01821199725356,33.925948372120985,67.85189674424197
529.3736533524257,147.26051100509855,33.28946463669519,66.57892927339039
530.4595035723025,147.11147480895434,32.66492195420676,65.32984390841352
531.1454492937931,146.96523467657215,32.05209629890716,64.10419259781432
532.1909384956627,146.4493256628756,31.45076784798845,62.9015356959769
533.2168133048775,146.3085212715454,30.860720902732027,61.72144180546405
533.1477319227675,146.17035850732537,30.2817438111367,60.5634876222734
533.0799465744678,145.68294500285677,29.713628891998354,59.42725778399671
533.0134329451255,145.89515963930657,29.156172360413926,58.31234472082785
532.609402354125,145.76462810117152,28.609174254683026,57.21834850936605
533.2101795640903,145.63654546144517,28.072438364580933,56.144876729161865
532.8211667772586,145.83703872073212,27.545772160977272,55.091544321954544
532.4394522480608,145.7137169086354,27.02898672677511,54.05797345355022
533.3815995672292,145.39966780224594,27.028986726775113,54.057973453550225
533.0675504608397,144.77156958946702,27.028986726775113,54.057973453550225
532.4394522480608,144.45752048307756,27.028986726775113,54.057973453550225
533.0675504608397,144.1434713766881,27.028986726775113,54.057973453550225
532.4394522480608,143.82942227029864,27.028986726775113,54.057973453550225
533.6351445860439,143.70841409514912,26.52189668914571,53.04379337829142
532.7106728654601,143.09209961475992,26.521896689145713,53.043793378291426
534.5002473344887,143.2815189106764,26.0243201530346,52.0486403060692
533.8372403596557,143.76976042779586,25.53607863591516,51.07215727183032
534.9668903119733,143.65543596911587,25.056997003766288,50.113994007532575
536.6576201505682,143.54325634829613,24.586903408251185,49.17380681650237
538.0309556529105,143.71885592878402,24.125629225074725,48.25125845014945
537.976950698963,144.7321062998341,23.673008993497298,47.346017986994596
540.3994637118335,144.90117884952127,23.228880356983446,46.45776071396689
540.0775703527568,145.06707943399755,22.793084004963966,45.58616800992793
542.4610607005008,144.80224717313712,22.79308400496397,45.58616800992794
542.1452063734165,145.49469982327088,22.365463615690636,44.73092723138127
550.1509177955799,168.0027164295972,21.945865800163027,43.891731600326054
550.6117691262867,167.1394999117581,21.534140047107307,43.068280094214614
552.0647929312004,167.5435012898781,21.130138668987303,42.26027733797461
553.4905565985677,168.67645483426972,20.733716749028424,41.46743349805685
553.9259534537792,167.62001234217146,20.344732089235492,40.689464178470985
554.1167969187042,168.7108540394873,19.963045159385814,39.92609031877163
554.0721098631074,169.317330263694,19.58851904697915,39.1770380939583
553.8006626776009,170.36762540994545,19.221019408126722,38.442038816253444
552.8643225042365,170.95155893226,18.86041441936156,37.72082883872312
551.7264103083667,171.5245372946643,18.50657473035294,37.01314946070588
551.9000109647891,172.08676602659637,18.159373417507954,36.31874683501591
551.6483681125183,172.4274535056608,17.81868593844354,35.63737187688708
550.9873766109465,172.96878421357596,17.484390087312686,34.96878017462537
551.1513886791186,173.49995903174866,17.156365950968734,34.31273190193747
550.7527099235842,172.10458338737854,17.156365950968734,34.31273190193747
550.3540311680499,172.70260152068002,17.156365950968734,34.31273190193747
549.9169480772567,173.2238109834638,16.8344958659521,33.6689917319042
549.5257489223153,173.61501013840527,16.8344958659521,33.6689917319042
548.9012663572663,174.32204078301487,16.518664376283965,33.03732875256793
548.1335465994287,174.13011084355546,16.518664376283965,33.03732875256793
547.5207799337071,174.44001702778763,16.208758192051775,32.41751638410355
546.0141467543422,174.44001702778763,16.208758192051775,32.41751638410355
545.6374884595009,174.8166753226289,16.208758192051775,32.41751638410355
544.6595595966172,176.25074225043258,15.90466614877176,31.80933229754352
543.365988228458,176.9899258893807,15.904666148771762,31.809332297543524
542.996396408984,177.17472179911772,15.904666148771762,31.809332297543524
542.2572127700358,178.09870134780286,15.904666148771762,31.809332297543524
541.5180291310877,178.65308907701393,15.904666148771762,31.809332297543524
541.1128348925057,178.95147605827188,15.606279167513806,31.212558335027612
539.8085976961886,178.7002781329412,15.313490215774447,30.626980431548894
540.3080997728772,179.5213552346467,15.02619426908392,30.05238853816784
537.5383046010728,176.07683249990197,15.328115590532624,30.656231181065248
537.5383046010728,178.3920932857583,15.328115590532626,30.65623118106525
537.5383046010728,177.85780233517607,15.328115590532626,30.65623118106525
529.311531541746,169.41862047525603,15.04054525760959,30.08109051521918
528.6361595702921,168.76689937704597,15.34275493347074,30.68550986694148
529.5274949586875,167.87556398865055,15.342754933470742,30.685509866941484
529.8840291140457,167.87556398865055,15.342754933470742,30.685509866941484
530.2405632694039,167.16249567793423,15.342754933470742,30.685509866941484
531.4884328131575,165.20155782346433,15.342754933470742,30.685509866941484
532.4038942917929,164.53674169322792,15.65103690834897,31.30207381669794
534.1873495996407,164.4666723475058,15.357408257929311,30.714816515858622
537.7560962852743,162.68229900468899,15.357408257929311,30.714816515858622
539.6845295739953,161.89979489080707,15.069288366121121,30.138576732242242
540.5262455218964,162.00741969704657,14.78657388326354,29.57314776652708
542.7266086553662,160.0513674662554,14.509163398635703,29.018326797271406
545.5924958371402,158.70271467483238,14.509163398635703,29.018326797271406
548.626964617842,157.69122508126512,14.509163398635703,29.018326797271406
551.4603731979657,156.9519414822532,14.236957404080346,28.473914808160693
554.7368808150204,156.22652756144387,13.969858258309864,27.93971651661973
557.8428411595814,156.43277747829262,14.250554620294086,28.50110924058817
562.1478387431656,155.60489332760338,14.250554620294086,28.50110924058817
564.7970680253712,153.12124087553562,14.250554620294086,28.50110924058817
569.5668963906061,153.22301828814807,13.983200377543788,27.966400755087577
572.8163053510109,153.54795918418856,13.98320037754379,27.96640075508758
581.4272390960837,153.54795918418856,13.98320037754379,27.96640075508758
585.8359294180575,154.5667583231645,14.264164822729777,28.528329645459554
589.1506287527037,154.7324932898968,14.264164822729779,28.528329645459557
592.4877581221907,153.78294355918447,14.550774686512888,29.101549373025776
595.3847451938423,154.6740303993404,14.843143402288991,29.686286804577982
598.6848656348436,153.34101449460044,15.141386682671186,30.282773365342372
599.9401667744681,151.45343214593706,15.445622565286097,30.891245130572194
604.6061864201749,151.81235673406835,15.445622565286097,30.891245130572194
606.4250972077949,151.50200783986406,15.755971459490391,31.511942918980782
607.5482824501092,151.1854231053285,16.072556194025932,32.145112388051864
607.386809514306,150.48898399395296,16.395502065632495,32.79100413126499
607.4125910225214,151.49304160897304,16.724936888637252,33.449873777274505
607.8012442515449,151.8816948379965,16.724936888637252,33.449873777274505
608.3467855090013,155.69334995607343,16.411160831771344,32.82232166354269
608.3467855090013,156.83743510720325,16.411160831771344,32.82232166354269
608.1561046504796,157.2187968242465,16.411160831771344,32.82232166354269
607.965423791958,158.55356283389798,16.411160831771344,32.82232166354269
607.7747429334363,159.31628626798454,16.411160831771344,32.82232166354269
609.1095089430878,159.6976479850278,16.411160831771344,32.82232166354269
609.4908706601311,160.46037141911435,16.411160831771344,32.82232166354269
610.2535940942176,161.98581828728746,16.411160831771344,32.82232166354269
610.6607619424861,162.60947312530288,16.740910286364127,33.48182057272825
611.6333229875457,163.97105858838626,16.740910286364127,33.48182057272825
612.0486720593896,165.19078115009765,17.077285396748042,34.154570793496084
614.0597310827545,166.2365910544139,17.4204192922249,34.8408385844498
615.3015686878977,166.89859960354835,17.770447777063573,35.54089555412715
617.7792612337298,168.96334339174183,17.770447777063573,35.54089555412715
619.2245818854652,170.40866404347727,17.770447777063573,35.54089555412715
622.115223188936,172.88635658930946,17.770447777063573,35.54089555412715
623.1755386582599,172.5292949821249,18.127509384248114,36.25501876849623
625.9136385489285,174.63552566725457,18.127509384248114,36.25501876849623
627.8092461655451,176.10988714684532,18.127509384248114,36.25501876849623
629.7048537821618,178.6373639690009,18.127509384248114,36.25501876849623
631.8110844672914,179.90110238007867,18.127509384248114,36.25501876849623
634.127938220934,182.21795613372132,18.127509384248114,36.25501876849623
636.4447919745766,183.90294068182504,18.127509384248114,36.25501876849623
638.5510226597062,186.85166364100655,18.127509384248114,36.25501876849623
640.4751353218069,187.96178907453958,18.491745430305812,36.983490860611624
642.2230540617986,189.95364072972302,18.86330007123695,37.7266001424739
645.3211269432999,191.76634245850292,19.242320359568314,38.48464071913663
648.0342973456889,192.94473871683886,19.62895630255312,39.25791260510624
650.3458467971611,194.8310175169115,20.023360921540323,40.04672184308065
653.1691440499617,196.98784823601392,20.425690312536833,40.851380625073666
655.3371930924104,199.66266730279,20.836103707986638,41.672207415973276
658.0329930578215,201.1807607251943,21.254763539791213,42.509527079582426
660.7829597319375,203.964149972076,21.68183550359624,43.36367100719248
663.8401021793436,206.0477037803738,22.11748862437,44.23497724874
666.9586717899455,208.4301049707315,22.561895323299467,45.123790646598934
670.1044248156254,211.31371191093808,22.561895323299467,45.123790646598934
673.2856558454132,212.433252261047,23.015231486030522,46.030462972061045
676.2633939635137,214.64494108248562,23.477676532279336,46.95535306455867
679.0281772496721,216.35549631951523,23.949413486842424,47.89882697368485
681.2919780792497,218.93522461364685,24.43062905203355,48.8612581040671
684.6982843384732,221.77381316299966,24.430629052033552,48.861258104067105
687.8207317427613,224.89626056728778,24.430629052033556,48.86125810406711
690.6593202921141,227.45099026170536,24.430629052033556,48.86125810406711
693.4979088414669,229.15414339131706,24.430629052033556,48.86125810406711
696.0910550760485,231.5018473111274,24.921513681576066,49.84302736315213
699.8553666778461,235.55572134383237,24.921513681576066,49.84302736315213
703.0405534178285,239.32003294562986,24.921513681576066,49.84302736315213
705.9753661706089,240.84622198757847,25.422261655979977,50.844523311959954
709.2645287248628,243.58459918127383,25.93307115943358,51.86614231886716
712.3184647309143,244.5701044394922,26.454144358240082,52.908288716480165
714.8190234179507,245.575411454864,26.9856874808302,53.9713749616604
717.6833718442424,249.73637823966354,27.527910899382523,55.055821798765045
720.6052736234636,254.62064351728452,28.081029213083816,56.16205842616763
721.9545213693046,271.0225949779401,28.64526133306231,57.29052266612462
723.3308795501027,278.1020826163663,29.220830569027534,58.44166113805507
725.0744089798351,281.2496253918235,29.807964717651007,59.615929435302014
727.8919850884488,284.4604117442679,30.406896152722773,60.813792305445546
730.4128778040837,287.3824154771628,31.017861917119433,62.035723834238865
731.1824440903536,290.3631310310628,31.641103816620117,63.28220763324023
731.5998360949623,277.22770231233517,32.27686851560747,64.55373703121494
731.65059064627,276.5791631932511,32.92540763469157,65.85081526938313
732.8500434197039,276.3001524479562,33.586977850295426,67.17395570059085
732.9028580844767,279.9179979172151,34.26184099624141,68.52368199248282
735.3452586867145,280.8219245676813,34.95026416737889,69.90052833475778
737.3756898199259,284.8827868341042,34.95026416737889,69.90052833475778
740.2182934064219,287.31930419395803,34.95026416737889,69.90052833475778
742.2487245396334,290.16190778045404,34.95026416737889,69.90052833475778
745.0913281261294,291.7862526870232,34.95026416737889,69.90052833475778
746.7156730326985,296.25320118008847,34.95026416737889,69.90052833475778
749.9643628458368,297.06537363337304,34.95026416737889,69.90052833475778
752.8069664323328,299.90797721986905,34.95026416737889,69.90052833475778
754.8373975655443,303.96883948629204,34.95026416737889,69.90052833475778
756.9227870964404,303.6726700550191,35.652519825294036,71.30503965058807
760.6509985511883,306.5723900753786,35.652519825294036,71.30503965058807
761.1213069451519,329.0537841574052,36.368885906143674,72.73777181228735
762.4462035584551,333.3938540095706,37.09964593065582,74.19929186131164
764.1704429122516,337.2733925556129,37.099645930655825,74.19929186131165
765.0909008347568,337.82112888527564,37.845089116340496,75.69017823268099
768.0842328881998,342.48862962081245,37.135078494851584,74.27015698970317
771.9674766447673,342.48862962081245,37.135078494851584,74.27015698970317
772.8888136641913,345.19424671667537,37.881233627048644,75.76246725409729
777.2054278013635,345.0246532724239,37.17054489944053,74.34108979888106
778.0691950248765,348.0478385547195,37.17054489944053,74.34108979888106
779.364845860146,348.479722166476,37.17054489944053,74.34108979888106
780.2286130836591,351.9347910605281,37.17054489944053,74.34108979888106
780.2870628160833,352.4835741371332,37.91741265810499,75.83482531620999
780.3466869789811,354.80562970876656,38.6792872306443,77.3585744612886
779.9580955198185,355.3766877415382,39.456470148969636,78.91294029793927
780.4785835301517,356.41766376220477,40.249269003672886,80.49853800734577
780.4785835301517,357.35297421917505,40.24926900367289,80.49853800734579
780.0109283016666,358.28828467614534,40.24926900367289,80.49853800734579
780.4785835301517,359.2235951331156,40.24926900367289,80.49853800734579
782.7267621294754,363.7199523317633,39.49415363290651,78.98830726581302
784.1034068163148,362.3433076449239,39.49415363290651,78.98830726581302
783.1856436917552,361.88442608264415,39.49415363290651,78.98830726581302
780.4944578658833,362.0086331782577,40.2877096618525,80.575419323705
779.5582541268619,361.540531308747,40.2877096618525,80.575419323705
777.7491980432121,359.7948266194901,41.097210612088105,82.19442122417621
779.6592278047111,340.69452900450005,41.097210612088105,82.19442122417621
779.1817203643363,339.7395141237505,41.097210612088105,82.19442122417621
775.8391682817131,341.1720364448747,41.097210612088105,82.19442122417621
775.3616608413383,341.1720364448747,41.097210612088105,82.19442122417621
772.4966161990899,341.6495438852495,41.097210612088105,82.19442122417621
770.5865864375909,341.1720364448747,41.097210612088105,82.19442122417621
768.1990492357171,340.69452900450005,41.097210612088105,82.19442122417621
767.1520387039619,340.5105377024888,40.32618703334984,80.65237406669968
765.3412548546096,341.1059104377495,41.13646110941094,82.27292221882188
763.4940869253721,340.2793555246781,41.963016022482336,83.92603204496467
754.2962956810837,351.62537292681975,42.80617890342208,85.61235780684416
751.3794239082287,350.2679044748129,43.66628345612854,87.33256691225708
750.4333731593576,350.40523270558697,44.54367008961253,89.08734017922507
749.9158213943449,349.88768094057417,44.54367008961253,89.08734017922507
749.3982696293322,355.063198590702,44.54367008961253,89.08734017922507
746.8105108042682,353.51054329566364,44.54367008961253,89.08734017922507
748.2634555869131,354.8637775659151,43.707987584373896,87.41597516874779
761.369507515133,329.27599830670863,42.887983294427286,85.77596658885457
761.771817621732,328.08736099018665,42.08336308122941,84.16672616245881
761.2828521010072,326.1314989072872,42.08336308122941,84.16672616245881
761.2828521010072,324.6646023451126,42.08336308122941,84.16672616245881
763.6334765622405,323.49826501888083,41.293838324561676,82.58767664912335
762.1941004040096,322.5386809133936,41.293838324561676,82.58767664912335
762.6738924567533,322.5386809133936,41.293838324561676,82.58767664912335
763.1536845094969,323.49826501888083,41.293838324561676,82.58767664912335
766.0973703319744,323.6281320309127,42.12355541801709,84.24711083603418
769.5233979331902,322.6492670019939,42.12355541801709,84.24711083603418
773.015663749358,321.8028784029797,42.96994401703131,85.93988803406262
774.0817662527082,332.42261700321114,43.833339102165525,87.66667820433105
780.7715728752045,330.5232768258047,44.71408238474534,89.42816476949068
787.0762660010492,329.10530498733084,45.612522442102026,91.22504488420405
794.0376100590669,327.65884184070654,46.52901485553118,93.05802971106236
802.2200672735166,327.8051732154888,47.46392235102337,94.92784470204674
810.0154524993291,327.9544448265846,48.41761494282248,96.83522988564496
818.5300334317953,330.91953090872136,49.390470079868614,98.78094015973723
827.7895644492378,332.22259463460654,50.38287279518342,100.76574559036683
836.6497499113129,334.7226354441374,51.39521585825704,102.79043171651408
845.6879630798775,336.6757498733613,52.427899930497,104.855799860994
854.2986226354874,338.0589498006609,53.481333723800475,106.96266744760095
863.0822961735481,338.22714586312424,54.5559341623128,109.1118683246256
872.042460064009,339.0326054946054,55.652126547436154,111.30425309487231
883.7691430749533,337.2677666790297,56.77034472615379,113.54068945230757
893.7526107716931,336.1270801424471,57.9110312627364,115.8220625254728
902.5909426987694,336.30920737737887,59.07463761389856,118.14927522779712
910.2340898182173,337.86776750588143,60.26162430747462,120.52324861494924
915.2300975983616,338.75746550945235,61.47246112468471,122.94492224936943
925.806196509314,345.62472421845746,60.31917806083945,120.6383561216789
927.9087374768658,347.02641819682526,60.31917806083945,120.6383561216789
935.6180543578892,351.9323471211129,60.31917806083945,120.6383561216789
938.5162926814206,353.5237418330722,61.5311713056159,123.0623426112318
943.520796435584,356.3834582640227,61.5311713056159,123.0623426112318
946.4772690617502,357.29189976219175,62.76751713065964,125.53503426131928
950.8530341315466,357.29189976219175,62.76751713065964,125.53503426131928
952.3116224881453,358.0211939404911,62.76751713065964,125.53503426131928
956.6873875579416,358.7504881187905,62.76751713065964,125.53503426131928
957.5153820536872,358.2185945753835,64.02870485236599,128.05740970473198
959.8479092152837,357.6760136950089,65.31523361896458,130.63046723792917
960.7095117829346,357.1225307370049,66.62761260807044,133.25522521614087
960.8142820019223,356.55792664592576,67.96636122820439,135.93272245640878
960.9211573689203,356.7716773799216,69.3320093243627,138.6640186487254
961.7267242143445,359.99394476161854,69.3320093243627,138.6640186487254
961.0301801826672,361.01755723453675,70.72509738771713,141.45019477543426
961.0301801826672,364.3045696347341,70.72509738771713,141.45019477543426
961.0301801826672,365.94807583483276,70.72509738771713,141.45019477543426
962.6736863827658,367.59158203493143,70.72509738771713,141.45019477543426
966.7824518830125,368.41333513498074,70.72509738771713,141.45019477543426
972.5347235833578,368.41333513498074,70.72509738771713,141.45019477543426
973.4676900925508,368.635761953268,72.14617676952852,144.29235353905705
973.5811381127243,368.86265799361513,73.59580989935867,147.19161979871734
974.551973479364,369.094113056101,75.07457050766648,150.14914101533296
974.6700263238923,369.3302187451573,76.58304385287703,153.16608770575405
974.7904512042255,370.46088493622506,78.12182695301289,156.24365390602577
974.0056002697421,371.61426960306994,79.69152882197977,159.38305764395955
974.0056002697421,375.3180049545044,79.69152882197977,159.38305764395955
973.0796664318835,378.0958064680802,79.69152882197977,159.38305764395955
973.0796664318835,382.72547565737324,79.69152882197977,159.38305764395955
972.153732594025,385.50327717094905,79.69152882197977,159.38305764395955
971.353111649715,384.8279691201876,81.29277071059983,162.58554142119965
970.4085730232523,386.717046373113,81.29277071059983,162.58554142119965
968.5194957703269,388.6061236260384,81.29277071059983,162.58554142119965
966.7582493229202,389.8063238635384,82.92618635248792,165.85237270497583
965.794732081836,392.69687558679107,82.92618635248792,165.85237270497583
963.8676975996675,395.5874273100437,82.92618635248792,165.85237270497583
961.9406631174991,398.4779790332964,82.92618635248792,165.85237270497583
959.1805107041404,400.66581213525274,84.59242221486846,169.18484442973693
958.197633511131,406.56307529330866,84.59242221486846,169.18484442973693
956.2318791251124,410.4945840653459,84.59242221486846,169.18484442973693
954.2661247390938,415.40897003039254,84.59242221486846,169.18484442973693
952.3003703530752,419.3404788024298,84.59242221486846,169.18484442973693
951.3174931600659,424.2548647674764,84.59242221486846,169.18484442973693
950.3346159670565,427.2034963465044,84.59242221486846,169.18484442973693
950.3346159670565,430.1521279255324,84.59242221486846,169.18484442973693
951.3174931600659,432.117882311551,84.59242221486846,169.18484442973693
949.3517387740472,434.0836366975696,84.59242221486846,169.18484442973693
947.3859843880286,436.0493910835882,84.59242221486846,169.18484442973693
945.42023000201,438.0151454696068,84.59242221486846,169.18484442973693
942.4715984229821,439.9808998556254,84.59242221486846,169.18484442973693
940.5058440369635,443.9124086276627,84.59242221486846,169.18484442973693
935.7244774951445,445.16132466712736,86.29213775443182,172.58427550886364
931.7139729173506,449.17182924492124,86.29213775443182,172.58427550886364
928.7060944840052,453.1823338227151,86.29213775443182,172.58427550886364
924.6955899062114,457.192838400509,86.29213775443182,172.58427550886364
922.6903376173144,461.2033429783029,86.29213775443182,172.58427550886364
919.4892951888669,465.83014571034084,84.6732134557392,169.3464269114784
918.3159392335124,470.3701451302454,83.08466174895474,166.1693234979095
914.4545049828408,471.33550369291333,83.08466174895474,166.1693234979095
913.303162324602,476.7556868777789,81.52591281476077,163.05182562952155
914.0679149698807,481.126934664184,79.99640752420336,159.99281504840673
912.0298914657798,482.62774495025667,78.49559723813071,156.99119447626143
908.3817381084477,482.62774495025667,78.49559723813071,156.99119447626143
906.5576614297818,486.2758983075887,78.49559723813071,156.99119447626143
904.7335847511158,490.8360900042537,78.49559723813071,156.99119447626143
903.8215464117828,496.3083200402517,78.49559723813071,156.99119447626143
904.5578732256511,505.07728038265213,77.02294361039425,154.0458872207885
903.6629456112034,507.762063225995,77.02294361039425,154.0458872207885
901.8730903823082,508.65699084044263,77.02294361039425,154.0458872207885
896.5035246956223,507.762063225995,77.02294361039425,154.0458872207885
890.2390313944888,506.8671356115474,77.02294361039425,154.0458872207885
886.6593209366984,507.762063225995,77.02294361039425,154.0458872207885
883.9745380933555,509.55191845489026,77.02294361039425,154.0458872207885
882.1846828644602,511.3417736837855,77.02294361039425,154.0458872207885
879.4999000211174,512.2367012982331,77.02294361039425,154.0458872207885
877.7100447922221,513.1316289126808,77.02294361039425,154.0458872207885
875.7477745567055,517.261436971676,75.57791839474191,151.15583678948383
873.1133608465757,518.1395748750525,75.57791839474191,151.15583678948383
870.4789471364461,519.0177127784291,75.57791839474191,151.15583678948383
866.9663955229396,519.8958506818057,75.57791839474191,151.15583678948383
864.33198181281,520.7739885851822,75.57791839474191,151.15583678948383
860.8194301993035,521.6521264885588,75.57791839474191,151.15583678948383
859.0631543925504,522.5302643919354,75.57791839474191,151.15583678948383
856.4287406824208,523.4084022953119,75.57791839474191,151.15583678948383
852.9161890689143,524.2865401986885,75.57791839474191,151.15583678948383
850.2817753587847,525.1646781020651,75.57791839474191,151.15583678948383
847.4781813149821,526.5825932414726,74.16000325533432,148.32000651066863
845.5888486014744,527.9739069159913,72.7686895808157,145.5373791616314
843.7349616043184,531.875610831561,71.40347830187329,142.80695660374658
841.086220136892,533.215209421215,70.0638797122192,140.1277594244384
838.4871716314685,534.5296758405032,68.74941329293105,137.4988265858621
835.13808612281,535.0206839163302,67.45960754008804,134.9192150801761
832.0028402951355,535.8044953732489,67.45960754008806,134.91921508017612
827.2999715536237,535.8044953732489,67.45960754008806,134.91921508017612
822.4460952274168,539.421537488452,66.19399979564082,132.38799959128164
819.9906015130591,539.8942948097759,64.95213608145426,129.9042721629085
820.8474142980926,532.5517938587877,66.25721935173891,132.51443870347782
819.3077324195522,537.9406804336795,66.25721935173891,132.51443870347782
819.1594163675063,539.9535711473983,65.01416957729028,130.02833915458055
813.8716305376653,537.6873772203236,65.01416957729028,130.02833915458055
811.6054366105906,536.1765812689404,65.01416957729028,130.02833915458055
807.8284467321326,535.4211832932488,65.01416957729028,130.02833915458055
804.0514568536747,534.6657853175572,65.01416957729028,130.02833915458055
801.0298649509084,533.1549893661739,65.01416957729028,130.02833915458055
798.6181375249471,534.3747183197842,63.7944406236801,127.5888812473602
795.6532336204089,533.6334923436496,63.7944406236801,127.5888812473602
792.6883297158706,533.6334923436496,63.7944406236801,127.5888812473602
791.8043005906097,534.830337997666,62.59759496966367,125.19518993932734
792.3914964242817,536.7320495220611,61.42320330231965,122.8464066046393
793.6813505241797,539.3117577218568,60.27084436305401,120.54168872610802
784.5776403087885,531.6086183088335,60.27084436305401,120.54168872610802
782.4767841052367,532.3089037100174,60.27084436305401,120.54168872610802
778.975357099317,530.9083329076495,60.27084436305401,120.54168872610802
771.9725030874775,527.4069059017298,60.27084436305401,120.54168872610802
767.7707906803739,527.4069059017298,60.27084436305401,120.54168872610802
761.4682220697184,525.306049698178,60.27084436305401,120.54168872610802
757.2665096626148,521.8046226922582,60.27084436305401,120.54168872610802
753.8598570199856,518.4927444129196,61.481866438840854,122.96373287768171
750.384754505808,518.6861017420638,62.71722158119648,125.43444316239297
748.7869431083938,521.3201573119939,61.540585602456076,123.08117120491215
742.3515966784845,519.8900803275695,61.54058560245608,123.08117120491217
740.2064812018481,518.4600033431452,61.54058560245608,123.08117120491217
737.3463272329996,517.0299263587209,61.54058560245608,123.08117120491217
734.5829442631081,515.0783528799986,62.777120588966234,125.55424117793247
728.7476981780188,512.160729837454,62.77712058896624,125.55424117793248
725.8300751354742,511.4313240768179,62.77712058896625,125.5542411779325
723.6418578535657,509.97251255554556,62.777120588966255,125.55424117793251
719.994829050385,508.51370103427325,62.777120588966255,125.55424117793251
718.6347329477518,503.6052915470983,64.03850127296036,128.07700254592072
719.3787946583363,500.62904470475985,64.03850127296036,128.07700254592072
720.8669180795056,496.16467444125215,64.03850127296036,128.07700254592072
724.5872266324286,499.8849829941752,64.03850127296036,128.07700254592072
730.3963708409175,507.78296285822995,62.8370768041671,125.6741536083342
729.6662684505484,502.6722461256459,62.837076804167104,125.67415360833421
735.3664274726871,503.8511307047553,61.65819222505774,123.31638445011548
739.5268360552897,502.8586833827302,60.50142466541434,121.00284933082868
740.2298005631171,500.7497898592478,60.50142466541435,121.0028493308287
749.9358719033438,508.9145004144619,59.36635918847488,118.73271837694976
752.5620858096643,508.64871853875616,58.252588642093905,116.50517728418781
757.1695354114444,509.064758328641,57.159713512695596,114.31942702539119
761.0264075333079,509.47299280807,56.08734178196675,112.1746835639335
764.9364718826171,509.47299280807,56.08734178196676,112.17468356393351
770.8015684065812,510.1246701996215,56.087341781966764,112.17468356393353
776.6666649305453,511.42802498272465,56.087341781966764,112.17468356393353
779.9250518883031,512.7313797658278,56.087341781966764,112.17468356393353
787.6196296932344,516.3903423277625,55.03508878623842,110.07017757247684
788.8985322749772,515.1114397460196,55.03508878623842,110.07017757247684
792.0957887293342,513.8325371642768,55.03508878623842,110.07017757247684
794.6535938928199,511.27473200079106,55.03508878623842,110.07017757247684
798.4903016380483,510.63528070991964,55.03508878623842,110.07017757247684
802.9664606741482,509.9958294190482,55.03508878623842,110.07017757247684
809.2377781458573,511.6677924176525,54.00257707850557,108.00515415701113
811.6267122297289,512.6809332031225,52.98943629303554,105.97887258607108
813.473760950141,512.6809332031225,52.989436293035546,105.97887258607109
820.743339565245,514.9064322972497,51.995303012516445,103.99060602503289
820.743339565245,514.3023001996393,51.99530301251645,103.9906060250329
824.2517412407061,515.8819146720681,51.01982063769806,102.03964127539612
825.3231299226296,516.8390960502878,50.062639259478395,100.12527851895679
826.3744183125027,517.1966432495473,49.12341553338998,98.24683106677996
827.9767472216687,516.9767188058049,48.201812556440956,96.40362511288191
826.1886811111693,516.7609203581858,47.29749974626676,94.59499949253352
823.8846124157601,516.5491704989963,46.410152722548986,92.82030544509797
821.1884205205092,515.470693740896,46.410152722548986,92.82030544509797
819.6436841630817,512.9204594050913,47.34267192120316,94.68534384240633
819.0936108672813,511.27023951769,47.34267192120316,94.68534384240633
820.1937574588821,510.1700929260892,47.34267192120316,94.68534384240633
821.293904050483,509.06994633448835,47.34267192120316,94.68534384240633
821.368349192827,507.56861673177525,48.2939282281159,96.5878564562318
820.3220383243503,506.0371209133547,49.26429812800344,98.52859625600688
819.7496377027362,505.46472029174066,49.26429812800344,98.52859625600688
819.7496377027362,504.31991904851265,49.26429812800344,98.52859625600688
819.1772370811221,503.7475184268986,49.26429812800344,98.52859625600688
819.8271045532072,501.61284964138457,50.25416567028941,100.50833134057882
821.5788101551195,501.61284964138457,50.25416567028941,100.50833134057882
821.073931679713,500.60309269057143,51.26392262110254,102.52784524220507
821.073931679713,501.1987268980953,51.26392262110254,102.52784524220507
820.5589086811001,500.1686809008695,52.29396861832835,104.5879372366567
820.6411396110317,499.1179381894214,53.34471132977642,106.68942265955285
819.4854011302757,498.04608290467223,54.41656661452562,108.83313322905124
816.9563423400481,497.4138182071153,54.41656661452562,108.83313322905124
816.9563423400481,494.8847594168877,54.41656661452562,108.83313322905124
817.4667961556343,496.537931745617,53.3956589833532,106.7913179667064
816.2259905599005,494.6767233520163,53.3956589833532,106.7913179667064
813.7443793684331,492.81551495841563,53.3956589833532,106.7913179667064
812.5035737726994,491.5747093626819,53.3956589833532,106.7913179667064
811.2627681769657,490.3339037669482,53.3956589833532,106.7913179667064
809.401559783365,489.0930981712145,53.3956589833532,106.7913179667064
809.2820341918251,488.23364419026785,52.39390457069913,104.78780914139826
809.773514455382,483.1289703280457,51.41094404358516,102.82188808717032
809.0610891805876,484.0934895611622,50.44642481046868,100.89284962093735
807.7758939744093,487.3844563622363,49.50000089476677,99.00000178953354
805.4753369902469,483.9336208859927,49.50000089476678,99.00000178953356
802.0245015140033,486.80931711619564,49.50000089476678,99.00000178953356
800.3769212629329,484.0892958600953,50.494604412745325,100.98920882549065
798.616834706199,482.9159048222727,50.49460441274533,100.98920882549066
796.9361496251437,480.7279256979848,51.50919249921062,103.01838499842124
794.623210546782,478.49598350915255,52.544166704097265,105.08833340819453
791.5706638926646,477.27496484750554,52.544166704097265,105.08833340819453
789.1286265693707,476.05394618585854,52.544166704097265,105.08833340819453
786.6865892460768,475.4434368550351,52.544166704097265,105.08833340819453
783.0235332611359,477.27496484750554,52.544166704097265,105.08833340819453
779.9709866070184,475.4434368550351,52.544166704097265,105.08833340819453
776.3079306220775,478.49598350915255,52.544166704097265,105.08833340819453
772.6448746371366,477.27496484750554,52.544166704097265,105.08833340819453
768.9818186521957,476.6644555166821,52.544166704097265,105.08833340819453
765.3187626672548,476.6644555166821,52.544166704097265,105.08833340819453
757.9926506973729,476.6644555166821,52.544166704097265,105.08833340819453
753.7190853816086,474.2224181933882,52.544166704097265,105.08833340819453
748.2245014041972,469.94885287762384,52.544166704097265,105.08833340819453
743.3404267576093,466.2857968926829,52.544166704097265,105.08833340819453
736.6248241185509,462.622740907742,52.544166704097265,105.08833340819453
731.740749471963,460.1807035844481,52.544166704097265,105.08833340819453
727.4671841561986,457.73866626115415,52.544166704097265,105.08833340819453
721.3620908479638,457.12815693033065,52.544166704097265,105.08833340819453
716.4780162013759,456.51764759950714,52.544166704097265,105.08833340819453
714.5288686734067,458.7244458518034,51.55838711344794,103.11677422689588
711.0156094225763,457.6884831795329,52.59434978571845,105.1886995714369
704.904685354906,456.46629836599885,52.59434978571845,105.1886995714369
699.4048536940027,454.63302114569774,52.59434978571845,105.1886995714369
692.76554049121,451.7429656551522,53.651128055962886,107.30225611192577
685.2850874532555,449.8728523956636,53.651128055962886,107.30225611192577
681.0058548762642,445.6779848471541,54.72914017199135,109.4582803439827
675.3688467156288,441.3988298249924,55.82881278546718,111.65762557093436
672.0005067875145,438.55419126723217,54.78141004475907,109.56282008951814
666.9084763550844,434.73516844290964,54.78141004475908,109.56282008951815
661.6938183427039,433.2169056749013,53.75365759655241,107.50731519310482
658.4506795021842,436.0990636130037,52.74518678227834,105.49037356455668
653.4298501616472,435.25007960158933,51.75563585976077,103.51127171952155
648.6190708729735,434.0473847794209,51.75563585976078,103.51127171952156
645.0109864064682,438.85816406809465,51.75563585976078,103.51127171952156
639.5988597067102,438.85816406809465,51.75563585976078,103.51127171952156
631.7813433626153,440.6622063013473,51.75563585976078,103.51127171952156
625.7678692517732,438.85816406809465,51.75563585976078,103.51127171952156
620.3557425520152,437.054121834842,51.75563585976078,103.51127171952156
614.342268441173,435.8514270126736,51.75563585976078,103.51127171952156
608.3287943303309,434.04738477942095,51.75563585976078,103.51127171952156
602.3153202194887,432.2433425461683,51.75563585976078,103.51127171952156
596.9031935197307,431.64199513508413,51.75563585976078,103.51127171952156
592.6937616421412,431.04064772399994,51.75563585976078,103.51127171952156
585.4775927091306,434.64873219050526,51.75563585976078,103.51127171952156
579.4641185982885,432.2433425461684,51.75563585976078,103.51127171952156
574.0519918985304,429.8379529018315,51.75563585976078,103.51127171952156
571.5307478362606,433.2143285324711,50.78464987345809,101.56929974691619
564.4499612397309,433.8043940821819,50.78464987345809,101.56929974691619
561.9760181643362,435.34722897821143,49.83188052713933,99.66376105427867
555.0280740001913,433.0312475901631,49.83188052713933,99.66376105427867
551.6324612774149,434.92495234979174,50.83315250257114,101.66630500514228
546.9873623071607,431.5410454144792,51.85454303580531,103.70908607161061
540.4414395301881,429.89663547022445,52.896456369023745,105.79291273804749
534.9100163512111,430.51123804566635,52.896456369023745,105.79291273804749
528.7639905967922,431.12584062110824,52.896456369023745,105.79291273804749
523.3157457443456,431.9067998496111,53.95930486684654,107.91860973369307
513.911468969492,436.9224141295331,53.95930486684654,107.91860973369307
511.9098263079108,441.06950201124397,52.94697591008693,105.89395182017385
502.0667933367251,440.4543124505449,52.94697591008693,105.89395182017385
497.0267556316849,441.44764913304846,51.95363922758331,103.90727845516662
490.2703299066732,440.61140583333133,50.978938505828104,101.95787701165621
484.3471000629963,439.42675986459597,50.978938505828104,101.95787701165621
480.7931621567901,438.8344368802283,50.978938505828104,101.95787701165621
476.05457828184853,438.2421138958606,50.978938505828104,101.95787701165621
473.09296336001006,437.6497909114929,50.978938505828104,101.95787701165621
468.94670246943616,438.8344368802283,50.978938505828104,101.95787701165621
462.43114964139147,442.38837478643444,50.978938505828104,101.95787701165621
458.8772117351853,442.9806977708021,50.978938505828104,101.95787701165621
452.95398189150836,445.3499897082729,50.978938505828104,101.95787701165621
449.4000439853022,445.3499897082729,50.978938505828104,101.95787701165621
445.84610607909605,447.126958661376,50.978938505828104,101.95787701165621
440.5151992197868,448.3116046301114,50.978938505828104,101.95787701165621
435.2644554391464,446.10263884997846,52.00325831722571,104.00651663445142
429.9082084637216,443.8492883204252,53.04815978659373,106.09631957318746
425.5936519686914,442.000192679698,53.048159786593736,106.09631957318747
418.8970514956379,439.70156557795445,54.11405646118576,108.22811292237152
410.7233035780803,438.4440658983302,54.11405646118577,108.22811292237154
404.435805179959,438.4440658983302,54.11405646118577,108.22811292237154
398.14830678183773,440.95906525757874,54.11405646118577,108.22811292237154
394.375807742965,443.47406461682726,54.11405646118577,108.22811292237154
391.2320585439044,442.21656493720303,54.11405646118577,108.22811292237154
384.315810305971,443.47406461682726,54.11405646118577,108.22811292237154
378.6570617476619,443.47406461682726,54.11405646118577,108.22811292237154
368.47593059432666,441.3455476647084,53.09882421424403,106.19764842848807
364.15725341846104,441.9625015469749,53.09882421424403,106.19764842848807
356.63494570106764,442.3417331688511,52.10263871010136,104.20527742020272
349.85914300936673,442.713850037246,51.12514261336741,102.25028522673482
346.77459131279244,444.8610508103202,50.16598529261075,100.3319705852215
341.99927689607085,445.80221340834487,49.224822694586074,98.44964538917215
336.7416100573389,449.58542866991706,48.30131722082107,96.60263444164214
332.8131276599858,451.8302757541189,48.30131722082107,96.60263444164214
329.4458570336831,453.5139110672702,48.30131722082107,96.60263444164214
326.1545389949719,454.7882397845541,49.27183558773903,98.54367117547805
323.9420649012412,459.52310278375126,50.26185458020347,100.52370916040694
318.18118833823314,460.26516495332726,51.2717660242835,102.543532048567
305.7515797443687,453.87343330017575,52.30196961900943,104.60393923801885
300.9722612630441,454.6456155718555,53.35287309456419,106.70574618912838
295.47700626575636,454.19350196248433,54.424892373653265,108.84978474730653
281.443225191196,463.43526443939686,53.403828543154845,106.80765708630969
273.8777086749044,469.40115387911436,52.4019208616258,104.8038417232516
269.49841149505744,469.77540821961725,51.41880994110979,102.83761988221958
264.6038403435044,474.92211189998113,50.45414313611753,100.90828627223506
256.86996909779447,472.35132821673733,49.50757441713153,99.01514883426306
263.85054540525834,472.5070270091809,50.502330109894956,101.00466021978991
262.0901895544909,473.09381229277005,50.50233010989496,101.00466021978993
251.60746807402649,466.2112161379805,51.51707342879308,103.03414685758617
243.22741022993438,466.80979169827276,51.51707342879308,103.03414685758617
232.33772974610102,465.9805753408363,50.550563105352616,101.10112621070523
221.65235024262404,465.1669158874802,49.60218545411467,99.20437090822934
218.08335714463166,467.25015410470513,48.67160028854088,97.34320057708176
207.79515285617083,472.1218791528175,47.75847380432272,95.51694760864544
198.25486975783437,479.1218238573528,46.86247845964461,93.72495691928923
191.7209424750032,482.3887874987684,46.86247845964461,93.72495691928923
188.89357163456316,487.079430682371,45.9832928576935,91.966585715387
181.9479484671777,485.4765945668205,45.9832928576935,91.966585715387
175.9679496181362,489.5449580242423,45.120601631372644,90.24120326274529
172.72141694371203,495.10976038617844,44.27409533017828,88.54819066035655
163.46186445387832,494.08092122064136,44.274095330178284,88.54819066035657
155.74557071235023,497.6818583000211,44.274095330178284,88.54819066035657
151.63021405020191,496.653019134484,44.274095330178284,88.54819066035657
143.91392030867382,498.71069746555816,44.274095330178284,88.54819066035657
148.444589481312,507.2576162280659,43.443470309198574,86.88694061839715
140.77581317595696,513.6251122075959,42.628428620195095,85.25685724039019
137.21329954729265,515.9107587929625,41.828677904727705,83.65735580945541
133.23161579353467,519.1255371092277,41.04393128928448,82.08786257856896
128.84774390414748,522.756891451837,40.27390728237917,80.54781456475834
122.67435170832182,523.5124690606369,39.51832967357913,79.03665934715826
120.74924051250335,526.0905211521039,38.77692743442766,77.55385486885532
113.00312058991474,529.521302741703,38.04943462122509,76.09886924245018
99.74025832036924,524.2161578338848,38.04943462122509,76.09886924245018
88.24577768676312,518.9110129260666,38.04943462122509,76.09886924245018
79.84596491605096,515.3742496541879,38.04943462122509,76.09886924245018
75.7819329969981,516.9722848137488,37.3355902796338,74.6711805592676
67.53970887054543,517.8398873533754,37.3355902796338,74.6711805592676
59.73128601390606,519.1412911628153,37.3355902796338,74.6711805592676
54.959472045959785,521.744098781695,37.3355902796338,74.6711805592676
47.15104918932042,523.0455025911349,37.3355902796338,74.6711805592676
41.51163268174754,526.082111479828,37.3355902796338,74.6711805592676
34.62952162680374,526.6333312737792,38.08577429512248,76.17154859024495
27.99175704588889,528.8459194674175,38.08577429512248,76.17154859024495
22.681545381157008,531.5010252997835,38.08577429512248,76.17154859024495
