752.0,233.0,68.0,153.0
752.0,230.43700787401576,68.0,153.0
752.0,229.58267716535437,68.0,153.0
752.8543307086615,227.87401574803152,68.0,153.0
753.7086614173229,226.16535433070868,68.0,153.0
754.5629921259844,224.45669291338584,68.0,153.0
754.7341608346458,222.06524770472444,69.366324,156.074229
754.9087688361703,219.62575118748538,70.76010154813201,159.210228483297
754.9087688361703,217.8477356668804,70.76010154813201,159.210228483297
756.4615407049728,218.4521971507025,69.43257333113237,156.2232899950478
755.7639863570015,215.13804164487982,70.82768202707483,159.36228456091828
757.318241223486,215.74308042855998,69.49888593466585,156.3724933529981
758.8433367594081,213.7172813704378,68.19501934728467,153.43879353139044
760.3398200221244,212.58626914048708,66.91561456320906,150.5601327672203
760.3398200221244,209.2234418222341,66.91561456320906,150.5601327672203
760.3398200221244,207.54202816310763,66.91561456320906,150.5601327672203
759.6675523004152,204.3480121301353,68.26015000662761,153.58533751491206
762.0230639534396,204.07351886215758,66.97952330813726,150.70392744330877
763.4928741614976,202.96266559541104,65.72292241006966,147.87657542265669
764.3185963802902,200.48549893903336,65.72292241006966,147.87657542265669
765.1443185990827,198.83405450144826,65.72292241006966,147.87657542265669
764.48403325909,195.69696804887946,67.0434930900552,150.84785945262414
765.3263467144247,194.01234113820993,67.0434930900552,150.84785945262414
766.1686601697595,192.3277142275404,67.0434930900552,150.84785945262414
767.0109736250943,191.48540077220565,67.0434930900552,150.84785945262414
766.337421171765,189.1275942968801,68.39059799671368,153.8788454926057
765.4781831121721,186.54988011810167,68.3905979967137,153.8788454926057
765.650335028991,184.1446982372674,69.76477028226167,156.97073313508864
766.5268377589152,183.26819550734317,69.76477028226167,156.97073313508866
767.4033404888395,182.39169277741897,69.76477028226167,156.97073313508866
768.2798432187637,180.63868731757057,69.76477028226167,156.97073313508866
770.0328486786121,179.76218458764637,69.76477028226167,156.97073313508866
770.9093514085364,178.00917912779798,69.76477028226167,156.97073313508866
771.7858541384606,176.25617366794958,69.76477028226167,156.97073313508866
773.3167842863502,173.34612170875033,68.45591544633123,154.02580975424522
774.1768429739286,171.62600433359353,68.45591544633123,154.02580975424524
776.5391100732044,173.07084121286152,67.17161599809302,151.13613599570925
776.5391100732044,169.69514860712133,67.17161599809302,151.13613599570925
777.3830332246395,168.85122545568626,67.17161599809302,151.13613599570925
778.3960398873847,167.33283626540538,68.5212952783427,154.17291437627105
781.6214432040224,167.05729285881765,67.23576924096854,151.28048079217916
781.6214432040224,165.36783455343434,67.23576924096854,151.28048079217916
782.4661723567141,162.8336470953594,67.23576924096854,151.28048079217916
783.3109015094058,161.98891794266774,67.23576924096854,151.28048079217916
784.1556306620975,160.29945963728443,67.23576924096854,151.28048079217916
785.0003598147891,158.61000133190112,67.23576924096854,151.28048079217916
785.8450889674808,157.76527217920946,67.23576924096854,151.28048079217916
786.6898181201725,156.9205430265178,67.23576924096854,151.28048079217916
787.5345472728642,155.2310847211345,67.23576924096854,151.28048079217916
788.3792764255559,154.38635556844284,67.23576924096854,151.28048079217916
788.3792764255559,153.54162641575118,67.23576924096854,151.28048079217916
788.3792764255559,151.85216811036787,67.23576924096854,151.28048079217916
787.5345472728642,151.00743895767621,67.23576924096854,151.28048079217916
786.6898181201725,149.3179806522929,67.23576924096854,151.28048079217916
785.8450889674808,148.47325149960125,67.23576924096854,151.28048079217916
786.475793127779,150.73706501296388,65.9743609203721,148.4423120708372
786.2657834520729,149.64288233249374,64.73661784476704,145.65739015072577
783.9887458267877,146.5528741682367,66.03737070712194,148.58408409102432
782.948862729502,145.4576464724546,64.79844550673147,145.79650239014575
781.9284888489051,146.01118107265188,63.58276374616494,143.06121842887106
779.6920367420495,142.97624867082646,64.86033221811664,145.93574749076237
777.4106476030108,139.06545046654645,66.16357087337525,148.86803446509427
776.368777245809,139.63064652124524,64.92227803531856,146.0751255794667
774.7374508986965,137.18365700057643,64.92227803531856,146.0751255794667
772.8994638675532,136.10692308133997,63.704273056267525,143.33461437660188
772.6966803386338,137.45147135709584,62.50911903337342,140.64551782509017
770.3406453403286,134.31009135935568,62.50911903337342,140.64551782509017
768.7699553414585,133.52474635992064,62.50911903337342,140.64551782509017
767.3566124776547,132.11175116509088,63.765114762111,143.47150821474972
765.9148713156884,130.67036465781138,65.0463472130261,146.3542812293087
764.2804274359725,129.8531427179534,65.0463472130261,146.3542812293087
762.8097173688388,128.38279443158314,66.35332346757744,149.2949778020492
763.4321437593309,129.78325381019033,65.1084706865933,146.49405904483484
761.142026629121,127.4934988062679,66.41669518809901,149.4375641732227
760.9306089143704,127.22641858876635,65.17065349210044,146.63397035722593
759.2930415443165,126.40763490373938,65.17065349210044,146.63397035722593
759.2930415443165,125.5888512187124,65.17065349210044,146.63397035722593
758.4742578592895,125.5888512187124,65.17065349210044,146.63397035722593
758.4742578592895,125.5888512187124,65.17065349210044,146.63397035722593
759.2930415443165,124.77006753368543,65.17065349210044,146.63397035722593
759.2930415443165,124.77006753368543,65.17065349210044,146.63397035722593
759.2930415443165,124.77006753368543,65.17065349210044,146.63397035722593
760.1118252293434,123.95128384865846,65.17065349210044,146.63397035722593
760.9306089143703,123.95128384865846,65.17065349210044,146.63397035722593
760.9306089143703,123.95128384865846,65.17065349210044,146.63397035722593
761.7493925993972,123.13250016363149,65.17065349210044,146.63397035722593
763.3869599694511,123.13250016363149,65.17065349210044,146.63397035722593
764.205743654478,122.31371647860452,65.17065349210044,146.63397035722593
765.024527339505,121.49493279357755,65.17065349210044,146.63397035722593
765.8433110245319,121.49493279357755,65.17065349210044,146.63397035722593
767.4808783945858,121.49493279357755,65.17065349210044,146.63397035722593
768.2996620796127,120.67614910855058,65.17065349210044,146.63397035722593
769.1184457646397,120.67614910855058,65.17065349210044,146.63397035722593
769.9372294496666,120.67614910855058,65.17065349210044,146.63397035722593
770.7560131346935,120.67614910855058,65.17065349210044,146.63397035722593
772.3935805047474,120.67614910855058,65.17065349210044,146.63397035722593
773.2123641897743,120.67614910855058,65.17065349210044,146.63397035722593
774.0311478748013,121.49493279357755,65.17065349210044,146.63397035722593
774.0311478748013,121.49493279357755,65.17065349210044,146.63397035722593
774.8499315598282,122.31371647860452,65.17065349210044,146.63397035722593
775.6687152448551,122.31371647860452,65.17065349210044,146.63397035722593
776.487498929882,122.31371647860452,65.17065349210044,146.63397035722593
777.3062826149089,122.31371647860452,65.17065349210044,146.63397035722593
777.3062826149089,123.13250016363149,65.17065349210044,146.63397035722593
778.1250662999358,123.95128384865846,65.17065349210044,146.63397035722593
778.1250662999358,123.95128384865846,65.17065349210044,146.63397035722593
778.1250662999358,123.95128384865846,65.17065349210044,146.63397035722593
778.1250662999358,123.95128384865846,65.17065349210044,146.63397035722593
777.3062826149089,123.95128384865846,65.17065349210044,146.63397035722593
777.3062826149089,123.95128384865846,65.17065349210044,146.63397035722593
777.3062826149089,123.95128384865846,65.17065349210044,146.63397035722593
776.487498929882,123.95128384865846,65.17065349210044,146.63397035722593
775.6687152448551,123.95128384865846,65.17065349210044,146.63397035722593
777.0988313017853,126.14556537046775,63.94798874829393,143.8829746836613
776.8952719767425,127.49525753214786,62.74826238235605,141.18359036030108
774.5302234119605,126.70690801055389,62.74826238235606,141.18359036030108
772.9535243687725,126.70690801055389,62.74826238235606,141.18359036030108
771.3768253255845,126.70690801055389,62.74826238235606,141.18359036030108
768.0236868847708,127.24292911506147,61.57104404804357,138.53484910809797
765.8579947526661,125.85113875349697,62.80819103610091,141.31842983122698
763.6487873685509,124.43138314819754,64.07019601858929,144.15794104182584
761.0299653874832,125.78365462782098,62.868176925590674,141.45339808257896
757.8705410260072,124.99379853745197,62.86817692559068,141.45339808257899
755.5009727549003,124.20394244708297,62.86817692559068,141.45339808257899
754.5109945979559,127.11055618135654,61.68870887800348,138.79959497550777
751.4108441054764,126.33551855823666,61.68870887800348,138.79959497550777
749.0857312361167,126.33551855823666,61.68870887800348,138.79959497550777
748.1143260307199,129.1876013963732,60.531368796317466,136.19557979171424
745.0723373718962,129.1876013963732,60.531368796317466,136.19557979171424
744.8796538361466,131.2256792262308,59.395741538404856,133.6404184614109
741.894735838501,129.73322022740797,59.39574153840486,133.6404184614109
739.8055575223125,128.3906017633354,60.58918017313603,136.325655389556
738.2831105448263,129.15182525207848,60.58918017313603,136.325655389556
737.5218870560832,129.15182525207848,60.58918017313603,136.325655389556
736.1519543687307,127.78222955520731,61.80659857035485,139.06484678329835
733.8223981118235,127.0057108029049,61.80659857035485,139.06484678329838
733.0458793595211,127.0057108029049,61.80659857035485,139.06484678329838
733.0458793595211,127.0057108029049,61.80659857035485,139.06484678329838
733.0458793595211,127.7822295552073,61.80659857035485,139.06484678329838
733.0458793595211,127.0057108029049,61.80659857035485,139.06484678329838
733.8223981118235,127.7822295552073,61.80659857035485,139.06484678329838
733.8223981118235,128.5587483075097,61.80659857035485,139.06484678329838
733.8223981118235,128.5587483075097,61.80659857035485,139.06484678329838
734.598916864126,128.5587483075097,61.80659857035485,139.06484678329838
735.3754356164284,129.33526705981208,61.80659857035485,139.06484678329838
735.3754356164284,130.88830456441687,61.80659857035485,139.06484678329838
735.3754356164284,131.66482331671926,61.80659857035485,139.06484678329838
736.1519543687308,132.44134206902166,61.80659857035485,139.06484678329838
736.1519543687308,133.21786082132405,61.80659857035485,139.06484678329838
736.1519543687308,133.99437957362645,61.80659857035485,139.06484678329838
736.1519543687308,134.77089832592884,61.80659857035485,139.06484678329838
735.5310143761938,134.15030209502282,63.04847855542899,141.8590767497152
736.3231357197861,134.94242343861524,63.04847855542899,141.8590767497152
736.3231357197861,134.94242343861524,63.04847855542899,141.8590767497152
736.3231357197861,134.94242343861524,63.04847855542899,141.8590767497152
736.3231357197861,134.94242343861524,63.04847855542899,141.8590767497152
736.3231357197861,134.94242343861524,63.04847855542899,141.8590767497152
736.3231357197861,135.73454478220765,63.04847855542899,141.8590767497152
736.3231357197861,135.73454478220765,63.04847855542899,141.8590767497152
736.3231357197861,136.52666612580006,63.04847855542899,141.8590767497152
737.1152570633785,137.31878746939248,63.04847855542899,141.8590767497152
737.7066824040014,138.64949448579398,61.86562787418321,139.1976627169122
737.7066824040014,138.64949448579398,61.86562787418322,139.1976627169122
737.7066824040014,139.42675486378712,61.86562787418322,139.1976627169122
738.4839427819945,139.42675486378712,61.86562787418322,139.1976627169122
739.2612031599876,140.20401524178027,61.86562787418322,139.1976627169122
739.2612031599876,140.20401524178027,61.86562787418322,139.1976627169122
739.2612031599876,140.9812756197734,61.86562787418322,139.1976627169122
739.2612031599876,141.75853599776656,61.86562787418322,139.1976627169122
740.0384635379808,143.31305675375287,61.86562787418322,139.1976627169122
740.0384635379808,143.31305675375287,61.86562787418322,139.1976627169122
740.8157239159739,144.09031713174602,61.86562787418322,139.1976627169122
740.8157239159739,144.09031713174602,61.86562787418322,139.1976627169122
740.8157239159739,144.86757750973916,61.86562787418322,139.1976627169122
740.8157239159739,145.6448378877323,61.86562787418322,139.1976627169122
740.8157239159739,146.42209826572545,61.86562787418322,139.1976627169122
740.8157239159739,146.42209826572545,61.86562787418322,139.1976627169122
740.8157239159739,146.42209826572545,61.86562787418322,139.1976627169122
740.0384635379808,146.42209826572545,61.86562787418322,139.1976627169122
740.0384635379808,147.1993586437186,61.86562787418322,139.1976627169122
739.2612031599876,147.1993586437186,61.86562787418322,139.1976627169122
738.4839427819945,147.97661902171174,61.86562787418322,139.1976627169122
737.7066824040014,147.97661902171174,61.86562787418322,139.1976627169122
736.1521616480151,148.75387939970489,61.86562787418322,139.1976627169122
735.374901270022,149.53113977769803,61.86562787418322,139.1976627169122
734.5976408920288,149.53113977769803,61.86562787418322,139.1976627169122
733.0431201360425,149.53113977769803,61.86562787418322,139.1976627169122
731.4885993800561,149.53113977769803,61.86562787418322,139.1976627169122
729.9340786240698,149.53113977769803,61.86562787418322,139.1976627169122
727.6022974900903,149.53113977769803,61.86562787418322,139.1976627169122
725.2705163561109,149.53113977769803,61.86562787418322,139.1976627169122
722.9387352221314,150.30840015569117,61.86562787418322,139.1976627169122
719.8296937101588,150.30840015569117,61.86562787418322,139.1976627169122
717.4979125761794,151.08566053368432,61.86562787418322,139.1976627169122
715.1661314421999,150.30840015569117,61.86562787418322,139.1976627169122
711.0828988011672,153.1686625722615,60.704968620330774,136.5861793957442
708.7948641455491,153.1686625722615,60.70496862033078,136.5861793957442
704.3716005856082,151.79644952096214,61.92471355481909,139.3306054983429
700.4815870256859,151.01844680897767,61.92471355481909,139.3306054983429
696.5915734657636,149.46244138500873,61.92471355481909,139.3306054983429
691.9235571938568,149.46244138500873,61.92471355481909,139.3306054983429
688.8115463459189,148.68443867302426,61.92471355481909,139.3306054983429
686.4775382099656,148.68443867302426,61.92471355481909,139.3306054983429
684.1435300740122,147.9064359610398,61.92471355481909,139.3306054983429
681.0315192260744,147.12843324905532,61.92471355481909,139.3306054983429
680.0563976814037,148.4354219774765,60.76294579622248,136.7166280415005
677.7661778045313,147.67201535185234,60.76294579622248,136.7166280415005
676.2393645532829,147.67201535185234,60.76294579622248,136.7166280415005
674.7125513020346,146.90860872622818,60.76294579622248,136.7166280415005
673.1857380507863,146.90860872622818,60.76294579622248,136.7166280415005
672.4223314251622,146.90860872622818,60.76294579622248,136.7166280415005
671.658924799538,146.90860872622818,60.76294579622248,136.7166280415005
670.8955181739138,146.90860872622818,60.76294579622248,136.7166280415005
670.8955181739138,146.90860872622818,60.76294579622248,136.7166280415005
670.8955181739138,146.14520210060402,60.76294579622248,136.7166280415005
671.658924799538,145.38179547497987,60.76294579622248,136.7166280415005
671.658924799538,145.38179547497987,60.76294579622248,136.7166280415005
673.7557239844388,147.427670451322,59.62297392891763,134.1516913400646
672.2575552324037,145.9295016992869,59.62297392891763,134.1516913400646
672.2575552324037,145.9295016992869,59.62297392891763,134.1516913400646
673.0066396084212,145.18041732326935,59.62297392891763,134.1516913400646
673.0066396084212,145.18041732326935,59.62297392891763,134.1516913400646
673.0066396084212,143.68224857123425,59.62297392891763,134.1516913400646
673.7557239844388,142.18407981919916,59.62297392891763,134.1516913400646
673.7557239844388,141.4349954431816,59.62297392891763,134.1516913400646
674.5048083604563,139.9368266911465,59.62297392891763,134.1516913400646
675.4039749049145,138.58907172409855,60.82097834407138,136.8472012741605
677.502776668812,139.87276491513575,59.67991772981608,134.2798148920861
677.502776668812,138.3731653149308,59.67991772981608,134.2798148920861
677.502776668812,137.6233655148283,59.67991772981608,134.2798148920861
678.2525764689144,137.6233655148283,59.67991772981608,134.2798148920861
679.0023762690168,136.12376591462333,59.67991772981608,134.2798148920861
679.7521760691193,135.37396611452084,59.67991772981608,134.2798148920861
679.7521760691193,135.37396611452084,59.67991772981608,134.2798148920861
679.7521760691193,135.37396611452084,59.67991772981608,134.2798148920861
679.0023762690168,134.62416631441835,59.67991772981608,134.2798148920861
678.2525764689144,134.62416631441835,59.67991772981608,134.2798148920861
676.1534025752368,132.52532435400252,60.87906631676128,136.9778992127128
674.6236715202649,130.99559329903062,60.87906631676128,136.97789921271283
673.093940465293,130.23072777154468,60.87906631676128,136.97789921271283
671.5642094103212,129.46586224405874,60.87906631676128,136.97789921271283
669.2696128278633,129.46586224405874,60.87906631676128,136.97789921271283
666.9750162454054,128.7009967165728,60.87906631676128,136.97789921271283
664.6804196629475,127.17126566160093,60.87906631676128,136.97789921271283
662.3858230804897,127.17126566160093,60.87906631676128,136.97789921271283
660.8560920255178,126.40640013411499,60.87906631676128,136.97789921271283
657.9498739033086,124.26538614218853,62.10230939626396,139.73019614159386
656.1917218062382,123.23542131326653,60.93720976722649,137.10872197625957
654.6605297590534,122.4698252896741,60.93720976722649,137.10872197625957
653.1293377118685,120.93863324248929,60.93720976722649,137.10872197625957
652.3637416882761,120.17303721889687,60.93720976722649,137.10872197625957
651.5981456646838,118.64184517171205,60.93720976722649,137.10872197625957
651.4041702554018,119.16239553031804,59.79396853860569,134.53642921186275
651.2138340131587,118.92194715995959,58.672175625584025,132.01239515756401
649.7395563254848,118.18480831612263,58.67217562558403,132.01239515756401
649.0024174816479,117.44766947228567,58.67217562558403,132.01239515756401
649.5527909759732,117.21173214684377,57.571428636933376,129.53571443310003
650.092838929102,116.25691183141116,56.491332730675765,127.1054986440204
650.092838929102,116.25691183141116,56.491332730675765,127.1054986440204
648.8155593382787,114.27020702273951,57.62641307923323,129.6594294282747
650.0801232828139,116.21047563464222,56.54528561144516,127.22689262575153
650.610545516143,115.27267386869629,55.48444114478712,124.83999257577094
651.3076346620682,114.57558472277114,55.48444114478713,124.83999257577095
651.3076346620682,114.57558472277114,55.484441144787134,124.83999257577095
652.0047238079933,113.878495576846,55.484441144787134,124.83999257577095
652.0047238079933,113.878495576846,55.484441144787134,124.83999257577095
653.3989020998436,113.18140643092087,55.484441144787134,124.83999257577095
654.7930803916938,111.7872281390706,55.484441144787134,124.83999257577095
655.490169537619,111.7872281390706,55.484441144787134,124.83999257577095
657.4048188266318,112.26119873676124,54.44349915046201,122.49787308853942
658.772840979903,110.89317658349,54.44349915046201,122.49787308853944
660.8248742098098,109.52515443021878,54.44349915046201,122.49787308853944
661.5088852864453,108.15713227694755,54.44349915046201,122.49787308853944
664.2449295929878,107.47312120031194,54.44349915046201,122.49787308853944
666.1236582021088,107.93819964933834,53.422086238762446,120.19969403721542
667.4660149313597,105.92466455546186,53.422086238762446,120.19969403721544
668.9428450358384,105.38825669394247,54.4954962175579,122.6148664895052
669.7646847361005,104.15640643775565,55.59047422305729,125.07856700187884
671.161527360742,102.0611425007935,55.59047422305729,125.07856700187885
672.6983015984222,100.80454067740912,56.707453621621184,127.59177064864761
674.2659542408601,98.8102352618383,57.84687648724042,130.1554720962909
676.4462643724715,98.8102352618383,57.84687648724042,130.1554720962909
677.8998044602125,98.8102352618383,57.84687648724042,130.1554720962909
678.7721859033245,97.50262831142291,59.00919377649854,132.7706859971217
679.6620961067728,96.16874761455283,60.19486550704973,135.43844739086185
681.1746349922556,95.41247817181139,60.19486550704973,135.43844739086188
682.6871738777385,94.65620872906996,60.19486550704973,135.43844739086188
683.4434433204799,95.41247817181139,60.19486550704973,135.43844739086188
684.1997127632213,94.65620872906996,60.19486550704973,135.43844739086188
685.7122516487042,93.89993928632853,60.19486550704973,135.43844739086188
686.4685210914456,93.1436698435871,60.19486550704973,135.43844739086188
687.224790534187,93.1436698435871,60.19486550704973,135.43844739086188
689.3019864843913,93.65787879646874,59.065551377607015,132.89749059961576
689.3019864843913,93.65787879646874,59.06555137760702,132.89749059961576
689.3019864843913,92.91579770285244,59.06555137760702,132.89749059961576
689.3019864843913,92.17371660923615,59.06555137760702,132.89749059961576
690.0440675780076,90.68955442200354,59.06555137760702,132.89749059961576
690.0440675780076,89.94747332838725,59.06555137760702,132.89749059961576
690.0440675780076,89.20539223477095,59.06555137760702,132.89749059961576
690.7861486716239,88.46331114115466,59.06555137760702,132.89749059961576
691.5282297652402,87.72123004753837,59.06555137760702,132.89749059961576
691.5282297652402,87.72123004753837,59.06555137760702,132.89749059961576
691.5282297652402,87.72123004753837,59.06555137760702,132.89749059961576
691.5282297652402,86.97914895392208,59.06555137760702,132.89749059961576
692.8243744087306,88.96787303475503,57.95742427785889,130.40420462518244
694.0962021200812,89.46296885727405,56.87008671855449,127.95769511674754
694.6296711454949,90.66327416445463,55.80314866772731,125.55708450238637
695.1531317739639,91.84106057850994,54.756227410789265,123.20151167427578
695.6667717727337,92.3088104791614,53.7289474132496,120.89013167981153
694.9917381003926,90.95874313447922,53.7289474132496,120.89013167981153
694.9917381003926,92.3088104791614,53.7289474132496,120.89013167981153
694.9917381003926,91.63377680682032,53.7289474132496,120.89013167981153
694.9917381003926,92.3088104791614,53.7289474132496,120.89013167981153
694.4519502302054,91.09428777124018,54.80852315362402,123.31917709565398
694.4519502302054,91.09428777124016,54.80852315362402,123.319177095654
694.4519502302054,91.09428777124016,54.80852315362402,123.319177095654
694.4519502302054,90.40569064732072,54.80852315362402,123.319177095654
694.4519502302054,89.71709352340129,54.80852315362402,123.319177095654
694.4519502302054,89.02849639948185,54.80852315362402,123.319177095654
694.4519502302054,89.71709352340129,54.80852315362402,123.319177095654
694.589913526262,88.4781674107098,55.90979080934979,125.79702932103697
694.589913526262,88.4781674107098,55.90979080934979,125.79702932103697
694.0282158128958,87.91678066156634,57.03318623608206,128.32466903118458
695.2797618853009,90.5536225508959,55.96318827992745,125.9171736298367
694.5766579102694,89.14741460083287,55.96318827992746,125.9171736298367
694.7175277142466,87.88238771596072,57.087656622036036,128.447227399581
696.6875005373946,91.23897940324113,56.016636748547185,126.03743268423108
696.1247293963004,89.972744335779,57.14217903073575,128.56990281915535
695.550650494668,88.68106680710635,58.29033683400033,131.15325787650065
695.550650494668,88.68106680710635,58.29033683400033,131.15325787650065
695.550650494668,89.41340834792258,58.29033683400033,131.15325787650065
695.550650494668,90.14574988873882,58.29033683400033,131.15325787650065
695.550650494668,90.87809142955506,58.29033683400033,131.15325787650065
695.550650494668,91.61043297037129,58.29033683400033,131.15325787650065
695.550650494668,91.61043297037129,58.29033683400033,131.15325787650065
694.8183089538518,92.34277451118753,58.29033683400033,131.15325787650065
694.8183089538518,93.07511605200376,58.29033683400033,131.15325787650065
694.8183089538518,93.80745759282,58.29033683400033,131.15325787650065
694.0859674130355,93.80745759282,58.29033683400033,131.15325787650065
692.621284331403,93.80745759282,58.29033683400033,131.15325787650065
691.8889427905867,94.53979913363624,58.29033683400033,131.15325787650065
690.4242597089542,94.53979913363624,58.29033683400033,131.15325787650065
689.6919181681379,94.53979913363624,58.29033683400033,131.15325787650065
689.6919181681379,94.53979913363624,58.29033683400033,131.15325787650065
688.9595766273217,95.27214067445247,58.29033683400033,131.15325787650065
688.2272350865054,96.73682375608495,58.29033683400033,131.15325787650065
688.2272350865054,97.46916529690118,58.29033683400033,131.15325787650065
688.2272350865054,97.46916529690118,58.29033683400033,131.15325787650065
687.4948935456891,97.46916529690118,58.29033683400033,131.15325787650065
687.4948935456891,98.20150683771742,58.29033683400033,131.15325787650065
689.5063682883887,100.89647115675069,57.196753511866284,128.69269540169904
688.7877661860222,100.89647115675069,57.19675351186629,128.69269540169904
688.7877661860222,101.61507325911722,57.1967535118663,128.69269540169904
688.7877661860222,102.33367536148376,57.1967535118663,128.69269540169904
688.7877661860222,103.77087956621685,57.1967535118663,128.69269540169904
688.0691640836557,104.48948166858338,57.1967535118663,128.69269540169904
687.3505619812892,105.20808377094991,57.1967535118663,128.69269540169904
687.3505619812892,105.92668587331644,57.1967535118663,128.69269540169904
686.6319598789227,106.64528797568298,57.1967535118663,128.69269540169904
686.6319598789227,107.36389007804951,57.1967535118663,128.69269540169904
686.6319598789227,108.08249218041604,57.1967535118663,128.69269540169904
685.1947556741895,109.51969638514913,57.1967535118663,128.69269540169904
684.476153571823,110.23829848751566,57.1967535118663,128.69269540169904
683.7575514694565,110.23829848751566,57.1967535118663,128.69269540169904
683.03894936709,110.23829848751566,57.1967535118663,128.69269540169904
680.8831430599904,110.23829848751566,57.1967535118663,128.69269540169904
679.4459388552573,110.23829848751566,57.1967535118663,128.69269540169904
677.2901325481577,110.9569005898822,57.1967535118663,128.69269540169904
675.134326241058,111.67550269224873,57.1967535118663,128.69269540169904
672.9785199339584,111.67550269224873,57.1967535118663,128.69269540169904
670.2480864427018,110.38259152789556,58.346007880180224,131.27851773040538
669.3293183763931,112.34708873795248,57.25138011516019,128.81560525911033
665.1577003165345,111.77223117362313,58.4017320958141,131.40389721558162
662.9564770885137,112.50597224963005,58.401732095814104,131.40389721558165
660.0215127844859,112.50597224963005,58.401732095814104,131.40389721558165
657.0865484804582,113.23971332563698,58.401732095814104,131.40389721558165
653.2319386271249,115.20608675773761,57.306058890397495,128.93863250339427
649.7763117828104,113.91070478629226,58.45750953168225,131.52939644628498
646.1041025515763,114.64514663253908,58.45750953168225,131.52939644628498
642.4318933203422,116.11403032503273,58.45750953168225,131.52939644628498
638.7596840891081,116.11403032503273,58.45750953168225,131.52939644628498
635.087474857874,116.84847217127955,58.45750953168225,131.52939644628498
632.1497074728867,117.58291401752638,58.45750953168225,131.52939644628498
628.4774982416526,119.05179771002003,58.45750953168225,131.52939644628498
624.2179956409085,118.46482947486925,59.63209627070234,134.17221660908018
619.7228017233277,118.46482947486925,59.63209627070235,134.17221660908018
617.2853837943184,121.22182798349617,58.513340238613445,131.65501553688014
613.423407620989,122.4568159513685,57.41557315606026,129.1850396011355
609.0952999178168,121.73546466750645,57.41557315606026,129.1850396011355
606.2098947823686,121.73546466750645,57.41557315606026,129.1850396011355
603.3244896469204,122.4568159513685,57.41557315606026,129.1850396011355
599.7177332276102,122.4568159513685,57.41557315606026,129.1850396011355
597.5536793760241,123.17816723523055,57.41557315606026,129.1850396011355
594.6682742405759,123.8995185190926,57.41557315606026,129.1850396011355
592.5042203889898,124.62086980295464,57.41557315606026,129.1850396011355
590.3401665374037,124.62086980295464,57.41557315606026,129.1850396011355
588.8974639696796,125.34222108681669,57.41557315606026,129.1850396011355
587.4547614019556,126.06357237067874,57.41557315606026,129.1850396011355
586.0120588342315,126.06357237067874,57.41557315606026,129.1850396011355
587.2719960711397,129.43944461661854,56.338401249968086,126.76140281242812
585.8563600045298,130.1472626499235,56.33840124996809,126.76140281242812
585.8563600045298,130.1472626499235,56.33840124996809,126.76140281242812
585.1485419712249,130.85508068322846,56.33840124996809,126.76140281242812
585.1485419712249,131.56289871653343,56.33840124996809,126.76140281242812
585.1485419712249,132.27071674983839,56.33840124996809,126.76140281242812
585.1485419712249,132.97853478314335,56.33840124996809,126.76140281242812
585.8563600045298,134.39417084975324,56.33840124996809,126.76140281242812
585.998174289677,133.82848044970314,57.4704087462837,129.30841967913824
586.1428380492556,133.2514236324448,58.62516166922278,131.90661375575118
586.1428380492556,133.2514236324448,58.62516166922278,131.90661375575118
586.1428380492556,133.2514236324448,58.62516166922278,131.90661375575118
586.8793862244653,133.2514236324448,58.62516166922278,131.90661375575118
586.8793862244653,133.98797180765445,58.62516166922278,131.90661375575118
588.9024150554727,137.43496441460667,57.5252967080466,129.43191759310477
588.9024150554727,136.7122345983928,57.5252967080466,129.43191759310477
590.887489901138,138.64909864439107,56.44606628157155,127.00364913353592
592.3058313072405,138.64909864439107,56.44606628157155,127.00364913353593
593.1570873084452,138.08232718642222,57.58023709136717,129.55553345557607
593.8805073784329,138.08232718642222,57.58023709136717,129.55553345557607
594.6039274484206,138.80574725640986,57.58023709136717,129.55553345557607
596.050767588396,138.80574725640986,57.58023709136717,129.55553345557607
596.050767588396,139.5291673263975,57.58023709136717,129.55553345557607
598.7611583790671,143.63814141294142,56.499975929950885,127.12494584238944
600.0010035925785,145.54048313459975,55.43998151691587,124.73995841306066
600.6975341616597,145.54048313459975,55.43998151691588,124.73995841306066
601.394064730741,146.9335442727622,55.439981516915886,124.73995841306066
602.0905952998222,147.6300748418434,55.439981516915886,124.73995841306066
603.4836564379847,146.9335442727622,55.439981516915886,124.73995841306066
605.3967715204138,153.6759102000121,54.39987362838237,122.39971566386026
604.1667802107706,150.39583251888806,55.49293028919746,124.8590931506942
604.3064662874976,149.83863144042706,56.6079497374983,127.36788690937111
603.5952617313932,149.83863144042706,56.6079497374983,127.36788690937112
604.3064662874976,149.83863144042706,56.6079497374983,127.36788690937112
603.7377545204598,149.98143907680108,57.745373271573854,129.9270898610411
604.4632493097101,150.7069338660514,57.745373271573854,129.9270898610411
603.8831104171373,149.40162135776245,58.90565105671959,132.537714877619
603.291314793796,148.8101533612952,60.08924230340226,135.200795182655
604.0462572196783,148.0552109354129,60.08924230340226,135.200795182655
604.0462572196783,149.56509578717743,60.08924230340226,135.200795182655
605.5561420714428,149.56509578717743,60.08924230340226,135.200795182655
606.8747507651132,150.8333448897008,58.96190976782592,132.66429697760825
607.6155297379952,150.83334488970078,58.96190976782592,132.66429697760827
609.0970876837592,150.83334488970078,58.96190976782592,132.66429697760827
609.8378666566413,151.5741238625828,58.96190976782592,132.66429697760827
612.0602035752873,151.5741238625828,58.96190976782592,132.66429697760827
612.8009825481694,152.31490283546484,58.96190976782592,132.66429697760827
614.2825404939334,153.05568180834686,58.96190976782592,132.66429697760827
615.7640984396975,153.7964607812289,58.96190976782592,132.66429697760827
617.9864353583436,154.5372397541109,58.96190976782592,132.66429697760827
619.4679933041076,154.5372397541109,58.96190976782592,132.66429697760827
619.6164114505073,153.9452068674074,60.14663142079085,135.32992069677937
621.1277383400756,153.9452068674074,60.14663142079085,135.32992069677937
623.3947286744279,154.70087031219154,60.14663142079085,135.32992069677937
624.9060555639962,155.4565337569757,60.14663142079085,135.32992069677937
626.4173824535645,155.4565337569757,60.14663142079085,135.32992069677937
627.9287093431328,155.4565337569757,60.14663142079085,135.32992069677937
629.4400362327011,154.70087031219154,60.14663142079085,135.32992069677937
630.9513631222694,155.4565337569757,60.14663142079085,135.32992069677937
632.4626900118377,154.70087031219154,60.14663142079085,135.32992069677937
633.974016901406,155.4565337569757,60.14663142079085,135.32992069677937
636.9966706805426,156.21219720175984,60.14663142079085,135.32992069677937
639.263661014895,156.21219720175984,60.14663142079085,135.32992069677937
641.5306513492474,155.4565337569757,60.14663142079085,135.32992069677937
643.0419782388157,154.70087031219154,60.14663142079085,135.32992069677937
644.553305128384,155.4565337569757,60.14663142079085,135.32992069677937
646.0646320179522,155.4565337569757,60.14663142079085,135.32992069677937
648.3316223523046,156.96786064654395,60.14663142079085,135.32992069677937
651.3542761314412,156.96786064654395,60.14663142079085,135.32992069677937
652.1099395762253,156.96786064654395,60.14663142079085,135.32992069677937
654.9411345161509,158.99298445386796,59.0182222096443,132.79099997169965
656.4241074456892,160.47595738340627,59.01822220964431,132.79099997169965
657.1655939104584,160.47595738340627,59.01822220964431,132.79099997169965
657.7192134897574,161.72160143682893,57.91098305104638,130.29971186485432
659.7175975454853,163.67145145688627,56.82451677425397,127.8551627420714
659.0036721089399,163.67145145688627,56.82451677425398,127.8551627420714
660.9645645392413,165.58472039715554,55.758433659832804,125.45647573462375
659.703855933383,164.32432191368764,56.878787867359826,127.97727270155956
657.5600340886834,162.89510735055458,56.878787867359826,127.97727270155957
657.7032086279404,162.3239909619249,58.021653351978685,130.548720041952
657.1202940875398,160.28346736034834,59.187482432779994,133.17183547375498
655.633068093108,159.53985436313243,59.18748243278,133.17183547375498
654.8894550958921,159.53985436313243,59.18748243278,133.17183547375498
654.1458420986762,160.28346736034834,59.18748243278,133.17183547375498
654.7010494210487,163.01990983011825,58.077067788035045,130.67340252307883
653.2417252304507,162.2902477348193,58.07706778803505,130.67340252307883
651.5975300384217,161.32704141012516,56.9874856002993,128.2218426006734
651.4161273964974,163.24579747480487,55.91834503244981,125.81627632301203
649.8330468872656,163.72347465547142,54.86926257984756,123.45584080465697
648.2796665056454,165.57091061848283,53.839861932772976,121.13968934873917
647.4318562160385,167.38368688886607,52.829773841442254,118.86699114324503
644.2461549446473,164.86201618809892,53.89128248723836,121.25538559628626
641.5378621471182,165.5390893874812,53.89128248723836,121.25538559628626
638.288150580081,164.3208971560881,54.97412002625444,123.69177005907244
635.6638201897049,163.07822778818962,56.078715019941974,126.17710879486938
632.2822037119741,161.81058946468198,57.205504640837674,128.7123854418847
629.5513524631673,161.23619253315098,58.35493484558603,131.2986034025685
626.6187399431367,159.76988627313568,58.35493484558603,131.2986034025685
624.4192805531137,159.036733143128,58.35493484558603,131.2986034025685
622.2198211630907,159.76988627313568,58.35493484558603,131.2986034025685
620.0203617730677,159.036733143128,58.35493484558603,131.2986034025685
617.0877492530371,158.30358001312038,58.35493484558603,131.2986034025685
615.6214429930218,159.036733143128,58.35493484558603,131.2986034025685
614.302027010088,157.7176417240441,59.52746055143839,133.9367862407363
613.554142634239,156.22187297234632,59.527460551438395,133.9367862407363
612.8062582583901,155.47398859649743,59.5274605514384,133.9367862407363
612.6167703647355,156.73038068143447,58.410667587049936,131.42400207086223
613.3506237034564,156.73038068143447,58.41066758704994,131.42400207086223
613.898544125411,157.2293482921111,57.31482674314089,128.95836017206688
615.1562705656634,157.7189547858864,56.23954493758541,126.53897610956703
615.8628465992123,158.42553081943527,56.23954493758541,126.53897610956705
617.4175641116434,157.1542569959505,57.36956611401631,129.08152375653657
617.4175641116434,155.71271046436857,57.369566114016315,129.08152375653657
618.8591106432253,155.71271046436857,57.369566114016315,129.08152375653657
622.4629769721802,155.71271046436857,57.369566114016315,129.08152375653657
625.1634511542071,158.36510436142206,56.29325734470826,126.65982902559345
627.2852037324496,157.65785350200787,56.29325734470826,126.65982902559347
629.4069563106922,158.36510436142206,56.29325734470826,126.65982902559347
632.3776603978495,157.79986724853063,57.42435776453548,129.20480497020472
632.3776603978495,156.35694394666587,57.424357764535486,129.20480497020472
635.8021753585177,160.45479435350762,56.347021050657986,126.78079736398033
637.9259543478634,158.33101536416194,56.347021050657986,126.78079736398033
640.049733337209,157.6230890343801,56.347021050657986,126.78079736398033
642.7020747420405,158.8123544692234,55.28989621968612,124.40226649429363
644.09136463084,158.11770952482368,55.28989621968612,124.40226649429364
645.9993005909477,162.06324296286596,54.25260407706973,122.06835917340678
646.6809133216519,158.65517930934465,54.25260407706973,122.06835917340678
649.543928188313,158.11043226961328,55.342701650790296,124.52107871427803
649.6832361114806,157.5547396276126,56.454702555059626,127.02308074888401
651.1017945244552,156.1361812146381,56.454702555059626,127.02308074888403
654.4684838706837,160.16483621121614,55.39555751450051,124.64000440762602
655.1644563105081,156.68497401209424,55.39555751450051,124.64000440762604
656.5564011901569,157.38094645191865,55.39555751450051,124.64000440762604
657.7720108555362,157.85415776959306,54.35628306339047,122.30163689262844
657.2259204577399,157.99128501660266,55.448463858983175,124.75904368271202
657.922557596311,158.68792215517368,55.44846385898318,124.75904368271202
658.6191947348821,156.5980107394605,55.44846385898318,124.75904368271202
658.0621317427227,156.0412561456732,56.56258984330173,127.26582714742875
657.493875683862,154.76268001323655,57.69910196102319,129.82297941230203
656.7689622328695,155.48759346422906,57.69910196102319,129.82297941230203
656.7689622328695,154.76268001323655,57.69910196102319,129.82297941230203
656.7689622328695,155.48759346422906,57.69910196102319,129.82297941230203
656.044048781877,154.0377665622441,57.69910196102319,129.82297941230203
655.3191353308845,156.21250691522152,57.69910196102319,129.82297941230203
654.594221879892,154.0377665622441,57.69910196102319,129.82297941230203
653.8693084288994,156.21250691522152,57.69910196102319,129.82297941230203
653.8693084288994,154.0377665622441,57.69910196102319,129.82297941230203
652.4194815269145,155.48759346422906,57.69910196102319,129.82297941230203
651.1148940480706,152.7334999995784,58.85845001672603,132.4315125376334
650.3754149111073,151.99402086261514,58.85845001672604,132.4315125376334
650.3754149111073,150.5150625886886,58.858450016726046,132.4315125376334
648.8964566371808,149.77558345172534,58.858450016726046,132.4315125376334
648.1569775002175,149.03610431476207,58.858450016726046,132.4315125376334
648.8964566371808,148.2966251777988,58.858450016726046,132.4315125376334
648.1569775002175,147.55714604083553,58.858450016726046,132.4315125376334
648.1569775002175,147.55714604083553,58.858450016726046,132.4315125376334
647.4174983632543,148.2966251777988,58.858450016726046,132.4315125376334
646.678019226291,147.55714604083553,58.858450016726046,132.4315125376334
645.9385400893277,147.55714604083553,58.858450016726046,132.4315125376334
645.1990609523644,147.55714604083553,58.858450016726046,132.4315125376334
645.1990609523644,146.81766690387227,58.858450016726046,132.4315125376334
644.4595818154012,146.078187766909,58.858450016726046,132.4315125376334
644.4595818154012,146.078187766909,58.858450016726046,132.4315125376334
643.7201026784379,146.078187766909,58.858450016726046,132.4315125376334
642.2411444045114,146.078187766909,58.858450016726046,132.4315125376334
641.5016652675481,146.078187766909,58.858450016726046,132.4315125376334
640.0227069936216,146.078187766909,58.858450016726046,132.4315125376334
638.543748719695,146.078187766909,58.858450016726046,132.4315125376334
638.543748719695,146.078187766909,58.858450016726046,132.4315125376334
637.616911284324,146.5809805166958,57.75420833961486,129.94696876413326
633.9888823329297,145.85537472641695,57.75420833961486,129.94696876413326
633.9888823329297,145.1297689361381,57.75420833961486,129.94696876413326
631.8120649620931,145.1297689361381,57.75420833961486,129.94696876413326
630.3608533815354,144.40416314585926,57.75420833961486,129.94696876413326
628.9096418009777,145.1297689361381,57.75420833961486,129.94696876413326
631.628221687299,144.89752301542057,56.67068330864579,127.50903744445284
629.4922435241489,145.6095157364706,56.6706833086458,127.50903744445284
628.7802508030989,144.89752301542057,56.6706833086458,127.50903744445284
628.7802508030989,144.18553029437055,56.6706833086458,127.50903744445284
628.7802508030989,144.89752301542057,56.6706833086458,127.50903744445284
628.0682580820488,143.47353757332053,56.6706833086458,127.50903744445284
628.0682580820488,143.47353757332053,56.6706833086458,127.50903744445284
628.0682580820488,144.18553029437055,56.6706833086458,127.50903744445284
628.5998566066615,143.24564881159927,55.6074862594202,125.11684408369524
627.2025865142236,145.34155395025618,55.607486259420206,125.11684408369524
627.2025865142236,143.94428385781822,55.607486259420206,125.11684408369524
627.9012215604427,143.24564881159924,55.607486259420206,125.11684408369524
629.1214818267413,145.11794060299735,54.56423581926098,122.76953059333698
628.4359538524025,143.06135667998097,54.56423581926098,122.769530593337
630.3188488255042,144.89852245927398,53.54055777041279,120.46625498342857
628.9735152177947,143.5531888515644,53.54055777041279,120.46625498342857
628.9735152177947,143.5531888515644,53.54055777041279,120.46625498342857
628.3008484139399,142.2078552438549,53.54055777041279,120.46625498342857
627.7629532002994,141.67025781701867,54.616348197693696,122.8867834448106
627.0767705023547,139.6117097231848,54.6163481976937,122.88678344481062
630.333829157969,142.13681281270453,53.591692470022124,120.58130805754956
627.7754924869389,138.9054649686744,54.66851034682228,123.00414828034991
628.9751477039135,137.31195141403057,53.64287600658073,120.69647101480643
628.8043916278118,135.07438142292398,52.63648356250956,118.43208801564631
629.2981474000908,133.5400987162337,51.648972017951664,116.21018704039106
627.4814529772497,133.67039609759507,52.68675481270837,118.54519832859364
628.6376202090902,131.47270816074314,51.69830013068059,116.32117529403115
627.3385776977009,132.12222941643776,51.69830013068059,116.32117529403115
627.1740115981808,131.26481475074647,50.72838981833161,114.13887709124593
625.899340385747,130.6274791445296,50.72838981833161,114.13887709124594
624.6246691733132,132.53948596318023,50.72838981833161,114.13887709124594
624.7523620112203,130.75545412826614,51.74767535495135,116.43226954864036
624.5876387404188,129.24707898549593,50.77683871544898,114.24788710976004
622.6738058314472,129.24707898549593,50.77683871544899,114.24788710976006
623.7880615351424,129.68083533409103,49.82421591403954,112.10448580658881
623.629461023058,128.85450229561042,48.889465241433754,110.0012967932258
621.7867652222142,128.24027036199584,48.889465241433754,110.00129679322582
621.1725332885995,128.85450229561042,48.889465241433754,110.00129679322583
620.402676342517,131.72906366903413,47.972251399140454,107.93756564806591
619.9207231188356,129.43925222357697,48.936157846503384,110.10635515463251
617.4614488592962,128.82443365869213,48.93615784650339,110.10635515463251
617.4614488592962,128.2096150938073,48.93615784650339,110.10635515463251
615.1253560548367,127.10343159674628,49.91943206611318,112.31872214875455
613.8710118262186,126.4762594824372,49.91943206611319,112.31872214875455
610.86080779473,125.34784944036974,50.9224632146176,114.57554223288948
610.3492152680444,124.196766255327,51.945648267988915,116.87770860297493
607.2168278717396,123.02255435584722,52.989392178637615,119.2261324019345
608.3796362301188,126.1381797611507,51.99525972574745,116.98933438293164
607.5608726853437,122.00957921467364,51.019778163030885,114.79450086681938
605.6378831309127,123.29157225096098,51.019778163030885,114.79450086681939
605.6378831309127,123.93256876910466,51.019778163030885,114.79450086681939
604.1934838671584,123.72740388684018,50.06259758167722,112.64084455877364
604.6630953392446,125.41300050005452,49.123374637504824,110.52759293438574
604.5067257460679,127.68414438202569,48.201772427802325,108.4539879625551
601.3253299161718,127.49031149366054,47.29746037048036,106.41928583358069
600.8501559805597,124.04424820699244,48.247808241704426,108.55756854383483
600.696573491529,130.51810411142418,47.34263250781034,106.52092314257314
599.5069774685792,126.94931604257464,47.34263250781034,106.52092314257314
597.8417536881396,125.87915358822278,48.29388802278977,108.66124805127686
596.1430705662797,123.57398978383665,49.26425711483169,110.84457850837117
594.4102558044522,120.60356762176734,50.254123833040005,113.07177862433988
591.8847474969557,120.60356762176734,50.254123833040005,113.07177862433988
591.2533704200816,119.3408134680191,50.254123833040005,113.07177862433988
590.748492364993,118.83621492094379,51.263879943217276,115.34372987223875
589.4603656920335,118.83621492094379,51.263879943217276,115.34372987223875
588.8163023555538,117.5480882479843,51.263879943217276,115.34372987223875
587.0131531127448,115.7452241293431,52.29392508291634,117.66133143656165
587.5036955201635,119.47696255043388,51.312840268078766,115.45389060317713
585.6988241530674,115.73834120380332,52.34386916758527,117.77370562706676
583.7259282042429,113.10781327203722,52.343869167585275,117.77370562706676
583.0682962213014,112.4501812890957,52.343869167585275,117.77370562706676
583.0682962213014,112.4501812890957,52.343869167585275,117.77370562706676
584.2169391114252,117.50074772790481,51.36184735322086,115.56415654474684
583.4081498405006,110.19597143739512,50.3982492216912,113.39606074880511
583.2477220648079,113.1592450135208,49.45272912681591,111.2686405353357
582.4689954652633,110.47514725748319,48.52494790707258,109.18113279091321
581.0952262809537,117.59584181309862,47.614572763938305,107.1327887188611
579.300582529835,111.01548139232969,47.61457276393831,107.1327887188611
578.5508011731348,118.0025848034951,46.72127714251365,105.12287357065561
577.9638096759181,113.30665282576213,46.72127714251365,105.12287357065563
577.3768181787015,114.48063582019536,46.72127714251365,105.12287357065563
577.2280949455485,112.53178192825567,45.844740614386176,103.15066638236881
576.076137012093,115.98765572862219,45.84474061438618,103.15066638236883
576.5061829379403,119.25917492868956,44.98464876269164,101.2154597160561
575.2326416586064,118.51310595770585,44.140693069331455,99.31655940599569
575.787211505529,120.17681549847325,44.140693069331455,99.31655940599569
573.4284234034292,119.4447435058593,43.312570804306176,97.45328430968881
573.8347163470197,121.44723378509065,42.49998491712511,95.62496606353142
570.7379577314656,115.68092903278156,43.353937114064905,97.54635850664596
569.6485871485855,118.9490407814217,43.353937114064905,97.54635850664596
567.4698459828254,115.13624374134153,43.353937114064905,97.54635850664596
566.4896053621688,115.79030012492458,44.22504777249781,99.50635748812
565.378346056167,117.45718908392737,44.22504777249781,99.50635748812
564.1263095177491,115.6124587652387,43.39534293132807,97.63952159548808
561.4002820119309,118.88369177222046,43.39534293132807,97.63952159548808
560.1717348947702,122.52562539728143,42.581204158667774,95.80770935700242
558.6739889941157,118.35323174600296,43.43678829382789,97.73277366111267
557.4442685349053,123.09009606894624,42.62187196592137,95.89921192332301
556.7731066797702,125.06065294676416,41.82224425965503,94.10004958422374
552.0441324417487,125.06065294676415,41.82224425965503,94.10004958422375
551.5186908597464,126.6369776927713,41.82224425965503,94.10004958422375
549.9423661137392,128.21330243877844,41.82224425965503,94.10004958422375
546.2642750397225,128.7387440207808,41.82224425965503,94.10004958422375
544.6879502937154,130.84051034879033,41.82224425965503,94.10004958422375
542.6914583707537,129.36969261864007,42.66257861356428,95.99080188051956
540.6548509355838,127.86932174783786,43.519797805646625,97.91954506270484
539.6708601736926,126.33880392512864,44.39424110295549,99.88704248164977
536.8820834485475,129.12758065027379,44.39424110295549,99.88704248164977
535.7665727584895,128.01206996021574,44.39424110295549,99.88704248164977
534.2050553251905,125.33528875283677,45.28625458943718,101.89407282623355
532.0431999989278,125.4495345965414,46.19619130290274,103.94143043153107
530.9986954798668,125.5660759819836,47.124411374751965,106.02992559319182
528.0384137324371,122.60579423455391,47.12441137475197,106.02992559319182
526.3808656345889,124.5008463345116,48.071282172504866,108.16038488813581
523.361102946008,120.27317857049849,48.07128217250487,108.16038488813582
522.1531978705757,122.08503618364695,48.07128217250487,108.16038488813584
520.3413402574272,120.27317857049847,48.07128217250487,108.16038488813584
518.5294826442787,120.87713110821464,48.07128217250487,108.16038488813584
516.7176250311302,122.08503618364698,48.07128217250487,108.16038488813584
516.113672493414,119.66922603278233,48.07128217250487,108.16038488813584
515.630724357068,123.41421302773296,49.037178445197014,110.33365150169315
513.9058968317053,122.9218337539777,50.022482471696364,112.55058556131668
512.0204964096885,123.55030056131662,50.022482471696364,112.55058556131668
511.39202960234957,122.29336694663874,50.022482471696364,112.55058556131668
510.13509598767166,124.17876736865554,50.022482471696364,112.55058556131668
508.87816237299376,127.32110140535022,50.022482471696364,112.55058556131668
507.7471446955029,128.07576236952525,51.02758421200016,114.81206447700022
506.4649555137054,129.99904614222163,51.02758421200016,114.81206447700023
505.1827663319078,132.56342450581678,51.02758421200016,114.81206447700023
503.38792852532447,132.0510596909474,52.05288146157187,117.11898328853661
502.211003147207,130.2204477208254,53.098780008779244,119.47225501975319
502.70909548460963,132.67538837274472,52.10259533397402,117.23083950144144
501.3998940965281,131.36618698466316,52.10259533397402,117.23083950144144
499.43609201440574,132.67538837274472,52.10259533397402,117.23083950144144
499.2702389618428,132.4658691779883,51.125100051018336,115.03147511479115
498.4651777242311,136.11419926298362,50.16594352877267,112.8733729397384
497.2046393099487,135.4839300558424,50.16594352877267,112.8733729397384
497.04495101005466,138.43354471857248,49.22478171427815,110.75575885712574
496.4265062652655,139.6704342081508,49.22478171427816,110.75575885712574
495.1896167756872,139.05198946336165,49.22478171427816,110.75575885712574
495.1896167756872,140.28887895293997,49.22478171427816,110.75575885712574
493.7960348937871,141.94626649078057,48.30127700934353,108.67787327102282
493.18919277295413,141.33942436994755,48.301277009343536,108.67787327102283
493.18919277295413,141.94626649078054,48.301277009343536,108.67787327102285
492.7039339934797,142.0681184786292,49.27179456829228,110.8615377786575
491.46586319434596,141.44908307906232,49.271794568292286,110.86153777865752
490.8468277947791,142.0681184786292,49.271794568292286,110.86153777865754
490.2277923952122,142.0681184786292,49.271794568292286,110.86153777865754
489.6087569956453,141.44908307906232,49.271794568292286,110.86153777865754
489.6087569956453,142.0681184786292,49.271794568292286,110.86153777865754
488.9897215960784,143.306189277763,49.271794568292286,110.86153777865754
488.37068619651154,145.16329547646367,49.271794568292286,110.86153777865754
487.8756771123812,145.90663123587106,50.26181273655298,113.0890786572441
487.3707218107234,147.29637651854262,51.271723339868544,115.36137751470412
486.0823980538045,146.00805276162373,51.271723339868544,115.36137751470412
486.21145856372993,148.71404595317892,52.301926076936525,117.67933367310707
487.35918104744064,145.8753051010906,51.320691155681736,115.47155510028378
484.9092564394498,149.87343688089646,52.35187780307285,117.79172505691378
485.4003424715213,147.031984847476,51.369705738929866,115.58183791259206
483.4641637755947,148.9681635434025,51.36970573892987,115.58183791259208
482.1733779783104,147.031984847476,51.36970573892987,115.58183791259208
481.36446496226426,148.76159150390419,50.405960176453384,113.41341039701999
479.59149208104833,152.0551765844117,51.418767134278866,115.69222605212732
480.71983437264737,151.20239796458756,50.454101132384324,113.5217275478646
478.31127865847515,153.8652391030695,51.46787538643733,115.80271961948387
475.854327834338,152.0552008090566,52.50201940657701,118.12954366479816
473.2158521022335,150.73596294300435,52.50201940657701,118.12954366479818
475.027584401496,153.82293221680578,51.51703054015652,115.91331871535206
475.15726239549053,152.65840906033196,52.55216223479989,118.24236502829964
474.49701348367074,151.33791123669238,52.55216223479989,118.24236502829966
474.49701348367074,151.33791123669238,52.55216223479989,118.24236502829966
474.6292970975986,152.79098496371478,53.60809283058372,120.61820886881328
475.30281239080364,152.11746967050976,53.60809283058372,120.6182088688133
475.30281239080364,152.79098496371475,53.60809283058372,120.61820886881331
475.97632768400865,153.46450025691973,53.60809283058372,120.61820886881331
479.17325879578516,157.9635340855969,52.602352952670635,118.35529414350887
479.17325879578516,156.64177510102888,52.602352952670635,118.35529414350887
480.4950177803532,158.62441357788094,52.602352952670635,118.35529414350887
482.97109186779255,160.39552319398638,51.615481731496025,116.134833895866
486.0491931522056,162.78188582510705,50.64712517273698,113.95603163865813
486.6855077748598,163.41820044776128,50.64712517273698,113.95603163865815
488.7219399224288,164.18228504386622,51.664777858832785,116.24575018237371
490.15019000877174,164.3126222993934,52.702878240350316,118.58147604078815
492.63099597693474,162.11426181661307,51.71412106716325,116.35677240111724
495.8795961018694,164.06342189157388,51.71412106716325,116.35677240111725
499.61329979104426,165.15490491111433,50.74391393868285,114.17380636203634
503.2769555733783,167.50097194212657,49.79190883805731,112.03179488562888
505.7792353829796,168.1265418945269,49.79190883805731,112.0317948856289
509.9997273776258,169.80302447747667,48.857764277568904,109.92996962452999
512.5780461119632,169.92628034290462,49.83946333519809,112.13879250419568
516.3350505852395,170.55244775511733,49.83946333519809,112.13879250419568
520.7182224707285,171.17861516733004,49.83946333519809,112.13879250419568
526.3537291806429,169.3001129306919,49.83946333519809,112.13879250419568
530.1107336539192,169.92628034290462,49.83946333519809,112.13879250419568
535.1200729516208,170.55244775511733,49.83946333519809,112.13879250419568
540.7555796615352,171.80478257954275,49.83946333519809,112.13879250419568
547.0172537836623,172.43094999175545,49.83946333519809,112.13879250419568
551.525880912967,173.1828498495002,50.84088767199223,114.39199726198248
555.9971238711511,175.09909683157912,50.84088767199223,114.39199726198248
563.0233628054403,171.90535186144757,50.84088767199223,114.39199726198248
568.1333547576507,174.46034783755277,50.84088767199223,114.39199726198248
573.2433467098612,173.8215988435265,50.84088767199223,114.39199726198248
578.9920876560979,174.46034783755277,50.84088767199223,114.39199726198248
584.7408286023345,175.7378458256054,50.84088767199223,114.39199726198248
589.850820554545,176.3765948196317,50.84088767199223,114.39199726198248
593.8112905347324,175.8661046131655,51.86243362798557,116.6904756629675
599.6755409328018,175.8661046131655,51.862433627985574,116.6904756629675
603.5850411981814,175.8661046131655,51.862433627985574,116.6904756629675
608.1461248411243,175.8661046131655,51.862433627985574,116.6904756629675
611.4040417289407,176.51768799072877,51.862433627985574,116.6904756629675
616.6167087494468,175.8661046131655,51.862433627985574,116.6904756629675
620.5262090148265,175.21452123560223,51.862433627985574,116.6904756629675
624.4357092802061,175.8661046131655,51.862433627985574,116.6904756629675
627.6936261680224,175.8661046131655,51.862433627985574,116.6904756629675
630.9515430558388,175.8661046131655,51.862433627985574,116.6904756629675
634.8610433212184,175.8661046131655,51.862433627985574,116.6904756629675
636.8157934539082,175.21452123560223,51.862433627985574,116.6904756629675
638.2495076471545,173.39060699429098,52.90450550687269,119.0351373904635
641.4044801648782,174.50721437785145,51.911965610374466,116.80192262334252
642.0566858467594,172.550597332208,51.911965610374466,116.80192262334253
645.1524680163984,174.95066744072795,50.93804672614547,114.6106051338273
645.7924376863598,172.3907887608823,50.93804672614547,114.6106051338273
645.7924376863598,172.3907887608823,50.93804672614547,114.6106051338273
645.7924376863598,173.03075843084366,50.93804672614547,114.6106051338273
645.1524680163984,171.75081909092086,50.93804672614547,114.6106051338273
644.512498346437,171.75081909092086,50.93804672614547,114.6106051338273
643.7103826166302,172.8259222136818,49.982399505913506,112.46039888830538
641.0394257042917,174.50881857538255,49.044681155519186,110.35053259991815
639.1908796510122,173.2764545398629,49.044681155519186,110.35053259991815
637.1862145017552,174.92777813163306,48.12455531195444,108.28024945189748
634.1631052779554,173.11391259735316,48.124555311954445,108.28024945189748
631.1399960541556,173.71853444211314,48.124555311954445,108.28024945189748
628.7215086751157,173.71853444211314,48.124555311954445,108.28024945189748
626.3030212960758,173.71853444211314,48.124555311954445,108.28024945189748
623.279912072276,171.90466890783324,48.124555311954445,108.28024945189748
619.6521810037162,171.30004706307327,48.124555311954445,108.28024945189748
617.8383154694363,171.30004706307327,48.124555311954445,108.28024945189748
614.8152062456365,170.6954252183133,48.124555311954445,108.28024945189748
612.3967188665966,170.6954252183133,48.124555311954445,108.28024945189748
609.9782314875567,170.6954252183133,48.124555311954445,108.28024945189748
608.1643659532768,170.0908033735533,48.124555311954445,108.28024945189748
606.350500418997,170.0908033735533,48.124555311954445,108.28024945189748
604.536634884717,170.0908033735533,48.124555311954445,108.28024945189748
603.4485296950155,167.79372215791489,49.091522001837546,110.45592450413446
602.2149886720421,167.79372215791489,49.09152200183755,110.45592450413447
600.9814476490686,167.79372215791489,49.09152200183755,110.45592450413447
602.0587204722187,170.0633933821309,48.17051737851083,108.38366410164934
602.0587204722187,168.24779548881162,48.17051737851084,108.38366410164934
602.1799746671486,168.97451690073368,49.13840758419725,110.56141706444379
601.5626150998853,167.12243819894394,49.13840758419725,110.56141706444379
602.7973342344118,167.12243819894394,49.13840758419725,110.56141706444379
606.3450741919181,168.15955797162175,48.21652334181698,108.48717751908816
605.8606668901646,167.06964154267624,49.18533794532411,110.6670103769792
607.0965652614169,165.83374317142386,49.18533794532411,110.66701037697922
608.3324636326693,165.83374317142386,49.18533794532411,110.66701037697922
609.5683620039216,165.2157939857977,49.18533794532411,110.66701037697922
610.1863111895478,165.2157939857977,49.18533794532411,110.66701037697922
610.8042603751741,165.2157939857977,49.18533794532411,110.66701037697922
611.4222095608003,165.2157939857977,49.18533794532411,110.66701037697922
611.5460182487589,163.48602868041922,50.17361894065951,112.89064261648386
612.3026802632974,162.98223847798567,51.18175746603418,115.15895429857687
612.3026802632974,159.124049025648,51.181757466034185,115.15895429857687
613.5887434140766,159.124049025648,51.18175746603419,115.15895429857687
614.2317749894662,157.83798587486876,51.18175746603419,115.15895429857687
615.9979478754299,159.56126435442332,50.22153799566536,112.998460490247
615.9979478754299,157.66836131857465,50.22153799566536,112.99846049024701
615.9979478754299,156.40642596134222,50.22153799566536,112.99846049024701
615.9979478754299,155.775458282726,50.22153799566536,112.99846049024701
615.9979478754299,154.51352292549356,50.22153799566536,112.99846049024701
615.3669801968136,154.51352292549356,50.22153799566536,112.99846049024701
614.7360125181974,153.25158756826113,50.22153799566536,112.99846049024701
612.8431094823487,151.9896522110287,50.22153799566536,112.99846049024701
610.9502064465,151.9896522110287,50.22153799566536,112.99846049024701
609.0573034106513,151.9896522110287,50.22153799566536,112.99846049024701
606.5334326961864,151.35868453241247,50.22153799566536,112.99846049024701
603.3785943031053,151.35868453241247,50.22153799566536,112.99846049024701
601.4856912672566,150.72771685379624,50.22153799566536,112.99846049024701
596.4379498383269,151.35868453241247,50.22153799566536,112.99846049024701
592.6521437666296,151.35868453241247,50.22153799566536,112.99846049024701
590.1282730521647,150.09674917518004,50.22153799566536,112.99846049024701
586.9734346590835,148.8348138179476,50.22153799566536,112.99846049024701
583.8185962660024,149.46578149656384,50.22153799566536,112.99846049024701
580.0327901943051,149.46578149656384,50.22153799566536,112.99846049024701
578.6109895687957,149.89479424121114,49.27933317498665,110.8784996437199
576.5967331914067,150.9348884024349,48.35480503167665,108.79831132127242
572.9516454105334,151.54240303258044,48.35480503167665,108.79831132127242
570.5215868899512,150.9348884024349,48.35480503167665,108.79831132127242
569.9140722598057,147.89731525170717,48.35480503167665,108.79831132127242
567.4840137392235,148.50482988185271,48.35480503167665,108.79831132127242
566.876499109078,148.50482988185271,48.35480503167665,108.79831132127242
565.0539552186415,148.50482988185271,48.35480503167665,108.79831132127242
563.8389259583504,147.89731525170717,48.35480503167665,108.79831132127242
562.6238966980593,147.89731525170717,48.35480503167665,108.79831132127242
562.0163820679138,147.89731525170717,48.35480503167665,108.79831132127242
561.5305855191631,147.41178764716355,49.32639812917813,110.98439579065075
559.6714212543359,147.41178764716355,49.32639812917814,110.98439579065077
560.7538482397216,148.452875165661,48.40098700162484,108.90222075365585
560.2675877238098,148.57497869677144,49.373508033448495,111.09039307525907
559.1512434796559,147.45890906274087,50.36556993036458,113.32253234332026
558.9909197287279,144.7252659328546,49.420662930727964,111.19649159413788
557.8735093035338,147.33356479041814,50.41367231099508,113.4307626997389
556.6067461155433,144.80003841443715,50.41367231099508,113.43076269973892
556.6067461155433,146.7001831964229,50.41367231099508,113.43076269973892
