673.0,57.0,33.0,95.0
672.0236220472441,56.511811023622045,33.0,95.0
671.5354330708661,56.511811023622045,33.0,95.0
672.0236220472441,56.511811023622045,33.0,95.0
671.5354330708661,56.511811023622045,33.0,95.0
672.0236220472441,56.02362204724409,33.0,95.0
672.0236220472441,55.04724409448818,33.0,95.0
672.511811023622,55.04724409448818,33.0,95.0
673.488188976378,54.55905511811022,33.0,95.0
673.9763779527559,55.04724409448818,33.0,95.0
674.9527559055118,54.55905511811022,33.0,95.0
675.4409448818898,55.535433070866134,33.0,95.0
676.4173228346457,56.02362204724409,33.0,95.0
677.3937007874016,55.535433070866134,33.0,95.0
677.8818897637796,56.02362204724409,33.0,95.0
679.3464566929134,55.535433070866134,33.0,95.0
679.8346456692914,56.511811023622045,33.0,95.0
680.8110236220473,56.02362204724409,33.0,95.0
681.7874015748032,55.535433070866134,33.0,95.0
682.7637795275591,55.535433070866134,33.0,95.0
683.2519685039371,55.535433070866134,33.0,95.0
683.740157480315,55.535433070866134,33.0,95.0
684.7165354330709,55.535433070866134,33.0,95.0
685.6929133858268,56.02362204724409,33.0,95.0
686.6692913385828,56.02362204724409,33.0,95.0
687.1574803149607,56.511811023622045,33.0,95.0
687.6456692913387,57.0,33.0,95.0
688.6220472440946,57.488188976377955,33.0,95.0
689.5984251968505,57.488188976377955,33.0,95.0
690.5748031496064,57.97637795275591,33.0,95.0
691.7078355787403,57.51014942913386,33.663069,96.90883500000001
692.7038318937009,57.510149429133854,33.663069,96.90883500000002
692.8636340284727,57.03455297578667,34.339461045416996,98.85602422165502
692.8636340284727,57.03455297578667,34.339461045416996,98.85602422165502
693.3716384629313,57.03455297578667,34.339461045416996,98.85602422165502
693.3716384629313,57.03455297578667,34.339461045416996,98.85602422165502
693.3716384629313,57.54255741024524,34.339461045416996,98.85602422165502
693.0266470675385,57.56540923181952,35.02944383620256,100.84233831634073
691.9902235324182,58.08362099937966,35.02944383620256,100.84233831634074
691.9902235324182,57.565409231819515,35.02944383620256,100.84233831634074
691.9902235324182,58.08362099937966,35.02944383620256,100.84233831634074
693.0266470675385,57.565409231819515,35.02944383620256,100.84233831634074
694.0630706026589,58.08362099937966,35.02944383620256,100.84233831634074
695.0994941377792,58.60183276693981,35.02944383620256,100.84233831634074
696.1359176728995,59.6382563020601,35.02944383620256,100.84233831634074
697.1723412080198,60.67467983718039,35.02944383620256,100.84233831634074
698.7269765107003,61.711103372300684,35.02944383620256,100.84233831634074
700.2816118133808,62.22931513986083,35.02944383620256,100.84233831634074
700.7998235809409,62.747526907420976,35.02944383620256,100.84233831634074
702.3544588836214,63.26573867498112,35.02944383620256,100.84233831634074
702.8726706511816,63.78395044254127,35.02944383620256,100.84233831634074
704.4273059538621,65.33858574522169,35.02944383620256,100.84233831634074
704.4273059538621,66.37500928034198,35.02944383620256,100.84233831634074
704.9455177214222,67.41143281546228,35.02944383620256,100.84233831634074
705.9819412565425,68.44785635058257,35.02944383620256,100.84233831634074
705.9819412565425,69.48427988570286,35.02944383620256,100.84233831634074
706.5001530241027,70.00249165326301,35.02944383620256,100.84233831634074
705.9819412565425,71.0389151883833,35.02944383620256,100.84233831634074
706.5001530241027,72.07533872350359,35.02944383620256,100.84233831634074
705.9819412565425,73.62997402618402,35.02944383620256,100.84233831634074
705.6300179490421,73.65328500940919,35.73329045120338,102.86856342013098
704.5727695558306,73.65328500940919,35.73329045120338,102.86856342013098
704.0441453592249,74.71053340262064,35.73329045120338,102.86856342013098
702.4582727694077,75.23915759922637,35.73329045120338,102.86856342013098
701.929648572802,75.76778179583211,35.73329045120338,102.86856342013098
699.815151786379,76.82503018904357,35.73329045120338,102.86856342013098
698.7579033931676,77.88227858225504,35.73329045120338,102.86856342013098
697.1720308033504,78.9395269754665,35.73329045120338,102.86856342013098
696.1147824101389,79.99677536867797,35.73329045120338,102.86856342013098
694.5289098203217,81.58264795849517,35.73329045120338,102.86856342013098
692.9430372305045,82.63989635170664,35.73329045120338,102.86856342013098
689.7712920508701,83.6971447449181,35.73329045120338,102.86856342013098
687.6567952644472,85.2830173347353,35.73329045120338,102.86856342013098
685.0136742814185,86.34026572794677,35.73329045120338,102.86856342013098
682.8991774949956,87.39751412115824,35.73329045120338,102.86856342013098
679.7274323153612,88.4547625143697,35.73329045120338,102.86856342013098
677.0843113323325,89.51201090758117,35.73329045120338,102.86856342013098
674.9698145459096,91.09788349739837,35.73329045120338,102.86856342013098
672.3266935628809,92.15513189060984,35.73329045120338,102.86856342013098
669.6835725798522,93.2123802838213,35.73329045120338,102.86856342013098
666.5118274002178,94.26962867703277,35.73329045120338,102.86856342013098
664.9259548104006,94.7982528736385,35.73329045120338,102.86856342013098
662.8114580239777,96.3841254634557,35.73329045120338,102.86856342013098
660.6969612375548,97.9699980532729,35.73329045120338,102.86856342013098
658.5824644511318,100.61311903630154,35.73329045120338,102.86856342013098
657.5252160579204,101.670367429513,35.73329045120338,102.86856342013098
656.4679676647089,101.670367429513,35.73329045120338,102.86856342013098
655.4107192714974,102.19899162611874,35.73329045120338,102.86856342013098
654.353470878286,102.72761582272447,35.73329045120338,102.86856342013098
653.8248466816802,104.84211260914738,35.73329045120338,102.86856342013098
654.1600422956093,107.39294226936639,35.062899223345276,100.93864927932735
653.1226289089009,108.94906234942894,35.062899223345276,100.93864927932736
653.641335602255,110.5051824294915,35.062899223345276,100.93864927932738
654.1600422956092,112.06130250955405,35.062899223345276,100.93864927932738
654.1600422956092,113.61742258961661,35.062899223345276,100.93864927932738
655.1974556823176,116.21095605638754,35.062899223345276,100.93864927932738
656.7535757623801,117.24836944309592,35.062899223345276,100.93864927932738
658.8284025357968,119.32319621651268,35.062899223345276,100.93864927932738
660.9032293092135,121.39802298992944,35.062899223345276,100.93864927932738
663.4967627759845,122.954143069992,35.062899223345276,100.93864927932738
666.0902962427555,125.02896984340876,35.062899223345276,100.93864927932738
669.2025364028806,127.10379661682552,35.062899223345276,100.93864927932738
673.3521899497141,128.1412100035339,35.062899223345276,100.93864927932738
677.5018434965476,129.69733008359646,35.062899223345276,100.93864927932738
682.6889104300895,131.253450163659,35.062899223345276,100.93864927932738
687.3572706702772,133.32827693707577,35.062899223345276,100.93864927932738
692.0256309104649,135.40310371049253,35.062899223345276,100.93864927932738
697.2126978440068,137.4779304839093,35.062899223345276,100.93864927932738
702.3997647775487,140.07146395068023,35.062899223345276,100.93864927932738
708.1055384044448,141.1088773373886,35.062899223345276,100.93864927932738
713.2926053379867,143.18370411080537,35.062899223345276,100.93864927932738
718.9983789648828,144.73982419086792,35.062899223345276,100.93864927932738
724.1854458984247,147.33335765763886,35.062899223345276,100.93864927932738
729.8912195253208,148.8894777377014,35.062899223345276,100.93864927932738
735.5969931522169,151.48301120447235,35.062899223345276,100.93864927932738
739.7466466990504,153.5578379778891,35.062899223345276,100.93864927932738
744.4150069392381,155.63266475130587,35.062899223345276,100.93864927932738
747.5272470993632,157.18878483136842,35.062899223345276,100.93864927932738
750.1207805661342,158.74490491143098,35.062899223345276,100.93864927932738
751.6769006461967,161.33843837820191,35.062899223345276,100.93864927932738
753.7517274196134,162.89455845826447,35.062899223345276,100.93864927932738
754.9555880826287,163.95530509169646,35.767418057439954,102.9668095592969
754.4264590156849,165.54269229252773,35.767418057439954,102.9668095592969
754.5962507171146,165.56649437417775,36.4860927884681,105.03572166377187
752.976968145257,167.18577694603533,36.4860927884681,105.03572166377188
751.3576855733995,167.7255378033212,36.4860927884681,105.03572166377188
749.198642144256,169.34482037517878,36.4860927884681,105.03572166377188
748.1191204296844,170.4243420897505,36.4860927884681,105.03572166377188
744.3407944286834,172.58338551889392,36.4860927884681,105.03572166377188
740.5624684276823,174.2026680907515,36.4860927884681,105.03572166377188
737.3239032839672,175.82195066260908,36.4860927884681,105.03572166377188
733.1790197517669,178.00527442862915,37.21920785086679,107.14620441916205
728.7741695742365,179.65709324520304,37.21920785086679,107.14620441916205
726.1978217137976,180.2324677190798,37.967053394214254,109.29909310455628
721.7044648816501,180.79413732309825,37.96705339421426,109.29909310455628
718.3344472575394,182.47914613515357,37.96705339421426,109.29909310455628
714.9644296334287,184.16415494720889,37.96705339421426,109.29909310455628
711.0327424052996,185.28749415524575,37.96705339421426,109.29909310455628
708.2243943852073,185.8491637592642,37.96705339421426,109.29909310455628
704.8543767610967,188.6575117793564,37.96705339421426,109.29909310455628
700.9226895329675,188.6575117793564,37.96705339421426,109.29909310455628
698.1143415128753,189.78085098739328,37.96705339421426,109.29909310455628
694.1826542847461,191.4658597994486,37.96705339421426,109.29909310455628
690.8126366606355,192.58919900748546,37.96705339421426,109.29909310455628
686.8809494325063,193.1508686115039,37.96705339421426,109.29909310455628
684.0726014124141,193.71253821552236,37.96705339421426,109.29909310455628
681.8259229963403,195.39754702757767,37.96705339421426,109.29909310455628
679.017574976248,196.52088623561454,37.96705339421426,109.29909310455628
677.3325661641927,198.7675646516883,37.96705339421426,109.29909310455628
676.0037067470253,200.91618242076618,37.2547546044384,107.24853598247427
674.1486458860848,203.02449003406994,36.5558192316401,105.23644930320644
674.689438248853,204.10607475960643,36.5558192316401,105.23644930320646
674.1486458860848,206.26924421067937,36.5558192316401,105.23644930320647
674.689438248853,208.43241366175235,36.5558192316401,105.23644930320647
675.2302306116212,209.5139983872888,36.5558192316401,105.23644930320647
675.7710229743894,210.59558311282527,36.5558192316401,105.23644930320647
677.3934000626941,212.21796020112996,36.5558192316401,105.23644930320647
678.4749847882306,212.75875256389818,36.5558192316401,105.23644930320647
680.0973618765353,214.92192201497116,36.5558192316401,105.23644930320647
682.2605313276082,215.4627143777394,36.5558192316401,105.23644930320647
683.3421160531447,217.62588382881236,36.5558192316401,105.23644930320647
684.9644931414493,219.78905327988534,36.5558192316401,105.23644930320647
686.586870229754,221.41143036819003,36.5558192316401,105.23644930320647
689.0929510140768,224.5617688089219,35.86999656514025,103.2621113238887
689.6235975869803,225.09241538182545,35.86999656514025,103.2621113238887
691.2155373056909,227.74564824634308,35.86999656514025,103.2621113238887
692.276830451498,227.74564824634308,35.86999656514025,103.2621113238887
694.399416743112,228.80694139215012,35.86999656514025,103.2621113238887
696.5220030347261,231.46017425666776,35.86999656514025,103.2621113238887
697.5832961805332,231.9908208295713,35.86999656514025,103.2621113238887
698.6445893263403,234.11340712118545,35.86999656514025,103.2621113238887
699.8761611245593,235.19857061138413,36.590732406123614,105.33695692671961
700.4174699790522,236.2811883203699,36.590732406123614,105.33695692671961
701.1324788949197,237.38815600057714,37.32594999235986,107.45349240224819
702.7890350148383,237.38815600057714,37.32594999235986,107.45349240224819
703.3412203881445,239.04471212049575,37.32594999235986,107.45349240224819
704.4455911347569,240.70126824041435,37.32594999235986,107.45349240224819
704.4455911347569,241.80563898702675,37.32594999235986,107.45349240224819
704.4455911347569,243.46219510694536,37.32594999235986,107.45349240224819
704.0705959781587,245.14359046205718,38.075940305556344,109.61255542508655
703.1247856098669,246.29548966002721,38.84100017411589,111.81500050124282
702.7345695016176,247.47053396858212,39.6214323906144,114.0616993063143
701.7503689471234,247.49690077446496,40.41754583163902,116.35354103047607
700.7463928508878,248.12171859061658,41.22965558003414,118.69143273040143
698.9165870914303,248.7316538437691,41.22965558003415,118.69143273040143
697.0867813319728,247.51178333746412,41.22965558003415,118.69143273040143
697.6967165851253,248.12171859061664,41.22965558003415,118.69143273040143
696.4768460788202,248.73165384376915,41.22965558003415,118.69143273040143
694.6470403193628,248.73165384376915,41.22965558003415,118.69143273040143
694.6470403193628,248.73165384376915,41.22965558003415,118.69143273040143
692.8172345599053,249.34158909692167,41.22965558003415,118.69143273040143
690.9874288004478,248.73165384376915,41.22965558003415,118.69143273040143
689.1576230409903,249.34158909692167,41.22965558003415,118.69143273040143
687.9377525346853,249.95152435007418,41.22965558003415,118.69143273040143
686.4947009627019,251.67484287019772,40.456147205085855,116.46466619645938
685.2977164116567,252.27333514572032,40.456147205085855,116.46466619645939
683.5022395850888,252.87182742124295,40.456147205085855,116.46466619645939
682.3052550340435,253.47031969676559,40.456147205085855,116.46466619645939
679.6922919597879,253.3658302614465,39.69715059837083,114.27967596500704
679.105027980523,253.3658302614465,39.69715059837083,114.27967596500704
677.9305000219933,254.5403582199762,39.69715059837083,114.27967596500704
676.1687080841988,255.12762219924105,39.69715059837083,114.27967596500704
675.3665586723419,255.61235706645843,38.9523935050253,112.13567827204264
673.4269656888863,256.08799783686254,38.2216087779511,110.03190405773812
672.0891967491559,256.55471512454045,37.50453428198904,107.9675986905746
672.0891967491559,256.55471512454045,37.50453428198904,107.96759869057462
670.7765256537821,257.5675036215011,36.80091279989006,105.94202169665331
670.5773179034124,259.10570940307485,36.11049194005048,103.95444649408482
668.7792343841797,260.6150569505037,35.433024045978186,102.00416013236153
668.2550522102713,262.1876034722293,35.433024045978186,102.00416013236155
667.7308700363626,262.1876034722293,35.433024045978186,102.00416013236155
666.6825056885457,262.7117856461378,35.433024045978186,102.00416013236155
665.6341413407285,263.2359678200463,35.433024045978186,102.00416013236155
664.7539812907421,262.7353651991851,36.14497979813403,104.05372972190109
664.2192667244133,262.735365199185,36.14497979813403,104.0537297219011
663.1498375917555,262.2006506328562,36.14497979813403,104.0537297219011
662.0804084590977,261.66593606652725,36.14497979813403,104.0537297219011
661.5456938927689,261.66593606652725,36.14497979813403,104.0537297219011
662.0804084590977,261.1312215001984,36.14497979813403,104.0537297219011
662.9541804853163,262.1072960059417,35.46686487835448,102.1015807104145
664.528228890798,262.1072960059417,35.466864878354485,102.10158071041451
666.1022772962797,262.1072960059417,35.466864878354485,102.10158071041452
668.0090221144601,262.5403756043079,34.80147205295694,100.18605591002763
669.8799945482973,263.48016945183366,34.14856264309694,98.3064682149761
664.8281909599604,263.98534981066734,34.14856264309694,98.30646821497612
665.3333713187941,263.48016945183366,34.14856264309694,98.30646821497612
663.3126498834594,263.98534981066734,34.14856264309694,98.30646821497612
665.495478143034,264.51325495424663,34.834709712284685,100.28174008081965
660.8574996129804,263.9979240064629,34.834709712284685,100.28174008081965
663.0841874407746,264.53643634809214,35.53464353453362,102.29670108426356
660.6244466744347,262.98302704813153,36.24864112707301,104.35214869914967
662.4052670658264,263.007149368463,36.97698507323929,106.44889642296168
658.5761065977315,261.91310352043587,36.97698507323929,106.44889642296168
660.3927090132474,261.3906876065361,37.71996363431589,108.58777409878826
660.571769654221,259.74174627842683,38.4778708636202,110.76962824375522
658.8640903460289,259.74174627842683,38.4778708636202,110.76962824375524
659.4333167820929,259.74174627842683,38.4778708636202,110.76962824375524
658.2948639099648,259.17251984236276,38.4778708636202,110.76962824375524
657.1564110378366,258.0340669702347,38.4778708636202,110.76962824375524
656.5871846017726,257.4648405341706,38.4778708636202,110.76962824375524
654.8795052935805,256.89561409810653,38.4778708636202,110.76962824375524
653.5327670961552,258.50391342880266,37.75598864208638,108.69148245449121
653.3283894058171,258.96494511156106,37.04764963201594,106.65232469822783
651.1361161753853,258.4168768039531,37.04764963201595,106.65232469822783
649.4919112525614,256.77267188112916,37.04764963201595,106.65232469822783
647.8477063297375,256.22460357352116,37.04764963201595,106.65232469822783
646.2035014069137,256.22460357352116,37.04764963201595,106.65232469822783
643.4631598688738,255.67653526591317,37.04764963201595,106.65232469822783
642.3670232536579,255.67653526591317,37.04764963201595,106.65232469822783
640.722818330834,255.67653526591317,37.04764963201595,106.65232469822783
639.0786134080101,256.22460357352116,37.04764963201595,106.65232469822783
636.3382718699703,255.67653526591317,37.04764963201595,106.65232469822783
634.6940669471464,256.22460357352116,37.04764963201595,106.65232469822783
634.1459986395384,255.67653526591317,37.04764963201595,106.65232469822783
630.8575887938906,255.12846695830518,37.04764963201595,106.65232469822783
630.3095204862826,254.5803986506972,37.04764963201595,106.65232469822783
627.5691789482428,252.93619372787327,37.04764963201595,106.65232469822783
627.0211106406348,251.84005711265735,37.04764963201595,106.65232469822783
622.6365641797711,251.84005711265735,37.04764963201595,106.65232469822783
623.7327007949871,250.19585218983343,37.04764963201595,106.65232469822783
621.5404275645552,248.5516472670095,37.04764963201595,106.65232469822783
620.4442909493392,248.5516472670095,37.04764963201595,106.65232469822783
618.2520177189074,248.5516472670095,37.04764963201595,106.65232469822783
618.8000860265154,248.00357895940152,37.04764963201595,106.65232469822783
616.0597444884755,247.45551065179353,37.04764963201595,106.65232469822783
618.051474352502,247.3598246248883,36.35259974961063,104.65142352160646
613.2114002269276,246.28425259698287,36.35259974961063,104.65142352160646
614.286972254833,246.82203861093558,36.35259974961063,104.65142352160646
615.1657633046256,245.11478970495332,35.67058967793096,102.68806119404377
610.9441902957366,245.11478970495332,35.67058967793096,102.68806119404378
609.8887970435143,244.58709307884217,35.67058967793096,102.68806119404378
610.9441902957366,245.11478970495332,35.67058967793096,102.68806119404378
607.2503139129587,241.9486099482866,35.67058967793096,102.68806119404378
604.781162829315,244.61083072427851,36.38731883632963,104.7513724076157
605.3194624637346,245.14913035869807,36.38731883632963,104.75137240761572
602.800698727367,244.6350453302245,37.118449233708,106.85614173340194
605.8944662480785,239.59713524257026,36.42207108202463,104.85141675128314
601.0451425392334,239.59713524257023,36.42207108202463,104.85141675128315
599.4287013029517,240.13594898799744,36.42207108202463,104.85141675128317
598.3510738120973,240.13594898799744,36.42207108202463,104.85141675128317
597.8122600666701,240.13594898799744,36.42207108202463,104.85141675128317
595.118191339534,239.05832149714297,36.42207108202463,104.85141675128317
595.118191339534,239.05832149714297,36.42207108202463,104.85141675128317
593.5017501032522,237.9806940062885,36.42207108202463,104.85141675128317
591.3464951215433,237.4418802608613,36.42207108202463,104.85141675128317
589.1912401398343,237.4418802608613,36.42207108202463,104.85141675128317
586.4971714126982,237.4418802608613,36.42207108202463,104.85141675128317
584.3419164309893,237.4418802608613,36.42207108202463,104.85141675128317
584.3419164309893,237.4418802608613,36.42207108202463,104.85141675128317
581.1090339584259,236.9030665154341,36.42207108202463,104.85141675128317
577.8761514858626,236.9030665154341,36.42207108202463,104.85141675128317
579.4925927221443,237.98069400628856,36.42207108202463,104.85141675128317
574.6432690132992,237.98069400628856,36.42207108202463,104.85141675128317
576.7985239950082,238.51950775171576,36.42207108202463,104.85141675128317
572.4880140315903,238.51950775171576,36.42207108202463,104.85141675128317
567.8115897310469,238.5437454841785,37.15389975627575,106.9581962680667
570.1865237272159,238.56847022539955,37.9004330640786,109.10730730568096
564.198916534973,237.472323662553,38.66196646563513,111.29960043137402
566.0982985838599,236.35415222681922,39.43880135782914,113.53594330284162
561.4307620833866,235.1872681017009,39.43880135782915,113.53594330284162
563.3683084157818,234.04662924730889,40.23124519351201,115.81722101162562
564.5586387436261,231.6659685916203,40.23124519351201,115.81722101162563
560.9876477600932,231.07080342769814,40.23124519351201,115.81722101162563
563.7456970290747,231.56206002931594,39.47646796692636,113.64437748054573
564.3296963165835,232.73005860433358,39.47646796692636,113.64437748054573
561.4096998790394,230.97806074180716,39.47646796692636,113.64437748054573
564.7000047530258,232.62809946755897,38.73585109404172,111.51229860405965
562.4078331779072,231.48201367999962,38.73585109404172,111.51229860405965
566.2094516311698,234.8202247583169,38.00912891287218,109.42021959766248
568.0767611280912,233.1586424694928,38.77284634011852,111.61880007003832
570.3711218754903,233.73223265634255,38.77284634011852,111.61880007003832
569.2239415017908,231.43787190894352,38.77284634011852,111.61880007003832
569.7975316886406,232.58505228264306,38.77284634011852,111.61880007003832
574.1763711205441,232.48491044760237,38.04543009220816,109.5247229927206
575.8648583544144,232.48491044760237,38.04543009220816,109.5247229927206
581.2872046623946,234.0751346045007,37.33166087946984,107.46993283483756
584.2257712788667,235.7567872138569,38.08176594152103,109.62932619528797
586.0966492820207,236.90886265292153,38.846942864584015,111.83210824652988
588.9700809899714,237.4835489945116,38.846942864584015,111.8321082465299
590.6941400147417,234.610117286561,38.846942864584015,111.8321082465299
592.418199039512,236.3341763113314,38.846942864584015,111.8321082465299
594.1422580642824,233.4607446033808,38.846942864584015,111.8321082465299
595.4760412775636,234.06128235265243,39.6274944875621,114.07915079752742
599.3651675016073,231.61399909019298,38.88404421049527,111.9389151514259
601.0908731143852,233.91493990723018,38.88404421049527,111.93891515142592
604.1516357897801,233.94081600467996,39.66534131081675,114.18810377356351
608.0444763812021,229.14402180736084,38.9211809905943,112.04582406383223
609.1960455634578,229.14402180736084,38.9211809905943,112.04582406383224
611.4991839279692,228.568237216233,38.9211809905943,112.04582406383226
614.3781068836084,228.568237216233,38.9211809905943,112.04582406383226
617.046344823117,229.61928144728554,38.190981840599896,109.94373560172714
619.0995417147948,229.5206424417822,37.474481935722984,107.88108436041482
620.762689803567,231.73817322681188,37.474481935722984,107.88108436041482
623.8861321203043,232.75015017735055,36.77142426482244,105.8571304593375
624.9740959973833,232.75015017735055,36.77142426482244,105.85713045933751
626.7805996376646,233.31860233180925,37.510272492575524,107.98411778165698
624.7390161821763,233.34356422777697,38.26396639776885,110.15384266024381
626.6188453150203,233.9350897009351,39.032804274599215,112.36716382081609
627.3815740507529,235.69337249930282,39.81709041088874,114.62495724346775
626.7925357292365,237.4604874638519,39.81709041088874,114.62495724346775
628.933154334134,242.06995514546787,39.0700831301922,112.47448173843227
628.3551669435179,240.91398036423573,39.0700831301922,112.47448173843227
628.3551669435179,240.91398036423573,39.0700831301922,112.47448173843227
627.7771795529019,236.29008123930726,39.0700831301922,112.47448173843227
625.8317263398003,231.56527258131206,38.33709043146676,110.36435124210143
624.4899155040293,233.7348313527164,37.6178493875457,108.29380884293474
627.2724335928242,235.40434220599332,37.6178493875457,108.29380884293474
627.8289372105831,235.96084582375227,37.6178493875457,108.29380884293474
629.2948181378582,234.19417624153118,36.91210200403127,106.26211182978713
630.1871346459925,236.82915565215922,36.21959512675116,104.26853142549591
630.7229530420456,238.4366108403185,36.21959512675116,104.26853142549592
628.919436845733,237.80724510217436,35.54008035095115,102.3123525254656
632.5997983041708,239.38454287007625,35.54008035095115,102.3123525254656
635.0362452040866,239.81851648959642,34.87331393219143,100.3928734411573
635.5521472474643,239.81851648959642,34.87331393219143,100.3928734411573
639.4905901677465,241.79205447273515,34.219056698914564,98.50940564839057
638.7991350937276,241.70367408659763,33.57707396665379,96.66127354036713
641.2827649982045,242.20040006749304,33.57707396665379,96.66127354036715
642.7729429408906,241.70367408659763,33.57707396665379,96.66127354036715
644.0813641590829,242.61040376411705,32.947135453850834,94.8478141853283
647.3148658012548,244.96234306983817,32.32901519925306,93.06837708875894
648.5746530445379,246.31363232623468,31.72249148086035,91.32232396005266
649.3415154362929,245.76241000592006,31.12734673639263,89.60902848355468
652.3964191601556,246.60298620074735,30.543367485249462,87.9278760939001
654.2038052580658,248.86221882313515,30.543367485249462,87.9278760939001
656.4630378804536,250.6696049210454,30.543367485249462,87.9278760939001
658.5569355950217,251.94625761468947,29.97034425193376,86.27826375556701
660.6115497551746,253.64232850901124,29.40807149091219,84.65959974656552
662.926409986468,254.53200145450865,29.998967871379087,86.36066508427326
664.8439898129487,254.55196481561967,30.601737132818705,88.09590992781158
666.65482990098,254.55196481561967,30.601737132818705,88.09590992781158
667.5602499449956,255.45738485963528,30.601737132818705,88.09590992781158
668.4656699890112,255.9100948816431,30.601737132818705,88.09590992781158
669.8238000550347,256.3628049036509,30.601737132818705,88.09590992781158
671.1819301210581,256.8155149256587,30.601737132818705,88.09590992781158
672.0873501650738,256.3628049036509,30.601737132818705,88.09590992781158
672.9927702090894,257.7209349696743,30.601737132818705,88.09590992781158
672.9927702090894,257.2682249476665,30.601737132818705,88.09590992781158
672.0873501650738,258.62635501368993,30.601737132818705,88.09590992781158
671.6346401430659,257.7209349696743,30.601737132818705,88.09590992781158
670.7292200990503,257.2682249476665,30.601737132818705,88.09590992781158
668.918380011019,257.7209349696743,30.601737132818705,88.09590992781158
666.65482990098,257.7209349696743,30.601737132818705,88.09590992781158
663.0331497249174,258.1736449916821,30.601737132818705,88.09590992781158
664.9892594828516,259.5521395426315,31.21661783702843,89.86602104599109
658.6721595135117,260.034719535633,31.84385333922784,91.67169900686818
653.1703008524033,260.05591060947603,32.483691884372945,93.51365845501319
647.4036898378547,261.4975633631132,32.483691884372945,93.51365845501319
640.1954260696689,261.97811428099226,32.483691884372945,93.51365845501319
633.4677132193622,262.93921611675034,32.483691884372945,93.51365845501319
627.2205512869344,263.4197670346294,32.483691884372945,93.51365845501319
621.6081437797485,263.9219348185983,33.136386705405656,95.39262839434977
616.2158708775565,265.39255470101426,33.136386705405656,95.39262839434977
611.3138046028365,266.37296795595825,33.136386705405656,95.39262839434977
605.4313250731725,267.3533812109022,33.136386705405656,95.39262839434977
599.7061474619446,267.8656390521544,33.80219612347737,97.30935247667745
593.7054712710911,268.86575175062995,33.80219612347737,97.30935247667745
587.2047387309998,269.36580809986776,33.80219612347737,97.30935247667745
581.2040625401463,271.36603349681894,33.80219612347737,97.30935247667745
575.2033863492928,273.3662588937701,33.80219612347737,97.30935247667745
568.8631163950848,274.38886588106436,34.4813836501864,99.26458929599133
562.3954513966869,275.9421240920173,35.1742180918696,101.25911268871569
555.6308558867736,274.9014170904922,35.1742180918696,101.25911268871569
550.9476743799105,275.9421240920173,35.1742180918696,101.25911268871569
548.8662603768603,276.46247759277986,35.1742180918696,101.25911268871569
548.3459068760977,276.9828310935424,35.1742180918696,101.25911268871569
547.1147976175635,280.0141047377012,34.51431560436266,99.35939340649873
546.6042064537671,282.0564693928866,34.51431560436266,99.35939340649874
545.9067851641943,283.49909990855815,33.866793528323015,97.49531470274825
549.2305439972594,285.9166892303848,33.23141959520948,95.66620792560323
552.4919458870631,287.30569721584453,32.60796589406425,93.87141696776091
555.3862821582616,289.7176441085098,32.60796589406425,93.87141696776091
559.727786565059,289.7176441085098,32.60796589406425,93.87141696776091
564.8575589025412,292.5277610909581,31.996208789760395,92.11029803112858
568.3228232738556,294.44241069397896,32.639108612973054,93.96107024946805
573.634174281741,294.9252607856049,32.639108612973054,93.96107024946805
577.9798251063745,297.33951124373465,32.639108612973054,93.96107024946805
580.54901685145,297.8440816263512,33.29492622233352,95.84903003399062
587.2645154057401,299.23574406393124,32.670281075195014,94.0508091558646
590.1643828741181,299.7190553086609,32.670281075195014,94.05080915586461
594.0308728319555,301.16898904284994,32.670281075195014,94.05080915586461
597.2372033991402,302.53454254172004,32.05735487758167,92.28632464758377
600.5569103943371,303.95727411109016,32.05735487758167,92.28632464758377
603.7030870865578,309.09115935194745,31.455927770620658,90.55494358208993
606.324891867729,309.47526210847417,30.865784020205087,88.85604490665116
608.6079730049906,309.0186458810218,30.865784020205087,88.85604490665116
610.4344379148,311.3017270182835,30.865784020205087,88.85604490665116
610.4344379148,312.67157570064046,30.865784020205087,88.85604490665116
610.4344379148,314.9546568379021,30.865784020205087,88.85604490665116
610.5809610430933,316.3450457200091,31.485970218523068,90.6414294169605
609.1835879911617,317.27662775463017,31.48597021852307,90.6414294169605
607.3204239219197,320.07137385849336,31.48597021852307,90.6414294169605
605.4572598526776,321.46874691042495,31.48597021852307,90.6414294169605
608.2520059565408,321.9345379277355,31.48597021852307,90.6414294169605
608.5473596444963,324.1821715965088,30.895262842611977,88.94090818327706
607.008962908393,326.8446898005968,30.31563771068238,87.2722903792373
606.1120077482583,327.74164496073155,30.31563771068238,87.2722903792373
605.6635301681908,328.1901225407989,30.31563771068238,87.2722903792373
604.3180974279887,328.1901225407989,30.31563771068238,87.2722903792373
603.1165762135937,328.65877421570593,30.92476981920312,89.02585250982733
599.4566654929245,329.5737518958732,30.92476981920312,89.02585250982733
597.3160244326014,329.59433134880055,31.54614121918037,90.8146489643073
593.7323279814107,330.54868663137046,32.17999783469736,92.63938770594713
590.5526825053887,331.99827596259564,32.826590531189936,94.50079092312274
588.1245643797222,332.48389958772896,32.826590531189936,94.50079092312274
586.1820698791889,333.94077046312896,32.826590531189936,94.50079092312274
584.8810302871507,335.41948639278644,33.48617521473314,96.39959531514104
585.1951468691252,335.332998880235,32.857942050783905,94.59104529771142
585.1951468691252,336.79126116165844,32.857942050783905,94.59104529771142
585.1951468691252,336.30517373451727,32.857942050783905,94.59104529771142
584.7090594419841,337.2773485887996,32.857942050783905,94.59104529771142
582.1007583290095,336.70639623882664,32.241495151039366,92.81642543481047
583.0546942389901,340.52213987874916,32.24149515103937,92.81642543481047
584.3110710276214,340.4388671042782,31.636613393737942,91.0750991637912
583.3750318816363,343.715004115226,31.636613393737942,91.0750991637912
586.9479356866646,343.6332936188665,31.043079805576994,89.36644186453998
588.6168520615024,348.60474587539875,30.46068148388376,87.68984063542308
593.8594443477851,347.62482595476865,29.88920952024634,86.04469407343657
591.4868046268587,352.85365865934807,29.328458925577518,84.43041205848087
596.2594147407322,351.55203771920077,29.32845892557752,84.43041205848087
601.3071400391021,353.64565691774726,28.778228556584406,82.8464155416825
605.1387438411957,353.2199231619591,28.778228556584406,82.84641554168252
602.0028275513738,355.6999977871095,28.2383210436176,81.29213633768717
605.7625467454417,356.1177443642281,28.2383210436176,81.29213633768717
616.4711003352799,358.5512903811216,27.70854271987399,79.7670169208495
620.1602835463726,358.14138113544465,27.70854271987399,79.7670169208495
621.5215466546452,359.79945727401116,28.265290468744418,81.36977559184012
623.8774165635709,362.2353274849314,27.73500617239663,79.84319958720255
627.5701231835178,363.0559289560307,27.73500617239663,79.84319958720255
629.7532878573048,365.9464908713247,28.292285651418595,81.44748899650821
631.561773950653,366.38386339780845,28.860762547012552,83.08401339291505
632.9796432240048,367.68393351260704,29.440661848869677,84.7534204740189
633.9904682121846,368.13905887125924,30.03221306739902,86.45637095160336
634.5773189991023,369.04761377149254,30.63565032456227,88.19353881313393
634.7227496584991,369.52121254495376,31.2512124465337,89.96561158850622
635.3334205596151,369.07969113160993,31.879143058221903,91.7732906221541
634.8618130984818,370.4945135150099,31.879143058221906,91.7732906221541
635.9563616711473,370.51572807304103,32.51969067969076,93.61729135062504
635.9563616711473,372.44006195244054,32.51969067969076,93.61729135062504
635.9563616711473,373.8833123619902,32.51969067969076,93.61729135062504
636.1107360685836,373.42386971428596,33.17310882451779,95.49834358573315
636.6014859485932,373.9146195942955,33.1731088245178,95.49834358573317
637.5829857086123,374.89611935431464,33.1731088245178,95.49834358573317
640.1942113508642,374.9181950054997,33.839656100128835,97.4171918034013
643.3585148672945,374.4401037053955,34.51959631014873,99.37459543830704
639.7838298759787,375.97211155881655,34.51959631014873,99.37459543830704
645.4011920051892,378.0147886967113,34.51959631014873,99.37459543830704
652.8743725614247,390.69236419392064,33.871975162940686,97.51023152967782
651.8721952958068,390.1912755611117,33.871975162940686,97.51023152967784
651.3711066629978,392.6967187251565,33.871975162940686,97.51023152967784
652.691019501421,395.114677939235,33.23650401733007,95.68084489837456
650.5443554289778,396.9955861670129,32.6129549274886,93.88577933670973
648.6145026916795,396.51312298268834,32.6129549274886,93.88577933670975
647.1671131387058,393.1358806924163,32.6129549274886,93.88577933670975
648.4379648590626,398.35874354564777,32.001104224073075,92.12439094808929
645.2759955265456,412.58239045961386,32.644102411247374,93.97544633540925
643.9821886158574,416.9504297849798,33.30002036099657,95.86369497862663
642.6623852429127,419.9283540469286,33.96911767011008,97.78988420183218
643.6674366843572,418.4207768847619,33.96911767011008,97.78988420183218
639.6472309185795,417.91825116403965,33.96911767011008,97.78988420183218
640.1497566393017,417.4157254433174,33.96911767011008,97.78988420183218
640.8135373400735,414.925702209517,34.651659151455604,99.7547763450996
636.8770486562075,415.46138475905195,35.3479149387858,101.7591490662017
638.613618242237,415.48490767468934,36.058160593650825,103.8037956483889
634.8796068612671,417.61862846381496,36.058160593650825,103.8037956483889
636.4798974531113,417.08519826653355,36.058160593650825,103.8037956483889
633.2793162694229,418.68548885837777,36.058160593650825,103.8037956483889
634.5173485508631,419.77634481452185,36.782677214459056,105.88952531435197
632.8849033201569,421.408790045228,36.782677214459056,105.88952531435197
629.794624102345,424.6981582110403,37.52175154772918,108.01716354649325
626.6422519042095,426.9434556829239,38.2756761015777,110.18755241363294
624.5590095846002,434.8962203824262,39.0447492614867,112.40155090428007
621.6709465277972,448.75892305508,39.0447492614867,112.40155090428007
617.8130077861782,449.9401313193624,39.829275408397756,114.66003526659978
612.6991143183026,448.1989806934959,40.629565039178694,116.96389935521157
616.498333646776,444.619671876544,41.445934889510916,119.31405498495585
620.3738906892165,439.7421743997308,42.27870805924586,121.71143229176857
622.2502542537643,445.99671961489,42.27870805924586,121.71143229176857
621.2000466917311,442.2721276243071,43.128214140280285,124.15698010080709
622.0428026468043,442.30082808215786,43.99478934700094,126.65166630197263
623.9953272992839,442.30082808215786,43.99478934700094,126.65166630197263
626.5986935025901,444.904194285464,43.99478934700094,126.65166630197263
633.7579505616822,452.06345134455603,43.99478934700094,126.65166630197263
637.8718477662934,456.64861933649223,44.87877664935023,129.19647823297817
637.8718477662934,454.65686260617036,44.87877664935023,129.19647823297817
638.5357666764007,454.65686260617036,44.87877664935023,129.19647823297817
637.8718477662934,453.3290247859557,44.87877664935023,129.19647823297817
638.7488109569003,456.6784847381393,45.78052590856562,131.79242307011341
639.4260699896685,458.7102618364435,45.78052590856562,131.79242307011341
637.6116178705919,454.6771731269972,46.70039401564643,134.4405282268612
638.3024850691054,457.4406419210512,46.70039401564643,134.4405282268612
638.3024850691054,454.6771731269972,46.70039401564643,134.4405282268612
637.1424423621137,448.49044597057156,47.63874503260281,137.14184176052353
639.9614375346466,444.2619532117722,47.63874503260282,137.14184176052356
640.1875836758098,447.11265045732443,48.59595033654291,139.89743278701775
640.1875836758098,453.5828342530274,48.59595033654291,139.89743278701775
639.4686743651762,450.7071970104928,48.59595033654291,139.89743278701775
642.80016521654,450.5816842328247,47.68424311888451,137.27282109981928
640.6838995949431,454.8142154760185,47.68424311888451,137.27282109981928
642.80016521654,451.992527980556,47.68424311888451,137.27282109981928
639.9784777210775,448.46541861122785,47.68424311888451,137.27282109981928
644.2110089642713,451.2871061066903,47.68424311888451,137.27282109981928
637.6040915780836,457.5127449354017,46.78964041394731,134.69744967651522
635.9664386993004,458.08408493818104,45.91182132446325,132.17039472193986
636.6456400646349,458.76328630351554,45.91182132446325,132.17039472193986
635.7179125094434,464.7575183357157,45.05047097350859,129.6907497722219
635.7179125094433,461.4252238948215,45.050470973508595,129.6907497722219
634.8075900240617,465.3076216488316,44.20528039155649,127.25762536963249
636.1155009685983,461.3838888152218,44.2052803915565,127.25762536963249
636.1155009685983,463.999710704295,44.2052803915565,127.25762536963249
635.2222570170157,467.80927090641774,43.37594640564843,124.87014874353349
634.9874578219357,468.33892689694693,42.56217153064498,122.52746349731144
636.6460075924826,468.2289980585273,41.76366386251683,120.22872930118496
634.5664303931846,473.6816480402728,40.9801369736377,117.97312159077535
633.9601864198214,470.04418420009307,40.9801369736377,117.97312159077535
635.172674366548,467.01296433327667,40.9801369736377,117.97312159077535
633.3539424464582,463.98174446646027,40.9801369736377,117.97312159077535
631.313380134803,468.11960949299817,40.21130981004171,115.75983127133236
632.8803222399731,466.23114167627637,39.45690659060832,113.58806442750895
630.5454826230629,463.8963020593661,39.45690659060832,113.58806442750895
628.7943529103802,462.72888225091094,39.45690659060832,113.58806442750895
628.2106430061526,460.9777525382283,39.45690659060832,113.58806442750895
631.4993174685253,459.70842411578207,38.71665670813858,111.45704203858091
629.7810406496959,457.417388357343,38.71665670813858,111.45704203858092
630.9265585289155,456.8446294177332,38.71665670813858,111.45704203858092
635.8718110837193,457.3173916479092,37.99029463228739,109.36599969900931
634.7477842322749,459.0034319250758,37.99029463228739,109.36599969900932
636.9958379351638,462.37551247940905,37.99029463228739,109.36599969900932
639.0382456213158,466.77349921112426,37.27755981431675,107.31418734424537
638.4867761132061,469.53084675167264,37.27755981431675,107.31418734424537
637.9353066050965,467.8764382273436,37.27755981431675,107.31418734424537
636.4578585842025,466.24683673608,38.02657782366582,109.47045131055329
636.4578585842025,465.68428655114394,38.02657782366582,109.47045131055329
637.9396667170117,467.83627290522855,37.31316229779195,107.4166793421285
637.3876705198122,466.18028431363,37.31316229779195,107.41667934212852
638.1167962291864,464.5491264474198,38.06289566784149,109.57500268014991
638.6798836859763,463.4229515338401,38.06289566784149,109.57500268014991
638.2974848046493,462.322106269414,38.82769343049543,111.77669320900216
641.743894243004,462.322106269414,38.82769343049543,111.77669320900216
641.743894243004,460.59890155023663,38.82769343049543,111.77669320900216
645.1903036813586,460.02449997717747,38.82769343049543,111.77669320900216
647.487909973595,458.87569683105926,38.82769343049543,111.77669320900216
648.0623115466542,457.1524921118819,38.82769343049543,111.77669320900216
650.1497388821242,456.4778070456684,38.09924819791005,109.67965390307454
652.7616292955469,456.37940496822637,37.38446930524842,107.62195709086681
656.0799358051037,454.72025171344796,37.38446930524842,107.62195709086681
656.4306202783764,453.5175935846803,36.68310035870281,105.60286466899306
660.0307774275758,454.508199728375,35.994889774662276,103.62165238160364
664.0958863264607,456.5452095263918,35.319590689468725,101.67760956059192
662.8596889789638,456.4539867001514,34.65696087086602,99.77003887067505
659.0831768862553,406.11973794853054,34.00676263111036,97.89825605925725
660.9114247072106,410.5596495005956,33.36876274171083,96.06158971098587
661.7180842100258,410.47346523894305,32.742732349769476,94.25938100691226
662.9939930575501,408.93574869685136,32.12844689589093,92.49098348817101
664.7212601798357,407.42688121029676,31.52568603363217,90.75576282409276
665.6540172946461,407.893259767702,31.52568603363217,90.75576282409277
665.3372944899093,407.91423911130016,32.15913164310594,92.57931836651727
667.5419607659023,406.40393055859147,31.55579510519284,90.8424404543432
668.0087847450295,406.40393055859147,31.555795105192843,90.8424404543432
668.304793424324,406.3224287983059,30.963777746604013,89.13814805840566
667.3886616083901,407.6966265222067,30.963777746604016,89.13814805840566
666.1614521993248,407.7172319336719,31.585932932866534,90.92920086734321
666.1614521993248,405.3808828023933,31.585932932866534,90.92920086734323
666.6287220255805,404.44634314988184,31.585932932866534,90.92920086734323
666.1614521993248,405.848152628649,31.585932932866534,90.92920086734323
664.9095844716034,406.8037117171581,32.220589083286626,92.75624130037076
669.9784160299348,403.8605408652682,31.61609954411718,91.01604414215569
669.9784160299348,405.26368916285963,31.616099544117183,91.0160441421557
670.9138482283291,403.39282476607104,31.616099544117183,91.0160441421557
671.8492804267235,404.7959730636625,31.616099544117183,91.0160441421557
672.3169965259206,405.26368916285963,31.616099544117183,91.0160441421557
673.720144823512,404.3282569644653,31.616099544117183,91.0160441421557
672.7847126251177,404.7959730636625,31.616099544117183,91.0160441421557
674.1878609227091,404.3282569644653,31.616099544117183,91.0160441421557
673.720144823512,403.392824766071,31.616099544117183,91.0160441421557
671.8492804267233,403.86054086526815,31.616099544117183,91.0160441421557
671.8492804267233,404.7959730636625,31.616099544117183,91.0160441421557
671.8492804267233,404.7959730636625,31.616099544117183,91.0160441421557
671.3815643275262,405.7314052620568,31.616099544117183,91.0160441421557
671.6781386917372,409.8591926412867,31.0229508156952,89.30849477245604
671.5102077418874,410.6969496839865,30.440930133398506,87.63298068705646
670.8950962330053,412.4196518045004,29.86982872427584,85.98890087291545
670.7334072712002,413.6681519025315,29.309441732159247,84.3756655925798
668.999038015754,414.96892884411625,29.309441732159247,84.3756655925798
667.2646687603077,416.269705785701,29.309441732159247,84.3756655925798
666.536619140084,417.15639491677143,29.898356344883524,86.0710258413315
664.4670273661691,418.0609002925525,30.49910401892127,87.80045096356139
663.258234701192,418.0811964783981,31.111922515973458,89.56462542477223
662.0251537651975,414.4198404497548,31.737054375086913,91.36424744343219
663.1148238201114,412.56293862335224,32.374747008645535,93.20002926731307
664.551641511261,412.56293862335224,32.374747008645535,93.20002926731307
662.156945359345,412.56293862335224,32.374747008645535,93.20002926731307
657.846492285896,413.5208170841187,32.374747008645535,93.20002926731307
654.3186692886029,412.4793216882946,31.76736531710052,91.45150621589559
651.7969394071391,413.8071350841698,31.17137869588997,89.73578715483492
648.4002454780305,415.1100374113584,30.586573362429174,88.05225664941747
644.6147911302356,415.9360103305259,30.012739544902296,86.4003108110825
640.6188215129473,416.38000695466906,30.012739544902296,86.4003108110825
632.0204230990273,415.8584939473783,29.449671407016467,84.77935708080511
628.099421752066,416.7298275800364,29.449671407016467,84.77935708080511
623.3070867724465,416.7298275800364,29.449671407016467,84.77935708080511
614.5937504458657,416.7298275800364,29.449671407016467,84.77935708080511
608.9300818335881,417.16549439636543,29.449671407016467,84.77935708080511
601.5237459559944,418.0368280290235,29.449671407016467,84.77935708080511
592.3747428130845,417.6011612126945,29.449671407016467,84.77935708080511
583.2257396701746,418.9081616616816,29.449671407016467,84.77935708080511
577.562071057897,417.6011612126945,29.449671407016467,84.77935708080511
567.2458681585384,418.49209266709835,30.041403654597648,86.48282870262973
558.3574547651476,417.1588306580897,30.04140365459765,86.48282870262975
550.3578827110958,418.93651333676786,30.041403654597655,86.48282870262975
542.8027313267136,418.93651333676786,30.041403654597655,86.48282870262975
534.8031592726618,420.2697753457765,30.041403654597655,86.48282870262975
527.6924285579491,419.3809340064374,30.041403654597655,86.48282870262975
521.7523421347846,421.96986760814167,29.477797750179512,84.86032685657752
516.08326435224,422.4059505144913,29.477797750179512,84.86032685657753
509.97810366334573,424.1502821398896,29.477797750179512,84.86032685657753
503.71337612328136,426.2545619268792,28.924765639820635,83.26826472069592
497.2948526097922,427.53826662957704,28.924765639820638,83.26826472069592
492.5879353665668,427.96616819714296,28.924765639820638,83.26826472069592
487.0252149882095,429.2498728998408,28.924765639820638,83.26826472069592
483.174100880116,430.5335776025386,28.924765639820638,83.26826472069592
479.460295681588,429.2691214134562,29.505950955821554,84.94137396372886
475.0953017439575,429.2691214134562,29.505950955821554,84.94137396372886
473.05287263262767,429.28875668745576,30.098814028376875,86.64810099078207
470.96940499316383,428.41824654085184,30.703589498649052,88.38912128398985
468.8440742384203,428.4386788052949,31.320516722445408,90.16512389794906
467.13938257640837,427.06949152446754,31.949839864949503,91.97681173243055
465.7214226110348,426.12418488088514,31.949839864949503,91.97681173243055
465.7214226110348,424.7062249155116,31.949839864949503,91.97681173243055
464.7761159674524,425.1788782373028,31.949839864949503,91.97681173243055
463.982478579458,423.3095265546505,32.59180799735593,93.82490181057028
463.01817788948614,422.8273762096646,32.59180799735593,93.82490181057028
462.5360275445002,420.8987748297208,32.59180799735593,93.82490181057028
461.7264436004688,418.99186226370904,33.2466751954468,95.71012556265008
462.21828179233654,418.5000240718413,33.2466751954468,95.71012556265008
461.23460540860106,417.51634768810584,33.2466751954468,95.71012556265008
460.40875449438226,415.07928133603747,33.91470064014891,97.6332291155804
460.22517015625124,417.50029051873446,33.27842792309708,95.80153493012816
459.2405542978728,415.03875087278834,33.27842792309708,95.80153493012816
457.7636305103051,413.06951915603145,33.27842792309708,95.80153493012816
456.5988745342495,413.4758761387708,32.654092300072996,94.00420510627096
455.93904226572636,411.94232245240096,32.04146981960113,92.2405949352156
454.8175802321162,411.38555744070857,31.4403407317531,90.51007180353186
452.3218099371844,409.4438899032116,30.850489409322556,88.8120149662318
450.7856426465461,408.90781982922925,30.271704270478935,87.14581532410622
449.44215970827145,407.11650924486304,30.271704270478935,87.14581532410622
447.2030214778137,404.8773710144053,30.271704270478935,87.14581532410622
446.59132946943396,404.79918578165604,29.703777702872276,85.51087520523856
444.23340953877573,403.8436154506242,29.146505989161902,83.90660815061779
443.3710457252095,402.55006973027486,29.146505989161902,83.90660815061779
441.6463180980771,400.3941601963593,29.146505989161902,83.90660815061779
439.4904085641615,398.66943256922684,29.146505989161902,83.90660815061779
437.76568093702906,396.51352303531127,29.146505989161902,83.90660815061779
436.4721352166797,393.49524968782947,29.146505989161902,83.90660815061779
434.3162256827641,391.3393401539139,29.146505989161902,83.90660815061779
432.5914980556317,388.7522487132152,29.146505989161902,83.90660815061779
430.4355885217161,386.16515727251647,29.146505989161902,83.90660815061779
428.7108608945837,383.57806583181775,29.146505989161902,83.90660815061779
427.25954164506106,381.34687720775815,28.599689233942268,82.33243870377338
425.9902640985296,378.3852295991848,28.599689233942268,82.33243870377338
425.56717158301916,375.00048947510095,28.599689233942268,82.33243870377338
424.8567522896199,372.90405908313204,29.17434278971987,83.9867443946483
423.2688711145091,370.3339114018727,29.760542859393713,85.67429004976997
421.20881891703834,367.27185601734527,30.358521447067513,87.39574355974
420.00559806104206,364.59738673911573,30.96851521850344,89.15178623508585
420.15260886515586,360.95290736516563,31.590765594788834,90.94311307590743
420.30257355735677,356.7678581484058,32.22551884788493,92.77043304694165
419.9788198822515,352.4987187377336,32.87302619809548,94.63446935815384
420.1348716006157,347.6574889328193,33.533543913493816,96.53595975096722
418.8058128227522,343.2150663119032,34.20733341134765,98.47565679024342
418.8058128227522,339.67271777920814,34.20733341134765,98.47565679024342
418.8058128227522,337.1424688272831,34.20733341134765,98.47565679024342
418.2997630323672,334.1061700849731,34.20733341134765,98.47565679024342
418.2997630323672,330.05777176189304,34.20733341134765,98.47565679024342
417.7937132419822,327.021473019583,34.20733341134765,98.47565679024342
418.2997630323672,322.973074696503,34.20733341134765,98.47565679024342
417.7937132419822,319.43072616380795,34.20733341134765,98.47565679024342
419.3118626131372,316.39442742149794,34.20733341134765,98.47565679024342
420.32396219390716,313.3581286791879,34.20733341134765,98.47565679024342
421.33606177467715,309.8157801464929,34.20733341134765,98.47565679024342
422.34816135544713,305.76738182341285,34.20733341134765,98.47565679024342
425.5468459130251,302.24779718554464,34.89466136158185,100.45432816212978
428.64415300596437,298.11805439495896,34.89466136158185,100.45432816212978
429.84223733706483,295.04396859178524,35.59579979232012,102.47275697789146
434.05495904954176,290.30465666524873,35.59579979232012,102.47275697789146
436.68791011983984,287.145115380891,35.59579979232012,102.47275697789146
439.84745140419756,283.9855740965333,35.59579979232012,102.47275697789146
443.1759697000013,280.3231304732568,36.311026197547214,104.53174208384823
446.9361666386163,274.95142056094966,36.31102619754722,104.53174208384823
450.69636357723135,272.2655656047961,36.31102619754722,104.53174208384823
454.4565605158464,268.5053686661811,36.31102619754722,104.53174208384823
457.1424154719999,265.28234271879677,36.31102619754722,104.53174208384823
461.97695439307637,260.98497478895104,36.31102619754722,104.53174208384823
465.1999803404607,258.8362908240282,36.31102619754722,104.53174208384823
469.13254954561273,255.10025772102927,37.040623646934534,106.632098377539
471.87237138540036,250.16857840941162,37.040623646934534,106.632098377539
477.69947409902676,247.33308868931124,36.34570557883196,104.63157666633461
479.85021019627095,244.644668567756,36.34570557883196,104.63157666633461
483.0763143421372,240.88088039757872,36.34570557883196,104.63157666633461
487.37778653662554,235.50404015446827,36.34570557883196,104.63157666633461
491.1415747068028,233.89098808153517,36.34570557883196,104.63157666633461
494.3676788526691,230.12719991135788,36.34570557883196,104.63157666633461
498.13146702284644,227.43877978980265,36.34570557883196,104.63157666633461
500.8198871444016,224.75035966824743,36.34570557883196,104.63157666633461
504.58367531457895,220.98657149807013,36.34570557883196,104.63157666633461
506.9069483050364,218.32233829015868,37.07599984102743,106.73393893629127
509.64938685209404,213.38594890545497,37.07599984102743,106.73393893629127
512.3918253991517,211.19199806780884,37.07599984102743,106.73393893629127
517.876702493267,208.4495595207512,37.07599984102743,106.73393893629127
521.1676287497361,204.6101455548705,37.07599984102743,106.73393893629127
527.0002967237793,202.32043546789103,36.38041808117144,104.7315065973119
530.5707479933029,198.99728747083557,35.69788611057856,102.76664183348392
536.1866158849574,195.73648495716463,35.02815910253015,100.83863984061728
541.1789318799302,194.0914365502207,34.370996823494536,98.94680903733294
545.2466995784397,191.54908173865223,34.370996823494536,98.94680903733295
550.3314092015765,187.98978500245641,34.370996823494536,98.94680903733295
554.9076478623997,185.95590115320167,34.370996823494536,98.94680903733295
558.9754155609091,182.90507537931956,34.370996823494536,98.94680903733295
563.5516542217323,180.36272056775113,34.370996823494536,98.94680903733295
568.6363638448692,177.31189479386902,34.370996823494536,98.94680903733295
572.3588233237914,174.2839418276207,35.06161326266901,100.93494727132008
577.0270123480265,170.13444047274507,35.06161326266901,100.93494727132008
580.1391383641832,167.02231445658833,35.06161326266901,100.93494727132008
583.7699520496993,164.9475637791505,35.06161326266901,100.93494727132008
586.882078065856,161.83543776299376,35.06161326266901,100.93494727132008
589.9942040820127,158.72331174683703,35.06161326266901,100.93494727132008
591.5502670900911,156.12987340003974,35.06161326266901,100.93494727132008
593.1063300981695,152.49905971452355,35.06161326266901,100.93494727132008
593.1063300981695,150.9429967064452,35.06161326266901,100.93494727132008
593.1063300981695,148.34955835964792,35.06161326266901,100.93494727132008
592.58764242881,145.23743234349118,35.06161326266901,100.93494727132008
591.0315794207316,142.6439939966939,35.06161326266901,100.93494727132008
588.9568287432938,140.56924331925606,35.06161326266901,100.93494727132008
587.4007657352155,138.49449264181823,35.06161326266901,100.93494727132008
583.7699520496993,136.4197419643804,35.06161326266901,100.93494727132008
582.213889041621,134.34499128694256,35.06161326266901,100.93494727132008
578.0643876867454,133.30761594822366,35.06161326266901,100.93494727132008
578.0643876867454,130.19548993206692,35.06161326266901,100.93494727132008
574.9522616705887,129.15811459334802,35.06161326266901,100.93494727132008
573.9148863318698,126.56467624655073,35.06161326266901,100.93494727132008
572.3588233237914,124.4899255691129,35.06161326266901,100.93494727132008
569.2466973076347,121.89648722231561,35.06161326266901,100.93494727132008
567.8570754712723,120.36375660519485,35.766106257955826,102.96303316684272
565.2115271677728,116.13087931959568,35.766106257955826,102.96303316684273
564.1533078463731,113.48533101609618,35.766106257955826,102.96303316684275
562.0368692035735,111.3688923732966,35.766106257955826,102.96303316684275
559.9204305607739,109.25245373049702,35.766106257955826,102.96303316684275
558.3331015786741,107.13601508769744,35.766106257955826,102.96303316684275
557.2748822572744,104.49046678419796,35.766106257955826,102.96303316684275
555.1584436144748,102.90313780209829,35.766106257955826,102.96303316684275
553.571114632375,101.31580881999861,35.766106257955826,102.96303316684275
552.5128953109753,98.67026051649913,35.766106257955826,102.96303316684275
550.9255663288756,97.61204119509932,35.766106257955826,102.96303316684275
548.9789131602553,95.51940376098884,36.48475463099693,105.03186939226411
547.8994310380306,92.82069845542713,36.48475463099693,105.03186939226411
546.2802078546936,91.20147527209011,36.48475463099693,105.03186939226411
544.1212436102442,88.5027699665284,36.48475463099693,105.03186939226411
544.4634883230362,86.24957353061944,35.800265205412785,103.061369530734
542.345028344286,85.71995853593188,35.800265205412785,103.061369530734
541.2857983549109,84.66072854655675,35.800265205412785,103.061369530734
539.6969533708482,82.54226856780647,35.800265205412785,103.061369530734
538.1081083867855,80.95342358374378,35.800265205412785,103.061369530734
537.0488783974104,79.89419359436866,35.800265205412785,103.061369530734
537.384702267052,78.21288430626277,35.12861746612954,101.1278381600701
535.8256655577463,76.1341686938552,35.12861746612954,101.12783816007011
533.7469499453388,74.57513198454953,35.12861746612954,101.12783816007011
532.7075921391349,72.49641637214197,35.12861746612954,101.12783816007011
531.9977578206748,70.84665007892488,34.4695704906422,99.23058171548534
531.9977578206748,70.84665007892488,34.4695704906422,99.23058171548534
530.977899376189,69.82679163443916,34.4695704906422,99.23058171548534
529.9580409317033,67.78707474546772,34.4695704906422,99.23058171548534
528.9381824872175,66.25728707873915,34.4695704906422,99.23058171548534
528.4282532649747,63.70764096752486,34.4695704906422,99.23058171548534
526.3885363760033,63.197711745282,34.4695704906422,99.23058171548534
526.7118776831314,60.55903822525391,33.82288787638592,97.36891964414151
525.711152773403,61.059400680118124,33.82288787638592,97.36891964414151
527.0291527933556,58.97059369248733,33.18833765593754,95.54218416103251
526.5381776240241,58.97059369248733,33.18833765593754,95.54218416103251
525.0652521160298,57.988643353824415,33.18833765593754,95.54218416103251
526.0472024546928,56.02474267649859,33.18833765593754,95.54218416103251
524.240850312438,54.573902953993326,33.85519092445829,97.46191326738014
524.240850312438,53.071381953766824,33.85519092445829,97.46191326738015
523.7400099790292,53.071381953766824,33.85519092445829,97.46191326738015
524.7416906458469,52.06970128694916,33.85519092445829,97.46191326738015
522.7383293122116,50.56718028672267,33.85519092445829,97.46191326738015
523.2391696456204,49.565499619905005,33.85519092445829,97.46191326738015
520.8956821363626,48.08550817485544,34.535443275703436,99.42021549066162
521.9174895728186,46.04189330194338,34.53544327570344,99.42021549066162
520.8956821363626,44.50918214725933,34.53544327570344,99.42021549066162
520.8956821363626,44.50918214725933,34.53544327570344,99.42021549066162
520.3847784181345,42.97647099257528,34.53544327570344,99.42021549066162
519.8738746999064,41.44375983789123,34.53544327570344,99.42021549066162
519.8738746999064,40.4219524014352,34.53544327570344,99.42021549066162
519.3629709816784,39.40014496497917,34.53544327570344,99.42021549066162
518.8520672634503,39.91104868320719,34.53544327570344,99.42021549066162
518.8520672634503,37.86743381029513,34.53544327570344,99.42021549066162
518.3411635452222,36.8456263738391,34.53544327570344,99.42021549066162
518.1542190528293,35.22371767525451,33.887524824033314,97.55499570555064
518.9734191573639,37.141468237326876,33.251761951681026,95.72476925483952
517.9895922707,34.6819010206671,33.251761951681026,95.72476925483952
517.9895922707,34.189987577335145,33.251761951681026,95.72476925483952
517.497678827368,34.6819010206671,33.251761951681026,95.72476925483952
517.497678827368,31.730420360675367,33.251761951681026,95.72476925483952
517.497678827368,31.730420360675367,33.251761951681026,95.72476925483952
517.497678827368,31.730420360675367,33.251761951681026,95.72476925483952
517.005765384036,30.746593474011462,33.251761951681026,95.72476925483952
516.513851940704,29.27085314401559,33.251761951681026,95.72476925483952
516.513851940704,29.27085314401559,33.251761951681026,95.72476925483952
516.513851940704,27.795112814019717,33.251761951681026,95.72476925483952
516.513851940704,26.81128592735581,33.251761951681026,95.72476925483952
516.513851940704,27.303199370687764,33.251761951681026,95.72476925483952
516.513851940704,26.81128592735581,33.251761951681026,95.72476925483952
516.513851940704,25.827459040691906,33.251761951681026,95.72476925483952
516.513851940704,25.827459040691906,33.251761951681026,95.72476925483952
516.513851940704,25.335545597359953,33.251761951681026,95.72476925483952
516.513851940704,24.843632154028,33.251761951681026,95.72476925483952
516.513851940704,23.859805267364095,33.251761951681026,95.72476925483952
517.005765384036,22.384064937368223,33.251761951681026,95.72476925483952
516.513851940704,22.875978380700175,33.251761951681026,95.72476925483952
517.4976788273678,20.416411164040397,33.251761951681026,95.72476925483952
517.6555284442522,20.43853915638556,33.919889604576156,97.648167043477
518.1573259044011,18.431349315790257,33.919889604576156,97.648167043477
517.6555284442522,18.431349315790257,33.919889604576156,97.648167043477
518.6591233645499,17.929551855641435,33.919889604576156,97.648167043477
519.6627182848476,17.929551855641435,33.919889604576156,97.648167043477
519.8237395740841,17.450327005587965,34.60144194640091,99.61021166388159
519.3118594975685,13.867166469978798,34.60144194640091,99.6102116638816
520.4998763406007,13.890192631528798,35.296688719429945,101.61167964684397
521.5442069063868,13.368027348635763,35.296688719429945,101.61167964684398
522.0663721892798,12.845862065742736,35.296688719429945,101.611679646844
521.5442069063868,12.323696782849716,35.296688719429945,101.611679646844
522.5885374721728,11.279366217063668,35.296688719429945,101.611679646844
523.1107027550659,10.757200934170648,35.296688719429945,101.611679646844
523.1107027550659,10.235035651277627,35.296688719429945,101.611679646844
523.9639681156618,10.14387197584827,34.634488564024245,99.70534586613061
523.4515991605272,9.631503020713566,34.634488564024245,99.70534586613063
525.3135943446599,9.029680709225524,33.98471192656679,97.83477675829855
525.8163507606578,10.035193541221297,33.98471192656679,97.83477675829855
524.4694105202917,8.549540040521165,34.6675667433073,99.80057092770303
524.9822688209563,7.01096513852756,34.667566743307304,99.80057092770305
523.9565522196273,6.498106837863027,34.667566743307304,99.80057092770305
524.4694105202918,4.959531935869428,34.667566743307304,99.80057092770305
525.6596977129988,4.982602101373331,35.36414216188058,101.80586379935338
524.7812486962696,2.9134831657135507,36.07471387033925,103.8514490206738
524.2475736163457,0.2451077660940797,36.07471387033925,103.85144902067381
524.7812486962696,1.3124579259418638,36.07471387033925,103.85144902067381
524.7812486962696,0.7787828460179682,36.07471387033925,103.85144902067381
524.7812486962696,0.7787828460179682,36.07471387033925,103.85144902067381
525.3149237761935,0.0,36.07471387033925,103.85144902067381
525.4861742432191,0.0,36.799563096135984,105.93813618584622
525.4861742432191,0.0,36.799563096135984,105.93813618584622
526.0305724565239,0.0,36.799563096135984,105.93813618584622
527.4645666521768,0.0,36.10916755804947,103.95063387923352
526.3961971038117,0.0,36.10916755804947,103.95063387923352
526.3961971038117,0.0,36.10916755804947,103.95063387923352
526.9303818779943,0.0,36.10916755804947,103.95063387923352
527.4645666521768,0.0,36.10916755804947,103.95063387923352
527.4645666521768,0.0,36.10916755804947,103.95063387923352
527.4645666521768,0.0,36.10916755804947,103.95063387923352
527.9987514263594,0.0,36.10916755804947,103.95063387923352
527.4645666521768,0.0,36.10916755804947,103.95063387923352
