385.0,460.0,17.0,47.0
384.51181102362204,459.755905511811,17.0,47.0
383.6949013248344,459.70859935522765,16.681063492063494,46.11823436041084
382.9763562091503,458.99005423954355,16.681063492063494,46.11823436041084
382.73684117058895,458.99005423954355,16.681063492063494,46.11823436041084
382.01829605490485,459.2295692781049,16.681063492063494,46.11823436041084
381.5392659777821,459.4690843166663,16.681063492063494,46.11823436041084
380.5812058235367,458.99005423954355,16.681063492063494,46.11823436041084
379.8626607078526,459.2295692781049,16.681063492063494,46.11823436041084
379.3836306307299,459.4690843166663,16.681063492063494,46.11823436041084
378.4255704764845,459.2295692781049,16.681063492063494,46.11823436041084
377.94654039936177,459.70859935522765,16.681063492063494,46.11823436041084
377.46751032223904,459.2295692781049,16.681063492063494,46.11823436041084
376.74896520655494,459.4690843166663,16.681063492063494,46.11823436041084
376.2699351294322,458.7505392009822,16.681063492063494,46.11823436041084
376.03042009087085,458.5110241624208,16.681063492063494,46.11823436041084
375.8628337864978,457.5686672437962,17.01623610080953,47.04488804341457
375.8628337864978,457.8129948580274,17.01623610080953,47.04488804341457
375.6185061722666,457.8129948580274,17.01623610080953,47.04488804341457
374.8855233295731,457.5686672437962,17.01623610080953,47.04488804341457
374.3968681011108,457.5686672437962,17.01623610080953,47.04488804341457
373.90821287264845,457.5686672437962,17.01623610080953,47.04488804341457
373.6638852584173,457.3243396295651,17.01623610080953,47.04488804341457
373.17523002995495,456.83568440110275,17.01623610080953,47.04488804341457
372.6018677437384,457.5213159067701,16.696994987855685,46.16228026054218
372.3621239528058,456.8020845339722,16.696994987855685,46.16228026054218
372.1223801618732,456.8020845339722,16.696994987855685,46.16228026054218
372.1223801618732,456.8020845339722,16.696994987855685,46.16228026054218
371.8826363709406,456.5623407430396,16.696994987855685,46.16228026054218
371.4031487890754,456.322596952107,16.696994987855685,46.16228026054218
370.92366120721016,456.8020845339722,16.696994987855685,46.16228026054218
371.16340499814277,456.5623407430396,16.696994987855685,46.16228026054218
370.8405433361146,456.2761339721442,16.383743148181566,45.29623105673726
370.370051406894,456.2761339721442,16.383743148181566,45.29623105673726
370.8405433361146,456.2761339721442,16.383743148181566,45.29623105673726
370.75898483699285,456.2305426828036,16.076368217204525,44.446429776977205
371.4514824026251,455.53804511717135,16.076368217204525,44.446429776977205
371.2206498807477,455.53804511717135,16.076368217204525,44.446429776977205
371.2206498807477,455.53804511717135,16.076368217204525,44.446429776977205
371.6823149245025,455.30721259529395,16.076368217204525,44.446429776977205
372.6056450120122,455.30721259529395,16.076368217204525,44.446429776977205
372.6056450120122,455.30721259529395,16.076368217204525,44.446429776977205
372.8364775338896,455.30721259529395,16.076368217204525,44.446429776977205
373.52897509952186,455.07638007341654,16.076368217204525,44.446429776977205
373.52897509952186,454.84554755153914,16.076368217204525,44.446429776977205
373.99064014327666,454.38388250778434,16.076368217204525,44.446429776977205
373.52897509952186,454.61471502966174,16.076368217204525,44.446429776977205
374.68313770890893,454.61471502966174,16.076368217204525,44.446429776977205
375.14480275266374,454.15304998590693,16.076368217204525,44.446429776977205
375.14480275266374,453.6913849421521,16.076368217204525,44.446429776977205
375.37563527454114,453.6913849421521,16.076368217204525,44.446429776977205
375.60646779641854,453.6913849421521,16.076368217204525,44.446429776977205
375.83730031829595,453.4605524202747,16.076368217204525,44.446429776977205
376.991462927683,453.2297198983973,16.076368217204525,44.446429776977205
376.82995169438885,451.85985875413326,16.399390683792817,45.33949189048601
378.00730489308637,451.38891747465425,16.399390683792817,45.339491890486016
378.2427755328259,451.62438811439375,16.399390683792817,45.339491890486016
379.89107001100234,451.38891747465425,16.399390683792817,45.339491890486016
379.89107001100234,451.15344683491475,16.399390683792817,45.339491890486016
380.36201129048135,450.68250555543574,16.399390683792817,45.339491890486016
380.59748193022085,450.68250555543574,16.399390683792817,45.339491890486016
380.83295256996036,450.68250555543574,16.399390683792817,45.339491890486016
381.77483512891837,450.68250555543574,16.399390683792817,45.339491890486016
382.4812470481369,450.44703491569624,16.399390683792817,45.339491890486016
382.9521883276159,450.44703491569624,16.399390683792817,45.339491890486016
384.0479051335438,450.40140008372214,16.09172218985309,44.48887899547618
383.8168521516608,450.63245306560515,16.09172218985309,44.48887899547618
385.896328988608,450.40140008372214,16.09172218985309,44.48887899547618
388.12675399267033,450.12556842362676,15.789825855622729,43.65422442436871
387.9000357890926,448.99197740573817,15.789825855622729,43.65422442436871
390.5420522613687,448.721320615434,15.4935933897805,42.835228783510786
390.019995440163,448.67820635926125,15.202918532655515,42.03159829616524
391.11145091610626,448.2416241688839,15.202918532655517,42.03159829616524
393.4369726252649,449.2907742539667,14.917697018111497,41.24304469713177
394.64788657759885,449.4634582955897,14.637826536146125,40.46928512934515
395.83608260832284,449.4227253947568,14.36320669619208,39.71004204241338
396.04231670169105,450.24766176822965,14.36320669619208,39.71004204241338
397.69218944863667,449.628959488125,14.36320669619208,39.71004204241338
397.75412358593155,448.6113102706413,14.651806608338667,40.507935917171594
399.0795698958846,447.3628354724244,14.946205358520018,41.32186187355532
399.93799021290937,446.93362531391205,14.946205358520018,41.32186187355532
400.58180545067796,446.50441515539967,14.946205358520018,41.32186187355532
401.65483084695893,446.50441515539967,14.946205358520018,41.32186187355532
402.9424613224961,446.0752049968873,14.946205358520018,41.32186187355532
404.44469687728946,445.4313897591187,14.946205358520018,41.32186187355532
404.87390703580184,445.2167846798625,14.946205358520018,41.32186187355532
405.3031171943142,445.00217960060627,14.946205358520018,41.32186187355532
406.9455554121649,445.38979872788235,14.665800032405414,40.54662361900318
408.8407653283488,444.75806208915435,14.665800032405414,40.546623619003185
410.73597524453277,444.54748320957833,14.665800032405414,40.546623619003185
412.4206062811407,443.91574657085033,14.665800032405414,40.546623619003185
412.0626874415391,443.71897379623806,14.960479952456538,41.36132692737982
413.56635772856225,443.5041637552347,14.96047995245654,41.36132692737982
415.9292681795987,443.07454367322805,14.96047995245654,41.36132692737982
417.6477485076252,442.2153035092148,14.96047995245654,41.36132692737982
418.50698867163845,442.0004934682115,14.96047995245654,41.36132692737982
418.72179871264177,441.78568342720814,14.96047995245654,41.36132692737982
420.44027904066826,442.2153035092148,14.96047995245654,41.36132692737982
421.9439493276914,441.3560633452015,14.96047995245654,41.36132692737982
424.5216698197312,441.14125330419824,14.96047995245654,41.36132692737982
425.38090998374446,439.85239305817834,14.96047995245654,41.36132692737982
425.5212465494236,439.81076230481403,14.679806821098268,40.58534827009519
428.18831021735656,439.9806925808503,14.40439939023335,39.82392772593924
430.8770424796373,438.9465647876654,14.40439939023335,39.82392772593924
432.7384725073701,438.1192625531175,14.40439939023335,39.82392772593924
434.8067280937399,437.70561143584354,14.40439939023335,39.82392772593924
434.8067280937399,437.0851347599326,14.40439939023335,39.82392772593924
436.87498368010966,437.49878587720656,14.40439939023335,39.82392772593924
439.15006482511643,437.70561143584354,14.40439939023335,39.82392772593924
441.6319715287602,436.8783092012956,14.40439939023335,39.82392772593924
442.80121958195815,436.42457474443086,14.134158870207244,39.07679217057295
442.6592207548686,436.4378803725251,14.418156524386319,39.86196215565627
445.27874714873735,437.0188280220639,14.147657907164568,39.11411303745497
447.71641678350585,435.5968540684489,14.147657907164568,39.11411303745497
449.88052004605976,435.7606243034888,13.882234106670957,38.38029429491381
451.67447248504135,435.1626401571616,13.882234106670957,38.38029429491381
451.33567657131294,434.7770525305278,14.161169836576295,39.15146954818152
454.0400704401867,434.18038414445215,14.445710222102623,39.93814002581313
456.6646028581123,434.76244200914897,14.174694670755558,39.18886173679477
458.42578712498425,435.1300525595119,13.908763634322794,38.45364063606889
461.35218370268325,434.6919304870596,13.647821722367194,37.73221299713282
460.9602592252461,433.7121192934668,13.647821722367196,37.73221299713282
463.1158438511503,433.51615705474825,13.647821722367196,37.73221299713282
466.0552774319288,433.7121192934668,13.647821722367196,37.73221299713282
468.6027865352701,432.732308099874,13.647821722367196,37.73221299713282
471.73818235476716,432.34038362243683,13.647821722367196,37.73221299713282
471.20914503639625,432.3532314219983,13.92204740423472,38.49036635288421
474.0677728068667,431.1669391245095,14.201783102728008,39.263753284012715
476.9226009062571,431.1669391245095,14.201783102728008,39.263753284012715
479.70673233369445,431.7391684867609,13.93534386100708,38.52712714513721
481.367546527913,430.7518338284579,14.215346725206295,39.301252710864446
481.7757686200681,430.9559448745354,14.215346725206295,39.301252710864446
484.7666701193784,431.1204986607265,13.948653016756651,38.56392304632719
486.8296339479961,430.93334793249164,14.228923301822343,39.33878795209704
490.30283569883466,430.52473596180477,14.228923301822343,39.33878795209704
493.16311949364285,429.50320603508754,14.228923301822343,39.33878795209704
492.88798173206123,429.46361099545646,13.961974883611777,38.60075408998548
496.42699294871545,429.6252318038838,13.700034676948462,37.87656645979867
499.24003462619316,427.867721310211,13.975309473712388,38.6376203096754
502.1804324136165,428.0294964769759,13.713119097190164,37.91274103340807
504.9370297680308,428.4232960990351,13.713119097190164,37.91274103340807
505.7246290121492,428.0294964769759,13.713119097190164,37.91274103340807
508.8750259886227,428.6201959100647,13.713119097190164,37.91274103340807
511.8285231540666,428.4232960990351,13.713119097190164,37.91274103340807
514.7820203195105,428.0294964769759,13.713119097190164,37.91274103340807
518.1293171070135,428.0294964769759,13.713119097190164,37.91274103340807
518.5231167290727,428.0294964769759,13.713119097190164,37.91274103340807
520.8859144614279,428.0294964769759,13.713119097190164,37.91274103340807
523.8394116268718,427.6356968549167,13.713119097190164,37.91274103340807
526.4582401302762,426.6641070690358,13.988656799210005,38.67452173899234
529.4710819142654,425.8606825933054,13.988656799210005,38.67452173899234
529.4710819142654,425.6598264743728,13.988656799210005,38.67452173899234
532.2830675793219,426.061538712238,13.988656799210005,38.67452173899234
534.8941971254459,426.061538712238,13.988656799210005,38.67452173899234
538.4399715399551,425.8217561468975,13.726216013900459,37.94895015607771
541.3279601940086,425.980647861523,13.468698872567778,37.23699100062853
540.9411795872003,425.7872575581188,13.468698872567778,37.23699100062853
543.7067208550395,425.0263755212227,13.739325439014284,37.98519386080416
546.863138371367,424.0399950473703,13.739325439014284,37.98519386080416
550.4141080772354,423.4481667630589,13.739325439014284,37.98519386080416
553.175973404022,423.25089066828843,13.739325439014284,37.98519386080416
552.9786973092515,423.05361457351796,13.739325439014284,37.98519386080416
556.5296670151199,422.8563384787475,13.739325439014284,37.98519386080416
559.6176899801159,424.1990385138721,13.481562352136493,37.272554738259686
562.3277400314486,424.39261351753873,13.481562352136493,37.272554738259686
565.0377900827813,423.231163495539,13.481562352136493,37.272554738259686
565.4249400901145,423.8118885065389,13.481562352136493,37.272554738259686
568.1349901414472,423.61831350287224,13.481562352136493,37.272554738259686
571.4257652037797,423.0375884918724,13.481562352136493,37.272554738259686
573.9422402514458,423.231163495539,13.481562352136493,37.272554738259686
577.0394403101117,422.4568634808725,13.481562352136493,37.272554738259686
577.2330153137783,421.68256346620603,13.481562352136493,37.272554738259686
581.037403983977,420.67717310083657,13.228635151070687,36.573285417665986
583.8865542133647,421.05705979808823,13.228635151070689,36.573285417665986
586.7357044427523,420.4872297522107,13.228635151070689,36.573285417665986
589.58485467214,420.6771731008365,13.228635151070689,36.573285417665986
589.58485467214,420.86711644946234,13.228635151070689,36.573285417665986
592.4340049015276,420.6771731008365,13.228635151070689,36.573285417665986
595.473098479541,421.0570597980882,13.228635151070689,36.573285417665986
598.1323053603028,420.6771731008365,13.228635151070689,36.573285417665986
601.3613422869421,420.6771731008365,13.228635151070689,36.573285417665986
601.7412289841938,420.6771731008365,13.228635151070689,36.573285417665986
604.7144702341652,420.64036157814,12.980453109903124,35.88713506855566
607.3237878116074,419.89484227029936,12.980453109903124,35.887135068555665
610.986767476389,420.23148102143494,12.736927204826294,35.21385756628443
613.4837271231763,420.1960377818619,12.497970082205779,34.55321140374536
613.4215120559139,419.8023553023961,12.263496027246152,33.90495960473933
616.3539159899059,420.47257108365426,12.033420933244791,33.26886963897087
619.0585233124608,420.2663036354916,11.807662271422487,32.644713338638624
622.1102489018326,419.24906177236767,11.807662271422487,32.644713338638624
624.8228938701632,418.7404408408057,11.807662271422487,32.644713338638624
624.6533535596425,419.24906177236767,11.807662271422487,32.644713338638624
627.4169131594838,418.0733951072078,12.04491362944218,33.30064356375189
631.2217446070426,418.2463419911877,12.044913629442181,33.30064356375189
634.1618416347018,417.9004482232278,12.044913629442181,33.30064356375189
637.2748855463408,417.38160757128793,12.044913629442181,33.30064356375189
637.6207793143006,416.68982003536814,12.044913629442181,33.30064356375189
640.7338232259397,416.68982003536814,12.044913629442181,33.30064356375189
644.0198140215587,416.3439262674082,12.044913629442181,33.30064356375189
