514.0,286.0,26.0,83.0
513.5866141732283,285.5866141732283,26.000000000000004,83.0
514.0,285.17322834645665,26.000000000000004,83.0
513.5866141732283,285.5866141732283,26.000000000000004,83.0
514.0,285.17322834645665,26.000000000000004,83.0
514.4133858267717,285.17322834645665,26.000000000000004,83.0
514.8267716535433,285.17322834645665,26.000000000000004,83.0
516.7242075843461,285.1250369916995,25.512214752567697,81.44283940242764
516.7242075843461,284.7194066844586,25.5122147525677,81.44283940242764
517.1298378915872,284.31377637721755,25.5122147525677,81.44283940242764
518.3467288133102,283.09688545549454,25.5122147525677,81.44283940242764
518.5860457745722,283.45522852459015,25.033580830043572,79.91489264975446
518.5860457745722,283.45522852459015,25.033580830043572,79.91489264975446
519.6169134948266,283.80684872973865,24.563926544685902,78.41561166188191
519.6169134948266,283.41629568806815,24.563926544685902,78.41561166188191
520.0074665364971,283.02574264639765,24.563926544685902,78.41561166188191
520.3980195781676,283.41629568806815,24.563926544685902,78.41561166188191
520.0074665364971,282.63518960472715,24.563926544685902,78.41561166188191
521.8001002606312,284.15187219839595,24.103083429781726,76.94445864122628
521.416874373271,283.7686463110357,24.103083429781726,76.94445864122628
522.4094247732737,284.49042269174447,23.650886179217203,75.50090587980877
522.4094247732737,284.49042269174447,23.650886179217203,75.50090587980877
522.4094247732737,284.11438649416453,23.650886179217203,75.50090587980877
522.0333885756938,283.7383502965846,23.650886179217203,75.50090587980877
521.657352378114,283.7383502965846,23.650886179217203,75.50090587980877
522.4094247732738,283.7383502965846,23.650886179217203,75.50090587980877
522.4094247732738,282.9862779014247,23.650886179217203,75.50090587980877
522.4094247732738,282.23420550626486,23.650886179217203,75.50090587980877
522.4094247732738,281.8581693086849,23.650886179217203,75.50090587980877
522.4094247732738,281.482133111105,23.650886179217203,75.50090587980877
522.4094247732738,281.8581693086849,23.650886179217203,75.50090587980877
522.4094247732738,281.482133111105,23.650886179217203,75.50090587980877
522.4094247732738,282.23420550626486,23.650886179217203,75.50090587980877
522.4094247732738,282.6102417038448,23.650886179217203,75.50090587980877
522.4094247732738,282.9862779014247,23.650886179217203,75.50090587980877
522.4094247732738,282.6102417038448,23.650886179217203,75.50090587980877
522.4094247732738,282.9862779014247,23.650886179217203,75.50090587980877
522.4094247732738,282.23420550626486,23.650886179217203,75.50090587980877
522.4094247732738,282.23420550626486,23.650886179217203,75.50090587980877
522.7854609708537,282.6102417038448,23.650886179217203,75.50090587980877
522.4094247732738,281.8581693086849,23.650886179217203,75.50090587980877
522.7854609708537,280.73006071594517,23.650886179217203,75.50090587980877
522.7854609708537,280.73006071594517,23.650886179217203,75.50090587980877
522.7854609708537,280.73006071594517,23.650886179217203,75.50090587980877
522.7854609708537,280.35402451836524,23.650886179217203,75.50090587980877
522.7854609708537,279.60195212320536,23.650886179217203,75.50090587980877
522.7854609708537,279.22591592562543,23.650886179217203,75.50090587980877
522.4094247732738,278.8498797280455,23.650886179217203,75.50090587980877
522.7854609708537,278.0978073328856,23.650886179217203,75.50090587980877
522.7854609708537,278.8498797280455,23.650886179217203,75.50090587980877
522.7854609708537,279.22591592562543,23.650886179217203,75.50090587980877
522.4094247732738,279.9779883207853,23.650886179217203,75.50090587980877
523.1614971684337,279.22591592562543,23.650886179217203,75.50090587980877
523.1614971684337,279.9779883207853,23.650886179217203,75.50090587980877
523.3833539639514,281.06225967328726,23.207172588181713,74.0844355699647
523.3833539639514,280.32429688656435,23.207172588181717,74.0844355699647
523.3833539639514,280.32429688656435,23.207172588181717,74.0844355699647
523.01437257059,279.9553154932029,23.207172588181717,74.0844355699647
522.276409783867,280.32429688656435,23.207172588181717,74.0844355699647
522.276409783867,279.58633409984145,23.207172588181717,74.0844355699647
521.9074283905056,279.58633409984145,23.207172588181717,74.0844355699647
521.1694656037827,279.21735270647997,23.207172588181717,74.0844355699647
520.6491973636583,279.54331928879884,22.77178349498439,72.69453961860401
519.9250794754169,279.9053782329196,22.77178349498439,72.69453961860401
519.5630205312962,280.26743717704034,22.77178349498439,72.69453961860401
519.9250794754169,280.99155506528183,22.77178349498439,72.69453961860401
519.5630205312962,282.07773189764407,22.77178349498439,72.69453961860401
519.5630205312962,281.3536140094026,22.77178349498439,72.69453961860401
519.5630205312962,281.7156729535233,22.77178349498439,72.69453961860401
519.5630205312962,281.7156729535233,22.77178349498439,72.69453961860401
519.2009615871755,280.99155506528183,22.77178349498439,72.69453961860401
518.1147847548133,281.3536140094026,22.77178349498439,72.69453961860401
517.6042772520829,279.50111147738124,22.34456272396224,71.33071946495639
517.249010885333,279.1458451106314,22.34456272396224,71.33071946495639
516.1832117850834,278.08004601038186,22.34456272396224,71.33071946495639
515.1174126848338,276.3037141766326,22.34456272396224,71.33071946495639
514.0516135845842,275.5931814431329,22.34456272396224,71.33071946495639
513.3410808510845,274.17211597613345,22.34456272396224,71.33071946495639
512.0507971014287,271.6791600692795,22.793532022774812,72.76396761116575
511.0969924142479,269.49851793324603,23.251522461708426,74.22601401237691
510.12402292948764,268.013433219122,23.718715302531535,75.7174373119276
509.50861821253545,267.25273798516776,24.195295449105302,77.23882777983616
509.1239262043349,269.1761980261702,24.195295449105302,77.23882777983616
508.73923419613436,269.9455820425712,24.195295449105302,77.23882777983616
508.3545421879338,270.71496605897215,24.195295449105302,77.23882777983616
507.58515817153284,271.09965806717264,24.195295449105302,77.23882777983616
506.81577415513186,271.48435007537313,24.195295449105302,77.23882777983616
506.0463901387309,271.48435007537313,24.195295449105302,77.23882777983616
504.1229300977284,271.09965806717264,24.195295449105302,77.23882777983616
502.58416206492643,271.09965806717264,24.195295449105302,77.23882777983616
501.0453940321245,271.09965806717264,24.195295449105302,77.23882777983616
499.348897609917,271.82419577332587,23.74136821151532,75.78975236752967
497.4615235470694,271.44672096075635,23.74136821151532,75.78975236752967
496.7065739219304,271.06924614818683,23.74136821151532,75.78975236752967
495.57414948422183,271.44672096075635,23.74136821151532,75.78975236752967
494.06425023394377,270.3142965230478,23.74136821151532,75.78975236752967
493.44825776563727,269.9303495884569,24.2184035229893,77.31259586185045
492.2930795237018,270.70046841641386,24.218403522989302,77.31259586185047
491.52296069574487,270.3154090024354,24.218403522989302,77.31259586185047
490.75284186778794,270.70046841641386,24.218403522989302,77.31259586185047
489.5976636258525,270.3154090024354,24.218403522989302,77.31259586185047
488.442485383917,270.70046841641386,24.218403522989302,77.31259586185047
486.9022477280031,269.9303495884569,24.218403522989302,77.31259586185047
485.36201007208916,270.3154090024354,24.218403522989302,77.31259586185047
484.5918912441322,270.70046841641386,24.218403522989302,77.31259586185047
483.43671300219677,269.5452901744784,24.218403522989302,77.31259586185047
482.2815347602613,269.5452901744784,24.218403522989302,77.31259586185047
481.5114159323044,268.77517134652146,24.218403522989302,77.31259586185047
480.74129710434744,268.77517134652146,24.218403522989302,77.31259586185047
479.586118862412,268.390111932543,24.218403522989302,77.31259586185047
478.04588120649805,266.84987427662907,24.218403522989302,77.31259586185047
476.5056435505841,266.84987427662907,24.218403522989302,77.31259586185047
475.35046530864867,266.4648148626506,24.218403522989302,77.31259586185047
474.1952870667132,265.69469603469366,24.218403522989302,77.31259586185047
473.04010882477775,265.69469603469366,24.218403522989302,77.31259586185047
471.4998711688638,266.07975544867213,24.218403522989302,77.31259586185047
470.9569327246545,267.1900445492296,23.764042755494042,75.86213648869253
470.20126207373784,266.4343738983129,23.764042755494042,75.86213648869253
468.31208544644613,266.8122092237713,23.764042755494042,75.86213648869253
467.1785794700711,267.19004454922964,23.764042755494042,75.86213648869253
466.2679917528399,267.9016682226504,23.31820623720633,74.43888914185098
465.37448754541487,268.9706879127858,22.880734044933515,73.04234329728776
463.19174035457473,268.2431055158391,22.880734044933515,73.04234329728776
461.372784362208,267.51552311889236,22.880734044933515,73.04234329728776
460.28141076678793,267.51552311889236,22.880734044933515,73.04234329728776
458.0986635759478,267.151731920419,22.880734044933515,73.04234329728776
456.6434987820544,266.7879407219457,22.880734044933515,73.04234329728776
455.5521251866343,266.7879407219457,22.880734044933515,73.04234329728776
454.0969603927409,266.42414952347235,22.880734044933515,73.04234329728776
452.6417955988475,266.42414952347235,22.880734044933515,73.04234329728776
451.55042200342746,266.7879407219457,22.880734044933515,73.04234329728776
451.9142132019008,267.151731920419,22.880734044933515,73.04234329728776
453.00558679732086,266.06035832499896,22.880734044933515,73.04234329728776
455.188333988161,265.6965671265256,22.880734044933515,73.04234329728776
457.3710811790011,265.3327759280523,22.880734044933515,73.04234329728776
462.1003667591547,264.2414023326322,22.880734044933515,73.04234329728776
466.46586114083493,263.15002873721215,22.880734044933515,73.04234329728776
473.2287351079234,263.10761898446356,22.451469255797335,71.67199800889149
479.2971591875113,262.3936867398062,22.451469255797335,71.67199800889149
485.36558326709917,261.6797544951488,22.451469255797335,71.67199800889149
495.3606346923027,259.8949238835053,22.451469255797335,71.67199800889149
504.2847877505202,258.4670593941905,22.451469255797335,71.67199800889149
513.2089408087377,257.3961610272044,22.451469255797335,71.67199800889149
522.8470261116125,255.61133041556093,22.451469255797335,71.67199800889149
531.77117916983,254.54043204857481,22.451469255797335,71.67199800889149
542.8371289620196,252.75560143693133,22.451469255797335,71.67199800889149
553.1891465095518,250.97077082528784,22.451469255797335,71.67199800889149
563.1841979347554,250.25683858063047,22.451469255797335,71.67199800889149
573.1792493599589,249.5429063359731,22.451469255797335,71.67199800889149
582.8173346628338,249.5429063359731,22.451469255797335,71.67199800889149
593.5263183326947,249.5429063359731,22.451469255797335,71.67199800889149
603.5213697578982,248.82897409131573,22.451469255797335,71.67199800889149
612.088556693787,247.75807572432961,22.451469255797335,71.67199800889149
621.3696758743332,247.04414347967224,22.451469255797335,71.67199800889149
629.7905023703195,247.35949549739615,22.03025789094511,70.3273617287863
638.8974987425606,247.00922640615613,22.03025789094511,70.3273617287863
644.8520732936413,247.00922640615613,22.03025789094511,70.3273617287863
650.806647844722,246.6589573149161,22.03025789094511,70.3273617287863
656.0606842133225,246.30868822367609,22.03025789094511,70.3273617287863
661.3147205819232,246.30868822367609,22.03025789094511,70.3273617287863
666.2184878592836,245.95841913243606,22.03025789094511,70.3273617287863
669.7211787716842,244.90761185871594,22.03025789094511,70.3273617287863
672.5233315016044,244.55734276747592,22.03025789094511,70.3273617287863
673.2238696840845,244.2070736762359,22.03025789094511,70.3273617287863
675.3254842315248,245.25788094995602,22.03025789094511,70.3273617287863
675.3254842315248,245.25788094995602,22.03025789094511,70.3273617287863
675.8824078380788,246.61812393132337,21.61694886031695,69.00795213101179
675.3977899080971,246.2343589187004,21.21139390844921,67.71329593851094
673.0370427059908,245.55985971809858,21.21139390844921,67.71329593851094
672.025293905088,246.2343589187004,21.21139390844921,67.71329593851094
670.3390459035835,245.55985971809858,21.21139390844921,67.71329593851094
669.3272971026807,245.2226101177977,21.21139390844921,67.71329593851094
668.652797902079,244.54811091719588,21.21139390844921,67.71329593851094
667.3037995008754,244.210861316895,21.21139390844921,67.71329593851094
666.6293003002736,242.86186291569138,21.21139390844921,67.71329593851094
663.9313034978663,242.18736371508956,21.21139390844921,67.71329593851094
662.9195546969636,240.83836531388593,21.21139390844921,67.71329593851094
661.57055629576,240.50111571358505,21.21139390844921,67.71329593851094
659.5470586939546,239.82661651298324,21.21139390844921,67.71329593851094
657.5235610921492,239.48936691268236,21.21139390844921,67.71329593851094
655.5000634903438,239.15211731238148,21.21139390844921,67.71329593851094
653.8138154888393,238.8148677120806,21.21139390844921,67.71329593851094
653.1393162882375,238.8148677120806,21.21139390844921,67.71329593851094
652.1275674873348,238.8148677120806,21.21139390844921,67.71329593851094
650.4413194858303,238.8148677120806,21.21139390844921,67.71329593851094
647.743322683423,238.47761811177972,21.21139390844921,67.71329593851094
646.0570746819185,238.47761811177972,21.21139390844921,67.71329593851094
644.370826680414,237.46586931087703,21.21139390844921,67.71329593851094
642.6845786789095,237.12861971057615,21.21139390844921,67.71329593851094
640.3238314768031,237.80311891117796,21.21139390844921,67.71329593851094
638.6375834752986,237.80311891117796,21.21139390844921,67.71329593851094
636.6140858734932,237.12861971057615,21.21139390844921,67.71329593851094
634.9278378719887,236.79137011027527,21.21139390844921,67.71329593851094
634.0402384024858,235.77383888232814,21.637594446251683,69.07385919380344
632.4467524838025,235.0798883559376,22.07235863146022,70.46176024658453
629.6392447232896,235.0798883559376,22.07235863146022,70.46176024658453
628.0137408920423,235.0738712217485,22.51585853344215,71.87754839521916
625.8658016315837,234.7158813450054,22.51585853344215,71.87754839521916
624.0758522478683,235.0738712217485,22.51585853344215,71.87754839521916
622.6438927408959,234.35789146826232,22.51585853344215,71.87754839521916
621.2119332339236,234.35789146826232,22.51585853344215,71.87754839521916
618.2012340283487,234.31615801725286,22.09343916321577,70.52905579026573
617.3546602975905,234.62648116533728,21.678944790567318,69.20586221604182
615.631243275324,234.97116456979057,21.678944790567318,69.20586221604182
614.2525096575108,235.66053137869716,21.678944790567318,69.20586221604182
611.8397258263377,234.97116456979057,21.678944790567318,69.20586221604182
610.4609922085245,234.97116456979057,21.678944790567318,69.20586221604182
608.737575186258,234.281797760884,21.678944790567318,69.20586221604182
607.0141581639915,233.9371143564307,21.678944790567318,69.20586221604182
605.1494167651322,233.55224873200964,21.27222673484662,67.9074930381642
602.7818991015779,232.5375983047721,21.27222673484662,67.9074930381642
600.9521420621277,233.1746035604284,20.87313910479688,66.63348252685157
599.8204561081599,234.4634010455488,20.481538746222945,65.38337368986555
597.081775176202,234.4254382340222,20.09728519064138,64.15671810858593
596.7622392971866,235.0645099920529,20.09728519064138,64.15671810858593
593.7554027999068,235.66633115776526,19.720240604893895,62.95307577716127
592.1876974217165,235.97987223340328,19.720240604893895,62.953075777161274
590.9335331191642,236.29341330904134,19.720240604893895,62.953075777161274
588.7387455896976,235.97987223340328,19.720240604893895,62.953075777161274
586.8574991358691,236.29341330904134,19.720240604893895,62.953075777161274
584.3491705307646,235.66633115776517,19.720240604893895,62.953075777161274
583.0950062282122,235.97987223340323,19.720240604893895,62.953075777161274
581.2137597743838,236.29341330904128,19.720240604893895,62.953075777161274
579.3325133205553,235.66633115776511,19.720240604893895,62.953075777161274
578.193770696404,235.34741415760794,20.11647939936803,64.21799192875177
575.635042244637,234.70773204466622,20.11647939936803,64.21799192875177
573.1940546390551,234.38240704522485,20.52067981993953,65.50832404057618
571.0302878923329,234.05054529056974,20.933001839561577,66.82458279552348
568.8230445803687,233.71201543767836,21.353608645523888,68.16728913763393
567.1254908948902,233.03299396348694,21.35360864552389,68.16728913763393
564.4094049981245,233.37250470058262,21.35360864552389,68.16728913763393
563.5911800036976,234.3514577068858,20.952994211803528,66.88840459921892
561.7888821467552,234.9789034181893,20.559895693878442,65.63351317661191
560.3472882815762,235.2676865048278,20.174172085869948,64.40216473566173
558.7434965878933,235.5884448435644,20.174172085869948,64.40216473566173
557.0081900847556,236.51332675654638,19.795685027306565,63.19391758717093
555.4344870806163,236.51332675654638,19.795685027306565,63.19391758717093
553.3471661260223,235.87844906350685,20.193439726560236,64.46367297324996
551.7418427074208,236.52057843094744,20.193439726560236,64.46367297324996
550.3259435579256,237.12527898232537,19.814591188347563,63.254271870494115
547.805613970068,235.86511418839655,19.814591188347563,63.25427187049412
546.2304079776569,235.2350317914321,19.814591188347563,63.25427187049412
544.6552019852459,234.60494939446767,19.814591188347563,63.25427187049412
543.7100783897993,234.28990819598545,19.814591188347563,63.25427187049412
543.5809076771936,235.5133463747864,19.44285021659456,62.06756030682107
542.962646237841,234.27682349608114,19.44285021659456,62.06756030682107
542.6535155181647,235.2042156551101,19.44285021659456,62.06756030682107
543.2717769575173,234.89508493543377,19.44285021659456,62.06756030682107
543.2717769575173,234.58595421575745,19.44285021659456,62.06756030682107
544.1991691165463,233.96769277640482,19.44285021659456,62.06756030682107
544.8174305558989,234.58595421575745,19.44285021659456,62.06756030682107
544.5082998362226,234.27682349608114,19.44285021659456,62.06756030682107
546.6722148739568,234.27682349608114,19.44285021659456,62.06756030682107
547.5996070329858,233.96769277640482,19.44285021659456,62.06756030682107
548.3316665973136,233.34413103178235,19.833515405996593,63.31468379606602
549.0784354344677,232.0773558945716,20.232030231049283,64.58686573758038
550.3651484412879,232.39903414627668,20.232030231049283,64.58686573758038
552.2952179515182,232.39903414627668,20.232030231049283,64.58686573758038
553.2602527066334,233.0423906496868,20.232030231049283,64.58686573758038
553.7003481183273,233.03687520646434,20.638552414481758,65.88460963084559
555.7899950312112,231.71868201017494,21.053242848145942,67.20842909215817
557.9216292195156,231.3782076119546,21.47626565669374,68.55884805790691
560.5133134356639,228.60671372684686,21.073350058337116,67.2726174939223
564.0615394742547,229.5728183199838,20.677993547858904,66.01051786431877
565.7053836009394,228.91528066930994,20.677993547858904,66.01051786431877
569.8445791241971,229.5344913768019,20.29005430943021,64.77209644933487
573.393187956328,228.88928977095992,20.29005430943021,64.77209644933487
576.1643249404985,228.20648027260765,19.909393187824815,63.55690902267149
579.5165697011095,229.43577193506036,19.535873638503656,62.36451969214625
582.622667114863,229.12516219368501,19.535873638503656,62.36451969214626
586.039374269992,229.43577193506036,19.535873638503656,62.36451969214626
589.3287276636795,230.33139115084012,19.169361678635816,61.1945007433374
592.8611519945661,231.21020768043627,18.809725839038403,60.04643248616105
595.5527314794073,229.11675697000425,18.809725839038403,60.04643248616105
598.7198197124633,229.0818928865122,18.45683711701805,58.91990310432685
603.0013048904206,229.34113653597404,18.11056893009719,57.814508507617944
605.3048902782584,228.47729201553483,18.11056893009719,57.814508507617944
608.7602683600153,228.76524018901455,18.11056893009719,57.814508507617944
611.5216878510772,229.30756834935232,17.77079707060845,56.729852186942345
614.5138464171282,230.12226789290338,17.43739966114091,55.66554507210366
618.3952785040266,229.567777594775,17.43739966114091,55.66554507210366
621.8857915679561,231.7534183290918,17.110257110822232,54.62120539224019
624.7667316956308,233.62601056000784,16.78925207242097,53.59645853888232
625.4581029431635,236.26429100945495,16.474269400253696,52.59093693157909
628.4938905212075,237.01955143516327,16.165196108881805,51.604279886045745
631.7297415824627,238.53169586016224,15.861921332583243,50.63613348478495
633.6439054232619,235.72814064535862,15.564336285584556,49.6861504501353
636.759480003874,237.67900763524517,15.272334223039039,48.75399001970153
639.0881380134757,238.6219873106907,14.985810402736963,47.839317824121835
640.1817770561815,240.0238082042919,14.704662047534168,46.9418057671283
642.8395999971907,230.9017512571542,15.000122822055273,47.88500747040721
644.2705626528381,230.18626992933054,15.000122822055275,47.88500747040722
646.796208847294,230.87394832483426,14.71870595196792,46.9866382312822
647.5844149724034,229.93385826161574,15.01444891066081,47.93074075326336
649.1046231820062,230.40720828640028,15.31613423262272,48.89381312721868
651.4399596234473,235.00566513959095,15.028788681608631,47.97651771436602
652.395757813374,232.85511921225597,15.028788681608631,47.97651771436602
653.4395188252925,226.87728353496033,15.330762132588195,48.940509884800775
655.0458333820387,225.63011395447086,15.043142147966257,48.02233839543075
656.1436563983359,223.92798696683707,14.76091819355068,47.1213926947964
657.7864902675454,225.3361302833024,14.760918193550681,47.1213926947964
657.317109162057,230.49932244367523,14.760918193550681,47.1213926947964
658.0211808202897,231.4380846546521,14.760918193550681,47.1213926947964
657.9249548470333,234.46170227704977,14.483989034574945,46.237349610373855
658.3855299071879,233.54055215674066,14.483989034574947,46.237349610373855
658.8461049673425,234.23141474697252,14.483989034574948,46.237349610373855
658.6158174372653,234.0011272168952,14.483989034574948,46.237349610373855
661.2337544023568,228.93085308248894,14.775015826246662,47.1663966760951
661.4686690997759,228.6959383850698,14.775015826246662,47.1663966760951
662.0249759955349,226.81259299634866,15.071890219243437,48.114111084507876
661.8735562504472,224.65177071029757,15.374729709418695,49.080867918528895
662.2079936709076,224.64757941324012,15.683654153470044,50.0670497976159
660.8036200819486,224.89266545195215,15.998785816375719,51.0730470291994
661.1516322265554,225.3970479775956,16.320249419784158,52.09925776315711
660.9876708407596,225.13311585369024,16.648172191375885,53.14608814939223
660.8204149788389,225.12857740414114,16.9826839152172,54.21395249857797
660.1097676117237,225.66397859668626,17.323916983125663,55.3032734461319
659.384841207061,224.55749258731794,17.67200644706761,56.41448211948503
658.9263241252198,223.70974922363396,18.027090072608537,57.54801830871184
657.8853522493494,223.70483486799952,18.38930839343746,58.704330640588786
657.7006040625747,222.5303018522204,18.7588047669868,59.88387675615014
657.5121437304831,222.52518802422426,19.135725431169867,61.08712349181146
657.3198966649389,221.60722863505458,19.520219562258365,62.31454706413243
657.1237867791067,221.9122680882642,19.912439333922823,63.56663325829204
656.9237364573384,220.9570489765773,20.312539977459334,64.84387762035091
656.9237364573384,221.2800072893625,20.312539977459338,64.84387762035091
656.9237364573384,222.24888222771798,20.312539977459338,64.84387762035091
657.04262483724,221.5974282112051,20.720679843226428,66.14678565337663
657.372072351404,221.5974282112051,20.720679843226428,66.14678565337664
658.0309673797319,221.92687572536906,20.720679843226428,66.14678565337664
658.6898624080599,221.92687572536906,20.720679843226428,66.14678565337664
659.0193099222238,222.58577075369698,20.720679843226428,66.14678565337664
660.6665474930436,223.2446657820249,20.720679843226428,66.14678565337664
660.9959950072075,223.2446657820249,20.720679843226428,66.14678565337664
662.6432325780273,223.57411329618887,20.720679843226428,66.14678565337664
662.9726800921912,224.23300832451676,20.720679843226428,66.14678565337664
663.9610226346831,223.9035608103528,20.720679843226428,66.14678565337664
664.619917663011,224.56245583868068,20.720679843226428,66.14678565337664
666.2671552338309,224.56245583868068,20.720679843226428,66.14678565337664
666.5966027479948,224.56245583868068,20.720679843226428,66.14678565337664
668.5732878329785,223.9035608103528,20.720679843226428,66.14678565337664
668.9027353471424,224.89190335284465,20.720679843226428,66.14678565337664
669.2321828613063,225.22135086700862,20.720679843226428,66.14678565337664
670.5499729179621,224.56245583868073,20.720679843226428,66.14678565337664
671.8677629746179,225.88024589533657,20.720679843226428,66.14678565337664
672.1972104887818,226.86858843782844,20.720679843226428,66.14678565337664
673.5150005454376,228.18637849448427,20.720679843226428,66.14678565337664
674.8327906020934,227.52748346615638,20.720679843226428,66.14678565337664
674.8327906020934,227.85693098032036,20.720679843226428,66.14678565337664
675.4916856304213,228.18637849448433,20.720679843226428,66.14678565337664
677.7978182295691,228.18637849448433,20.720679843226428,66.14678565337664
677.1389232012411,228.84527352281222,20.720679843226428,66.14678565337664
678.90743797618,229.16907238323745,21.137020463316375,67.47587301750994
679.3672191062273,228.15510892190096,21.561726615485792,68.83166573405077
680.0528585049632,227.12664982379707,21.561726615485792,68.83166573405077
681.424137302435,226.7838301244291,21.561726615485792,68.83166573405077
682.4525964005389,227.46946952316503,21.561726615485792,68.83166573405077
683.1382357992749,227.46946952316503,21.561726615485792,68.83166573405077
683.8238751980108,227.812289222533,21.561726615485792,68.83166573405077
684.5095145967467,228.49792862126893,21.561726615485792,68.83166573405077
686.2236130935866,229.18356802000486,21.561726615485792,68.83166573405077
686.5664327929545,229.86920741874079,21.561726615485792,68.83166573405077
687.5948918910584,230.89766651684468,21.561726615485792,68.83166573405077
688.2805312897943,231.24048621621264,21.561726615485792,68.83166573405077
688.6233509891623,231.5833059155806,21.561726615485792,68.83166573405077
690.3374494860021,232.26894531431654,21.561726615485792,68.83166573405077
690.6802691853701,232.26894531431654,21.561726615485792,68.83166573405077
692.3943676822099,232.95458471305247,21.561726615485792,68.83166573405077
693.0800070809458,234.32586351052433,21.561726615485792,68.83166573405077
693.7656464796818,233.98304381115636,21.561726615485792,68.83166573405077
694.1084661790497,235.6971423079962,21.561726615485792,68.83166573405077
694.7941055777857,235.6971423079962,21.561726615485792,68.83166573405077
695.1369252771536,235.6971423079962,21.561726615485792,68.83166573405077
695.8225646758896,236.03996200736415,21.561726615485792,68.83166573405077
695.8225646758896,236.72560140610008,21.561726615485792,68.83166573405077
695.8225646758896,237.411240804836,21.561726615485792,68.83166573405077
695.6059447894471,237.4053628737748,21.99496638837075,70.21470039364506
695.3849723596263,237.0496588618574,22.436911248012283,71.62552436865457
695.0282377016855,237.0496588618574,22.436911248012287,71.62552436865457
695.7417070175671,238.47659749362074,22.43691124801229,71.62552436865457
695.3849723596263,239.54680146744326,22.43691124801229,71.62552436865457
695.0282377016855,239.54680146744326,22.43691124801229,71.62552436865457
695.3849723596263,239.54680146744326,22.43691124801229,71.62552436865457
694.0893559569507,240.9676235845186,22.887736105718602,73.06469602979395
693.7254534295279,239.87591600225005,22.887736105718606,73.06469602979395
692.9976483746822,239.87591600225005,22.887736105718606,73.06469602979395
693.361550902105,240.2398185296729,22.887736105718606,73.06469602979395
692.9976483746822,239.87591600225005,22.887736105718606,73.06469602979395
692.9976483746822,240.2398185296729,22.887736105718606,73.06469602979395
692.9976483746822,239.5120134748272,22.887736105718606,73.06469602979395
692.9976483746822,239.5120134748272,22.887736105718606,73.06469602979395
692.9976483746822,240.2398185296729,22.887736105718606,73.06469602979395
693.361550902105,240.60372105709575,22.887736105718606,73.06469602979395
692.9976483746822,241.33152611194146,22.887736105718606,73.06469602979395
692.9976483746822,241.6954286393643,22.887736105718606,73.06469602979395
692.9976483746822,243.5149412764785,22.887736105718606,73.06469602979395
693.361550902105,243.5149412764785,22.887736105718606,73.06469602979395
692.9976483746822,244.97055138616986,22.887736105718606,73.06469602979395
693.7254534295279,244.606648858747,22.887736105718606,73.06469602979395
693.7254534295279,246.06225896843836,22.887736105718606,73.06469602979395
695.1810635392193,245.6983564410155,22.887736105718606,73.06469602979395
695.1810635392193,246.79006402328406,22.887736105718606,73.06469602979395
695.908868594065,247.1539665507069,22.887736105718606,73.06469602979395
697.3644787037564,247.1539665507069,22.887736105718606,73.06469602979395
697.3644787037564,247.51786907812976,22.887736105718606,73.06469602979395
698.0922837586021,248.9734791878211,22.887736105718606,73.06469602979395
698.0922837586021,248.9734791878211,22.887736105718606,73.06469602979395
699.1839913408706,248.9734791878211,22.887736105718606,73.06469602979395
699.9117963957164,249.33738171524396,22.887736105718606,73.06469602979395
701.3674065054078,251.15689435235817,22.887736105718606,73.06469602979395
701.0035039779849,251.52079687978102,22.887736105718606,73.06469602979395
703.0377146923971,251.84227667604006,22.45833995112271,71.69393138243014
702.6806393297582,252.55642740131805,22.45833995112271,71.69393138243015
703.0377146923971,253.627653489235,22.45833995112271,71.69393138243015
704.1089407803141,255.05595493979098,22.45833995112271,71.69393138243015
705.1801668682311,256.48425639034696,22.45833995112271,71.69393138243015
705.5372422308701,256.8413317529859,22.45833995112271,71.69393138243015
705.5372422308701,256.48425639034696,22.45833995112271,71.69393138243015
706.251392956148,257.91255784090293,22.45833995112271,71.69393138243015
708.2474399022271,257.8709310013706,22.036999685354356,70.34888361093887
707.8970636201311,257.8709310013706,22.036999685354356,70.34888361093888
708.3764214669843,259.9671811989416,22.47978912003218,71.76240372933347
708.1505782655898,259.603636602607,22.931475522820985,73.20432570746698
708.8797741862126,259.9682345629184,22.931475522820985,73.20432570746698
709.9735680671466,258.50984272167295,22.931475522820985,73.20432570746698
711.0673619480807,258.8744406819843,22.931475522820985,73.20432570746698
711.0673619480807,259.23903864229567,22.931475522820985,73.20432570746698
711.4319599083921,259.23903864229567,22.931475522820985,73.20432570746698
711.9307747601748,259.5973852650097,23.392237660501028,74.67522022390712
711.6957646445186,259.96293214641383,23.862257891813478,76.17566942386608
712.5942231483675,261.09461774647883,24.341722239633686,77.70626714959982
713.5107343789344,261.0879819622586,24.830820464594645,79.26761917543674
714.0508645601502,262.2656023737462,25.329746140189748,80.86034344752879
714.1991184213251,262.66142640061736,25.838696729384584,82.48507032842
714.6099396140243,264.30471117141406,25.838696729384587,82.48507032842
715.1719935327309,263.88684610505874,26.357873662768114,84.14244284652894
716.4292210015032,263.88684610505874,26.357873662768114,84.14244284652894
717.2673726473513,265.144073573831,26.357873662768114,84.14244284652894
721.2863047060985,268.02874965582555,25.863374357907237,82.56384891178075
720.8750911525582,269.2623903164465,25.863374357907237,82.56384891178075
720.8750911525582,270.0848174235271,25.863374357907237,82.56384891178075
721.2863047060985,271.7296716376884,25.863374357907237,82.56384891178075
722.1087318131791,271.31845808414806,25.863374357907237,82.56384891178075
722.9311589202598,273.78573940538996,25.863374357907237,82.56384891178075
723.3423724738001,275.0193800660109,25.863374357907237,82.56384891178075
724.1647995808808,275.0193800660109,25.863374357907237,82.56384891178075
725.2298376968192,276.20508260936657,25.37815234019162,81.01487093215012
725.6333364847841,278.222576549191,25.37815234019162,81.01487093215012
725.6333364847841,280.6435692769803,25.37815234019162,81.01487093215012
726.0368352727489,282.2575644288399,25.37815234019162,81.01487093215012
726.8438328486787,283.87155958069945,25.37815234019162,81.01487093215012
727.2473316366436,284.6785571566292,25.37815234019162,81.01487093215012
727.3958688171227,285.88213519563374,25.88807555516309,82.6427027337898
727.8074751062342,286.2937414847453,25.88807555516309,82.6427027337898
727.8074751062342,285.4705289065223,25.88807555516309,82.6427027337898
728.2190813953456,284.64731632829944,25.88807555516309,82.6427027337898
728.2190813953456,285.0589226174109,25.88807555516309,82.6427027337898
728.630687684457,286.2937414847453,25.88807555516309,82.6427027337898
728.2190813953456,286.70534777385683,25.88807555516309,82.6427027337898
729.2851366916498,287.06897016169677,25.402390119000728,81.09224537988688
728.8812525362144,287.06897016169677,25.40239011900073,81.09224537988689
728.4773683807791,287.87673847256747,25.40239011900073,81.09224537988689
728.4773683807791,288.68450678343817,25.40239011900073,81.09224537988689
728.4773683807791,289.08839093887354,25.40239011900073,81.09224537988689
728.0734842253438,289.08839093887354,25.40239011900073,81.09224537988689
727.265715914473,290.3000434051796,25.40239011900073,81.09224537988689
727.265715914473,292.3194641823564,25.40239011900073,81.09224537988689
727.265715914473,294.3388849595332,25.40239011900073,81.09224537988689
726.2027424912718,293.9280758717595,25.912800343661814,82.72163186630496
725.5304101428487,294.33301119652623,26.433466240967014,84.38375761539463
725.1101324391386,295.5938443076565,26.433466240967018,84.38375761539464
724.2695770317184,296.8546774187868,26.433466240967018,84.38375761539464
723.8492993280083,296.0141220113666,26.433466240967018,84.38375761539464
723.0087439205881,298.1155105299172,26.433466240967018,84.38375761539464
722.1681885131679,299.37634364104747,26.433466240967018,84.38375761539464
720.9073554020376,301.477732159598,26.433466240967018,84.38375761539464
719.6465222909073,301.8980098633081,26.433466240967018,84.38375761539464
718.385689179777,302.7385652707283,26.433466240967018,84.38375761539464
717.1248560686467,305.26023149298896,26.433466240967018,84.38375761539464
715.8640229575165,305.68050919669906,26.433466240967018,84.38375761539464
713.762634438966,306.94134230782936,26.433466240967018,84.38375761539464
712.0815236241256,307.36162001153946,26.433466240967018,84.38375761539464
710.8206905129953,309.8832862338001,26.433466240967018,84.38375761539464
709.1395796981549,311.1441193449304,26.433466240967018,84.38375761539464
708.2990242907347,312.4049524560607,26.433466240967018,84.38375761539464
707.0381911796044,314.08606327090115,26.433466240967018,84.38375761539464
705.357080364764,314.92661867832135,26.433466240967018,84.38375761539464
703.6759695499236,317.0280071968719,26.433466240967018,84.38375761539464
701.7292949164932,317.44107888711915,26.96459387814677,86.07928045716076
699.5856831984395,316.58363419989763,26.96459387814677,86.07928045716076
698.2995161676072,317.44107888711915,26.96459387814677,86.07928045716076
697.8707938239965,317.44107888711915,26.96459387814677,86.07928045716076
696.1559044495534,317.0123565435084,26.96459387814677,86.07928045716076
694.8697374187211,317.44107888711915,26.96459387814677,86.07928045716076
694.2652337141297,318.24854433166894,26.458711912886635,84.46434956806112
693.2513919899112,319.4615400365172,25.96232078453404,82.87971635062783
692.42581849434,319.8743267843028,25.962320784534043,82.87971635062783
691.1874582509832,320.2871135320884,25.962320784534047,82.87971635062783
689.5363112598409,320.2871135320884,25.962320784534047,82.87971635062783
687.8851642686985,320.69990027987404,25.962320784534047,82.87971635062783
686.2340172775562,322.35104727101645,25.962320784534047,82.87971635062783
685.4084437819849,324.00219426215887,25.962320784534047,82.87971635062783
684.1700835386282,326.47891474887246,25.962320784534047,82.87971635062783
683.344510043057,327.30448824444363,25.962320784534047,82.87971635062783
682.1061497997002,328.5428484878004,25.962320784534047,82.87971635062783
680.0422160607723,331.4323557222996,25.962320784534047,82.87971635062783
678.1302386138681,331.4252781475542,26.48398169605769,84.545018491261
676.8669959981415,332.2674398913719,26.48398169605769,84.545018491261
675.603753382415,332.68852076328074,26.48398169605769,84.545018491261
675.1826725105061,334.793925122825,26.48398169605769,84.545018491261
674.7615916385972,336.4782486104604,26.48398169605769,84.545018491261
673.9194298947796,338.58365297000466,26.48398169605769,84.545018491261
672.656187279053,339.4258147138224,26.48398169605769,84.545018491261
672.2351064071441,340.6890573295489,26.48398169605769,84.545018491261
671.8140255352353,341.95229994527546,26.48398169605769,84.545018491261
670.1297020475998,341.95229994527546,26.48398169605769,84.545018491261
669.2875403037822,343.6366234329109,26.48398169605769,84.545018491261
668.8664594318733,347.0052704081817,26.48398169605769,84.545018491261
667.6032168161468,347.0052704081817,26.48398169605769,84.545018491261
667.6032168161468,347.4263512800905,26.48398169605769,84.545018491261
667.1821359442379,348.68959389581704,26.48398169605769,84.545018491261
665.9188933285113,350.7949982553613,26.48398169605769,84.545018491261
664.6556507127848,351.2160791272701,26.48398169605769,84.545018491261
663.9684985187665,352.4721019585419,27.016124340276576,86.24378154780591
663.5389568688984,353.76072690814624,27.016124340276576,86.24378154780592
661.9789144261094,354.6124453562987,27.558959326645756,87.976677850446
660.8256984807564,353.29041523203523,28.11270149639605,89.74439323849501
660.5432642251728,351.94182155648497,28.677570007563133,91.54762733183608
658.2634755737539,350.5739483656336,28.677570007563133,91.54762733183608
657.0634509061053,351.02208831849566,29.253788421725098,93.38709380781467
657.3378656450212,351.8981046004193,28.704958943893427,91.63506124396741
655.2239084772272,351.4338861570729,29.28172768395308,93.47628452954245
654.7583449692297,351.4338861570729,29.28172768395308,93.47628452954247
653.0674755680606,350.9603401725443,29.87008543830675,95.35450351459457
651.8175496035774,350.9521973041122,30.470265065018644,97.27046155371333
650.5425088766898,350.4594302165687,31.082504100970063,99.2249169377121
649.059924262546,351.44781995933124,31.082504100970063,99.2249169377121
648.0715345197835,351.9420148307125,31.082504100970063,99.2249169377121
647.2650692709518,352.42773631684156,31.707044855870855,101.21864319374154
646.4423997158754,352.92321740479144,32.34413450815987,103.2524293914334
645.4138915016547,354.46597972612244,32.34413450815987,103.25242939143341
644.385383287434,355.49448794034316,32.34413450815987,103.25242939143341
644.385383287434,356.5229961545639,32.34413450815987,103.25242939143341
644.385383287434,358.06575847589494,32.34413450815987,103.25242939143341
645.4138915016547,359.09426669011566,32.34413450815987,103.25242939143341
648.8028198299716,363.148349252368,31.73732713685039,101.31531355225314
649.6051375685536,365.1079484862473,31.14190406107006,99.4145398872621
650.3924030472652,367.0307837356203,30.557651700379978,97.54942658198222
648.9348530343004,367.0307837356203,30.55765170037998,97.54942658198222
649.7073486481531,367.45999471557116,29.984360481317673,95.71930461343715
650.9420864806077,371.6950331723781,29.42182476222233,93.92351751017122
649.7109181677907,373.09038542957023,30.012997487169663,95.81072274750309
649.7109181677907,373.09038542957023,30.012997487169663,95.81072274750309
649.7109181677907,371.658814531863,30.012997487169663,95.81072274750309
649.9924546563574,371.1259947322723,29.449924510036425,94.01322055127005
650.4606924022014,372.5307079698043,29.449924510036425,94.01322055127005
650.7369469928551,375.28554860795936,28.897415328729085,92.249441241712
650.7369469928551,376.6639080611013,28.89741532872909,92.24944124171202
651.1964001439025,377.12336121214867,28.89741532872909,92.24944124171203
651.1964001439025,379.4206269673853,28.89741532872909,92.24944124171203
650.2774938418078,382.1773458736693,28.89741532872909,92.24944124171203
649.3585875397131,379.88008011843266,28.89741532872909,92.24944124171203
648.8991343886657,378.04226751424335,28.89741532872909,92.24944124171203
648.8991343886657,378.04226751424335,28.89741532872909,92.24944124171203
649.8180406907604,378.5017206652907,28.89741532872909,92.24944124171203
649.8180406907604,378.04226751424335,28.89741532872909,92.24944124171203
649.3585875397131,378.5017206652907,28.89741532872909,92.24944124171203
648.4396812376184,378.5017206652907,28.89741532872909,92.24944124171203
647.9802280865711,378.96117381633803,28.89741532872909,92.24944124171203
647.2304570524236,378.4938429559505,29.478051094929242,94.10300926458176
646.7617721092123,379.43121284237316,29.478051094929242,94.10300926458177
645.5282509824644,378.0171220165852,30.070353575579656,95.99382102973502
644.5720465229139,378.0171220165852,30.070353575579656,95.99382102973502
644.2699447157169,378.48702678293574,30.67455718997378,97.92262487568549
644.757653453595,379.9501529965702,30.674557189973783,97.9226248756855
645.2453621914732,382.3886966859609,30.674557189973783,97.92262487568551
645.9126077284204,380.91720829726916,31.290901067591925,99.89018417731266
647.9026408066137,383.90225791455913,31.290901067591925,99.89018417731268
649.3951656152586,385.3947827232041,31.290901067591925,99.89018417731269
649.892673884807,387.38481580139745,31.290901067591925,99.89018417731269
650.8876904239037,388.3798323404941,31.290901067591925,99.89018417731269
651.385198693452,388.3798323404941,31.290901067591925,99.89018417731269
651.6787225380604,387.82432595886814,30.70385337837519,98.01614732327465
651.966739590316,388.74376501029974,30.127819273863807,96.17726922041139
651.0087077842119,391.13884452556,30.12781927386381,96.17726922041139
651.966739590316,393.05490813776817,30.12781927386381,96.17726922041139
652.4457554933681,395.92900355608043,30.12781927386381,96.17726922041139
652.6220922600853,394.0047268147535,30.733177546533557,98.10975909085712
652.6220922600853,393.51608604516144,30.73317754653356,98.10975909085714
652.6220922600853,394.0047268147535,30.733177546533565,98.10975909085714
653.1107330296774,396.9365714323059,30.733177546533565,98.10975909085714
654.5766553384535,398.8911345106742,30.733177546533565,98.10975909085714
654.5766553384535,399.86841604985835,30.733177546533565,98.10975909085714
655.0652961080456,402.31161989781873,30.733177546533565,98.10975909085714
655.5539368776376,402.8002606674108,30.733177546533565,98.10975909085714
655.0652961080456,400.8456975890425,30.733177546533565,98.10975909085714
656.0425776472297,400.35705681945046,30.733177546533565,98.10975909085714
656.5312184168217,402.31161989781873,30.733177546533565,98.10975909085714
657.0198591864138,402.8002606674108,30.733177546533565,98.10975909085714
657.9971407255979,402.8002606674108,30.733177546533565,98.10975909085714
658.4857814951899,402.8002606674108,30.733177546533565,98.10975909085714
658.4857814951899,403.28890143700283,30.733177546533565,98.10975909085714
658.974422264782,403.7775422065949,30.733177546533565,98.10975909085714
659.6429429357448,404.7464455902568,31.350699282976063,100.08107848026972
659.3279781353984,405.23635812103123,31.980628883668906,102.09200759017378
659.0066847473187,403.19374163510327,32.62321565982847,104.14334229868315
658.6789356111922,403.70353958256356,33.2787139320814,106.2358944754906
659.4028278326514,401.57801384773774,33.94738313111871,108.37049230318664
660.1412652205163,402.10850435555125,34.62948790037228,110.54798060503455
661.9957199913058,402.6496540091383,35.32529820075447,112.76922117933151
662.7641303523685,402.6400239979966,36.03508941750223,115.03509314048783
664.482945186789,404.9317771105573,36.03508941750223,115.03509314048785
665.2667952172363,405.4948918817419,36.7591424691681,117.34649326695967
667.6045965250877,409.58604417048184,36.7591424691681,117.34649326695967
669.3579475059762,411.92384547833325,36.7591424691681,117.34649326695967
672.6250177447275,414.7779635410206,36.069505261294154,115.14495910336208
671.4780468021364,418.79236184008954,36.069505261294154,115.14495910336208
673.7719886873186,420.5128182539762,36.069505261294154,115.14495910336208
678.6982219297724,418.1520210486416,35.39280631711565,112.98472785848455
678.6982219297724,422.6538316643862,35.39280631711565,112.98472785848456
681.5118535646128,424.34201064529043,35.39280631711565,112.98472785848456
682.6373062185489,422.6538316643862,35.39280631711565,112.98472785848456
684.8882115264212,421.52837901045007,35.39280631711565,112.98472785848456
686.0136641803573,421.52837901045007,35.39280631711565,112.98472785848456
687.7018431612615,423.2165579913543,35.39280631711565,112.98472785848456
694.2238344653473,427.6527675576728,34.72880290224188,110.86502464946446
692.7705934777181,428.1954691914396,35.42660873895663,113.09263558974615
697.6090224046744,427.00327795466575,34.761971157825116,110.97090792690324
697.2597862614374,427.54649790363464,35.4604434442993,113.20064637987852
701.206398304375,425.8550927423757,35.4604434442993,113.20064637987852
700.8501449593118,425.8454258893596,36.172950134425605,115.47518696758942
702.575535524476,423.5449051358073,36.172950134425605,115.47518696758942
703.1506657128641,422.9697749474193,36.172950134425605,115.47518696758942
703.3623843577266,420.0842629163852,36.89977322147662,117.79542989932919
705.3384159031103,418.3141448506383,37.64120036481575,120.16229347229641
710.7246870031635,417.11719571729316,37.64120036481575,120.16229347229641
709.7480501170257,414.11456153590603,38.397525003746,122.57671443503526
713.02528767892,414.1040940066159,39.16904647364627,125.03964835817843
715.5163536266685,413.48132751967876,39.16904647364627,125.03964835817843
718.0074195744171,414.1040940066159,39.16904647364627,125.03964835817843
725.4806174176628,416.5951599543645,39.16904647364627,125.03964835817843
728.5944498523485,419.7089923890502,39.16904647364627,125.03964835817843
732.3310487739714,420.33175887598736,39.16904647364627,125.03964835817843
737.057838856105,427.73235635715184,38.43419712649877,122.69378313459217
735.2245905074002,428.3434391400535,38.43419712649877,122.69378313459217
741.6959497663244,423.3835385680509,37.71313426668296,120.39192862056476
744.0944228723217,417.38735580305735,37.71313426668296,120.39192862056477
749.4909873608159,417.9869740795567,37.71313426668296,120.39192862056477
753.6883152963113,415.5885009735593,37.71313426668296,120.39192862056477
757.2860249553074,416.18811925005866,37.71313426668296,120.39192862056477
762.0829711673023,415.5885009735593,37.71313426668296,120.39192862056477
769.0325397189822,420.9151636531131,37.005599246309046,118.13325913244805
766.8956564000446,422.6701821420882,37.749152751965134,120.50691070819633
774.0979478094141,419.06903643740344,37.74915275196514,120.50691070819633
779.4996663664413,417.26846358506106,37.74915275196514,120.50691070819633
786.4558722060967,417.1984950153668,37.0409419898314,118.2460840444617
786.4558722060967,414.84277187246414,37.0409419898314,118.2460840444617
788.2226645632737,410.1313255866588,37.0409419898314,118.2460840444617
788.8115953489994,406.5977408723048,37.0409419898314,118.2460840444617
788.8115953489994,403.06415615795083,37.0409419898314,118.2460840444617
789.400526134725,400.1195022293225,37.0409419898314,118.2460840444617
789.0283943110243,395.98688901734147,37.785205637233084,120.62200261116708
788.4276301390211,394.1845965013317,37.785205637233084,120.62200261116709
788.1813095416531,397.11838196713893,37.07631848796238,118.35901671157215
785.4508492969184,395.33979485298477,37.82129295534101,120.73720443435778
781.8428216527838,397.7451466157412,37.82129295534101,120.73720443435778
778.8361319493382,397.14380867505207,37.82129295534101,120.73720443435778
773.4240904831363,397.7451466157412,37.82129295534101,120.73720443435778
764.4040213727998,397.14380867505207,37.82129295534101,120.73720443435778
758.0106703462329,395.9308223507023,38.58123619469268,123.16317708305733
754.0786367064725,386.65800214402304,37.85741473917451,120.85251628274933
750.2203718360153,385.98592065189706,37.14717287703237,118.58520572283405
740.7704550532451,385.39530085297395,37.14717287703237,118.58520572283405
734.8642570640137,380.67034246158886,37.14717287703237,118.58520572283405
728.1252779944981,378.8296302730371,36.45025584190799,116.36043211070623
718.8526508269624,378.2500910750661,36.45025584190799,116.36043211070623
710.372904560053,377.0810759938659,37.18265083253945,118.69846227310666
702.6875141320675,373.53397271941105,37.18265083253945,118.69846227310666
695.0021237040819,371.7604210821836,37.18265083253945,118.69846227310666
686.1343655179447,368.80450168680454,37.18265083253945,118.69846227310666
677.6153986498178,364.00611210354106,36.48506819651871,116.47156385811736
669.2562558725233,357.5574668820635,35.80057288814089,114.28644421983432
660.1489023818999,354.7114189162437,35.80057288814089,114.28644421983432
651.0415488912765,351.29616135725996,35.80057288814089,114.28644421983432
644.2110337733088,350.72695176409593,35.80057288814089,114.28644421983432
635.6728898758495,347.3116942051122,35.80057288814089,114.28644421983432
627.7039555715539,346.74248461194816,35.80057288814089,114.28644421983432
621.4426500467505,345.6040654256202,35.80057288814089,114.28644421983432
615.7505541151108,344.46564623929225,35.80057288814089,114.28644421983432
609.4892485903072,345.6040654256202,35.80057288814089,114.28644421983432
602.0895238791757,345.0348558324563,35.80057288814089,114.28644421983432
594.1205895748803,346.74248461194816,35.80057288814089,114.28644421983432
587.8592840500767,345.6040654256202,35.80057288814089,114.28644421983432
581.0287689321092,344.46564623929225,35.80057288814089,114.28644421983432
576.8109189426524,338.13798386415937,35.128919376430886,112.142319547837
569.3210159039886,336.95581059585373,34.469866736813124,110.03842073674953
563.2924429056513,338.0519147773696,34.469866736813124,110.03842073674953
557.811921998072,339.1480189588854,34.469866736813124,110.03842073674953
553.9755573627665,335.3116543235799,34.469866736813124,110.03842073674953
549.591140636703,334.76360223282194,34.469866736813124,110.03842073674953
543.0145155476079,335.3116543235799,34.469866736813124,110.03842073674953
540.5975991798792,329.7672430476796,33.82317856469101,107.9739931103597
536.2954383691069,329.7672430476796,33.82317856469101,107.9739931103597
533.3860955980493,329.16678122336293,33.18862289064775,105.94829615091389
531.2753715498858,326.5283761631585,33.18862289064775,105.94829615091389
527.5816044655995,321.7792470547905,33.18862289064775,105.94829615091389
524.943199405395,317.03011794642254,33.18862289064775,105.94829615091389
523.8878373813133,312.28098883805455,33.18862289064775,105.94829615091389
522.3047943451905,310.6979458019319,33.18862289064775,105.94829615091389
521.7771133331496,308.58722175376835,33.18862289064775,105.94829615091389
521.7771133331496,307.5318597296866,33.18862289064775,105.94829615091389
522.3047943451905,306.4764977056048,33.18862289064775,105.94829615091389
524.4155183933541,306.4764977056048,33.18862289064775,105.94829615091389
526.3098868261817,306.94266315227554,32.56597209723806,103.96060323349063
527.8632304377247,306.4248819484278,32.56597209723806,103.96060323349064
534.3820895138452,306.8823016786467,31.955002837340952,102.01020136535757
534.3820895138452,306.37423455297727,31.955002837340956,102.01020136535757
535.9062908908535,304.3419660502996,31.955002837340956,102.01020136535757
540.2705813378572,298.18593150849745,31.355495954044326,100.09639093021833
542.5588522859858,295.635137203763,30.76723640203255,98.21848543725767
543.5372168596423,297.1026840642476,30.76723640203255,98.21848543725767
545.6740252532702,297.5834789107868,31.385442483058593,100.1919894651485
549.6661166654097,292.59336464561244,31.385442483058597,100.1919894651485
552.1611737979969,290.09830751302525,31.3854424830586,100.1919894651485
554.1572195040666,292.59336464561244,31.385442483058604,100.1919894651485
559.4417444582289,285.0500199019697,30.796621105082792,98.31229045084109
560.7099306919791,284.01363896937005,30.2188465879358,96.46785641533339
563.1122466306022,283.05271259392083,30.2188465879358,96.46785641533339
564.553636193776,281.13085984302245,30.2188465879358,96.46785641533339
566.955952132399,278.72854390439943,30.2188465879358,96.46785641533339
568.8778048832975,274.40437521487803,30.2188465879358,96.46785641533339
574.4463674013452,271.9460482317831,29.65191168178137,94.65802575337887
573.9749181695786,269.1173528411831,29.65191168178137,94.65802575337887
575.0913679341676,265.8091248266185,30.247707543203404,96.55998946484151
579.4196664847925,263.4045145207157,30.247707543203408,96.55998946484152
581.6270929123652,260.9438396761666,29.68023117750258,94.74843029741197
584.4584898902311,259.5281411872337,29.68023117750258,94.74843029741197
589.4558998323557,260.88882696270707,29.123401219473116,92.97085773908715
589.9189460358755,260.42578075918726,29.123401219473116,92.97085773908715
595.7486921217651,260.3718001376526,28.57701793216885,91.22663416807737
596.2030511288634,260.826159144751,28.57701793216885,91.22663416807737
599.8379231856505,257.6456460950623,28.57701793216885,91.22663416807737
600.4595421891918,257.1834967219911,29.15121595347992,93.05965092841654
604.6309381728439,252.08512385308296,29.151215953479923,93.05965092841654
607.685321387974,248.78667257816318,28.604310834756046,91.31376151095186
611.1371943573853,245.0953105027673,28.067666187134428,89.60062667431362
612.4759761334221,246.43409227880414,28.067666187134428,89.60062667431362
617.6481309820175,241.47320196442178,27.54108951421371,87.91963191075901
618.961795911905,242.3489785843468,27.541089514213713,87.91963191075902
622.2853628732436,239.23271262941006,27.024391931011944,86.27017424130722
625.9762495910746,239.61229565028543,26.517388096212855,84.65166199944859
626.819473621996,238.34745960390336,26.51738809621286,84.65166199944859
628.9275336992995,237.0826235575213,26.51738809621286,84.65166199944859
631.4572057920636,235.81778751113922,26.51738809621286,84.65166199944859
634.8301019157491,233.28811541837513,26.51738809621286,84.65166199944859
636.0949379621311,229.07199526376831,26.51738809621286,84.65166199944859
639.0462220703558,224.8558751091615,26.51738809621286,84.65166199944859
640.3110581167379,222.32620301639741,26.51738809621286,84.65166199944859
643.2623422249626,220.6397549545547,26.51738809621286,84.65166199944859
645.370402302266,218.95330689271196,26.51738809621286,84.65166199944859
648.7432984259515,215.1587987535658,26.51738809621286,84.65166199944859
649.3201155173643,213.88673381582765,27.050201975230063,86.35256784400352
653.6209501742377,212.16639995307833,27.050201975230067,86.35256784400352
657.7454453935695,212.54634550031793,26.542713918938475,84.7325098181496
659.0114894402784,211.7023161358453,26.542713918938475,84.7325098181496
664.3246491708924,210.80908948896177,26.044746831381772,83.14284565402627
665.5669410018866,209.56679765796764,26.044746831381776,83.14284565402627
668.4656219408729,207.49631127297738,26.044746831381776,83.14284565402627
670.9502056028612,205.42582488798718,26.044746831381776,83.14284565402627
672.6065947108533,204.18353305699304,26.044746831381776,83.14284565402627
675.335490743562,200.822480547389,25.55612208994111,81.58300513327339
676.1481475635026,200.41615213741872,25.556122089941113,81.58300513327339
678.5861180233243,200.41615213741872,25.556122089941113,81.58300513327339
679.1420252626882,200.4091852962879,26.069621251094297,83.22225245541625
681.6289818629592,196.67875039588145,26.069621251094297,83.22225245541625
683.4395372466192,198.32961463685905,26.593438150892535,84.89443717400295
683.6889966083213,209.696494922973,26.09451942748835,83.30173509544343
684.7635531384469,215.04168061903798,25.604960903812792,81.73891365447916
685.1706580589346,214.2274707780627,25.604960903812792,81.73891365447918
691.2772318662492,188.98696570782926,25.604960903812792,81.73891365447918
693.0555162289671,187.35156587082423,26.119441383253104,83.38129364653864
695.5472255068971,184.44457171323927,26.119441383253108,83.38129364653864
695.9625103865521,182.3681473149643,26.119441383253108,83.38129364653864
699.9450873453303,180.6585950553536,25.62941529948681,81.81697960990007
699.9450873453303,178.62112639511275,25.62941529948681,81.81697960990007
701.9825560055712,176.5836577348719,25.62941529948681,81.81697960990007
703.2050372017156,176.5836577348719,25.62941529948681,81.81697960990007
704.4275183978601,176.17616400282373,25.62941529948681,81.81697960990007
706.464987058101,174.95368280667924,25.62941529948681,81.81697960990007
707.6874682542455,173.7312016105347,25.62941529948681,81.81697960990007
709.3174431824382,172.10122668234203,25.62941529948681,81.81697960990007
711.7624055747272,170.8787454861975,25.62941529948681,81.81697960990007
713.3923805029199,168.84127682595664,25.62941529948681,81.81697960990007
717.3002404506497,168.38627862295021,25.148582580894292,80.28201362362395
719.1355413813324,167.93981662806047,24.676770751017628,78.77584508978691
720.3125829904436,166.37042781591217,24.676770751017628,78.77584508978691
724.8598823147479,165.53999467854868,24.213810569224727,77.29793374021727
725.2448687032653,163.6150627359619,24.213810569224727,77.29793374021727
726.0148414803,162.46010357040984,24.213810569224727,77.29793374021727
726.541550209451,160.91355710205406,24.70033866499216,78.85108112285945
730.3077486590199,159.29688700722727,24.236936326247353,77.37175827225104
731.3058110403555,158.48125536415037,23.7822278653666,75.92018895482403
733.4195221786201,158.05905022151302,23.336050176758935,74.49585248734572
733.4195221786201,158.43008069827857,23.33605017675894,74.49585248734573
733.9271375040505,158.05268859302998,23.804941432960558,75.99269765137397
734.8234379363498,158.04619914034586,24.283254121173034,77.51961892528304
736.3677999489017,154.9574751152421,24.283254121173034,77.51961892528304
737.5260714583156,153.4131131026902,24.283254121173034,77.51961892528304
740.8425841972648,149.89328923160187,23.827676693482346,76.06527559842431
740.8425841972648,148.37790095006605,23.827676693482346,76.06527559842431
743.4945136899526,147.62020680929814,23.827676693482346,76.06527559842431
745.0099019714884,146.10481852776232,23.827676693482346,76.06527559842431
745.3887490418723,144.96827731661045,23.827676693482346,76.06527559842431
747.282984393792,143.8317361054586,23.827676693482346,76.06527559842431
747.661831464176,142.69519489430672,23.827676693482346,76.06527559842431
748.1801408510429,140.03676975108738,24.306446201284487,77.59365518102345
751.8862803189827,139.2187989322655,23.850433667650123,76.13792286211374
751.5070714251149,138.46038114452978,23.850433667650123,76.13792286211375
752.2654892128505,137.70196335679407,23.850433667650123,76.13792286211375
753.0239070005862,137.32275446292624,23.850433667650123,76.13792286211375
754.1615336821898,136.94354556905836,23.850433667650123,76.13792286211375
755.6783692576612,135.80591888745482,23.850433667650123,76.13792286211375
756.4367870453968,134.28908331198346,23.850433667650123,76.13792286211375
759.0912493024717,133.15145663037993,23.850433667650123,76.13792286211375
760.6080848779432,132.0138299487764,23.850433667650123,76.13792286211375
762.8833382411502,130.11778547943715,23.850433667650123,76.13792286211375
766.1407380399381,130.07357837520675,23.402976371960026,74.70950149510307
766.1407380399381,129.32938924163443,23.402976371960026,74.70950149510307
766.5128326067243,127.8410109744898,23.402976371960026,74.70950149510307
768.7454000074413,126.72472727413133,23.402976371960026,74.70950149510307
770.2337782745859,125.60844357377285,23.402976371960026,74.70950149510307
770.2337782745859,124.1200653066282,23.402976371960026,74.70950149510307
771.7221565417306,122.2595924726974,23.402976371960026,74.70950149510307
774.5463497903924,121.09993103631147,22.96391380964276,73.30787870001333
772.3556675220588,121.46504474770042,22.96391380964276,73.30787870001333
775.1268761629283,122.15270824290087,22.533088487348504,71.93255170961243
774.052084692075,131.82583148058004,22.533088487348508,71.93255170961243
773.6938208684572,136.124997363993,22.53308848734851,71.93255170961243
774.7686123393105,136.124997363993,22.53308848734851,71.93255170961243
775.6965112969924,139.30760638958856,22.110345866455614,70.58302718906972
776.6070019691873,139.26662456184036,21.69553430763704,69.25882105899505
784.1958396812772,116.15516425683933,21.69553430763704,69.25882105899505
783.2879811583928,114.0795668361447,22.13146267848039,70.65043855053344
786.1030066959341,110.91266310641059,22.13146267848039,70.65043855053344
785.1769065717494,109.85099528331997,22.576150158079095,72.07001781232931
788.6192181479506,109.09125311954476,22.152599658428038,70.71791429421248
788.6192181479506,107.33018182628693,22.152599658428038,70.71791429421248
