493.0,247.0,82.0,302.0
491.5511811023622,244.1023622047244,82.0,302.0
490.1023622047244,241.20472440944877,82.0,302.0
488.6535433070866,236.8582677165354,82.0,302.0
487.8297303070866,233.8242247165354,83.647626,308.068086
486.9893644324776,229.25128867478838,85.32835774921801,314.258098051998
482.4664862418142,226.23603654767948,85.32835774921801,314.258098051998
480.9588601782598,226.23603654767948,85.32835774921801,314.258098051998
480.9588601782598,227.74366261123396,85.32835774921801,314.258098051998
480.9588601782598,226.23603654767948,85.32835774921801,314.258098051998
479.45123411470536,229.25128867478838,85.32835774921801,314.258098051998
477.94360805115093,232.2665408018973,85.32835774921801,314.258098051998
475.57873064146895,236.6474771375902,87.04286044147307,320.5724860161568
475.57873064146895,241.26123351973854,87.04286044147307,320.57248601615686
474.7042545440437,241.11643962707615,88.79181263632358,327.0137489776795
474.7042545440437,242.68525982345443,88.79181263632358,327.0137489776795
474.7042545440437,244.2540800198327,88.79181263632358,327.0137489776795
473.8122075983929,240.96873639072845,90.57590652762524,333.584436235888
471.3018942528789,239.21772285266871,92.39584821748481,340.28714831317575
467.1086429988653,237.43152619958872,94.25235799571874,347.1245379842324
466.1617366842613,233.94413952873012,96.14617062492671,354.0993113259496
466.89456502177194,228.68791995680004,98.07803563129337,361.2142287884219
468.62745906403796,223.48923783000208,98.07803563129337,361.2142287884219
468.62745906403796,223.48923783000208,98.07803563129337,361.2142287884219
469.54747865784725,226.87760267549496,96.23799644367472,354.43749909743616
464.4463288559548,221.77645287360244,96.23799644367472,354.43749909743616
468.7498545233896,228.50201523889996,94.43247817799521,347.7879074360311
466.13265620533724,221.67099917476952,96.32990996202568,354.7760098601433
466.13265620533724,221.67099917476952,96.32990996202568,354.7760098601433
466.13265620533724,221.67099917476952,96.32990996202568,354.7760098601433
467.03627753160566,226.7009776442061,94.52266730948882,348.1200674081173
465.36620159681155,226.7009776442061,94.52266730948882,348.1200674081173
465.36620159681155,226.7009776442061,94.52266730948882,348.1200674081173
464.582794174739,229.9665128983757,92.74933028404573,341.58899689977807
465.4528279251579,233.17078354016246,91.0092627832079,335.18045561620454
467.91453826318286,236.314938953186,89.30184063838718,328.8921447901575
464.7588749873113,231.58144403937862,89.30184063838718,328.8921447901575
464.7588749873113,231.58144403937862,89.30184063838718,328.8921447901575
464.7588749873113,231.58144403937862,89.30184063838718,328.8921447901575
464.7588749873113,231.58144403937862,89.30184063838718,328.8921447901575
465.59656961100274,236.2444436816415,87.62645139100425,322.7218087815033
466.4185482701061,243.91642089107933,85.9824940727975,316.6672342681077
468.7442894977038,248.4060969855044,84.36937899025341,310.72624945190876
471.0263975614489,254.3022247218343,82.78652751308147,304.89672327988524
471.80297538466095,260.0877353763658,81.23337186665725,299.17656467963997
469.6944364323646,265.7647042329688,79.70935492835964,293.56372180932436
471.8504954648596,269.9268210589928,78.2139300277289,288.0561813216355
472.58418010353705,275.39277716443166,76.74656075037396,282.6519676416209
474.66009849062584,279.4001882409069,75.3067207455586,277.3491422580326
474.03595355647104,285.9935334706412,73.89389353739753,272.145803027976
472.1179222193477,292.4631811413643,72.50757233959462,267.0400834946043
468.954773292776,298.8114519394003,71.14725987365674,262.0301522176136
473.3933701570319,294.9840869522468,69.81246819051819,257.11421211629846
470.34779537507814,304.79684235684385,68.50271849551157,252.29049982493265
469.7800422675,305.9531078721659,67.2175409766224,247.55728506024323
473.97347947269446,310.65058475848906,65.95647463596575,242.9128700007517
469.93076923460376,310.59851842305477,64.7190671244247,238.35558867775907
476.2553171831788,311.6909192378441,63.50487457939103,233.88380637775703
472.36287435557546,316.12893759095965,62.313461465550034,229.49591905604996
471.84641804306676,320.4836944102104,61.14440041865247,225.19035276137845
471.3396509524883,321.5157580014351,59.99727209221737,220.96556307133702
474.0225808758688,323.5885222679114,58.871665007111005,216.8200345383843
471.4542995507052,326.6625748395622,57.76717540394772,212.75228014624636
475.05816572995377,326.61697317348955,56.68340709826003,208.76084077651853
470.05060527956016,326.61697317348955,56.68340709826003,208.76084077651853
472.0536294597176,324.6139489933321,56.68340709826003,208.76084077651853
471.0521173696389,324.6139489933321,56.68340709826003,208.76084077651853
471.0521173696389,325.6154610834108,56.68340709826003,208.76084077651853
471.0521173696389,325.6154610834108,56.68340709826003,208.76084077651853
473.58685942973347,328.5752512191117,55.61997133838577,204.8442846852743
471.6214139282426,327.59252846836625,55.61997133838577,204.84428468527432
471.6214139282426,328.5752512191117,55.61997133838577,204.84428468527432
471.6214139282426,326.6098057176208,55.61997133838577,204.84428468527432
471.6214139282426,325.6270829668754,55.61997133838577,204.84428468527432
471.6214139282426,323.6616374653845,55.61997133838577,204.84428468527432
471.6214139282426,321.6961919638936,55.61997133838577,204.84428468527432
471.6214139282426,320.7134692131482,55.61997133838577,204.84428468527432
471.6214139282426,318.7480237116573,55.61997133838577,204.84428468527432
471.6214139282426,317.7653009609119,55.61997133838577,204.84428468527432
472.604136678988,316.78257821016643,55.61997133838577,204.84428468527432
475.55230493122434,316.78257821016643,55.61997133838577,204.84428468527432
480.46591868495153,315.799855459421,55.61997133838577,204.84428468527432
485.37953243867867,312.8516872071847,55.61997133838577,204.84428468527432
486.3622551894241,309.90351895494837,55.61997133838577,204.84428468527432
485.37953243867867,308.92079620420293,55.61997133838577,204.84428468527432
488.84944302709715,305.9287212983661,54.57648666602145,201.00120698949354
489.361396970412,302.9927806232323,53.552578779391794,197.23022916312578
489.8637461606147,302.95050597854447,52.54788039898627,193.52999854260787
491.28511423308913,302.90902444724196,51.56203113581463,189.89918784165866
488.12469135845845,304.69037103048305,50.59467736213403,186.33649467517645
488.5992939972247,310.9079639611922,49.64547208460149,182.84064109206878
489.0649926296224,314.3774222936404,48.71407481980607,179.4103731168466
488.20428687133125,310.9345992604757,48.71407481980607,179.41037311684664
486.4828753547489,310.07389350218443,48.71407481980607,179.41037311684667
484.76146383816655,310.07389350218443,48.71407481980607,179.41037311684667
483.90075807987535,310.93459926047564,48.71407481980607,179.41037311684667
485.99346940207175,311.7142702218308,49.692886725160434,183.01526574388348
491.64022924923506,307.24160759725726,50.691365898129085,186.69259147847535
486.266379820434,308.1372491687241,50.691365898129085,186.69259147847535
489.3396752988058,304.47035890550194,51.70990751312019,190.44380571905236
498.4760522744291,293.5067065347539,51.7099075131202,190.44380571905236
507.18385559154757,290.7249734103003,50.73977943500524,186.8708949923363
506.7633223910449,286.2024343661505,49.787851901683524,183.36501554034658
508.9897122422793,278.24603129205707,48.853783453260995,179.92490979127825
508.9897122422793,273.9301602744846,48.853783453261,179.92490979127825
510.71606064930836,272.20381186745556,48.853783453261,179.92490979127825
510.71606064930836,272.20381186745556,48.853783453261,179.92490979127825
509.85288644579384,273.0669860709701,48.853783453261,179.92490979127825
509.85288644579384,275.6565086815136,48.853783453261,179.92490979127825
509.85288644579384,278.24603129205707,48.853783453261,179.92490979127825
510.71606064930836,281.69872810611514,48.853783453261,179.92490979127825
510.71606064930836,287.74094753071665,48.853783453261,179.92490979127825
509.44798445092846,298.0604725782034,47.937239035962804,176.54934376659463
505.21308336459407,301.44839344727086,47.937239035962804,176.54934376659463
510.2949646681953,304.8363143163383,47.937239035962804,176.54934376659463
498.8026203717512,317.46127502772396,48.9004419799124,180.09674973089682
499.17534067217247,320.835924576187,49.88299856061479,183.71543372323973
487.21652523919477,341.9055592471633,50.885297650693225,187.4068279330408
486.7053060963471,344.51811684595884,51.907735936388605,191.1723933266994
486.18381502726214,346.26603553095015,52.950718074558466,195.01362022581276
486.58740662580794,342.4357092199878,54.01465685283057,198.93202889701
486.9991075903433,342.3458570208887,55.099973352974494,202.92917015363764
487.97264274464976,342.3458570208887,55.0999733529745,202.92917015363764
488.9461778989562,345.266462483808,55.0999733529745,202.92917015363764
488.9461778989562,347.2135327924209,55.0999733529745,202.92917015363764
490.3396863252784,344.20126973016596,56.20709711755582,207.00662596953467
490.3396863252784,345.19436612632785,56.207097117555826,207.0066259695347
490.76809812024885,342.121577662363,57.33646631993888,211.16601010514057
491.20511799341557,340.0000983418417,58.48852793770541,215.40896874618318
491.6509189068938,338.8693980467376,59.66373792955773,219.73718115520023
492.1056772981267,336.6618084562619,60.86256141577634,224.15236033615167
492.56957314971453,334.40986176814476,62.08547286230354,228.656253712386
493.0427900606484,331.01570810117835,63.332956268525805,233.25064381822898
494.64451512245046,326.4343559011046,64.6055053588293,237.93734900446867
494.64451512245046,323.00990430152,64.6055053588293,237.93734900446867
494.64451512245046,320.72693656846366,64.6055053588293,237.93734900446867
498.5613913789758,322.902434457803,65.90362377800426,242.71822415801546
499.7258110808342,318.24475565036965,65.90362377800426,242.71822415801546
499.7258110808342,319.409175352228,65.90362377800426,242.71822415801546
500.8902307826926,320.5735950540863,65.90362377800426,242.71822415801546
500.8902307826926,319.409175352228,65.90362377800426,242.71822415801546
496.85075996432147,257.6429065390046,64.66720779987968,238.16459458004442
497.4573697711949,262.16215418670777,63.45398818613273,233.69639551478127
497.4573697711949,264.40443070413596,63.45398818613274,233.69639551478127
498.57850802990896,268.88898373899224,63.45398818613275,233.69639551478127
495.8103224716117,264.3543398426735,62.26352975044277,229.3120242028499
495.29427999503594,267.6055025832938,61.09540547100707,225.00990795419645
490.4700566347075,263.23941125583383,59.9491963373666,220.7885035839596
486.795554152032,261.0736595670452,58.82449120010544,216.64629685892461
491.9922635724369,261.0736595670452,58.82449120010544,216.64629685892461
492.54406586080466,262.0665651352454,57.72088662336994,212.5818019543622
497.16488708672176,265.080528472975,56.637986740154844,208.59356092105781
501.1677254044435,266.0812380524054,56.637986740154844,208.59356092105781
497.16488708672176,262.07839973468367,56.637986740154844,208.59356092105781
493.6933405839253,263.0343990346122,55.5754031103043,204.68014316233996
489.7655994000206,258.12472255473125,55.5754031103043,204.68014316233996
486.3591824806796,258.08085108348894,54.532754581176995,200.8401449209199
494.0672883711628,256.1538246108681,54.532754581177,200.8401449209199
490.724779141047,258.0378026836487,53.50966715092529,197.0721887753587
486.49954183747604,258.94099870596466,52.50577383433935,193.37492314598126
482.3535740886582,260.75494937392557,51.520714531208284,189.7470218100595
479.19568365775444,261.6245736289263,50.5541358971508,186.1871834260917
487.7088582780644,262.4778828884502,49.60569121686933,182.6941310670063
484.2030210651188,261.6014235852138,49.60569121686933,182.69413106700634
481.57364315540957,260.7249642819774,49.60569121686933,182.69413106700634
479.82072454893677,259.848504978741,49.60569121686933,182.69413106700634
478.06780594246396,258.9720456755046,49.60569121686933,182.69413106700634
477.19134663922756,258.9720456755046,49.60569121686933,182.69413106700634
475.43842803275476,258.0955863722682,49.60569121686933,182.69413106700634
473.68550942628195,257.2191270690318,49.60569121686933,182.69413106700634
470.17967221333635,257.2191270690318,49.60569121686933,182.69413106700634
474.5619687295184,257.2191270690318,49.60569121686933,182.69413106700634
471.0561315165728,257.2191270690318,49.60569121686933,182.69413106700634
468.4267536068636,257.2191270690318,49.60569121686933,182.69413106700634
466.26270116569805,258.9328867214731,48.67504027978198,179.26661176212366
470.5627815437852,259.7929027970905,48.67504027978198,179.26661176212366
467.1227172413155,253.77279026776856,48.67504027978198,179.26661176212366
464.54266901446323,253.77279026776856,48.67504027978198,179.26661176212366
461.96262078761094,253.77279026776856,48.67504027978198,179.26661176212366
458.52255648514125,254.63280634338597,48.67504027978198,179.26661176212366
454.2224761070541,256.35283849462087,48.67504027978198,179.26661176212366
450.7824118045844,259.7929027970905,48.67504027978198,179.26661176212366
456.8025243339064,252.9127741921511,48.67504027978198,179.26661176212366
452.5024439558192,255.49282241900337,48.67504027978198,179.26661176212366
446.85333370994385,257.99190078202236,49.65306786412364,182.86861579226002
443.34414819544463,259.74649353927197,49.65306786412364,182.86861579226002
439.8349626809454,261.5010862965216,49.65306786412364,182.86861579226002
436.79154705094373,263.21648270040293,48.72152809512847,179.4378229844973
432.94439140682647,262.317184262027,47.80746491677608,176.07139518129702
428.3247248381541,262.2794448358621,46.910550451255276,172.76812483267165
422.134047407764,263.90009373047593,46.030462972060995,169.52682704344397
415.24622279720137,265.4903376780875,45.166886788589835,166.3463391482209
409.285652649263,267.84877928950027,44.319512132900634,163.22552029434115
405.0030292368598,270.16297424610616,43.488035048599635,160.16325103264722
400.8007519983365,271.66538330446235,42.67215728181018,157.15843291593484
396.27702800763956,273.17329130136136,42.67215728181018,157.15843291593484
391.7533040169426,275.4351532967098,42.67215728181018,157.15843291593484
386.1219575831577,278.41728369910834,41.87158617418795,154.2099881049359
380.5962606768183,282.0832755286526,41.08603455794336,151.31685898169363
374.4483016578009,285.6804897915946,40.31522065283341,148.47800777019114
360.2020934762735,289.24204183697645,40.31522065283341,148.47800777019114
356.23551456660294,290.59959916821873,41.12527438141079,151.4613763803176
338.38340080650744,228.0416220318345,41.95160451955648,154.50468981592735
332.77337374463923,220.55960750324164,42.79453810916793,157.60915254839878
328.5628569828765,216.70783829137477,43.654408763395445,160.77599325055377
324.2677383078196,215.09260227518308,44.53155679867835,164.00646528293714
319.8863178132249,213.44491132171805,45.4263293694342,167.3018471898672
316.67585320635874,211.03706286656848,45.4263293694342,167.3018471898672
313.4653885994927,211.83967901828498,45.4263293694342,167.3018471898672
310.2549239926266,211.03706286656848,45.4263293694342,167.3018471898672
308.27319656269646,212.60643542286445,44.57408731899532,164.16310207727525
305.910521682719,211.8188771295386,44.57408731899532,164.16310207727525
303.96597338374085,211.78369014607964,43.737834156996655,161.08324287088993
302.05790669911505,212.52194623957936,42.91726991636497,158.06116481392934
300.1856371983307,213.2463519318777,42.112100257700625,155.09578387592163
297.60443467349967,214.7012256879089,41.32203636369691,152.1860363638592
295.07165801452436,215.398705243751,40.54679483554027,149.33087854064817
292.58639870513707,216.79950138871706,39.78609759125408,146.5292862507161
290.85072685973546,217.47105565173538,39.03967176594963,143.7802545526436
289.1476179035866,220.19933093681274,38.307249613948485,141.0827973586882
286.7996283989602,222.1995886019289,37.58856841274114,138.4359470810709
285.82395843921233,224.16231949088709,36.883370368747485,135.83875428489915
284.86659299533864,224.78487827662389,36.1914025248453,133.29028734760087
283.2877400237977,227.31410315414809,35.512416669633616,130.7896321247481
282.36595982290913,227.28606949394094,34.846169248398375,128.33589162215
281.4614731136886,227.87424212019428,34.19242127574845,125.92818567409785
280.5739554534395,229.65963923000908,33.550938249890734,123.56565062764628
280.29588401522665,231.4115405563248,32.921490068513464,121.24743903281781
282.04090634265316,232.57488877460912,32.921490068513464,121.24743903281782
280.8775581243688,234.31991110203563,32.921490068513464,121.24743903281782
278.80179004696896,236.5918433606454,33.582981568460106,123.68366382530424
283.2112921187787,265.6107014698995,34.257764417115176,126.16883968254609
276.20899635122385,278.2646806000998,34.946105677548275,128.7039501782875
271.597239174705,299.2302606023697,34.290482800443726,126.28933909431707
269.43515327252817,297.3556325682512,34.97948147135304,128.82687078473919
267.84766035618793,292.97119452156676,35.68232419255693,131.41538909941696
268.1196318569412,284.7159361366872,36.39928913255798,134.05591851259155
265.1814596691182,285.2985083985151,37.13066004909847,136.74950408326507
261.5282068611728,287.2048741375047,37.87672640146501,139.4972118688101
257.80154924455735,289.1495444832878,38.63778346504965,142.30012934689012
249.28924698620403,292.5324065011087,37.91290112782907,139.63044073907773
243.2604622476132,295.21186638492685,37.91290112782907,139.63044073907773
235.89194756711328,296.5515963268359,37.91290112782907,139.63044073907773
229.4822708673417,297.1583940168144,38.67468505019055,142.436035184848
222.26047996582568,296.41073495714573,39.45177549690403,145.29800243981717
212.10536318629727,296.34510779234824,40.24448002196332,148.21747520284043
203.87938122512614,296.2781619809285,41.05311235904463,151.1956089320911
199.84020180299197,296.2098710273198,41.87799254567492,154.2335823023636
191.70105671825544,292.51025962516684,41.87799254567493,154.2335823023636
185.0417561943801,292.51025962516684,41.87799254567493,154.2335823023636
173.9429219879212,292.51025962516684,41.87799254567493,154.2335823023636
167.60281649236634,290.9607519405662,42.71944704989518,157.332597671565
158.87095064065542,289.38010999805874,43.57780889946872,160.49388155657977
149.1936798833715,285.4578416419567,44.453417813685746,163.71868511869613
141.67824244889763,284.59846811329044,45.346620337816134,167.0082846587861
130.80696608666585,285.3242428140062,46.25776998026387,170.3639821224351
126.25570500360861,282.79537458822307,47.187227352477315,173.78710561522118
120.41960467424518,281.96164596974256,47.18722735247732,173.7871056152212
115.77689510224607,284.38433690558173,48.13536031167065,177.27900992834785
111.52449146418797,286.085298360805,48.13536031167065,177.27900992834785
107.27208782612988,290.33770199886305,48.13536031167065,177.27900992834785
105.93801520114704,291.10811060845276,49.10254410641305,180.84107707483815
104.202876327404,293.7108189190673,49.102544106413056,180.84107707483815
102.46773745366096,295.44595779281036,49.102544106413056,180.84107707483815
101.60016801678944,298.0486661034249,49.102544106413056,180.84107707483815
99.37172043368133,297.96698509633563,50.08916152514321,184.47471683650286
93.6465705214887,297.92744448868507,49.14944021559634,181.01379201353757
90.17297843404114,299.6642405324088,49.14944021559634,181.0137920135376
89.67919858291515,297.8456854709448,50.13699991784832,184.65090213646562
109.54997230948922,251.69825301687268,51.144402657197645,188.36109271309363
108.1325040062651,241.67306874157325,52.17204713978872,192.14583214897783
107.6083575346752,238.82087261663762,53.22034008296849,196.00661835434727
105.7277079139212,238.8208726166376,53.2203400829685,196.0066183543473
103.84705829316718,238.8208726166376,53.2203400829685,196.0066183543473
102.37205533614664,238.73234174609468,54.28969637625558,199.9449793369412
99.0444440201312,235.81182894711043,53.2711689539511,196.19381736699054
94.83803904223788,233.88733068567416,52.27175009513529,192.51303083818107
75.00995166055947,304.9605433521742,51.291081304601626,188.90129943889855
77.30356222043872,299.4826280016577,50.328810812861796,185.35732762785673
80.44337817754504,292.3290121453693,49.38459344996467,181.87984416938193
89.63215796393834,284.4370522368747,48.458090521682564,178.4676016774161
93.05688953912161,279.29995487409985,48.458090521682564,178.4676016774161
95.62543822050904,274.162857511325,48.458090521682564,178.4676016774161
102.47490137087556,271.59430882993763,48.458090521682564,178.4676016774161
106.75581583985462,268.16957725475436,48.458090521682564,178.4676016774161
112.34747361946057,267.2751413280374,47.548969688020414,175.119376168075
113.63362611277613,267.2376059591598,46.656904844004174,171.83396662060056
121.40847354792935,258.9164071897711,47.59438203303475,175.2866265119083
127.65769611184457,252.1098554542617,48.55069595122452,178.8086606984121
123.36860063699085,248.67857907437875,48.55069595122452,178.8086606984121
125.08423882693232,241.8160263146128,48.55069595122452,178.8086606984121
125.08423882693232,239.24256902970055,48.55069595122452,178.8086606984121
134.97567797233316,234.91514741878638,47.63983774977918,175.45403659065002
145.0763848814471,234.91514741878638,47.63983774977918,175.45403659065002
157.3074277506264,233.19408916673623,46.74606813268646,172.16234848867435
156.83779337713136,220.7273183068923,47.68533687967653,175.6216065568573
158.5228523335094,214.82961195956915,47.68533687967653,175.6216065568573
161.05044076807647,212.30202352500208,47.68533687967653,175.6216065568573
163.57802920264353,210.61696456862404,47.68533687967653,175.6216065568573
166.1056176372106,209.77443509043502,47.68533687967653,175.6216065568573
169.47573554996669,209.77443509043502,47.68533687967653,175.6216065568573
170.3182650281557,208.08937613405698,47.68533687967653,175.6216065568573
171.60810611882061,209.73679207268765,46.79071365472476,172.32677467959593
173.70047134515357,210.52657808154234,45.912874430201526,169.09375704781525
174.9423690836563,211.3015469379452,45.05150432196059,165.92139396624498
177.75295470801575,212.85797017275553,44.20629435338809,162.8085474966243
180.09613451242043,212.85797017275553,44.20629435338809,162.8085474966243
182.0729308864319,215.16625333110966,43.37694134457145,159.7541010495191
184.77904713286114,216.66482436397052,42.563147803547665,156.75695898379738
187.43439401071942,218.13528074905992,41.76462181959185,153.81604621361865
193.7295199383269,218.84023075733768,40.981076958507764,150.93030782279678
196.62582036481638,215.2198552242258,40.98107695850777,150.93030782279678
200.24619589792826,213.77170501098107,40.98107695850777,150.93030782279678
204.59064653766256,210.87540458449155,40.98107695850777,150.93030782279678
210.76766978995403,215.1875045791806,40.212232159882845,148.09870868639766
216.82880608780266,213.02428860013472,39.457811636270776,145.32023309943617
221.38190706695613,212.99314042753306,38.71754477426556,142.5938844125389
227.217751122114,213.6466584607386,37.99116603743147,139.9186846744426
229.9027423073982,209.6191716828123,37.99116603743147,139.9186846744426
235.27272467796658,208.2766760901702,37.99116603743147,139.9186846744426
243.32769823381918,208.2766760901702,37.99116603743147,139.9186846744426
246.30225896582937,207.54223082090948,38.75452253662158,142.73007080560618
253.14961074875464,208.9117011774945,38.75452253662158,142.7300708056062
257.2580218185098,211.65064189066462,38.75452253662158,142.7300708056062
260.9770855776008,212.2709097691937,39.53321715794992,145.59794611830324
265.4693700470332,211.50665356574612,40.327558090304606,148.5234456496583
268.3194836205366,212.9317103524978,40.327558090304606,148.5234456496583
271.8821255874158,210.79412517237026,40.327558090304606,148.5234456496583
275.1105312359465,212.1873472047879,39.57097394025,145.73700158482302
279.6071061279384,206.52823640549525,40.36607351963144,148.66529515766686
283.48082179510476,205.74787942182397,41.1771490348614,151.65242693326985
290.028676490873,199.20002472605572,41.1771490348614,151.65242693326985
293.6663735440776,201.38264295797845,41.1771490348614,151.65242693326985
303.85192529305044,193.37970944092834,41.1771490348614,151.65242693326985
308.5310149397581,194.03875156566596,42.004521490418874,154.69957914764004
314.12014276582283,196.23206658899656,41.21647587855428,151.79726482101677
320.67425108682204,193.31912955744136,41.21647587855428,151.79726482101677
327.54251234079624,195.435269625861,42.044638528382066,154.84732726306547
332.3201775616488,196.85106262784288,42.889441450332846,157.95867460976223
340.982805853831,197.53751006980417,43.75121899739439,161.13253825869617
350.59251176163093,198.2377503002168,44.63031224070904,164.37017434992816
358.8182020809237,200.52916386689162,45.527069104561605,167.67286426314126
359.62259815498163,194.09399527442815,45.52706910456161,167.67286426314126
368.01356726985995,195.62705413984025,46.44184450407957,171.04191512478056
376.5731361271635,193.90868153953915,47.37500048570004,174.47866032538278
385.30469240151683,192.99282797101046,48.32690637045921,177.9844600473007
392.5039617089227,191.20470709314523,49.29793890016086,181.56070180303112
398.97686416021554,191.1227010510944,50.288482386481796,185.20880098435944
404.6913034256444,188.37347761718723,51.29892886307338,188.93020142253818
405.17251228542295,185.61385307848167,50.336511143516205,185.38568738221787
411.8702958838724,185.5741172119385,49.39214931493855,181.9076718672124
419.2282546545833,183.74658178652453,50.38458577112361,185.5627427180403
424.9536144514873,186.33343179027457,51.3969632530228,189.2912549074739
429.8859054681298,191.696584675132,52.42968243566578,193.09468409232977
433.99094595073143,194.38843421858994,53.48315204484562,196.97453557979696
439.1234373213574,200.9142443333542,54.5577890188827,200.93234492320184
441.4671891675362,207.57117755075444,55.654018673639115,204.96967852974373
448.7746556039418,208.46192262603427,56.77227487084855,209.08813428044186
453.21970420632823,209.37056544211163,57.91300018982851,213.2893421625388
463.89349027471593,205.18127969793116,59.07664610264274,217.5749649146107
473.7379476377639,204.03920990172833,60.26367315278314,221.94669868463998
481.65066947517295,199.67988218595846,61.47455113744202,226.40627370131045
485.37772351481595,198.49145608662954,62.709759293446645,230.95545495879088
486.9636875846759,198.3871397749876,63.96978648692988,235.59604291527788
490.8420217364481,197.1504757827675,65.25513140681176,240.32987420557458
498.2571686545035,193.58303990217058,66.56630276216882,245.15882236798723
504.64517985875773,189.94392353242483,67.90381948356908,250.0847985858272
509.9617851661685,187.43144660343233,69.26821092845243,255.10975244381223
515.385217024021,184.86848647550556,70.66001709063784,260.23567269966577
520.9176218981935,179.75711249537892,72.07978881404003,265.4645880712202
527.8347328002286,178.36366592804728,73.52808801068053,270.79856803933524
533.0312636986213,174.46626775425278,73.52808801068053,270.79856803933524
538.2277945970139,174.46626775425278,73.52808801068053,270.79856803933524
542.1251927708084,171.86800230505645,73.52808801068053,270.79856803933524
544.7234582200048,169.26973685586012,73.52808801068053,270.79856803933524
548.6208563937993,167.97060413126195,73.52808801068053,270.79856803933524
551.2191218429956,166.67147140666378,73.52808801068053,270.79856803933524
555.1165200167901,164.07320595746745,73.52808801068053,270.79856803933524
561.0027800806349,167.91256073043832,72.14862967977615,265.71812394258984
559.7280203474796,165.3630412641278,72.14862967977615,265.71812394258984
571.8776471224202,160.20704788124596,70.79505132668956,260.73299391049045
569.3759591170215,157.7053598758473,70.79505132668956,260.73299391049045
575.6301791305182,156.45451587314795,70.79505132668956,260.73299391049045
579.3827111386162,229.0034680297095,70.79505132668956,260.73299391049045
581.8843991440149,236.5085320459055,70.79505132668956,260.73299391049045
584.9256886689593,231.3873900171851,72.21753629299674,265.9719019571339
590.5800412468196,218.50748561420815,73.66860324973193,271.31607538315865
593.7447758883245,209.2736315561156,75.1488264948288,276.76762928583247
598.3008683229937,197.19870410840912,76.6587918655894,282.3287212610727
601.5940586848434,179.46336459105933,78.19909697054469,288.00155225737143
604.3573837938467,172.55505181855105,78.19909697054469,288.00155225737143
608.5023714573516,171.1733892640494,78.19909697054469,288.00155225737143
609.8840340118533,172.55505181855105,78.19909697054469,288.00155225737143
612.6473591208565,175.31837692755434,78.19909697054469,288.00155225737143
616.144229727259,144.86007001237522,76.73200597574623,282.59836347165026
618.2197544221227,146.15523864771998,75.29243903263637,277.2965437543432
616.8894482206626,150.14615725210015,75.29243903263637,277.2965437543432
616.8894482206626,162.11891306524072,75.29243903263637,277.2965437543432
616.1330227319213,168.64519674863317,76.80529001011914,282.86826320799923
616.7184344298006,175.302613050076,78.34853870229247,288.5519352206376
618.6999117741228,183.4780997864611,79.92279589043764,294.3498092550259
619.309085173967,180.52091442778047,81.52868462826422,300.2641799723871
621.3709901460195,181.82578469694332,83.16684048849993,306.2973881405723
622.0048897288636,178.74856798698903,84.83791181443536,312.4518215604809
622.6515262560257,172.61159954526988,86.54255997652281,318.7299160110956
621.1224470323191,164.96620342673702,86.54255997652281,318.7299160110956
624.9924167111086,167.95604479107453,84.91893751376999,312.7502332824206
627.2893897881206,167.88900940281704,83.32577578504527,306.8827352083369
630.2338765836744,169.3612528005939,83.32577578504527,306.88273520833695
633.1783633792281,172.30573959614765,83.32577578504527,306.88273520833695
636.1228501747819,176.72246978947828,83.32577578504527,306.88273520833695
642.7934599997125,185.49015243686082,81.76250331739922,301.1253170957869
642.7934599997125,191.26864316488133,81.76250331739922,301.12531709578695
649.3389227067977,202.76108093590634,80.22855935926991,295.4759137377985
652.1739630221628,218.35380267041396,80.22855935926992,295.4759137377985
658.5966264928581,233.88319162211192,78.7233936793392,289.9324986726878
661.3784786989265,231.1013394160435,78.72339367933921,289.9324986726878
662.7694048019607,236.66504382818042,78.72339367933921,289.9324986726878
661.3784786989265,236.66504382818042,78.72339367933921,289.9324986726878
661.3784786989265,232.49226551907773,78.72339367933921,289.9324986726878
672.5058875232005,226.9285611069408,78.72339367933921,289.9324986726878
676.6786658323031,224.14670890087237,78.72339367933921,289.9324986726878
680.8514441414059,222.75578279783812,78.72339367933921,289.9324986726878
686.4151485535426,225.53763500390656,78.72339367933921,289.9324986726878
692.5788844941144,221.23390205295715,80.30518282853818,295.75811236851814
703.2643039679817,242.45361850157627,78.79857961791836,290.2094029830647
706.7879819587387,243.7836690786862,77.3202417465245,284.7647927737849
697.2250405942751,238.31913115613554,77.3202417465245,284.76479277378496
698.5911750749128,230.12232427230964,77.3202417465245,284.76479277378496
697.2250405942751,224.65778634975902,77.3202417465245,284.76479277378496
695.8589061136374,221.92551738848374,77.3202417465245,284.76479277378496
695.8589061136374,220.5593829078461,77.3202417465245,284.76479277378496
695.8589061136374,176.8430795274412,77.3202417465245,284.76479277378496
697.2250405942751,172.74467608552823,77.3202417465245,284.76479277378496
699.9573095555504,174.11081056616587,77.3202417465245,284.76479277378496
704.0557129974634,179.5753484887165,77.3202417465245,284.76479277378496
706.0111841500322,184.91126588194055,78.87383736393741,290.48657175498863
707.4047683707894,173.7625921158837,78.87383736393741,290.48657175498863
709.3995308052267,181.99289253880406,80.45864937809101,296.3233184412616
709.3995308052267,172.04179397927064,80.45864937809102,296.3233184412616
722.9485415778266,174.8214505793828,78.94916698597713,290.7640052410373
720.8992927282956,174.7591277546224,77.46800394932986,285.3089901548485
721.62598021819,177.43546460764824,76.01462896954098,279.9563164487968
725.0251668072667,181.4046570135139,74.58852071568012,274.70406409921173
723.7072978028798,182.7225260179008,74.58852071568012,274.7040640992118
730.9963193639086,186.617252519928,73.18916763749137,269.55034910393124
730.3897247895638,189.14576566864196,71.81606778189837,264.49332280650333
732.3322782296036,187.82018988866105,70.46872861295189,259.5311712330663
734.2383874807819,191.49979664663937,69.1466668351554,254.66211444166947
736.1087362714708,193.88865092557327,67.8494082201052,249.88440588380166
738.5063339500764,189.0934555683621,67.8494082201052,249.88440588380166
730.6318918345764,266.90251411793815,69.21270637947178,254.9053332512249
729.9365463799351,274.124698122477,70.60339728875451,260.0271461122418
732.9696026257581,264.02758884569135,72.02203135047745,265.2518715590751
737.3361249983727,255.00012127985156,73.4691700264026,270.5815774143116
741.7903839050202,248.38744826987028,74.9453860597431,276.01837304929734
746.3341422358792,245.6144296850305,76.45126370184153,281.5644102189769
750.96919830288,248.1888165255469,77.98739894340264,287.2218839135068
746.83543181385,210.98491812427702,77.98739894340264,287.2218839135068
744.07958748783,201.33946298320703,77.98739894340264,287.2218839135068
741.9181649213352,201.20973265248998,79.55439975037243,292.9930332269809
741.1189216442431,201.0773956502378,81.15288630455666,298.88014224361063
738.8697675222783,199.5085479508934,82.78349124907412,304.8855409417115
735.9444434604711,192.19523779637558,82.78349124907413,304.8855409417115
733.019119398664,198.04588591998981,82.78349124907413,304.8855409417115
731.5564573677605,205.35919607450762,82.78349124907413,304.8855409417115
731.5564573677605,214.13516825992895,82.78349124907413,304.8855409417115
730.7247730229267,215.4601217655687,84.44685993874178,311.01160611585334
731.3684289436426,216.81169756199725,86.14365069549092,317.2607623175392
732.0250178427733,207.5362129700016,87.87453506891542,323.6354828147855
734.2474128391054,210.49526211770672,89.64019810205514,330.13829057098303
734.930652503486,213.5137674399367,91.44133860251972,336.77175924342583
734.930652503486,194.12616655321077,91.44133860251974,336.77175924342583
740.6353168785477,184.3601819090621,89.7258102957593,330.45359401608863
739.8916659878357,189.04531962089357,88.04246696590619,324.25396370370277
742.2731274400779,188.97581850454657,86.39070479154022,318.17064447615985
743.0835141960894,193.48680979720115,84.76993127951742,312.2014542245637
743.0835141960894,197.98008827485563,84.76993127951742,312.2014542245637
743.0835141960894,199.47784776740713,84.76993127951742,312.2014542245637
743.0835141960894,200.97560725995862,84.76993127951742,312.2014542245637
741.5857547035379,202.47336675251012,84.76993127951742,312.2014542245637
743.0835141960894,203.9711262450616,84.76993127951742,312.2014542245637
743.0835141960894,205.4688857376131,84.76993127951742,312.2014542245637
744.5812736886409,211.4599237078191,84.76993127951742,312.2014542245637
745.2273920665926,218.80770824581242,86.47321350871677,318.47451804429784
748.2831000146633,232.55839401213035,86.47321350871678,318.47451804429784
748.2831000146633,247.83693375248362,86.47321350871678,318.47451804429784
747.414346875148,243.10952553291625,88.21071978774744,324.8736265353619
742.7386874433412,239.99241924504497,88.21071978774745,324.87362653536195
753.6485594508905,232.1996535253669,88.21071978774745,324.87362653536195
765.385890838783,236.80567902129832,86.55580102706098,318.77868183137036
766.9152040122974,235.2763658477839,86.555801027061,318.77868183137036
771.5031435328407,239.86430536832717,86.555801027061,318.77868183137036
774.5617698798695,238.33499219481274,86.555801027061,318.77868183137036
774.5617698798695,236.80567902129832,86.555801027061,318.77868183137036
768.4445171858118,233.74705267426947,86.555801027061,318.77868183137036
762.3272644917541,227.62979998021177,86.555801027061,318.77868183137036
757.7393249712109,223.0418604596685,86.555801027061,318.77868183137036
754.680698624182,230.68842632724062,86.555801027061,318.77868183137036
753.1513854506676,229.1591131537262,86.555801027061,318.77868183137036
752.4340077160125,244.3839173532504,84.93193014934229,312.7980842085527
749.4327641693487,242.88329557991847,84.93193014934229,312.7980842085527
746.4315206226847,241.38267380658652,84.93193014934229,312.7980842085527
751.730088684273,260.8237112152,83.33852466615767,306.9296884046289
752.5118445087908,274.0101412769981,81.77501301712209,301.1713894045223
756.1686212547611,273.9455877167693,80.24083436487837,295.5211216852832
755.5035822013357,173.22291548189028,78.73543839392272,289.9768584751783
756.2421588416947,178.72531703684461,77.25828511320462,284.5366110266799
756.9668790670821,184.12448819549303,75.80884466243,279.1984279030953
759.0174331635785,188.08293533403184,74.38659712199845,273.9603942785791
761.0295168740238,191.96711816038146,72.9910323265061,268.820631251278
761.7142081964031,197.06807368896705,71.62164968174748,263.7772951693621
760.4487594215383,197.06807368896705,71.62164968174748,263.7772951693621
761.7142081964031,197.06807368896705,71.62164968174748,263.7772951693621
764.916951594431,197.01153523906854,70.27795798515052,258.8285769697001
764.3344852351883,198.1977652324199,68.95947524958038,253.9727015289418
766.7713094037925,195.76094106381555,68.95947524958038,253.9727015289418
767.4181827633583,194.48809206199263,67.66572853044889,249.20792702677466
772.8351341123706,194.4346764339058,66.39625375606765,244.5325443211267
770.9949604029841,194.32422771943592,67.73035368278832,249.44593673417108
772.7078980476201,193.01486443749116,69.09125967933659,254.45805394097079
773.2345132278008,192.89993263967133,70.4795103600735,259.5708796188067
774.4797820876292,194.1452014994998,70.4795103600735,259.5708796188067
767.5453653876544,252.55559678900377,71.89565516173846,264.7864373029874
770.633935829159,260.0577402228712,73.34025456090328,270.10679118771634
775.0803789014886,256.0482983602599,74.81388029579551,275.5340469430511
779.0459312275188,266.62310456300725,74.81388029579551,275.5340469430511
783.7132740749232,270.5295984780456,73.41029925304723,270.3647606636611
785.6989498958471,276.95690591623327,72.03305075361541,265.29245521453424
782.5565020132753,278.1727603287162,70.6816407734171,260.31531114112096
776.9753290930419,278.11696392604506,69.35558455674085,255.431543123606
772.073686089992,273.21532092299526,69.35558455674085,255.431543123606
772.7242751471808,273.1605713150196,68.05440644236309,250.63939933650738
772.1602376667623,274.30926971799124,66.77763969292667,245.9371608202904
770.9803753944848,271.94954517343615,66.77763969292667,245.9371608202904
766.7699070204771,264.75928839814486,68.11940280727664,250.87877619265248
761.2712684605161,256.2209885485532,69.48812596788325,255.91968344269148
758.8157633370112,247.6267206162857,69.48812596788326,255.9196834426915
762.4990210222686,251.3099783015432,69.48812596788326,255.9196834426915
764.9545261457736,252.53773086329568,69.48812596788326,255.9196834426915
770.5173687527615,259.84939199705354,68.18446124792746,251.11838166919574
781.9994406880089,189.92188045328285,66.90525454404828,246.40715697929926
778.4530895733253,192.28611452973857,66.90525454404828,246.40715697929926
778.4530895733253,193.4682315679664,66.90525454404828,246.40715697929926
779.6352066115531,195.83246564442211,66.90525454404828,246.40715697929926
779.6352066115531,197.01458268264994,66.90525454404828,246.40715697929926
779.6352066115531,198.19669972087777,66.90525454404828,246.40715697929926
779.6352066115531,198.19669972087777,66.90525454404828,246.40715697929926
780.817323649781,197.01458268264994,66.90525454404828,246.40715697929926
781.4449274217482,196.96176737612188,65.65004700011406,241.78431943944395
785.5405748615851,195.75000356134092,64.41838836857971,237.24821082086623
785.5405748615851,193.47364799002946,64.41838836857971,237.24821082086623
788.9551082185521,191.197292418718,64.41838836857971,237.24821082086623
787.8169304328965,191.197292418718,64.41838836857971,237.24821082086623
788.3079288798073,191.09013384001764,65.71274704606958,242.0152391208899
789.9698401504148,189.8197749320925,67.03311327246625,246.87805132054595
790.4807680910527,190.89264292889004,68.38000961744993,251.8385720057297
783.7529194125764,256.02027852800614,69.75396915069335,256.8987644330408
787.9819346342244,262.06649241839034,71.15553565283824,262.06063130679394
794.8103499154373,256.91927382925024,72.58526383071072,267.32621557164134
803.1860814148479,270.96919324935357,71.22349379695677,262.3109161790354
792.5284668320293,278.4634527958888,69.88727189138977,257.38970867316675
793.1840433745659,189.50233205835195,68.5761188063163,252.56082779887177
791.4040431803382,194.29475273256935,67.28956422632069,247.8225414188879
792.035251963718,197.8083557184912,66.02714665956117,243.17314989252964
790.3214143198836,201.25604010049517,64.78841327223104,238.61098546602113
788.6397299344785,201.20489583791434,63.57291972612559,234.13441167426691
786.393250727717,201.20489583791434,63.57291972612559,234.13441167426691
783.0235319175748,202.32813544129507,63.57291972612559,234.13441167426691
782.4966371676287,204.52442990150564,62.380230019256274,229.74182275384578
782.4966371676287,201.21793028842427,62.380230019256274,229.74182275384578
782.4966371676287,202.32009682611806,62.380230019256274,229.74182275384578
783.5988037053226,202.32009682611806,62.380230019256274,229.74182275384578
782.4966371676287,202.32009682611806,62.380230019256274,229.74182275384578
783.5988037053226,203.42226336381185,62.380230019256274,229.74182275384578
784.7009702430164,204.52442990150564,62.380230019256274,229.74182275384578
784.0742672621279,205.5228282922905,63.633635981033194,234.3580251984388
783.4349719382445,205.41697513200572,64.9122266288001,239.06698099875103
782.2880687598597,205.41697513200572,64.9122266288001,239.06698099875103
782.2880687598597,206.5638783103905,64.9122266288001,239.06698099875103
781.1411655814749,206.5638783103905,64.9122266288001,239.06698099875103
781.1411655814749,206.5638783103905,64.9122266288001,239.06698099875103
781.1411655814749,205.41697513200572,64.9122266288001,239.06698099875103
781.1411655814749,205.41697513200572,64.9122266288001,239.06698099875103
782.2880687598597,201.97626559685133,64.9122266288001,239.06698099875103
786.3376864974662,204.21882995222384,63.69441022389583,234.58185228800602
786.3376864974662,200.84267146906748,63.69441022389583,234.58185228800602
786.3376864974662,198.59189914696324,63.69441022389583,234.58185228800602
786.8231667662039,198.48594489005603,64.97422200852458,239.29530544602892
786.1704032447952,202.9698558750094,66.27974905134187,244.103466018356
780.8202626261327,249.70221216174798,67.61150804903048,249.00823696106283
777.7518126212686,261.535696844615,68.97002608025964,254.0115594663215
779.4961022580497,255.32797420674203,70.3558408142903,259.1154137306783
782.5185237080995,250.23860359950308,71.76950072377184,264.32181973876885
788.1377968411897,250.11921660634218,73.2115653018146,269.63283806277997
796.5857982847019,265.5839058994569,71.83804524428953,264.57426419238277
783.8930766360086,216.08229146955279,71.83804524428953,264.57426419238277
783.2976802148804,203.3328605473381,70.49029375680726,259.6105940799481
783.9589133952985,204.52267458137908,69.1678273959711,254.7400472388198
783.3856478401358,202.02388647169943,67.87017178825192,249.96087658600038
782.8231373034603,199.57197805341826,66.59686145982863,245.27136781546585
780.4698009276952,199.57197805341826,66.59686145982863,245.27136781546588
779.2931327398128,199.57197805341826,66.59686145982863,245.27136781546588
778.1164645519303,199.57197805341826,66.59686145982863,245.27136781546588
776.9397963640479,199.57197805341826,66.59686145982863,245.27136781546588
776.9397963640479,199.57197805341826,66.59686145982863,245.27136781546588
776.9397963640479,199.57197805341826,66.59686145982863,245.27136781546588
776.9397963640479,198.39530986553575,66.59686145982863,245.27136781546588
776.9397963640479,198.39530986553575,66.59686145982863,245.27136781546588
776.9397963640479,198.39530986553575,66.59686145982863,245.27136781546588
776.9397963640479,198.39530986553575,66.59686145982863,245.27136781546588
775.7631281761654,199.57197805341826,66.59686145982863,245.27136781546588
775.7631281761654,200.74864624130078,66.59686145982863,245.27136781546588
774.586459988283,201.9253144291833,66.59686145982863,245.27136781546588
773.4097918004005,201.9253144291833,66.59686145982863,245.27136781546588
773.4097918004005,201.9253144291833,66.59686145982863,245.27136781546588
772.233123612518,203.1019826170658,66.59686145982863,245.27136781546588
772.233123612518,200.74864624130078,66.59686145982863,245.27136781546588
772.233123612518,198.39530986553575,66.59686145982863,245.27136781546588
774.0345026955043,195.9894016301197,65.34743966962104,240.6698387832379
774.0345026955043,190.21643787977862,65.34743966962104,240.66983878323794
776.9566789077237,187.85566681912837,64.12145824545513,236.15463890399278
759.3185106439043,273.85179381387263,65.40985070598106,240.8996940634907
758.6613705787868,279.52146326382285,66.72413083621633,245.74009161630843
754.4542760489272,272.33696803418167,68.06481879710843,250.67774727715494
754.9730676729497,263.8055099158237,69.43244520119873,255.71461525319484
759.1825896715869,255.10262920949359,70.82755132262642,260.8526890174773
760.9738571364835,248.72771798039054,72.25068931135195,266.09400209790545
764.0776795146699,243.5012786360787,73.70242241168495,271.44062888205866
765.9416540399044,230.3565467100412,75.18332518520295,276.8946854381859
766.5147030843528,226.24634593186488,76.69398373814923,282.4583303526954
768.5891993153821,190.95399826920467,75.25513012913838,277.1591377926798
769.2951289744319,181.5870624759787,73.84327081103868,271.959363230898
768.6831131683813,180.22406872924563,72.45789934473972,266.8571414891628
766.8023553017654,182.72731828290657,71.09851879242052,261.85064238184094
761.7775320032036,185.23972993218743,71.09851879242052,261.85064238184094
759.932058980485,182.6711927948668,69.76464153929624,256.93807005935884
758.1212088237284,187.54667300958397,68.45578911870886,252.11766236402488
756.9116961294858,186.33716031534135,68.45578911870888,252.1176623640249
755.7021834352432,186.33716031534135,68.45578911870888,252.11766236402494
755.7021834352432,187.54667300958397,68.45578911870888,252.11766236402494
756.9116961294858,187.54667300958397,68.45578911870888,252.11766236402494
756.9116961294858,187.54667300958397,68.45578911870888,252.11766236402494
756.9116961294858,187.54667300958397,68.45578911870888,252.11766236402494
756.9116961294858,188.7561857038266,68.45578911870888,252.11766236402494
756.9116961294858,191.17521109231177,68.45578911870888,252.11766236402494
755.7021834352432,193.59423648079695,68.45578911870888,252.11766236402494
755.7021834352432,194.80374917503957,68.45578911870888,252.11766236402494
755.7021834352432,196.0132618692822,68.45578911870888,252.11766236402494
755.7021834352432,196.0132618692822,68.45578911870888,252.11766236402494
754.4926707410007,197.2227745635248,68.45578911870888,252.11766236402494
754.4926707410007,197.2227745635248,68.45578911870888,252.11766236402494
754.4926707410007,197.2227745635248,68.45578911870888,252.11766236402494
753.9253065858628,198.3782479523262,67.17149204049953,247.38769019793685
752.7384855242676,194.81778476754073,67.17149204049954,247.38769019793688
753.9253065858628,192.44414264435045,67.17149204049954,247.38769019793688
754.4372892526732,189.95876221477687,68.5211688300693,252.35845105708404
754.4372892526732,188.74809435759107,68.5211688300693,252.35845105708404
754.9595591872076,191.0554466077892,69.89796467537188,257.42908941417403
747.5495963485663,260.21509976844135,69.89796467537188,257.4290894141741
746.8473664464552,255.15885080876137,71.30242447959412,262.6016121077731
749.9104522499,248.7411981017416,72.7351040946626,267.8780662998546
751.7499627664665,240.9094736289528,74.19657054123667,273.26054028601754
750.4390189428073,221.2453162740639,74.19657054123667,273.26054028601754
749.128075119148,217.31248480308614,74.19657054123667,273.26054028601754
746.5061874718294,214.6905971557676,74.19657054123667,273.26054028601754
743.8842998245109,212.06870950844905,74.19657054123667,273.26054028601754
741.9584120333478,210.6991945808732,72.80457082892568,268.1339071992137
739.3857135442903,210.6991945808732,72.80457082892568,268.1339071992137
736.8130150552328,204.2674483582295,72.80457082892568,268.1339071992137
732.3505603001176,211.92807157227057,71.43868638292605,263.10345472736145
727.9718255294979,215.65832580517292,70.09842725548242,258.1673784287276
725.4947541611459,216.8968614893489,70.09842725548242,258.1673784287276
724.9137757593436,221.79566821473563,68.78331269073507,253.3239077146581
727.9895957326846,229.03316767305185,67.49287095227109,248.57130521446146
726.7970963803496,233.80316508239233,67.49287095227109,248.57130521446146
727.3115286046626,237.26839022623085,68.84900520831508,253.56584845013563
724.8786081210194,234.83546974258766,68.84900520831508,253.56584845013566
723.6621478791978,231.18608901712287,68.84900520831508,253.5658484501357
724.8786081210194,227.5367082916581,68.84900520831508,253.5658484501357
724.8786081210194,226.3202480498365,68.84900520831508,253.5658484501357
723.6621478791978,227.5367082916581,68.84900520831508,253.5658484501357
721.2292273955546,229.96962877530126,68.84900520831508,253.5658484501357
720.0127671537331,229.96962877530126,68.84900520831508,253.5658484501357
718.7963069119115,229.96962877530126,68.84900520831508,253.5658484501357
717.57984667009,231.18608901712287,68.84900520831508,253.5658484501357
716.3633864282684,231.18608901712287,68.84900520831508,253.5658484501357
717.57984667009,225.10378780801494,68.84900520831508,253.5658484501357
717.57984667009,222.67086732437178,68.84900520831508,253.5658484501357
708.3729334465136,273.64766866806724,70.23238826996575,258.66074704304424
706.4264411802989,284.69896182496484,71.64356764747419,263.85801743338016
701.9091659790802,275.7189320880733,73.0831018522149,269.1597165776691
698.592395643603,265.26719613731893,74.55156061773144,274.5679427628642
704.4294932600618,251.97102150802408,76.04952512522351,280.08483643679847
705.7731760546692,247.93997312420197,76.04952512522351,280.08483643679847
710.383875678928,249.15714919876177,77.57758823356463,285.7125810553231
709.0131942659286,242.30374213376473,77.57758823356463,285.7125810553231
713.7165366777377,247.6574191661889,79.13635471394164,291.4534039464677
706.7254241045837,235.07341653451158,79.13635471394164,291.4534039464677
707.3286032315809,240.53466499954823,80.72644148920887,297.3095771919641
698.1016374503396,241.89725618598047,79.21193505704952,291.731760819865
696.7020795426675,240.49769827830838,79.21193505704952,291.731760819865
689.7042900043072,247.49548781666883,79.21193505704952,291.731760819865
686.905174188963,243.29681409365256,79.21193505704952,291.731760819865
684.1060583736188,247.49548781666883,79.21193505704952,291.731760819865
679.9073846506026,251.6941615396851,79.21193505704952,291.731760819865
675.7087109275864,248.89504572434092,79.21193505704952,291.731760819865
674.3091530199143,250.294603632013,79.21193505704952,291.731760819865
674.3091530199143,246.09592990899674,79.21193505704952,291.731760819865
673.5133503143636,247.36372049693625,80.80354046815081,297.5935270900185
670.6579918649418,230.23156980040494,80.80354046815081,297.5935270900185
669.2303126402309,224.52085290156117,80.80354046815081,297.5935270900185
667.80263341552,224.52085290156117,80.80354046815081,297.5935270900185
666.374954190809,224.52085290156117,80.80354046815081,297.5935270900185
664.9472749660981,225.94853212627208,80.80354046815081,297.5935270900185
662.0919165166763,227.376211350983,80.80354046815081,297.5935270900185
659.2365580672545,228.8038905756939,80.80354046815081,297.5935270900185
656.3811996178326,228.8038905756939,80.80354046815081,297.5935270900185
653.5258411684108,230.23156980040483,80.80354046815081,297.5935270900185
652.0981619436999,231.65924902511574,80.80354046815081,297.5935270900185
650.670482718989,235.94228669924854,80.80354046815081,297.5935270900185
648.573100711503,275.8535183156919,79.28758758427915,292.0103835421009
642.9695224071022,277.2544128917921,79.28758758427915,292.0103835421009
637.3659441027014,277.2544128917921,79.28758758427915,292.0103835421009
633.1632603744008,274.4526237395917,79.28758758427915,292.0103835421009
635.1684867779358,264.51446854083497,80.88071308161008,297.8777481786123
636.5975295287535,260.2273402883817,80.88071308161008,297.8777481786123
640.8846577812068,255.94021203592834,80.88071308161008,297.8777481786123
642.9301751988679,251.51854048803415,82.50584924955888,303.8630057727652
642.9301751988679,244.2297579539844,82.50584924955888,303.8630057727652
638.556905678438,235.4832189131247,82.50584924955888,303.8630057727652
635.6413926648181,232.5677058995048,82.50584924955888,303.8630057727652
632.0420680692115,231.0448189070825,80.9579593999124,298.1622407167501
624.8900301733099,229.61441132790216,80.9579593999124,298.1622407167501
622.0292150149493,226.7535961695415,80.9579593999124,298.1622407167501
612.7757869271775,230.9809103326255,79.4391094669316,292.56842754894274
607.9066773678917,233.72534423306476,77.94875463358048,287.07955974806424
607.1235652044654,234.97291756143863,79.51497896043301,292.8478493420821
601.5039162208973,223.73361959430235,79.51497896043301,292.8478493420821
600.7050689847713,233.43573388891542,81.112673432685,298.7320411789126
599.2719278371226,250.63342766070036,81.112673432685,298.7320411789126
597.0238882158324,254.79792194724016,82.74247037996794,304.73446408232047
594.7306787344315,254.66028165929404,84.40501483731265,310.85749366912654
593.8827037528685,250.04593989119962,86.10096480043877,317.10355328942035
589.9751366317637,240.7750514866032,87.830991486174,323.4751149856647
585.3196049148088,231.46398805269345,87.83099148617401,323.4751149856647
581.3335230475396,225.11050749868673,89.59577959810571,329.9747004710716
579.7504979422918,229.85958281443038,89.59577959810571,329.9747004710716
576.584447731796,231.44260791967827,89.59577959810571,329.9747004710716
575.0014226265481,231.44260791967827,89.59577959810571,329.9747004710716
571.8353724160523,234.60865813017404,89.59577959810571,329.9747004710716
570.2523473108045,236.19168323542192,89.59577959810571,329.9747004710716
570.2523473108045,240.94075855116557,89.59577959810571,329.9747004710716
570.2523473108045,252.02193428790076,89.59577959810571,329.9747004710716
570.2523473108045,253.60495939314865,89.59577959810571,329.9747004710716
565.5032719950608,271.0182355508754,89.59577959810571,329.9747004710716
561.4370977848326,266.12011961734487,91.39602759757045,336.60488212763687
554.9777664700821,264.50528678865726,91.39602759757045,336.60488212763687
555.8351055842362,282.196299472145,89.68134936926235,330.2898476770388
547.9124206005871,274.2736144884959,89.68134936926236,330.2898476770388
554.2505685875063,263.1818555113872,89.68134936926238,330.2898476770388
562.1732535711554,250.50555953754866,89.68134936926238,330.2898476770388
561.272269894717,231.34193261556314,91.48331672213897,336.9263615864135
557.2813025274256,219.95508958682666,89.7670008650914,330.6052958689945
550.9371011987616,210.43878759383063,89.7670008650914,330.6052958689945
546.1789502022636,212.02483792599662,89.7670008650914,330.6052958689945
545.4349579225637,223.05632778005526,88.0828847601593,324.4028194825373
540.7660744591867,218.38744431667828,88.0828847601593,324.4028194825373
537.653485483602,226.16891675563994,88.0828847601593,324.4028194825373
533.6559718062744,227.57868729308558,89.85273416364518,330.9210453344
527.3057113545321,229.1662524060211,89.85273416364518,330.9210453344
524.8154407478216,233.7794796887468,91.6581451511953,337.57024189830406
520.6556690750606,238.48540054726428,93.49983226171827,344.3530407687667
515.6996572248139,235.1813926470998,93.49983226171827,344.35304076876673
515.6996572248139,250.04942819783975,93.49983226171827,344.35304076876673
514.7603111599965,251.54589722400294,95.37852439135298,351.2721264169336
514.7603111599965,261.65708321671025,95.37852439135298,351.2721264169336
511.3899158290941,259.97188555125905,95.37852439135298,351.2721264169336
508.7464978183451,259.81322546411377,97.29496508194845,358.33023725302905
505.3083811340589,249.49887541125503,97.29496508194845,358.33023725302905
500.1512061076295,246.0607587269688,97.29496508194845,358.33023725302905
498.4321477654863,251.2179337533982,97.29496508194845,358.33023725302905
494.9940310812001,249.49887541125509,97.29496508194845,358.33023725302905
493.2749727390569,252.9369920955413,97.29496508194845,358.33023725302905
491.55591439691375,254.65605043768443,97.29496508194845,358.33023725302905
489.8368560547706,259.8132254641138,97.29496508194845,358.33023725302905
488.1177977126274,263.25134214840006,97.29496508194845,358.33023725302905
486.39873937048424,268.40851717482946,97.29496508194845,358.33023725302905
486.39873937048424,273.56569220125886,97.29496508194845,358.33023725302905
485.42126550378845,283.71819420984133,99.24991281534004,365.53016671015416
482.6705518732773,294.07469044128226,101.24414131353868,372.87476434986127
476.28689924622324,284.9621007598938,103.2784398449516,380.36693698994304
471.5997573913962,297.5637418675857,105.35361353675623,388.00964985488196
466.0154291148176,288.256528073288,105.35361353675623,388.00964985488196
472.5880254384523,280.7275904251421,103.37707744264415,380.7302120448594
478.06758629387184,267.94194842916306,103.37707744264416,380.73021204485946
477.0290084853443,249.50478007273546,105.45423305969922,388.3802241954768
475.16578792811515,240.18867728658955,105.45423305969922,388.3802241954768
470.5653381634624,232.65254901546456,103.47580924562962,381.0938340509766
467.87946203397047,241.71218840127338,101.5345025834705,373.9441436610735
463.4500108402016,239.83807190319658,99.6296167194092,366.92858840562815
462.6242768293249,250.32127297088957,97.7604683639068,360.0446517792656
458.3594681950193,250.24410042086862,95.92638704659963,353.28986448869534
458.3594681950193,250.24410042086862,95.92638704659963,353.28986448869534
455.8695491015115,251.86325329227887,94.12671487579914,346.66180356696674
456.75250338815925,263.43050952387307,92.36080630250369,340.15809150434205
451.8568662574715,255.27111430606018,92.36080630250369,340.15809150434205
450.2249872139089,258.5348723931853,92.36080630250369,340.15809150434205
452.5608424605159,263.2768693446999,94.2166119835399,346.9928880369388
453.27896365740816,269.778815630146,96.10970636812517,353.965016136265
450.61528092125207,264.5245895244043,98.04083869817991,361.077235205491
449.6303136352708,266.0937375630897,100.01077327014245,368.3323600924749
448.6255554016123,257.0921585215248,102.02028973745942,375.73326220381307
445.7980607105928,247.9097107522778,104.0701834191542,383.2828706412743
443.95929426646717,235.03834564339834,104.07018341915422,383.2828706412743
443.95929426646717,231.36081275514707,104.07018341915422,383.2828706412743
445.7980607105928,233.19957919927268,104.07018341915422,383.2828706412743
445.7980607105928,233.19957919927268,104.07018341915422,383.2828706412743
445.7980607105928,231.36081275514707,104.07018341915422,383.2828706412743
447.6368271547184,233.19957919927268,104.07018341915422,383.2828706412743
449.475593598844,235.0383456433983,104.07018341915422,383.2828706412743
451.3143600429696,235.0383456433983,104.07018341915422,383.2828706412743
454.9918929312209,246.07094430815212,104.07018341915422,383.2828706412743
456.8306593753465,258.94230941703154,104.07018341915422,383.2828706412743
454.9918929312209,249.7484771964034,104.07018341915422,383.2828706412743
461.48442111301006,236.7949586202788,102.1177257203297,376.09211179926206
448.8545353123777,249.42484442091109,102.1177257203297,376.09211179926206
457.8758823128294,229.57788101991747,102.1177257203297,376.09211179926206
457.8758823128294,218.75226461937552,102.1177257203297,376.09211179926206
457.8758823128294,216.9479952192852,102.1177257203297,376.09211179926206
456.07161291273906,198.9053012183819,102.1177257203297,376.09211179926206
456.07161291273906,198.9053012183819,102.1177257203297,376.09211179926206
453.42098796078363,202.43322783013846,100.20189802387911,369.03625857574895
451.650568406684,202.43322783013846,100.20189802387911,369.03625857574895
449.88014885258434,200.66280827603882,100.20189802387911,369.03625857574895
448.1097292984847,198.89238872193917,100.20189802387911,369.03625857574895
444.5688901902854,198.89238872193917,100.20189802387911,369.03625857574895
442.79847063618575,198.89238872193917,100.20189802387911,369.03625857574895
441.0280510820861,198.89238872193917,100.20189802387911,369.03625857574895
439.25763152798646,200.66280827603882,100.20189802387911,369.03625857574895
437.4872119738868,200.66280827603882,100.20189802387911,369.03625857574895
435.71679241978717,205.97406693833776,100.20189802387911,369.03625857574895
435.71679241978717,207.7444864924374,100.20189802387911,369.03625857574895
435.71679241978717,213.05574515473634,100.20189802387911,369.03625857574895
437.4872119738868,223.67826247933428,100.20189802387911,369.03625857574895
435.71679241978717,228.98952114163322,100.20189802387911,369.03625857574895
433.9463728656875,223.67826247933428,100.20189802387911,369.03625857574895
432.1759533115879,214.82616470883605,100.20189802387911,369.03625857574895
430.40553375748823,204.2036473842381,100.20189802387911,369.03625857574895
428.6351142033886,205.97406693833776,100.20189802387911,369.03625857574895
426.86469464928894,202.43322783013846,100.20189802387911,369.03625857574895
426.86469464928894,202.43322783013846,100.20189802387911,369.03625857574895
426.86469464928894,204.2036473842381,100.20189802387911,369.03625857574895
426.86469464928894,200.66280827603882,100.20189802387911,369.03625857574895
429.5750566576341,207.66538666694703,98.32201311538816,362.1127800103311
431.3122614217239,221.56302477966562,98.32201311538816,362.1127800103311
434.78667094990357,233.7234581282944,98.32201311538816,362.1127800103311
434.78667094990357,238.93507242056387,98.32201311538816,362.1127800103311
430.3244693169602,233.55990161210025,100.29759732491567,369.3887120990787
425.0081380587161,228.2435703538562,100.29759732491567,369.38871209907876
435.64080057520425,206.97824532088,100.29759732491567,369.38871209907876
427.72108863828464,228.16439498291044,98.41591700460799,362.4586211633115
438.15427208106235,198.60370856170687,98.41591700460799,362.4586211633115
438.15427208106235,184.6927973046699,98.41591700460799,362.4586211633115
438.15427208106235,175.9984777690218,98.41591700460799,362.4586211633115
433.8608694448152,170.70419608352984,96.56953883432453,355.6585454629992
433.8608694448152,174.11667834692827,96.56953883432455,355.6585454629992
432.15462831311595,172.41043721522902,96.56953883432455,355.6585454629992
430.4483871814167,174.11667834692827,96.56953883432455,355.6585454629992
428.74214604971746,175.8229194786275,96.56953883432455,355.6585454629992
426.23553294775604,180.86541044878987,94.75780051145051,348.98604578607296
427.1244071240757,182.46483860938667,92.98005215881132,342.4387286824506
426.3537849543964,187.31990035116837,91.23565609155922,336.01424560549776
424.74178565337405,192.15589825423547,91.23565609155922,336.01424560549776
424.74178565337405,195.3798968562802,91.23565609155922,336.01424560549776
425.4371859354726,200.0641262429164,93.06885412940693,342.76577984244904
424.5021696924615,199.90930824168484,94.93888661542911,349.65297265682335
424.5021696924615,208.29645781785104,94.93888661542911,349.6529726568234
423.54836616807955,206.4610991432875,96.84649366419293,356.67854983641695
425.2595006825996,218.43904074492767,96.84649366419295,356.67854983641695
421.83723165355957,204.74996462876746,96.84649366419295,356.67854983641695
420.12609713903953,191.06088851260725,96.84649366419295,356.67854983641695
418.4149626245195,192.7720230271273,96.84649366419295,356.67854983641695
418.4149626245195,191.06088851260725,96.84649366419295,356.67854983641695
417.44199432592217,192.61092100523575,98.79243026138758,363.84529193828007
417.44199432592217,196.1019536858763,98.79243026138758,363.84529193828007
417.44199432592217,199.59298636651687,98.79243026138758,363.84529193828007
417.44199432592217,201.33850270683712,98.79243026138758,363.84529193828007
417.44199432592217,206.57505172779793,98.79243026138758,363.84529193828007
419.1875106662424,217.04814976971954,98.79243026138758,363.84529193828007
422.678543346883,232.75779683260203,98.79243026138758,363.84529193828007
423.4315415365822,225.61139242650353,100.77746656262964,371.15603538919595
425.2121305367285,241.6366934278205,100.77746656262966,371.15603538919595
426.99271953687486,220.26962542606452,100.77746656262967,371.15603538919595
425.9802587190534,195.17373831477101,102.80238819827258,378.61367360827103
425.9802587190534,196.99010468969726,102.8023881982726,378.61367360827103
425.9802587190534,195.17373831477101,102.8023881982726,378.61367360827103
425.9802587190534,189.72463918999222,102.8023881982726,378.61367360827103
426.9445950337443,193.276219275805,100.87371556889082,371.51051343664545
425.16230545580345,195.05850885374585,100.87371556889082,371.51051343664545
425.16230545580345,196.8407984316867,100.87371556889082,371.51051343664545
422.5439707289254,205.67261616013224,98.98122671088362,364.54061544739943
421.7236105988281,212.58988831705327,97.12424278156357,357.70147951258656
420.9186412213863,219.3773857312581,95.30209767399126,350.99065240908857
420.12877385113495,224.35369578471176,93.51413777804026,344.405726938635
419.3537251597542,230.8889021367198,91.75972174594487,337.9443410643325
417.73246639258946,235.75267843821408,91.75972174594489,337.9443410643325
416.11120762542464,240.61645473970836,91.7597217459449,337.9443410643325
414.4899488582599,245.48023104120264,91.7597217459449,337.9443410643325
415.18934358090405,255.05514335601796,93.60344983498618,344.73465670933814
415.90279124171025,263.16860966440146,95.48422395252055,351.6614101665989
414.94350898577125,268.0709694101317,97.40278846439855,358.7273428810764
413.96495187146365,269.6299054260905,99.35990269301372,365.9352513815859
415.7204946115745,285.42979008708824,99.35990269301374,365.93525138158594
412.9667326090583,271.22016514341794,101.35634121782448,373.2879883875961
412.126687440589,258.6044359726027,99.45479783398719,366.28474324224413
410.36946804348383,263.8760941639183,99.45479783398719,366.28474324224413
410.36946804348383,267.3905329581288,99.45479783398719,366.28474324224413
410.36946804348383,270.9049717523392,99.45479783398719,366.28474324224413
410.36946804348383,274.41941054654967,99.45479783398719,366.28474324224413
410.36946804348383,279.6910687378653,99.45479783398719,366.28474324224413
412.126687440589,284.9627269291809,99.45479783398719,366.28474324224413
413.8839068376942,293.7488239147069,99.45479783398719,366.28474324224413
417.39834563190465,307.80657909154866,99.45479783398719,366.28474324224413
420.0884993207364,291.91309445633544,97.58892925053405,359.41288577635584
420.0884993207364,295.36159896605284,97.58892925053406,359.41288577635584
421.8127515755951,297.08585122091154,97.58892925053406,359.41288577635584
420.8323243978796,295.199261918818,99.54978360596505,366.63456889026014
419.83219749688226,293.27476537787766,101.5500374079597,374.00135728297215
419.83219749688226,296.86324374988925,101.55003740795972,374.0013572829722
418.03795831087643,296.86324374988925,101.55003740795972,374.0013572829722
416.2437191248706,298.6574829358951,101.55003740795972,374.0013572829722
414.4494799388648,300.4517221219009,101.55003740795972,374.0013572829722
412.65524075285896,304.04020049391255,101.55003740795972,374.0013572829722
410.86100156685313,307.6286788659242,101.55003740795972,374.0013572829722
408.22511185106845,314.7254715572107,99.64486009550582,366.9847286444225
407.3992515025173,319.92854400966075,97.77542575946568,360.0997387726649
406.58888509606084,326.76154914317544,95.94106382689337,353.34391799660597
404.8937481895745,328.45668604966176,95.94106382689338,353.343917996606
403.1986112830882,330.15182295614807,95.94106382689338,353.343917996606
401.5034743766019,336.9323705820933,95.94106382689338,353.343917996606
400.539602478865,336.772774722913,97.86880762236714,360.44365734091184
399.5563635030869,336.60997210413416,99.83528557392337,367.6860517478628
398.5533683065685,339.9717823994233,101.84127596696021,375.0739675856326
397.5302199275664,339.80237166652495,103.88757272496434,382.6103288163307
395.69467994471705,348.9800715807718,103.88757272496436,382.61032881633076
393.8591399618677,350.81561156362113,103.88757272496436,382.61032881633076
390.979893479637,348.80725687801726,105.97498572372706,390.2981181532373
389.10747199191223,350.679678365742,105.97498572372707,390.29811815323734
389.10747199191223,350.679678365742,105.97498572372707,390.29811815323734
389.10747199191223,352.55209985346676,105.97498572372707,390.29811815323734
389.10747199191223,354.4245213411915,105.97498572372707,390.29811815323734
389.10747199191223,354.4245213411915,105.97498572372707,390.29811815323734
389.10747199191223,354.4245213411915,105.97498572372707,390.29811815323734
389.10747199191223,356.29694282891626,105.97498572372707,390.29811815323734
389.10747199191223,360.04178580436576,105.97498572372707,390.29811815323734
389.10747199191223,363.78662877981526,105.97498572372707,390.29811815323734
387.2350505041875,354.4245213411914,105.97498572372707,390.29811815323734
387.2350505041875,356.29694282891614,105.97498572372707,390.29811815323734
387.2350505041875,356.29694282891614,105.97498572372707,390.29811815323734
385.36262901646273,358.1693643166409,105.97498572372707,390.29811815323734
385.36262901646273,360.04178580436565,105.97498572372707,390.29811815323734
386.35672583632584,367.44781462857935,103.9867920840008,382.9757464557089
383.6575863497443,371.0403130756076,102.03589888760133,375.7907495616524
382.8119089817468,374.5654127632557,100.12160634199108,368.74055018635613
385.5200991796924,378.0243781576976,98.24322778342001,361.82261939747247
382.048473692435,378.0243781576975,98.24322778342002,361.8226193974725
382.048473692435,379.76019090132615,98.24322778342004,361.8226193974726
380.3126609488063,379.76019090132615,98.24322778342004,361.8226193974726
381.2342301252079,386.6258882333797,96.40008943061682,355.03447570788023
377.82773570323104,386.6258882333797,96.40008943061682,355.03447570788023
376.1244884922426,386.6258882333797,96.40008943061682,355.03447570788023
374.4212412812542,386.6258882333797,96.40008943061682,355.03447570788023
372.7179940702658,388.3291354443682,96.40008943061682,355.03447570788023
371.01474685927735,390.0323826553567,96.40008943061682,355.03447570788023
368.5125320810584,396.76927283849056,94.59153014310107,348.3736841855661
367.7285539212306,403.3797724198974,92.8169011840298,341.8378555802061
365.3193463864355,408.2263150434661,91.0755659874932,335.4246454661323
362.9553379244663,412.98193182115676,89.36689993017603,329.13175340137883
362.21466169636443,419.2273097496704,87.69029010730299,322.956922102505
361.4878812735392,425.3555183236391,86.04513511278755,316.8979366348994
361.4878812735392,426.8758087846294,86.04513511278755,316.8979366348994
360.77473595719,432.8890462149223,84.43084482350535,310.95262361827474
358.58320160382254,437.29770113618173,82.84684018761489,305.11885044706844
357.89656387611507,441.6236454100716,81.2925530168495,299.3945245254691
362.205521938848,443.05996476431596,81.2925530168495,299.3945245254691
360.09544684743105,447.3047501228975,79.76742578270613,293.7775925167947
355.2062135969013,451.4698991862316,78.27091141645784,288.2660396069535
362.8550897971771,455.5569060085483,76.80247311291826,282.8578887817224
360.14111725007183,454.1999197349957,76.80247311291826,282.8578887817224
356.070158429414,455.5569060085483,76.80247311291826,282.8578887817224
364.2120760707297,456.9138922821009,76.80247311291826,282.8578887817224
358.78413097651924,458.2708785556535,76.80247311291826,282.8578887817224
350.00567154916627,469.06614052903785,75.36158413788758,277.55120011758504
354.70718347856155,474.33276133159814,73.94772763921104,272.3440700858739
348.8681133820454,480.80712235080955,72.56039646138223,267.2346308699678
346.984695042794,488.4420531144045,71.19909296362448,262.22104969529903
350.1685427473372,494.6757623412242,69.86332884138535,257.30152817193056
345.8863673228164,500.7925211296737,68.55262495117998,252.4743016494669
351.37431879060443,500.73840538159425,67.26651113872055,247.73763858406753
343.6858119637126,510.19330416734607,66.0045260702702,243.0898399173358
346.6373714579558,507.80879490720645,64.76621706716102,238.52923846686053
340.37896958943196,515.7679320018711,63.55113994341642,234.05419832819143
345.46652928507376,515.7177644483779,62.358858846420105,229.66311428803428
341.64432989546896,516.7703270275356,61.18894610057406,225.35441124845494
347.04992144650873,512.4458537867038,61.18894610057406,225.35441124845494
341.1371936086031,519.9653791310278,60.040982053889806,221.12654366188613
345.9437490953512,520.978817992721,58.91455492745769,216.97799497673367
342.33266351668215,527.1779096429237,57.80926066774022,212.90727709338398
342.8749424497339,529.1750832744071,56.72470280163667,208.91292983041726
347.8861510705814,526.1683581018985,56.72470280163667,208.91292983041728
345.4115311517579,537.1482383342152,55.66049229426665,204.99352040083508
348.88396968275674,538.0877383893834,54.61624740942194,201.1476428981143
352.7439234078705,535.1927730955481,54.616247409421945,201.14764289811433
350.3612850324281,546.7295199614379,53.591593572636214,197.3739177919035
356.9894752111831,541.9950984051842,53.59159357263622,197.3739177919035
355.5984217565878,553.315404697053,52.586163236823914,193.67099143318015
363.5246642365386,553.2738929451075,51.5995957504397,190.03753556869194
361.273627542811,560.5266692069833,50.63153722811142,186.47224686450733
367.11608286837316,559.5921159583062,49.68164042370017,182.97384643850495
371.9711268451269,563.9419031174065,48.74956460574181,179.54107940163394
371.9711268451269,561.3579046862206,48.74956460574181,179.54107940163394
375.8737526719663,565.6260856143331,47.83497543522531,176.17271440778052
380.9447928947902,563.9357388733918,47.83497543522532,176.17271440778052
379.7031614486295,571.5045380645369,46.937544845664185,172.86754321207974
382.1911127406217,574.8218064538597,46.93754484566419,172.86754321207974
383.8497469352831,578.1390748431826,46.93754484566419,172.86754321207974
384.67906403261384,581.4563432325054,46.93754484566419,172.86754321207974
384.67906403261384,585.6029287191591,46.93754484566419,172.86754321207974
385.9486780900678,593.859046985088,46.05695092541776,169.6243802375136
384.7531980451221,600.3327558486578,45.19287780222036,166.44206214964026
388.7456550816155,598.7357730340605,45.192877802220366,166.44206214964026
381.9831635520991,605.8865202403206,44.34501552987675,163.3194474393016
379.26509759602135,612.903112485222,43.51305997708327,160.2554160131598
378.13564821103347,616.712820617387,42.69671271833488,157.2488687919157
384.5712669607455,617.4335034985644,41.89568092687877,154.29872731606514
389.4056776373661,618.140665669068,41.10967726967637,151.40393335905142
385.7739412163845,620.3197075216569,41.10967726967637,151.40393335905142
390.5176536542327,618.8345607905595,40.338419804335935,148.56344854767568
386.2413318313033,621.6854420058457,40.338419804335935,148.56344854767568
384.48156488301714,626.6426408039772,39.58163187797877,145.77625398962857
381.3561149138491,625.2126969294617,38.83904202800284,143.0413499080099
386.5240435756701,628.61317978076,38.1103838847081,140.35775528270491
379.79050157952423,625.9197629823017,38.1103838847081,140.35775528270491
382.16805808284766,628.5830952736388,37.39539607574878,137.7245074984889
385.1617307383962,633.1786251278456,36.69382213237808,135.1406619997334
388.09923918790554,636.3912870884516,36.00541039745197,132.60529195159089
390.643888895273,634.482799807926,36.00541039745197,132.60529195159089
395.4347741143127,640.1798388178468,35.329913935158785,130.11748790753552
399.80436592807155,638.30715661195,35.329913935158785,130.11748790753552
405.42241254576146,638.9313840139155,35.329913935158785,130.11748790753552
409.7920043595203,640.1798388178465,35.329913935158785,130.11748790753552
416.65850578114134,639.555611415881,35.329913935158785,130.11748790753552
426.6461442125901,637.0587018080189,35.329913935158785,130.11748790753552
431.015736026349,637.6829292099844,35.329913935158785,130.11748790753552
442.583241008087,637.6550396182504,34.6670904424425,127.6763574831414
446.25833874655984,637.6550396182504,34.6670904424425,127.6763574831414
450.5459527747782,637.6550396182504,34.6670904424425,127.6763574831414
455.446083092742,637.0425233285049,34.6670904424425,127.6763574831414
460.67140755088326,637.0151569725941,34.0167021620877,125.28102503598103
464.27755688706003,638.8182316406825,34.0167021620877,125.28102503598103
468.20279940556304,641.195478261634,33.3785157974352,122.93063135152914
473.23389872041236,644.7076235851591,32.7523024286977,120.62433333495933
477.5919249132278,645.2604535848646,32.137837430845394,118.3613037087228
482.4360184271608,648.0742244544605,31.53490039303216,116.1407307158009
487.18923204289064,650.2780311328436,30.94327503953338,113.96181782852491
491.8532707555573,649.706882402308,30.362749152167048,111.82378346285869
496.6814551799848,648.633952530213,30.362749152167048,111.82378346285869
494.2839478287456,652.3652385928592,29.793114494170325,109.72586069804149
498.7746243713607,651.8153194424038,29.234166735504253,107.66729700149084
495.8983005577468,652.2832135975818,29.82156884772074,109.8306560001418
501.16733135089123,650.7025043596385,29.82156884772074,109.83065600014181
497.7587505906748,651.7327692387285,29.26208725775132,107.77012624196175
501.13535037206947,651.7096696164537,28.713102085697166,105.74825402293305
498.8681026672474,653.2089576915564,28.174416408565595,103.76431409008264
502.61699467088965,652.6889163531791,27.645836997830482,101.81759479688748
506.0362224463079,651.7119941316311,27.645836997830482,101.81759479688748
501.6400724493416,651.7119941316311,27.645836997830482,101.81759479688748
504.5708391139858,651.7119941316311,27.645836997830482,101.81759479688748
507.50160577863005,651.7119941316311,27.645836997830482,101.81759479688748
510.4323724432743,651.7119941316311,27.645836997830482,101.81759479688748
513.3631391079185,651.7119941316311,27.645836997830482,101.81759479688748
516.7823668833367,652.6889163531791,27.645836997830482,101.81759479688748
520.201594658755,653.1773774639531,27.645836997830482,101.81759479688748
524.5977446557213,653.6658385747271,27.645836997830482,101.81759479688748
533.6493760235088,653.1555537168466,27.127174250120483,99.90739784800432
536.0458615535752,653.6348508228599,27.127174250120483,99.90739784800432
539.1761102551112,656.0099220405075,26.618242119207626,98.03303804878868
542.2476324513625,658.340434615787,26.118858049271832,96.19384305951296
544.8000482607107,661.0887061599824,25.628842909417475,94.3891531541957
555.4554067437633,658.804355616782,25.14802092941848,92.6183209839555
561.4675764570834,656.5628617080022,24.676219636668893,90.88071134480461
565.1869902399052,654.7994127592709,24.21326979431634,89.17570094979887
569.6922496438107,655.6359241314392,23.759005340556115,87.50267820546244
571.7911823222543,654.3765645243731,23.759005340556115,87.50267820546244
579.1504244347084,655.1973821309008,23.313263329064245,85.86104299240702
590.2720196160788,646.9591634780338,23.31326332906425,85.86104299240702
594.197907739127,642.4097396248404,22.875883870548016,84.25020645006674
596.837593138057,642.3916813000204,22.446710075393092,82.6695907654718
599.427755475623,643.9603626326183,22.025587997386676,81.11862896598475
600.8018450188072,645.4996139801406,21.6123665784964,79.59676471592545
601.7682967088007,647.0099874776855,21.206897594685262,78.10345211701127
603.0913113875321,648.4920249017606,20.809035602743144,76.63815551254152
604.3895050261702,649.2109280104037,20.41863788811577,75.20034929525534
603.4987402352136,649.9163437986341,20.035564413712496,73.7895177187945
603.1447414017084,650.2703426321393,20.0355644137125,73.78951771879451
603.8527390687188,651.3323391326549,20.0355644137125,73.78951771879451
604.0406823907379,652.7325183027109,19.659677769674474,72.40515471270325
604.2250997135325,654.1064287518856,19.290843124085242,71.04676370089902
605.0877386046025,654.0912004742304,18.92892817460602,69.71385742354873
606.9375321689205,654.0762578938516,18.573803101018385,68.40595776228696
607.7681067999489,655.0461106605625,18.225340518657262,67.12259556871308
608.9051138950888,655.3537383461426,17.883415432717598,65.86331049610604
608.7568954753089,657.8674094136252,17.547905193418256,64.62765083429628
607.6813210700057,659.09373929496,17.218689452007098,63.41517334763567
610.580900054721,660.6012908499433,16.895650117591433,62.225443116007256
613.7246013071328,660.587953348337,16.578671314778397,61.05803337881778
613.294276017892,661.4536279845748,16.26763934211001,59.91252538191715
616.1919138131676,661.4536279845748,16.26763934211001,59.91252538191715
617.2138035071663,662.5951641208937,15.962442631278062,58.78850822738974
620.2611767645288,662.277337532924,15.662971707104141,57.68557872616385
619.6816492054737,661.4080461943413,15.662971707104141,57.685578726163854
620.2611767645288,661.1182824148137,15.662971707104141,57.685578726163854
620.5509405440564,660.8285186352862,15.662971707104141,57.685578726163854
619.9714129850013,660.248991076231,15.662971707104141,57.685578726163854
621.1304681031115,659.3796997376484,15.662971707104141,57.685578726163854
620.6978668234732,662.8184562693127,15.369119148270489,56.603341253386255
620.4081030439456,662.2389287102576,15.369119148270489,56.60334125338626
619.2490479258354,662.8184562693127,15.369119148270489,56.60334125338627
620.1183392644181,662.2389287102576,15.369119148270489,56.60334125338627
618.9592841463078,662.5286924897852,15.369119148270489,56.60334125338627
617.0751074893564,667.1163522266091,15.080779548787579,55.54140760651018
615.7677536260201,668.2168851558965,14.797849480184603,54.49939686604556
613.8782181822148,669.3076435185135,14.520227454409302,53.476935258921884
611.8498717255219,666.1202419437103,14.520227454409302,53.47693525892189
609.821525268829,666.989533282293,14.520227454409302,53.47693525892189
607.9293855956288,667.7809366790743,14.247813887423826,52.47365602441441
605.4551629918508,668.5629288295162,13.980511063483577,51.48919928258569
602.9784329578015,669.6254500772665,13.718223100086215,50.52321190519541
601.9480614329452,669.5198547762931,13.460855913578248,49.57534738903193
600.0459843403379,669.6951318254713,13.208317185406887,48.64526573162034
599.3005934299562,669.5719204775952,12.960516329005038,47.73263330926231
598.8426418067547,669.1503844149616,12.717364457297572,46.83712275736408
597.1040591295894,669.1503844149616,12.717364457297572,46.83712275736408
596.2347677910067,669.1503844149616,12.717364457297572,46.83712275736408
595.9450040114791,669.1503844149616,12.717364457297572,46.83712275736408
596.3540628442469,669.5897393671389,12.478774350817199,45.958412853009534
597.0506473655014,670.8901429323582,12.244660426418534,45.096188399736405
598.0347995640037,672.182458413572,12.014938706579105,44.25014011447412
600.7553795384032,672.30778243298,11.789526789276309,43.41996451660285
602.604553700992,673.5843741203173,11.568343818429504,42.605363819093895
604.7414168394514,673.984033119018,11.351310454896634,41.80604582169235
602.8195511861992,675.5352492449225,11.138348848014992,41.02172380610387
605.8216721016444,673.6019426951801,10.929382607675903,40.25211643314772
608.5320690327687,674.5590546498894,10.724336776923305,39.49694764183938
611.8200700935004,674.3500276365708,10.523137805066424,38.755946550366474
611.9187822353852,673.84428589371,10.325713521296864,38.028847358922484
613.464461339271,673.6214873869345,10.131993108800676,37.31538925436335
614.6235164573812,672.7521960483518,10.131993108800676,37.31538925436335
617.5871508070572,672.5227049581518,10.0,36.61531631665288
618.4564421456399,675.7638121982224,10.0,35.92837742706324
620.7745523818604,676.1008378227051,10.0,35.254326178097806
621.6438437204431,676.7213042987296,10.0,34.59292078510386
623.0926626180809,677.0458026915097,10.0,33.94392399954355
623.0926626180809,678.2335045179182,10.0,33.30710302389198
624.5414815157187,679.4152326543809,10.0,32.68222942813189
625.1210090747738,680.5910991731221,10.0,32.06907906781494
625.1210090747738,677.4036975983189,10.0,32.06907906781494
625.4107728543014,678.5738124689789,10.0,31.467432003660317
625.1210090747738,679.7382835980609,10.0,30.877072422661676
623.9619539566636,680.3176893085822,10.0,30.297788560674242
623.9619539566636,681.7609523938024,10.0,29.729372626454236
625.4107728543014,678.5735508189993,10.0,29.729372626454236
624.8312452952463,680.011481886775,10.0,29.171620727123383
625.9903004133565,680.5748896323483,10.0,28.624332795031798
627.4391193109943,680.8433997718677,10.0,28.08731251599298
626.8595917519392,681.6863999594867,10.0,27.560367258865206
630.0469933267424,678.209234605156,10.0,27.560367258865206
631.2060484448526,678.4989983846835,10.0,27.560367258865206
629.4674657676873,679.3682897232662,10.0,27.560367258865206
631.4958122243802,680.4961106880545,10.0,27.043308006454023
633.2343949015456,681.6190813860087,10.0,26.53594928771109
634.9729775787109,683.3168203718994,10.0,26.038109111205046
637.2910878149314,687.3279996114401,10.0,25.549608899840486
640.7682531692622,689.5960138046523,10.0,25.070273426801744
643.6658909645378,692.1492953779245,10.0,24.599930752698356
641.3477807283173,698.2343347480033,10.0,24.599930752698356
648.5918752165063,697.0162751447698,10.0,24.138412163889797
651.1997492322544,696.1469838061871,10.0,24.138412163889797
658.7336074999708,691.1576658006522,10.0,23.685552111967258
661.0517177361913,693.1860122573452,10.0,23.68555211196726
664.2391193109945,691.9593753385057,10.0,23.241188154370853
667.1367571062701,693.697958015671,10.0,23.241188154370853
669.165103562963,696.5955958109466,10.0,23.241188154370853
672.0627413582387,696.0160682518915,10.0,23.241188154370853
674.6706153739867,699.4214834558196,10.0,22.80516089612083
677.2784893897348,701.0842258351969,10.0,22.37731393264207
679.3068358464277,700.1350807865771,10.0,21.957493793661143
681.0454185235931,701.5001078574398,10.0,21.54554988815598
682.7840012007584,700.6308165188572,10.0,21.545549888155982
684.5225838779238,699.7615251802745,10.0,21.545549888155982
686.5509303346167,700.051288959802,10.0,21.545549888155982
687.9997492322545,700.3410527393296,10.0,21.545549888155982
689.4485681298924,701.1226880172936,10.0,21.14133445033832
690.8973870275302,701.900531558193,10.0,20.744702486649572
692.346205925168,701.6107677786655,10.0,20.744702486649572
694.0847886023333,703.5439458372801,10.0,20.355511723751114
696.1131350590263,702.6746544986975,10.0,20.355511723751114
697.5619539566641,702.0951269396423,10.0,20.355511723751114
699.3005366338294,702.0951269396423,10.0,20.355511723751114
701.6186468700499,702.3848907191699,10.0,20.355511723751114
704.5162846653255,703.2541820577526,10.0,20.355511723751114
707.4139224606012,704.1234733963353,10.0,20.355511723751114
711.1808515944595,704.8939455385208,10.0,19.9736225574903
713.2091980511524,705.1837093180484,10.0,19.9736225574903
718.1351823031209,705.6608353749091,10.0,19.59889800282396
720.4532925393414,706.7139738925631,10.0,19.231203644681347
723.6406941141446,707.1841356995568,10.0,18.870407589748964
727.1178594684753,707.6509130643789,10.0,18.516380419159958
729.7257334842234,708.1143694824509,10.0,18.16899514207109
734.3619539566644,705.676929462683,10.0,17.828127150110646
735.5210090747746,706.2564570217381,10.0,17.828127150110646
738.7084106495778,706.7134572899805,10.0,17.49365417268098
741.0265208857983,707.1673200392988,10.0,17.165456233099583
742.7651035629636,708.1976316916498,10.0,16.84341560556301
745.9525051377668,708.9351586670273,10.0,16.527416772918215
747.9808515944598,706.3272846512792,10.0,16.527416772918215
750.1984968306803,707.3202970767804,10.20093,16.85950215813646
752.4607012126321,708.3332621009471,10.40589728649,17.1982601349999
756.8790365562068,709.3665806313443,10.614982980667444,17.543824775892453
762.9240683058894,707.0372402840641,10.828269833697995,17.89633284711446
771.1835077555198,707.2051165753326,10.625120976771298,17.560580264577517
773.5397826473602,707.6444492481378,10.838611532557564,17.913425003833673
775.6293384663518,708.4066731365883,11.056391754081245,18.273359452435706
777.2312093976517,709.0474215091083,11.056391754081247,18.273359452435706
779.1534545152116,710.0085440678882,11.056391754081247,18.273359452435706
780.5386655830875,710.8207054242914,10.848963108409208,17.93053348466933
781.5835250907892,711.2029303675195,10.645426025554618,17.59413926496115
781.3749184675719,709.8256424963411,10.445707496020102,17.264056127472013
779.2561670888516,710.7336788015069,10.445707496020102,17.264056127472013
780.867546738786,711.198302798546,10.249735880037347,16.940165670171087
779.4786931339904,708.6842077904663,10.057440881869663,16.6223517123646
777.4674161173115,709.7144181448296,10.0,16.310500253021427
776.5981247787288,706.8167803495539,10.0,16.310500253021427
775.4390696606185,706.2372527904988,10.0,16.310500253021427
775.048840881091,703.7552791134864,10.20093,16.638227134605387
774.3551852315468,702.4057791519801,10.40589728649,16.97253903242101
772.7430163209036,703.1398401767236,10.614982980667444,17.313568259199446
775.610843844418,700.5339960239202,10.415835592216883,16.988748906228302
773.1963383339073,703.5521279120586,10.415835592216883,16.988748906228302
771.3854592010242,704.759380667314,10.415835592216883,16.988748906228302
768.8663109982363,705.1923295790552,10.625120976771298,17.330103838001147
769.3753207627765,704.4024676484134,10.838611532557564,17.678317614418106
769.5804943562651,703.9107987262497,11.056391754081245,18.03352805024461
778.1195193455276,660.799483927854,11.278547833596,18.395875729358174
778.8789405298213,658.6843659204081,11.066951324146475,18.050751237266677
781.227515057024,657.2502899093846,10.859324570686088,17.712101615781712
781.9587085801419,655.2137907707508,10.655593096737633,17.37980539004324
781.4411422312096,652.9067378406289,10.455683823074935,17.053743364177567
782.4481251606284,650.6429674637515,10.259525041509068,16.73379857854132
784.3280677381109,644.5569772395492,10.067046389166359,16.419856267767624
784.9450040147749,639.7519922659463,10.0,16.11180381959932
785.52453157383,635.8464358951129,10.0,15.809530734494551
784.9450040147749,631.0687527173965,10.0,15.512928585990164
785.8142953533576,625.9985234879912,10.0,15.221890981808745
785.8142953533576,620.6358004050242,10.0,14.936313525695315
785.8142953533576,615.8499260259183,10.0,14.656093779970018
785.52453157383,611.0614230495431,10.0,14.381131228783335
784.9450040147749,606.2703407909358,10.0,14.1113272420607
784.9450040147749,602.056255198991,10.0,13.846585040123514
784.6552402352473,597.2601586375973,10.0,13.586809658973934
783.6854838966647,591.3283831638072,10.20093,13.859809425451697
782.5031398840663,588.9636951386103,10.20093,13.859809425451697
781.5138982313724,582.9127325002254,10.40589728649,14.138294576237298
781.9130358129803,581.2362052916167,10.210672548695936,13.873046440924194
780.433694278366,575.3188391531598,10.210672548695936,13.873046440924194
780.2336070375127,573.9696335299076,10.019110416556863,13.612774618200113
779.66252718543,572.9360578444812,10.0,13.357385747608616
778.5034720673198,572.1920652695898,10.0,13.106788220226079
777.6341807287371,571.1559581886919,10.0,12.860892145801241
775.6058342720441,569.248253144644,10.0,12.619609320511247
770.9696137996032,564.3222688926754,10.0,12.619609320511248
770.390086240548,562.8734499950376,10.0,12.619609320511248
768.9412673429102,562.4123004985768,10.0,12.382853195322609
768.0719760043276,560.6737178214114,10.0,12.382853195322609
767.2026846657449,563.397749012348,10.0,12.15053884494575
766.0436295476346,561.0796387761275,10.0,12.15053884494575
765.7538657681071,562.6424356275521,10.0,11.922582937371992
765.1743382090519,561.1936167299143,10.0,11.922582937371992
764.3050468704693,560.6140891708592,10.0,11.922582937371992
765.4641019885795,559.4550340527489,10.0,11.922582937371992
766.6231571066897,561.4833805094419,10.0,11.922582937371992
767.7822122248,563.2219631866072,10.0,11.922582937371992
768.6515035633827,563.5117269661348,10.0,11.922582937371992
770.390086240548,567.1007319371605,10.0,11.698903703982062
771.8389051381859,568.5495508347983,10.0,11.698903703982063
774.1570153744063,569.7086059529086,10.0,11.698903703982063
775.3160704925166,571.1574248505464,10.0,11.698903703982063
777.3444169492095,573.2955127041226,10.0,11.479420910215385
780.5318185240127,576.3008330411111,10.0,11.264055826789654
783.4294563192883,578.7246055899963,10.0,11.05273120146035
785.1680389964537,576.9860229128309,10.0,11.05273120146035
788.6452043507844,579.6975769136541,10.0,10.845371231310079
791.8326059255876,578.3504928638924,10.0,10.641901535557778
795.0200075003908,576.7117363900669,10.0,10.442249128878075
797.0483539570837,571.0144141663442,10.0,10.246342395221168
799.9459917523593,565.8947818013967,10.0,10.054111062123896
801.6845744295247,560.4163255214349,10.0,10.0
804.5822122248003,555.2005774899388,10.0,10.0
806.6105586814932,549.11553811986,10.0,10.0
808.6389051381861,541.8714436316711,10.0,10.0
809.5081964767688,535.7864042615923,10.0,10.0
809.7979602562964,529.7013648915135,10.0,10.0
812.695598051572,527.3832546552931,10.0,10.0
812.9853618310996,521.5879790647418,10.0,10.0
816.4625271854303,519.5596326080489,10.0,10.0
816.4625271854303,514.9234121356079,10.0,10.0
819.0704012011784,513.7643570174977,10.0,10.0
818.4908736421232,510.28719166316694,10.0,10.0
819.0704012011784,505.650971190726,10.0,10.0
819.6499287602335,503.3328609545055,10.0,10.0
820.2294563192886,499.5659318206473,10.0,10.0
820.2294563192886,497.2478215844268,10.0,10.0
821.6782752169264,496.08876646631654,10.0,10.0
823.9963854531469,494.63994756867874,10.0,10.0
826.604259468895,493.19112867104093,10.0,10.0
827.7633145870052,491.7423097734031,10.0,10.0
830.6609523822808,494.3501837891512,10.0,10.0
832.3995350594462,492.0320735529307,10.0,10.0
834.4278815161391,494.0604200096236,10.0,10.0
835.5869366342494,492.6116011119858,10.0,10.0
837.3255193114147,494.0604200096236,10.0,10.0
840.2231571066903,493.19112867104093,10.0,10.0
841.9617397838557,494.9297113482063,10.0,10.0
845.4389051381864,496.3785302458441,10.0,10.0
847.4672515948794,497.8273491434819,10.0,10.0
850.6546531696825,499.5659318206473,10.0,10.0
853.8420547444857,501.5942782773402,10.0,10.0
857.0294563192889,503.3328609545056,10.0,10.0
859.9270941145645,505.94073497025363,10.0,10.0
864.853078366533,507.38955386789144,10.0,10.0
868.3302437208638,507.0997900883639,10.0,10.0
871.8074090751945,508.2588452064741,10.0,10.0
875.8641019885804,506.8100263088363,10.0,10.0
879.6310311224387,505.3612074111985,10.0,10.0
883.6877240358245,499.8556956001749,10.0,10.0
886.5853618311002,495.7990026867891,10.0,10.0
889.7727634059033,492.03207355293085,10.0,10.0
892.9601649807065,486.8163255214348,10.0,10.0
894.9885114373994,483.04939638757656,10.0,10.0
898.0754480122026,477.73318335608053,10.20093,10.20093
900.3376523941545,474.37925367818985,10.40589728649,10.40589728649
900.8361599724875,468.5457317895942,10.614982980667444,10.614982980667444
903.2968300429667,467.3153967543546,10.614982980667445,10.614982980667445
905.7575001134459,464.2395591662557,10.614982980667445,10.614982980667445
905.449916354636,459.0106352664875,10.614982980667445,10.614982980667445
905.6508566869306,454.5978192166338,10.828269833697997,10.828269833697997
907.3212513117722,453.4443374879945,10.6251209767713,10.6251209767713
908.3445526689733,452.3124961966788,10.425783389669277,10.425783389669277
909.0465544590786,450.8997879071158,10.230185569269068,10.230185569269068
908.5496511195912,448.6242822261367,10.038257353915826,10.038257353915826
908.2779074574751,446.3164321905018,10.0,10.0
907.9881436779475,443.4187943952262,10.0,10.0
907.69837989842,438.4928101432577,10.0,10.0
905.9597972212546,433.5668258912892,10.0,10.0
905.670033441727,431.82824321412386,10.0,10.0
905.9597972212546,430.6691880960136,10.0,10.0
906.8290885598373,429.51013297790337,10.0,10.0
907.4086161188924,428.6408416393207,10.0,10.0
906.8290885598373,427.48178652121044,10.0,10.0
907.1188523393648,425.4534400645175,10.0,10.0
907.69837989842,426.9022589621553,10.0,10.0
908.2779074574751,425.16367628498995,10.0,10.0
909.4369625755853,427.1920227416829,10.0,10.0
909.4369625755853,425.4534400645175,10.0,10.0
910.5960176936956,427.1920227416829,10.0,10.0
910.8857814732231,425.74320384404507,10.0,10.0
911.4653090322782,427.771550300738,10.0,10.0
912.3346003708609,430.0896605369585,10.0,10.0
912.6243641503885,428.6408416393207,10.0,10.0
914.6527106070814,430.9589518755412,10.0,10.0
915.2322381661365,429.2203691983758,10.0,10.0
916.9708208433019,430.9589518755412,10.0,10.0
917.550348402357,428.6408416393207,10.0,10.0
918.1298759614122,426.3227314031002,10.0,10.0
921.8968050952705,428.93060541884824,10.0,10.0
923.9251515519634,427.48178652121044,10.0,10.0
925.0842066700736,426.61249518262775,10.0,10.0
926.822789347239,428.3510778597931,10.0,10.0
928.2716082448768,427.1920227416829,10.0,10.0
929.1408995834595,425.74320384404507,10.0,10.0
930.5897184810973,427.771550300738,10.0,10.0
931.1692460401524,425.4534400645175,10.0,10.0
