367.0,477.0,51.0,123.0
399.1259842519685,457.59055118110234,51.00000000000001,123.00000000000001
431.92125984251965,438.1811023622047,51.00000000000001,123.00000000000001
470.549270903637,425.94907531043907,50.04319047619049,120.69240056022412
503.85543948525634,415.2600025304409,49.10433162816239,118.4280939267446
534.7873019281933,401.727312711656,49.10433162816239,118.4280939267446
567.0079919729193,392.0611056982382,49.10433162816239,118.4280939267446
597.9398544158562,383.68372628660944,49.10433162816239,118.4280939267446
626.9384754561096,376.5951744767697,49.10433162816239,118.4280939267446
651.4261998901013,371.4398640696136,49.10433162816239,118.4280939267446
674.7761838554961,368.316834821295,50.09098496356706,120.80766961801467
695.8117680921647,363.05793876212783,50.09098496356707,120.80766961801467
714.3720272262091,365.13105454628993,51.09746312444002,123.23505812364945
733.147997928103,361.77820263523745,51.09746312444002,123.23505812364945
751.9239686299969,357.08420995976394,51.09746312444002,123.23505812364945
769.838117580803,356.2285034923474,50.13882509777394,120.9230487652195
784.9718836864303,352.93855433895015,50.138825097773946,120.9230487652195
798.7896701306987,349.6486051855529,50.13882509777395,120.9230487652195
808.1557978845457,347.77576194545367,51.146264510463524,123.35275558405905
820.237592650797,342.40607538267534,51.146264510463524,123.35275558405907
830.1143209296873,342.22076248051974,50.18671092240681,121.03853810698111
835.3832669582864,336.9518164519206,50.18671092240682,121.03853810698112
841.1229887023682,337.4285984533334,49.24515949144144,118.7677375970058
839.1842028956185,332.9047649042508,49.24515949144145,118.7677375970058
843.708036444701,329.0271932907515,49.24515949144145,118.7677375970058
848.6938134996946,326.9099826565033,48.32127247961929,116.53953950967002
847.425538631463,323.10515805180887,48.32127247961929,116.53953950967002
851.8645006702732,316.76378371065147,48.32127247961929,116.53953950967002
848.6938134996944,309.78827193537836,48.32127247961929,116.53953950967002
846.1572637632315,303.44689759422096,48.32127247961929,116.53953950967002
841.0841642903056,298.37379812129507,48.32127247961929,116.53953950967002
835.3769273832639,291.39828634602196,48.32127247961929,116.53953950967002
824.5965910032963,285.05691200486456,48.32127247961929,116.53953950967002
818.7084936593066,281.7111474298115,47.4147184852841,114.35314458215574
806.7084587384634,277.1836718469695,46.525172324196504,112.20776854659155
790.8337280241706,272.2991393194948,46.525172324196504,112.20776854659155
778.0118301395495,264.97234052828276,46.525172324196504,112.20776854659155
765.3330836771078,258.3499460881704,47.460002611706585,114.46235923999822
750.8302492260964,251.94964243314593,46.56960687643392,112.31493423139946
738.6072552952738,243.39354668157011,46.56960687643392,112.31493423139946
727.6065607575335,237.28204971615884,46.56960687643392,112.31493423139946
715.9947165232521,230.55940305420643,46.56960687643392,112.31493423139946
702.375119026134,226.112624400421,45.695915829778286,110.20779700122998
690.3814403306542,218.9164171831331,45.69591582977829,110.20779700122998
679.4160954470574,217.5514840888297,44.838616075560054,108.14019171164482
667.6474298104274,214.02088439784072,44.838616075560054,108.14019171164483
658.6531052902953,212.68155877381167,43.997400097216236,106.11137670505093
648.2600186531577,206.33022805111642,43.99740009721624,106.11137670505093
641.9086879304624,205.17544064699,43.99740009721624,106.11137670505093
635.9700741826287,203.86124207222673,43.171966147493215,104.12062423807185
629.3041734338824,197.14958186550487,44.039420463294796,106.21271994088744
625.9720056440132,189.7251191198124,44.92430453866378,108.3468521226597
621.2555432252558,184.4190988987104,44.92430453866378,108.34685212265971
618.8973120158771,180.29219428229771,44.92430453866378,108.34685212265971
619.318723804437,177.18163574417662,44.081480961543924,106.31415996607652
617.0047353025187,174.28915011677873,44.081480961543924,106.31415996607652
616.8397438712317,172.39394292831565,43.25446957315896,104.31960308820689
615.7044559559257,171.25865501300967,43.25446957315896,104.31960308820689
616.8397438712317,167.28514730943863,43.25446957315896,104.31960308820689
618.3807797123703,164.29020813287565,42.44297372149371,102.3624660341907
619.4947685239581,162.06223050970016,42.44297372149371,102.3624660341907
621.5638874420802,159.6804737061343,41.64670232001288,100.44204677179576
623.203521391687,155.30811650718283,41.64670232001288,100.44204677179576
625.3896999911626,149.84267000849349,41.64670232001288,100.44204677179576
628.6689678903763,144.37722350980414,41.64670232001288,100.44204677179576
631.4016911397209,140.00486631085266,41.64670232001288,100.44204677179576
634.1344143890656,135.6325091119012,41.64670232001288,100.44204677179576
636.3205929885414,132.89978586255654,41.64670232001288,100.44204677179576
641.0836164758757,130.56271312944267,40.86536974324723,98.55765643959624
643.2287802419254,128.41754936339294,40.86536974324723,98.55765643959624
645.3739440079751,126.80867653885565,40.86536974324723,98.55765643959624
648.0553987155372,124.66351277280592,40.86536974324723,98.55765643959624
651.8094353061242,123.05463994826863,40.86536974324723,98.55765643959624
653.4183081306616,118.76431241616919,40.86536974324723,98.55765643959624
656.2254998426106,114.55640727167422,41.6864776174983,100.53797543043706
660.6020329258125,110.17987418847231,41.6864776174983,100.53797543043706
664.4314993736142,106.35040774067063,41.6864776174983,100.53797543043706
668.2609658214159,101.9738746574687,41.6864776174983,100.53797543043706
673.5756049400032,104.01110295176301,40.90439881752781,98.65178538344941
677.7169299997421,100.10527639002423,40.13699257528637,96.8009820933377
680.2003632218232,104.17370971776714,39.38398361934311,94.98490167018042
684.1877553613023,102.99731349829334,38.64510184262653,93.20289267927572
684.6949089287908,100.46154566085065,38.64510184262653,93.20289267927573
688.2449839012106,98.94008495838503,38.64510184262653,93.20289267927573
688.2449839012106,102.99731349829332,38.64510184262653,93.20289267927573
691.7950588736304,105.02592776824747,38.64510184262653,93.20289267927573
695.3451338460502,106.04023490322456,38.64510184262653,93.20289267927573
700.2720257719922,108.94313755908192,37.92008220553606,91.45431590746931
704.1112066729434,109.303384571795,37.20866464087142,89.73854413386636
706.1789032515076,109.86673434488131,37.95629833950045,91.54166070114813
708.7862602088618,109.94328935352124,38.718954242036034,93.3810072896163
708.3972702350692,111.54575085919532,39.496934189621264,95.25731186908656
709.4339351744293,110.50908591983516,39.49693418962127,95.25731186908658
707.8789377653891,114.65574567727569,39.49693418962127,95.25731186908659
707.2127732455771,119.69596527009699,38.75593335052504,93.4701921983251
705.5418905206003,122.09858520292862,38.02883440672289,91.71660062797875
702.4051569730741,124.45612965274404,37.31537654515961,89.99590813832612
697.858162280039,127.25914738364256,36.61530384588614,88.30749751066656
692.0919726980097,131.1032737716621,36.61530384588614,88.30749751066656
688.1107998393007,134.8147357650492,35.928365190260195,86.65076310592164
681.6203343967188,141.48821256174918,36.65027383202809,88.39183688900893
674.4057135636424,146.7789345060052,36.65027383202809,88.39183688900893
669.5959663415915,152.55063117246632,36.65027383202809,88.39183688900893
666.2291432861558,159.28427728333762,36.65027383202809,88.39183688900893
658.5335477308744,166.498898116414,36.65027383202809,88.39183688900893
651.6627242610598,172.61877840736045,35.96267910550434,86.73352019562812
643.9769017727599,180.03969730939855,35.287984323742535,85.106315133732
636.2128305240798,184.2787426929005,35.997025792759494,86.81635632371407
627.2371941715544,191.8371733055534,35.997025792759494,86.81635632371407
619.3171194392745,198.5234033944001,36.72031403201341,88.56075737132646
612.2016944152681,207.27155544416024,37.45813530185866,90.34020866918853
603.9601459987251,217.6702138493499,38.21078161447891,92.15541448197854
590.9223464977218,227.19783656162153,38.21078161447892,92.15541448197855
581.5122929949221,235.2981660753383,38.97855084945864,94.00709322516495
567.5551036432595,247.94517764308,38.24727538520265,92.2434288701946
560.0261124256999,255.97610160847688,38.247275385202656,92.2434288701946
551.9951884603031,266.5166893130603,38.247275385202656,92.2434288701946
543.9642644949063,277.0572770176437,38.247275385202656,92.2434288701946
534.5452237816774,287.6750066097573,39.01577788951754,94.09687608648343
525.4489443659371,297.99406016002564,39.79972191465161,95.98756461768916
519.3037297791288,308.5204544532795,40.59941772708271,97.9162427535524
511.8445191731032,323.4388756653309,40.59941772708271,97.9162427535524
508.7726333350417,336.3079798294122,41.415181827472985,99.88367381919953
502.79406377989466,349.3521315860966,41.41518182747299,99.88367381919954
496.1169760921105,361.1592154066992,40.63819279996654,98.00975910580162
487.0507126065537,371.29209812585094,40.63819279996654,98.00975910580163
484.2320608851946,385.0109080558401,39.87578084111526,96.17100085210147
474.9352772742478,396.08072293758585,40.67700490555579,98.10336477222275
468.65460716229734,414.8464290779629,41.49432796512313,100.07455568059103
461.15864957294957,427.45465471479133,42.32807349692635,102.08535372788114
455.7340218230832,440.31621742934055,43.178571477700096,104.13655474033547
450.20039702783873,452.8695596038583,44.046158514401526,106.22897053473304
445.13361868588794,466.83120323529755,44.931177977431396,108.36342923968743
441.7339775815718,479.89408216231703,45.83398013653193,110.54077562340048
435.8600442792799,491.41494610866704,46.75492229941527,112.76187142800147
430.9513910194988,505.5273242305377,46.75492229941528,112.76187142800148
429.1106460470809,513.5038857776821,46.75492229941528,112.76187142800148
427.269901074663,523.3211922972444,46.75492229941528,112.76187142800148
424.959432775364,533.8463816479231,47.69436895317743,115.02759571060432
426.35800235882465,545.2089639819412,48.65269190855363,117.3388451912175
422.67677923729804,554.2459076009831,49.6302704470722,119.69653460764465
420.8755369549872,566.069694068691,50.62749147116522,122.10159707751606
420.3669078619221,575.473444777046,51.64474965729535,124.55498446759458
419.84805888449006,587.0994029089073,52.682447612159386,127.05766777050195
420.01015537812617,594.8107371960823,53.74099603203051,129.61063748901466
422.63005925899597,607.31074654716,52.73276276100195,127.17901607065167
424.70615228108267,614.9230876281445,52.73276276100195,127.17901607065167
429.35299724316303,623.0363986214248,51.74344492518794,124.79301423133552
434.59171071507626,628.9603525210076,50.77268765265592,122.45177610346417
437.9232518996337,630.9592772317421,50.77268765265592,122.45177610346417
443.92002603183715,634.957126653211,50.77268765265592,122.45177610346417
448.5841836902176,642.2865172592375,50.77268765265592,122.45177610346417
453.91464958550955,644.9517502068835,50.77268765265592,122.45177610346417
457.9124990069785,646.950674917618,50.77268765265592,122.45177610346417
461.9103484284475,649.615907865264,50.77268765265592,122.45177610346417
465.7181620747252,654.0961061633823,49.82014272921538,120.15446187634288
476.17908443256573,655.4037214581124,49.820142729215384,120.15446187634288
483.1844980340676,658.4922515909083,48.88546847351219,117.90024749494106
496.473899083935,662.1558378178497,47.96832961446618,115.68832436430068
503.84842732350035,663.2410504702548,47.06839717100823,113.51789905949033
514.4940736880953,662.1005928973536,48.014142475365304,115.79881420529267
514.6418064623487,660.9372201104402,48.97889064012282,118.12555977911963
522.5057187556639,659.7504716741192,49.96302348975481,120.49905665176149
526.9084925121978,660.8808113311238,49.02566865223881,118.23837733775231
532.5154289144749,658.129655848286,48.10589950169779,116.02011056291809
543.0676618818625,658.5866697992428,47.20338611356743,113.843460626839
554.0413917213466,658.4156427153296,46.31780475298862,111.70764675720775
564.2013985262138,657.0321338521231,45.44883775868255,109.61190282976371
583.427364310959,659.5095665127599,46.362041255767764,111.81433479332216
599.0729062246028,658.124736309002,45.49224434171347,109.71658929472065
609.9590789232221,657.0224685946525,46.406320007271525,111.92112472341947
622.891007962602,652.8530188939068,47.33876219517763,114.16995588248713
640.7298892903991,635.9079241602474,46.450641047850176,112.02801664481504
654.7504239898815,628.5928625779088,46.45064104785018,112.02801664481505
671.6450421162378,620.4999127888018,45.57918191566115,109.92626226718268
677.4559649153497,620.9329225074523,44.724072203026815,107.863938842594
689.3321762334574,612.8061064690156,45.62271298580224,110.03124896575824
697.2559533928685,612.2994007938114,46.53941015782596,112.24210685122722
704.7281895925989,609.9502536390411,47.474526526127164,114.49738750418894
715.141928221526,619.7466486803972,46.583858308116454,112.3493053313396
716.8015808766097,618.355192820273,45.70989989076353,110.24152326595902
722.8002554029566,606.3578437675792,45.70989989076353,110.24152326595902
738.8255902258494,590.5956741073386,44.852337781981916,108.17328523889748
745.1324604984791,587.4900985469566,44.01086437110109,106.14384936559668
753.2184460784713,585.179816952673,44.01086437110109,106.14384936559668
761.4398469081302,580.6480203785964,44.89517466890963,108.27659773089962
774.5398445093745,571.9009377718312,45.79725341353203,110.45219940910658
785.4990050651221,563.5791138585728,46.717457626370134,112.67151545183377
794.8390980486263,558.1555295129089,47.65615150245679,114.93542421180746
803.7414527080799,554.4991955240921,48.61370655459565,117.24482169049531
807.5693036178906,549.3953943110112,48.61370655459566,117.24482169049531
816.0125581378815,545.6655936033571,49.590501760397146,119.60062189272244
822.0222870255147,539.2576740646566,50.58692371226881,122.00375718841292
834.7914732949351,530.0655186389658,51.60336677041943,124.4551786815997
849.4969382211581,517.011568350356,50.63523750009446,122.12027867669832
856.6169656250624,508.854053849211,49.68527127498765,119.82918366320541
866.8636028048013,502.80569528382586,48.75312733873338,117.58107181694511
873.2616510119841,497.0474518973613,48.75312733873338,117.58107181694513
879.1699009253583,500.3448074043804,49.73272392635055,119.94362829296301
887.1548465611849,493.9185103908874,50.73200354820271,122.35365561625353
893.968685060113,497.34970466319555,51.751361695496755,124.81210761855093
902.2777374725748,491.3417177259942,52.79120180604438,127.31995729693047
909.3681478272326,494.2193853187936,53.85193542393323,129.8781971988977
915.1875891718464,490.79440907268474,54.933982362406326,132.48783981521518
922.3967732089076,487.1898170541541,54.93398236240633,132.48783981521518
927.9585094613714,484.82802529958576,53.90336750936447,130.0022392872907
930.0806892845746,479.876272378778,53.90336750936448,130.0022392872907
931.661328926095,479.2775981561793,54.98644787273014,132.61437428129025
933.6203423595036,475.47033688262366,53.95484871576771,130.1263998439103
936.452617882641,472.6380613594863,53.95484871576771,130.1263998439103
939.2848934057783,469.80578583634895,53.95484871576771,130.1263998439103
940.7010311673471,466.2654414324272,53.95484871576771,130.1263998439103
938.576824524994,464.8493036708585,53.95484871576771,130.1263998439103
938.576824524994,462.7250970285054,53.95484871576771,130.1263998439103
936.2506716793757,462.5296080774239,52.94260336072951,127.6851022229358
937.6402413213896,455.5817598673545,52.94260336072951,127.6851022229358
939.7245957844104,447.9391268362781,52.94260336072951,127.6851022229358
940.9160079300332,440.79945723768,51.94934871149782,125.28960571596527
935.462008065309,433.98195740677477,51.94934871149782,125.28960571596528
937.3128181452436,426.29448495976834,50.9747284839907,122.93905104962458
935.9748987624616,418.2669686630769,50.9747284839907,122.93905104962458
932.6301003055069,410.90841205777645,50.9747284839907,122.93905104962458
929.4421439302286,415.693942103925,51.99896370341953,125.40926540236468
930.2845385383223,411.02201242670975,53.04377888111234,127.9291137720944
925.4117504521308,406.14922434051834,53.043778881112345,127.92911377209441
921.3982832088935,400.68730899655725,54.109587530170536,130.49959345511712
918.0142729422246,396.53584653536336,55.196811472414254,133.1217217864108
913.6680673144755,392.9140085122391,55.196811472414254,133.1217217864108
919.2564134380332,389.0921816644843,54.1612656900471,130.62422901717238
911.2351392274571,388.18516705944285,53.14514775212916,128.17359163748793
909.1428105757985,381.90818110446696,53.14514775212916,128.17359163748793
905.819116313362,382.7128137677396,54.212993205912696,130.74898361426
904.9047473040306,379.6705630937615,53.195904809566855,128.2960057171906
906.1018597062236,379.47782394462894,52.19789797918531,125.88904806744691
905.2214777637781,379.9737125535982,51.21861472606135,123.52724728050087
904.5493174655359,375.9407507641446,51.21861472606135,123.52724728050089
905.0297729397146,375.75517572303215,50.25770377770397,121.20975616975664
902.8630149292786,374.913532331552,49.31482045183525,118.93574344266149
900.274310443618,372.3248278458914,49.31482045183525,118.9357434426615
901.0732213427789,364.6581786852431,50.30570313917398,121.32551933565492
899.0926818491106,359.37674003546107,50.305703139173986,121.32551933565492
897.7723221866651,342.8722442548922,50.305703139173986,121.32551933565492
896.9238544444695,335.42799872724635,49.36191929867406,119.04933477915509
891.2455861900911,338.1187348844957,50.35374834314232,121.44139306287266
888.7572762202301,330.29057047198427,51.36550620860108,123.88151497368497
882.1744405902234,325.67555479186666,52.39759332485051,126.37066625405123
878.8974983355598,320.2801771433571,53.450418167526735,128.90983205109387
873.9873549343434,316.772931856774,53.450418167526735,128.90983205109387
870.6445690789569,309.8662467705397,54.524397419766856,131.5000173064965
866.3513094396052,303.4263573115121,54.52439741976686,131.5000173064965
859.9114199805776,296.9864678524845,54.52439741976686,131.5000173064965
849.346034796746,294.23426638216426,55.61995613712224,134.14224715423592
839.2982800126298,289.96692355927235,56.737527915785435,136.837567326306
828.8740622853202,281.77646677352914,56.737527915785435,136.837567326306
819.1944315385326,274.330596968308,56.737527915785435,136.837567326306
808.770213811223,270.60766206569735,56.737527915785435,136.837567326306
799.8351700449576,266.88472716308684,56.737527915785435,136.837567326306
789.9431778771307,262.95622111936075,55.673076796820105,134.27036168644844
776.0614395682123,255.65004306203534,55.673076796820105,134.27036168644844
765.6244129733906,252.52585741221793,54.628595814487234,131.75131931729268
753.2324630137349,249.46028451894745,53.6037103096315,129.27953662911122
740.3695373033702,247.15568551521318,52.598052652067146,126.8541269843972
727.7479325699412,242.82353355219072,51.61126210870769,124.47422037982439
712.8470432472172,235.37308889082874,51.61126210870769,124.47422037982439
694.7183887755865,232.76793233371703,52.64828719825796,126.97528088991619
680.8999406920542,227.93147550448072,52.64828719825796,126.9752808899162
668.4633374168752,223.78594107942104,52.64828719825796,126.9752808899162
654.6448893333429,216.87671703765488,52.64828719825796,126.9752808899162
642.2082860581639,212.0402602084186,52.64828719825796,126.9752808899162
631.3155189781775,204.54630141136857,53.70614923293256,129.5265952088373
619.4990784212091,198.31137671629682,54.785266889469874,132.1291730863685
608.7145770650143,192.55964265965957,54.78526688946988,132.1291730863685
599.3680092229787,187.52687536010197,54.78526688946989,132.1291730863685
591.4593748951024,184.65100833178334,54.78526688946989,132.1291730863685
584.0646529704055,185.8904441276864,53.757442083111236,129.65030149456234
577.0098705448004,181.65757467232334,53.75744208311124,129.65030149456237
570.8259704624282,185.2933906162818,54.8375903668872,132.25536500249262
567.9473567948751,179.53616328117556,54.8375903668872,132.25536500249262
565.0687431273219,173.7789359460693,54.8375903668872,132.25536500249262
562.9097828766571,169.46101544473962,54.8375903668872,132.25536500249262
560.7508226259923,163.70378810963336,54.8375903668872,132.25536500249262
560.0311692091041,157.94656077452711,54.8375903668872,132.25536500249262
559.3115157922158,154.3482936900857,54.8375903668872,132.25536500249262
557.152555541551,150.03037318875602,54.8375903668872,132.25536500249262
557.8722089584393,146.4321061043146,54.8375903668872,132.25536500249262
563.4241860994592,145.51376539099573,53.80878392128322,129.77412592780067
564.6350906382519,146.02495768114684,52.79927888362651,127.33943730756977
564.6350906382519,141.17463022464574,52.79927888362652,127.33943730756977
561.8634749488227,144.63914983643224,52.79927888362652,127.33943730756977
563.2492827935373,141.17463022464574,52.79927888362652,127.33943730756977
569.9807009661857,140.29042420632314,51.80871314076125,124.95042581007118
570.1401091015431,137.67530100957026,52.849705613898564,127.46105471587295
574.3015032443698,132.8203411762725,52.84970561389857,127.46105471587296
579.8500287681386,127.96538134297474,52.84970561389857,127.46105471587296
585.3985542919074,124.49755289061919,52.84970561389857,127.46105471587296
588.1728170537918,124.49755289061919,52.84970561389857,127.46105471587296
591.6406455061474,122.41685581920585,52.84970561389857,127.46105471587296
597.8827367203874,120.33615874779251,52.84970561389857,127.46105471587296
601.3505651727429,122.41685581920585,52.84970561389857,127.46105471587296
605.5119593155696,123.80398720014806,52.84970561389857,127.46105471587296
609.6733534583963,119.6425930573214,52.84970561389857,127.46105471587296
612.4476162202807,120.33615874779251,52.84970561389857,127.46105471587296
619.8790290236379,120.14467394593808,51.85819381660626,125.0697615576974
621.2401364728927,120.14467394593808,51.85819381660626,125.0697615576974
625.3234588206569,117.42245904742856,51.85819381660626,125.0697615576974
631.4484423423033,114.70024414891904,51.85819381660626,125.0697615576974
636.212318414695,110.61692180115477,51.85819381660626,125.0697615576974
638.4135399690259,107.31874726778322,52.90018050496333,127.58278827667621
641.8846804221075,104.54183490531797,52.90018050496333,127.58278827667621
646.7442770564218,107.31874726778322,52.90018050496333,127.58278827667621
648.8269613282707,108.01297535839954,52.90018050496333,127.58278827667621
655.7692422344339,110.09565963024848,52.90018050496333,127.58278827667621
660.4308401557631,114.06936049170685,51.90772174970075,125.18921127868998
663.6425745784146,117.28730716881917,50.933882484419016,122.84054010948111
665.6478455423681,119.96100178742383,50.933882484419016,122.84054010948111
669.6583874702751,121.29784909672615,50.933882484419016,122.84054010948111
672.4887984931512,119.39530795586506,51.957296985178445,125.30877508190092
678.6254871134479,115.30418220900063,51.957296985178445,125.30877508190093
682.7166128603124,117.34974508243286,51.957296985178445,125.30877508190093
687.4895928983209,114.62232791785658,51.957296985178445,125.30877508190093
690.8988643540413,116.66789079128881,51.957296985178445,125.30877508190093
697.035552974338,118.71345366472104,51.957296985178445,125.30877508190093
699.7629701389143,120.0771622470092,51.957296985178445,125.30877508190093
704.5359501769228,122.80457941158548,51.957296985178445,125.30877508190093
707.2633673414991,126.89570515844991,51.957296985178445,125.30877508190093
710.6726387972195,130.98683090531435,51.957296985178445,125.30877508190093
714.763764544084,133.71424806989063,51.957296985178445,125.30877508190093
721.7421727625072,129.72791629645403,53.001274953501635,127.82660429962158
729.3932754460835,127.64125192820595,53.001274953501635,127.82660429962158
735.6532685508278,126.25014234937387,53.001274953501635,127.82660429962158
743.1059941376308,127.44921796104161,52.0069195682162,125.4284530762861
749.2485436929319,129.49673447947532,52.006919568216205,125.4284530762861
754.0260822359438,129.49673447947532,52.006919568216205,125.4284530762861
753.5035947185017,133.01415606865638,53.05189460310037,127.94868698394792
759.073347432738,132.31793697937684,53.05189460310037,127.94868698394792
765.1407526765075,140.4803486786934,52.05658954403399,125.54824537090548
767.6785407906314,145.7569962359891,51.07995737437174,123.19283837348475
772.1797394792751,144.9015829295758,50.12164777257599,120.8816210985656
774.1530326986679,144.9015829295758,50.12164777257599,120.8816210985656
776.9383075966418,143.02938131674478,51.12874204127036,123.31049551129908
777.7666044230909,139.77759982354053,52.1560718551056,125.78817329760761
779.1355301935662,135.6708225121149,52.15607185510561,125.78817329760761
780.3092423560142,133.42846222508132,51.177573300684855,123.42826501929872
778.4518434721301,132.8600618574243,52.205884281015514,125.9083091483315
777.7667268805158,130.80471208258118,52.205884281015514,125.9083091483315
777.0816102889014,128.74936230773804,52.205884281015514,125.9083091483315
773.1315409144003,127.48442447987934,53.25485711387396,128.43818480404892
769.6371277179519,127.48442447987934,53.25485711387396,128.43818480404892
764.0460666036345,128.183307119169,53.25485711387396,128.43818480404892
761.2505360464758,123.99001128343092,53.25485711387396,128.43818480404892
757.7561228500274,120.4955980869825,53.25485711387396,128.43818480404892
750.0684138178409,114.20565433337534,53.25485711387396,128.43818480404892
744.9769091199515,109.12052311350661,52.25574428101769,126.02855973657203
737.923613227357,106.87387758255745,51.2753757750994,123.66414157523971
728.9839284331495,105.34228649728442,50.31339993434396,121.34408219459425
721.7208392037822,105.34228649728442,50.31339993434396,121.34408219459425
714.9297140943407,105.15999122609718,49.36947169449263,119.06754938083517
706.5071008131281,99.97684459150479,49.36947169449263,119.06754938083517
697.5884971345367,95.54116581002997,50.36145248925008,121.4599736505443
689.1516034022216,89.69453803481868,51.373365154116584,123.90046890110469
682.4096919646735,82.27843545351577,51.373365154116584,123.90046890110469
675.6677805271254,74.86233287221286,51.373365154116584,123.90046890110469
671.7807022953305,72.94337566764311,52.40561018015825,126.3900010227346
668.1458663647498,64.50064791337533,51.42243004444404,124.01880187189445
662.2305706016817,61.905022940462686,52.45566093132705,126.51071165790643
660.6574466686524,56.896204336548976,51.471541794918885,124.13724785833378
657.2800489130802,54.86976568320571,51.471541794918885,124.13724785833378
654.5781307086226,50.14140882540478,51.471541794918885,124.13724785833378
653.0345201081669,47.25299917568254,50.505885689143625,121.80831254440521
649.5314484450839,39.11632370533271,49.55834622961799,119.52307031849044
646.9299604540279,32.61260372769256,49.55834622961799,119.52307031849045
643.8305845375759,29.460699208445796,50.554122080409705,121.92464737039988
641.1768248483155,22.82629998529493,50.55412208040971,121.92464737039988
640.5133849260004,18.182220529089328,50.55412208040971,121.92464737039988
641.6510470588486,16.672173229937968,49.605677659343726,119.63722259018192
639.5123998196731,13.237476449050561,48.67502697660872,117.39271212005633
638.2348400565076,10.682356922719407,48.67502697660872,117.39271212005633
635.0409406485936,5.572117870057085,48.67502697660872,117.39271212005633
633.7633808854281,0.0,48.67502697660872,117.39271212005633
631.3580275821591,0.0,49.65305429364972,119.75148388468462
628.7515680391854,0.0,49.653054293649724,119.75148388468463
626.1451084962116,0.0,49.653054293649724,119.75148388468463
624.0044187104378,0.0,48.721514779249816,117.50482976172015
621.9038903437729,0.0,47.807451850716234,115.3003250517274
620.4701643102384,0.0,46.910537630327404,113.13717899078964
617.3920450431565,0.0,46.910537630327404,113.13717899078964
614.7539693954052,0.0,46.03045039166618,111.01461565048905
610.9572383042794,0.0,45.16687444421544,108.93187365957844
607.8244787096966,0.0,44.319500020118696,106.88820593087452
604.7504927271904,0.0,43.48802316306525,104.88287939327503
601.1634687413311,0.0,42.67214561925996,102.91517472880345
597.2434553642338,0.0,42.67214561925996,102.91517472880345
595.403733164589,0.0,41.871574730438496,100.98438611458698
594.1480216712515,0.0,41.08602332888976,99.08982096967533
588.6023752820187,0.0,40.31520963444776,97.23079970660933
586.4860913117064,0.0,40.31520963444776,97.23079970660933
590.0386935076906,0.0,39.55885715341606,95.40665548765051
588.3331943667035,0.0,38.81669457938843,93.61673398558389
579.1638964345645,0.0,38.81669457938843,93.61673398558389
568.8305016221315,0.0,38.08845569593031,91.86039314900842
564.6891533300344,0.0,37.373879281085934,90.13700297203081
563.5683258936173,0.0,36.67270901367711,88.4459452682801
560.5434496796481,0.0,35.98469338135982,86.78661344916195
558.992043292639,0.0,35.30958559040589,85.15841230627305
561.1767859025556,0.0,34.64714347717711,83.56075779789776
557.40961063006,0.0,33.99712942126029,81.99307683951012
551.4823284533873,0.0,33.35931026023192,80.45480709820642
551.7952549804922,0.0,32.73345720602199,78.94539679099422
549.3185336566074,0.0,33.39117056166259,80.53164664871568
545.812898951971,0.0,33.39117056166259,80.53164664871568
553.2623726993235,0.0,33.39117056166259,80.53164664871568
556.7680074039599,0.0,33.39117056166259,80.53164664871568
567.7231158559489,0.0,33.39117056166259,80.53164664871568
577.6768366859008,0.0,32.764719777259714,79.02079475692051
583.797413916308,0.0,33.42306129174419,80.6085595859713
592.8833954909953,0.0,32.796012206277325,79.09626473278651
605.242066116151,0.0,32.18072717055303,77.61234199956908
612.3010450289479,0.0,31.576985479574574,76.15625909779752
614.7874218383632,0.0,31.576985479574578,76.15625909779752
629.1730978803446,0.0,30.984570568985326,74.7274937251999
645.8445859817671,0.0,30.984570568985326,74.7274937251999
663.2133460599995,0.0,30.40326993738624,73.32553337840211
685.044167858714,0.0,29.832875070110894,71.94987516909097
700.312962185936,0.0,29.832875070110894,71.94987516909097
713.6242187788989,0.0,29.832875070110894,71.94987516909097
723.0203999033433,0.0,29.832875070110894,71.94987516909097
734.7656263088987,0.0,29.832875070110894,71.94987516909097
741.1215386259883,0.0,30.432307028894634,73.39556401086352
750.3071431097753,0.0,30.432307028894634,73.39556401086352
761.4896181335162,0.0,30.432307028894634,73.39556401086352
772.2727190492662,0.0,30.432307028894634,73.39556401086352
776.1525558368372,0.0,29.861367397585973,72.0185919588838
777.328200222569,0.0,29.861367397585973,72.0185919588838
788.1891138188603,0.0,29.301139148174496,70.66745323971494
790.2019162352881,0.0,29.889886937078764,72.08737437766055
792.2551618906691,0.0,30.490464435305487,73.53582599103089
789.9481527969832,0.0,31.10310933720408,75.01338134266868
791.6765618484761,0.0,31.728064113116524,76.52062521398693
794.2724574113114,0.0,32.365576105341376,78.05815413641157
799.0442377699205,0.0,33.015897626026,79.62657662747449
803.045338518466,0.0,33.67928605702574,81.22651343165035
805.358891859049,0.0,34.35600395176956,82.8585977660325
809.5223962012752,0.0,35.04631913917247,84.52347557094541
812.3897814921879,0.0,35.750504829635865,86.22180576559242
814.8456144257033,0.0,36.46883972317774,87.95426050884046
818.3079798046609,0.0,37.20160811973555,89.7215254652446
821.2372402865299,0.0,37.20160811973555,89.7215254652446
824.2809648927353,0.0,37.949100031685404,91.52430007641776
826.3898076865429,0.0,38.71161129862206,93.36329783785322
827.5249706686164,0.0,39.48944370444528,95.2392465813092
829.2011766498384,0.580892283119006,40.2829050967987,97.15288876286745
833.0256508318987,0.0,41.092309508908684,99.10498175677975
834.1041891392191,0.0,41.092309508908684,99.10498175677975
835.3091627127186,0.0,41.91797728387119,101.09629815521873
835.9882431314655,0.0,42.76023520143602,103.12762607405153
836.5494010737416,0.0,42.76023520143602,103.12762607405155
835.9882431314655,0.0,42.76023520143602,103.12762607405155
834.3047693046374,0.0,42.76023520143602,103.12762607405155
832.4612493029946,0.8597245644794711,41.958011666513094,101.19285166629626
831.3599891542672,1.960984713206848,41.9580116665131,101.19285166629626
827.6346775438774,0.9443507289414015,42.80107399492835,103.22611963482716
823.2728193628523,0.0,43.66107597470845,105.30024205664975
819.3962983650638,0.0,44.53835797426827,107.41603982029402
814.8573935440654,0.0,45.43326720104525,109.57435030840318
810.8235256108746,0.0,46.34615783891586,111.77602772914993
808.3906564329787,0.0,46.34615783891586,111.77602772914993
804.741352666135,0.0,46.34615783891586,111.77602772914993
801.0920488992912,0.0,46.34615783891586,111.77602772914993
799.7021464787344,2.653664937268836,45.47665891318539,109.67900090827055
797.314920289066,3.250471484685967,45.47665891318539,109.67900090827055
793.1372744571461,3.250471484685967,45.47665891318539,109.67900090827055
789.5564351726433,3.847278032103098,45.47665891318539,109.67900090827055
784.1851762458891,4.444084579520229,45.47665891318539,109.67900090827055
780.0075304139692,4.444084579520229,45.47665891318539,109.67900090827055
774.636271487215,4.444084579520229,45.47665891318539,109.67900090827055
768.6682060130437,6.831310769188747,45.47665891318539,109.67900090827055
763.1267336796486,10.844185786969945,44.62347263163298,107.62131634687944
759.0274645402598,13.186625295192144,44.62347263163298,107.62131634687944
756.099415154982,14.357845049303236,44.62347263163298,107.62131634687944
754.1755654859695,16.538605003861505,43.786292953213376,105.60223594598509
748.4293328149441,17.68785153806658,43.786292953213376,105.60223594598509
745.5562164794314,20.56096787357926,43.786292953213376,105.60223594598509
742.6831001439188,22.284837674886873,43.786292953213376,105.60223594598509
740.3846070755086,23.43408420909195,43.786292953213376,105.60223594598509
738.0861140070984,27.456447078809703,43.786292953213376,105.60223594598509
737.9222274273484,32.46941019449509,42.96481957850851,103.62103545404982
738.4860702039692,34.160938524357626,42.96481957850851,103.62103545404982
741.1444721787024,39.64369636075026,42.15875784200901,101.67700420719807
743.7529999509346,42.25726964302707,41.36781860641659,99.7694448742987
747.5531932612354,47.686117229170975,41.36781860641659,99.7694448742987
757.713169140038,51.8793116145918,40.59171815892945,97.89767320682972
766.6171345787144,55.99383760151939,39.830178109473465,96.06101779343587
777.4448759773929,62.64469983284159,39.08292529084261,94.25881981909087
789.608176279195,67.11918830222237,38.34969166071292,92.49043282877808
800.6802657350439,72.1519562366991,38.34969166071292,92.49043282877808
817.6481386464263,78.5556061312102,37.63021420549471,90.75522249560476
830.4878442808471,89.41997243725851,37.63021420549471,90.75522249560476
842.3398802510816,94.85215559028268,37.63021420549471,90.75522249560476
848.3816811212765,101.34790572887715,38.38631809952572,92.57876718120895
855.0486373517305,106.96666006425771,39.15761438909949,94.43895235018098
860.7013113449076,113.13321351135998,39.15761438909949,94.43895235018098
864.2984675223839,119.81364641238743,39.15761438909949,94.43895235018098
864.9328294572742,128.11469564825475,39.94440833501967,96.33651421975317
864.9328294572742,137.5503826565271,39.94440833501967,96.33651421975317
863.8844197896884,148.55868416617815,39.94440833501967,96.33651421975317
864.7833225677743,154.18021094772678,39.19501244643373,94.52914766492825
863.2402118415368,164.9819860313896,39.195012446433736,94.52914766492825
862.5791396043842,169.983677269625,38.45967595242235,92.75568906172433
861.9304697243382,181.95761411929647,37.73813508509087,91.01550226404251
857.8272117049203,186.27814153728218,37.03013102508645,89.30796306050246
853.4535741822723,195.51137630731682,37.03013102508645,89.30796306050246
849.4272972677882,205.0964034075963,36.33540980875866,87.63245895053544
845.4765572179564,211.1637075530229,35.65372223706176,85.9883889246782
839.3939011932608,219.11795004685555,35.65372223706176,85.9883889246782
829.5680722302911,223.32901960241404,35.65372223706176,85.9883889246782
822.1914278505724,230.41937974691493,36.37011247797104,87.71615362334177
814.418530076046,233.151392112572,35.687773850501515,86.07051340415055
804.4497419674229,238.1738667175735,35.0182365582717,84.45574699347867
797.5563883142198,248.28411874227135,35.0182365582717,84.45574699347867
785.2560979350851,247.89519099031492,35.721857985437055,86.15271631781863
769.3172111699295,249.3015633519463,35.721857985437055,86.15271631781863
755.1197851382545,253.8600439582079,35.05168124173828,84.53640770066278
743.159893900916,258.9199979432358,35.05168124173828,84.53640770066278
731.3078517648032,268.6506067101474,35.755974672928524,86.23499774059219
720.9846044839053,273.81223035059634,35.755974672928524,86.2349977405922
711.1305957157754,283.1970006059581,35.755974672928524,86.2349977405922
701.386603060862,287.0230258288382,36.47441947203168,87.96771755019392
689.5321566727129,289.011259687701,37.20729998248321,89.73525289892997
678.4160884466327,290.06287357614394,37.95490626103124,91.53830333542817
671.4427460889628,292.0552571069067,37.95490626103124,91.53830333542818
664.469403731293,298.03240769919506,37.95490626103124,91.53830333542818
659.488444904386,303.01336652610206,37.95490626103124,91.53830333542818
657.8520968225041,310.3472867307351,37.24283536326943,89.82095587612028
655.4083412212398,314.746046813011,37.24283536326943,89.8209558761203
659.1789549411399,321.4536244327117,36.544123607009695,88.135827522788
661.6893044511181,323.44565788930004,37.278404682645345,89.90674070520339
666.2069660506845,326.45615309257374,38.02743966793374,91.71323684619306
672.6945869914081,326.9552008572448,38.02743966793374,91.71323684619307
680.1803034614737,328.4523441512579,38.02743966793374,91.71323684619308
689.2801683175996,336.01475911669036,38.791525013181534,93.55603091414363
700.5991772839061,338.6383743719575,39.57096312527139,95.43585224330153
712.5431687784105,342.792806196133,39.57096312527139,95.43585224330154
725.5257682289589,346.9472380203084,39.57096312527139,95.43585224330154
740.1880339105569,356.3745212911847,40.36606248734747,97.3534448224262
754.4909694375698,360.082689761151,40.36606248734747,97.3534448224262
771.0370590820652,364.4020119062658,41.177137780905746,99.30956758924322
789.4100601916556,367.6443062197229,41.177137780905746,99.30956758924322
805.0811493733651,373.588512461061,41.177137780905746,99.30956758924322
818.7174052836301,379.07538751718994,42.00451001033748,101.30499473081389
833.1788947727497,380.8138283318746,42.84850662997519,103.34051598994013
845.5498546921651,385.31235921166206,42.84850662997519,103.34051598994014
856.2338655316603,389.8108900914495,42.84850662997519,103.34051598994016
864.8004497693771,394.39584319729084,43.70946167369128,105.41693697772602
871.8183174363992,398.4993067832935,44.58771588710076,107.53507949241947
878.8400049776749,402.59529118237094,44.58771588710076,107.53507949241947
883.521130005192,406.1061349530088,44.58771588710076,107.53507949241947
889.2056500847341,408.87028809520973,43.75120703993034,105.51761697865552
889.7798129067804,407.72196245111707,43.75120703993035,105.51761697865552
892.0764641949658,401.9803342306538,43.75120703993035,105.51761697865552
890.9281385508731,399.68368294246847,43.75120703993035,105.51761697865552
889.9144292273,396.9011117373534,44.63030004298367,107.63778245660765
887.1232530153994,392.3055319021248,45.527056661747345,109.80054841950829
885.4709295702601,388.8125489516541,46.44183181125183,112.00677083890147
884.2519838534294,385.15571180116183,46.44183181125183,112.00677083890149
883.4686850677767,386.2063896940031,45.570537948895634,109.9054150532189
882.870646512017,386.8044282497629,45.570537948895634,109.90541505321892
877.6285136564351,386.2983020531905,46.486186767902794,112.11374455788325
873.3581290452104,380.80780755304454,46.486186767902794,112.11374455788325
874.4042469918782,376.97904935562326,45.61406076348872,110.0103818413552
868.558497838667,371.6835620053147,46.530584086409505,112.22082044369355
862.4521219743089,364.96654855452067,46.530584086409505,112.22082044369355
857.3928631669974,358.6915832993521,45.65762514518801,110.11544887957112
848.5456237830545,358.184489874535,46.57502380723027,112.32799859390835
841.3542791727854,355.222324282046,47.510855760588946,114.58500506965575
832.1479327429556,352.8241419404092,48.46549138538646,116.88736157652033
825.3007234770088,350.37777292098195,49.43930850379303,119.23597933267737
817.0183135895123,347.88224900884734,50.432692529559745,121.63178786540887
812.3853890789229,345.8967099328804,50.43269252955975,121.63178786540887
805.7669254923666,343.9111708569135,50.43269252955975,121.63178786540887
800.4721546231215,337.9545536290127,50.43269252955975,121.63178786540887
794.6707117083781,334.08519443760036,51.44603662055619,124.07573537898853
789.9446978455974,327.3337460621993,51.44603662055619,124.07573537898853
785.2186839828166,319.232008011718,51.44603662055619,124.07573537898853
780.4926701200359,312.4805596363169,51.44603662055619,124.07573537898853
773.0660769070947,309.7799802861565,51.44603662055619,124.07573537898853
764.4474862497051,306.50801889805115,52.47974183437303,126.56878912995855
763.56235066295,309.07271663824514,51.49517091683983,124.19423574061378
757.9632935672723,305.5071913571687,50.52907150579216,121.86423127867528
750.005959471872,300.2023019602352,50.52907150579216,121.86423127867528
745.3641812495551,296.223634912535,50.52907150579216,121.86423127867528
740.0592918526216,292.24496786483485,50.52907150579216,121.86423127867528
732.9205397895718,287.70510299221013,51.54435213955804,124.31284927775769
725.4797540476408,276.2057068455896,51.54435213955804,124.31284927775769
720.0682735080546,272.82353150834825,51.54435213955804,124.31284927775769
711.9510526986754,268.0884860362104,51.54435213955804,124.31284927775769
704.5102669567444,261.3241353617277,51.54435213955804,124.31284927775769
702.2880377362231,262.4902502452655,50.5773300410145,121.98061951068209
696.9780818264054,256.51654984672047,50.5773300410145,121.98061951068209
699.7886791237845,257.28230501898804,51.5935803335286,124.43157609851022
699.1115980170453,252.54273727181354,51.59358033352861,124.43157609851022
697.0803546968276,249.83441284485664,51.59358033352861,124.43157609851022
694.3720302698707,243.74068288420366,51.59358033352861,124.43157609851022
688.9553814159569,237.64695292355069,51.59358033352861,124.43157609851022
686.9241380957393,232.90738517637615,51.59358033352861,124.43157609851022
684.022705395676,225.94964049426716,50.62563466626288,122.097118900987
681.1757063905169,221.11556508182906,49.67584859964363,119.80645838737587
676.6123082251953,221.11556508182906,49.67584859964363,119.80645838737587
672.700824083491,218.5079089873596,49.67584859964363,119.80645838737587
668.7893399417868,219.159823010977,49.67584859964363,119.80645838737587
664.8778558000826,219.8117370345944,49.67584859964363,119.80645838737587
658.8246991427662,218.32792368913405,48.74388144192875,117.55877288935763
654.8041560327595,225.82751689175728,47.829398893084054,115.35325615390865
648.3483126149785,221.2604448401188,46.93207292486862,113.18911705409494
643.421060864336,215.10138015181582,46.93207292486863,113.18911705409495
635.4142767695422,205.86278311936138,46.93207292486863,113.18911705409495
629.2552120812393,202.16734430637962,46.93207292486863,113.18911705409495
622.480240924106,198.47190549339783,46.93207292486863,113.18911705409495
615.7052697669728,198.47190549339783,46.93207292486863,113.18911705409495
611.3939244851607,200.935531368719,46.93207292486863,113.18911705409495
607.0825792033486,202.16734430637962,46.93207292486863,113.18911705409495
602.7712339215365,200.935531368719,46.93207292486863,113.18911705409495
600.9235145150456,199.08781196222813,46.93207292486863,113.18911705409495
596.6121692332334,199.08781196222813,46.93207292486863,113.18911705409495
591.684917482591,198.47190549339783,46.93207292486863,113.18911705409495
586.1417592631184,194.16056021158576,46.93207292486863,113.18911705409495
581.214507512476,192.31284080509488,46.93207292486863,113.18911705409495
576.9031622306638,191.08102786743427,46.93207292486863,113.18911705409495
571.9759104800214,189.2333084609434,46.93207292486863,113.18911705409495
567.048658729379,189.8492149297737,46.93207292486863,113.18911705409495
564.7294362522484,191.17568634061092,47.87507906614801,115.46342598306288
562.2163087422144,191.8039682181194,47.87507906614802,115.46342598306288
562.0371183510159,194.7719168470397,46.976896093527934,113.29721999027326
562.6536130504061,196.6214009452101,46.976896093527934,113.29721999027328
563.8866024491863,197.23789564460023,46.976896093527934,113.29721999027329
566.969075946137,197.23789564460023,46.976896093527934,113.29721999027329
572.5175282406482,198.4708850433805,46.976896093527934,113.29721999027329
577.4494858357692,197.85439034399036,46.976896093527934,113.29721999027329
584.6715936229949,197.06768917824974,46.09556390565935,111.17165412541377
591.3258088849667,194.6479745375327,46.095563905659354,111.17165412541378
599.6222802373981,194.4809613097708,45.230766365457285,109.08596594022056
605.5580763483505,195.074540920866,45.23076636545729,109.08596594022058
613.8681909036839,196.85527975415175,45.23076636545729,109.08596594022058
622.7718850701125,200.41675742072317,45.23076636545729,109.08596594022058
631.6755792365411,202.79107586510412,45.23076636545729,109.08596594022058
639.9856937918745,206.9461331427708,45.23076636545729,109.08596594022058
647.1086491250173,208.72687197605654,45.23076636545729,109.08596594022058
655.2494706185464,211.53089013410272,44.38219326687547,107.0394072906997
658.8806892822389,211.6204056911419,45.2739646761868,109.19015010139174
664.2280079447806,211.0262591730817,45.27396467618681,109.19015010139174
668.387033571202,211.0262591730817,45.27396467618681,109.19015010139174
672.5460591976233,211.0262591730817,45.27396467618681,109.19015010139174
677.2992313421049,212.2145522092021,45.27396467618681,109.19015010139174
680.2699639324059,213.4028452453225,45.27396467618681,109.19015010139174
683.2406965227068,217.56187087174385,45.27396467618681,109.19015010139174
686.2114291130077,220.5326034620448,45.27396467618681,109.19015010139174
687.539023781069,223.5946502454725,46.18365444842543,111.38410778737901
688.1451084851166,227.231158469758,46.18365444842543,111.38410778737901
688.1451084851166,227.231158469758,46.18365444842543,111.38410778737901
687.6811244007005,227.93039214301479,47.111622617257645,113.62214866515082
685.8263361086824,232.25823149105685,47.111622617257645,113.62214866515083
683.1769521827927,232.08753688420677,46.22776282897701,111.49048682282695
680.7502979660485,226.6275648965323,46.22776282897702,111.49048682282695
679.072543638415,227.93412993741094,47.156617267499655,113.73066517455801
677.9799314380568,226.17268156475444,48.10413517825553,116.0158554299104
672.9296285322032,223.64753011182762,48.10413517825554,116.01585542991042
669.7731892160447,226.17268156475444,48.10413517825554,116.01585542991042
667.6992779069725,231.04869379697055,47.201654890546216,113.83928532425851
665.2215007473637,230.4292495070684,47.20165489054622,113.83928532425853
665.2215007473637,231.66813808687277,47.20165489054622,113.83928532425854
663.9826121675594,233.52647095657932,47.20165489054622,113.83928532425854
661.5048350079506,235.38480382628586,47.20165489054622,113.83928532425854
659.1722907123863,235.48000602608008,48.15007774226197,116.12665808427886
654.749055224252,232.9524428900033,48.15007774226197,116.12665808427886
652.3696431161568,233.04955798759798,49.11755725433724,118.45999102516627
647.8575315573594,231.11579589097053,49.11755725433724,118.45999102516629
643.9900073641045,231.760383256513,49.11755725433724,118.45999102516629
641.8724044369071,234.80535758454505,48.196064184391965,116.23756656235709
640.4270240775683,236.52821667607526,47.29185921925939,114.05683694056677
636.8487660452041,237.8648569587261,48.242094546551975,116.34858096521357
633.831708427825,240.49455106183484,49.211422952275846,118.68637300254761
631.3998482705886,243.82290280740608,50.20022807365592,121.0711382952878
624.8118918304763,243.16410716339487,50.20022807365592,121.07113829528781
624.1530961864651,244.48169845141734,50.20022807365592,121.07113829528781
621.3300204793334,246.27620015601082,49.25842304780721,118.79972617412328
618.0978404893198,246.27620015601082,49.25842304780721,118.79972617412328
614.3707857521563,245.0826787070025,50.2481725421068,121.18676907213994
611.8876929771803,243.20575099500866,51.25780907299536,123.62177482310645
605.833621039425,239.8423776962557,51.25780907299536,123.62177482310645
605.1609463796744,239.1697030365051,51.25780907299536,123.62177482310645
601.7975730809214,239.8423776962557,51.25780907299536,123.62177482310645
600.4522237614202,240.51505235600632,51.25780907299536,123.62177482310645
599.106874441919,246.56912429376166,51.25780907299536,123.62177482310645
596.4161758029167,248.58714827301344,51.25780907299536,123.62177482310645
595.5516496195983,251.09212986213208,50.29616280062963,121.30251028387146
590.9312672100916,251.09212986213208,50.29616280062963,121.30251028387147
590.2712125801621,251.09212986213208,50.29616280062963,121.30251028387147
588.2910486903736,251.09212986213208,50.29616280062963,121.30251028387147
585.8055844010086,248.5533549327061,51.306763599782684,123.7398416230053
583.7856330781825,247.20672071748874,51.30676359978269,123.7398416230053
580.5769112472426,245.29025129101453,52.33767040079312,126.22614626073636
575.0821427012276,243.2297130862589,52.33767040079313,126.22614626073637
574.3952966329757,243.2297130862589,52.33767040079314,126.22614626073637
572.3347584282201,243.9165591545108,52.33767040079314,126.22614626073637
571.1221019542867,245.39581244910983,53.38929121215627,128.76240821755334
570.9222725615269,248.70560695479014,52.38765626507331,126.34670040400032
568.8597664093587,248.70560695479014,52.38765626507332,126.34670040400033
568.172264358636,249.39310900551288,52.387656265073325,126.34670040400033
566.7972602571905,249.39310900551288,52.387656265073325,126.34670040400033
566.1097582064677,248.70560695479014,52.387656265073325,126.34670040400033
563.3597500035768,247.33060285334466,52.387656265073325,126.34670040400033
561.9847459021313,245.26809670117643,52.387656265073325,126.34670040400033
559.2347376992403,243.89309259973095,52.387656265073325,126.34670040400033
557.8597335977948,241.83058644756272,52.387656265073325,126.34670040400033
555.1097253949039,239.7680802953945,52.387656265073325,126.34670040400033
553.7347212934584,241.14308439683998,52.387656265073325,126.34670040400033
552.8511388434293,240.26577163926447,51.40481296224035,123.97631361481493
552.8511388434293,244.98799855180624,51.40481296224035,123.97631361481493
552.3347003900042,249.13930127426556,52.43768986909065,126.4673696842774
550.2702244109062,247.0748252951675,52.43768986909065,126.46736968427741
549.5820657512069,248.4511426145662,52.43768986909065,126.46736968427743
549.5820657512069,248.4511426145662,52.43768986909065,126.46736968427743
548.2057484318082,249.13930127426556,52.43768986909065,126.46736968427743
546.8294311124095,247.76298395486685,52.43768986909065,126.46736968427743
544.7649551333114,246.38666663546815,52.43768986909065,126.46736968427743
543.3886378139127,243.63403199667073,52.43768986909065,126.46736968427743
539.947844515416,242.25771467727202,52.43768986909065,126.46736968427743
537.1952098766186,240.19323869817396,52.43768986909065,126.46736968427743
536.6683946253488,240.29900158803954,53.49132037163028,129.00847854334364
536.1309940752352,239.70490374000252,54.56612147185745,131.60064590271506
534.6988124093072,238.9888129070385,54.56612147185745,131.6006459027151
535.9267599550321,242.37156336023642,53.54240804633548,129.13168999410328
535.2241036814581,243.07421963381037,53.54240804633549,129.13168999410328
534.5214474078841,243.07421963381037,53.54240804633549,129.13168999410328
533.8187911343101,243.07421963381037,53.54240804633549,129.13168999410328
533.1161348607361,243.07421963381037,53.54240804633549,129.13168999410328
533.1161348607361,240.96625081308852,53.54240804633549,129.13168999410328
532.4134785871621,239.56093826594062,53.54240804633549,129.13168999410328
531.7108223135881,238.15562571879272,53.54240804633549,129.13168999410328
531.7108223135881,237.45296944521877,53.54240804633549,129.13168999410328
530.3055097664402,236.04765689807087,53.54240804633549,129.13168999410328
529.6028534928662,234.64234435092297,53.54240804633549,129.13168999410328
528.9001972192922,234.64234435092297,53.54240804633549,129.13168999410328
528.9001972192922,235.34500062449692,53.54240804633549,129.13168999410328
528.9001972192922,237.45296944521877,53.54240804633549,129.13168999410328
530.1051072766547,240.0695999415037,52.53790047875844,126.70905409582923
528.8878114999312,242.24398622734873,53.593544513078136,129.25501911977673
527.4811567883019,241.54065887153405,53.59354451307814,129.25501911977673
526.2394018875366,240.24209832194722,54.67039960297943,131.8521402189504
525.5219425751616,238.80717969719709,54.67039960297943,131.8521402189504
525.5219425751616,238.80717969719709,54.67039960297943,131.8521402189504
525.5219425751616,238.80717969719709,54.67039960297943,131.8521402189504
524.9726964055502,238.91744579523754,55.76889194220209,134.50144527236978
524.4124142326528,236.83430180297006,56.889456287996765,137.2039828122275
522.9192526502908,236.08772101178903,56.889456287996765,137.2039828122275
521.4260910679287,236.08772101178903,56.889456287996765,137.2039828122275
521.4260910679287,236.83430180297006,56.889456287996765,137.2039828122275
521.6011319365124,236.94904357200915,58.032536133191485,139.9608224388736
522.1455053018366,238.2619440413202,56.94378940254329,137.33502150025151
521.5734195216039,239.124089220359,58.0879609630086,140.09449408725607
521.3560035997524,239.67593439564354,56.99817440873248,137.46618533870776
520.783371440555,240.5389029791552,58.14343872712715,140.22829340071843
520.0203341869181,238.24979121824472,58.14343872712715,140.22829340071843
520.783371440555,239.01282847188153,58.14343872712715,140.22829340071843
520.783371440555,239.01282847188153,58.14343872712715,140.22829340071843
520.0203341869181,238.24979121824472,58.14343872712715,140.22829340071843
520.5657478724197,237.2760889341319,57.052611356124196,137.59747444712306
519.9925688124304,235.8937159070989,58.1989694761028,140.3622205011891
519.228802808807,234.3661838998521,58.1989694761028,140.3622205011891
518.4650368051837,233.6024178962287,58.1989694761028,140.3622205011891
516.9375047979369,234.3661838998521,58.1989694761028,140.3622205011891
516.1737387943135,233.6024178962287,58.1989694761028,140.3622205011891
515.4099727906902,234.3661838998521,58.1989694761028,140.3622205011891
512.3549087761966,235.1299499034755,58.1989694761028,140.3622205011891
512.3549087761966,236.6574819107223,58.1989694761028,140.3622205011891
511.37331135983834,237.97414768874768,57.10710029432565,137.72888894513835
508.5512738415217,239.5882024529066,58.25455326053954,140.49627551071302
505.4932920430682,239.5882024529066,58.254553260539545,140.49627551071302
502.4353102446147,238.8237070032932,58.254553260539545,140.49627551071302
498.6128329965478,238.05921155367983,58.254553260539545,140.49627551071302
496.49858772798905,237.41221117137482,59.425061999203564,143.3192671745498
491.81944898789425,235.8524982580099,59.425061999203564,143.3192671745498
488.7000231611644,235.07264180132742,59.425061999203564,143.3192671745498
485.763439905742,233.6327847836583,60.61908976995356,146.19898120988802
483.37686156834224,233.6327847836583,60.61908976995356,146.19898120988802
478.6037048935427,232.83725867119173,60.61908976995356,146.19898120988802
475.4216004436764,232.04173255872516,60.61908976995356,146.19898120988802
471.44396988134355,232.04173255872516,60.61908976995356,146.19898120988802
467.6528557461034,231.3684706064666,61.83710914070124,149.1365573393383
463.5953026528815,229.74544936917783,61.837109140701244,149.1365573393383
461.1607707969484,230.5569599878222,61.837109140701244,149.1365573393383
458.72623894101525,229.74544936917783,61.837109140701244,149.1365573393383
455.6704605681001,229.87017018315692,63.079602174665354,152.13315818595765
453.3810987418427,229.1695807109465,64.3470606211609,155.1899697333881
450.003300284039,226.63623186759372,64.3470606211609,155.18996973338812
449.35683753950855,225.07711583666725,65.6399861102219,158.3082017952411
447.63400325840036,224.21569869611315,65.6399861102219,158.30820179524113
446.7725861178463,221.6314472744509,65.6399861102219,158.30820179524113
444.18833469618403,219.04719585278863,65.6399861102219,158.30820179524113
443.9426524953651,217.08653508640407,64.4085162307516,155.3381862035775
440.5616280213099,215.3960228493765,64.4085162307516,155.3381862035775
439.7163719027961,212.01499837532128,64.4085162307516,155.3381862035775
438.0258596657685,211.16974225680747,64.4085162307516,155.3381862035775
436.33534742874093,209.4792300197799,64.4085162307516,155.3381862035775
434.64483519171336,207.78871778275231,64.4085162307516,155.3381862035775
433.1524989148873,206.2281126950581,65.70267654737609,158.45939637896598
429.7035395160749,205.365872845355,65.70267654737609,158.45939637896598
427.11681996696564,203.64139314594883,65.70267654737609,158.45939637896598
425.39234026755946,202.77915329624574,65.70267654737609,158.45939637896598
423.6678605681533,201.91691344654265,65.70267654737609,158.45939637896598
420.2189011693409,200.19243374713648,65.70267654737609,158.45939637896598
418.4944214699347,198.4679540477303,65.70267654737609,158.45939637896598
415.90770192082545,196.74347434832413,65.70267654737609,158.45939637896598
412.45874252201304,194.15675479921487,65.70267654737609,158.45939637896598
411.35058582908044,193.91870117424497,64.4700305344289,155.4865442300934
407.1202688648791,189.68838421004364,64.4700305344289,155.4865442300934
403.736015293518,187.99625742436308,64.4700305344289,155.4865442300934
401.19782511499716,186.30413063868252,64.4700305344289,155.4865442300934
