328.0,261.0,39.0,77.0
335.09812240014116,261.7222973856209,38.268322128851544,75.55540522875818
340.30148265422685,261.5502465323165,37.55037124506535,74.13791245820595
344.54295019011437,260.94928720654997,36.84588981702885,72.74701322849285
350.40095974301335,261.63168951131195,36.15462514467258,71.38220861896895
355.73299352768737,262.3012892861863,35.4763292688258,70.04300906922018
358.9236538225714,262.14179097574936,34.810758882272566,68.72893420346122
364.4581044516283,261.5846766385626,34.15767524247658,67.439512658223
365.63738215533584,262.76395434227015,34.15767524247658,67.43951265822301
371.46109368423765,263.3965697147452,33.516844085943355,66.17428191327281
375.70398914999305,263.3965697147452,33.51684408594336,66.17428191327281
379.5611668461343,263.78228748435936,33.51684408594336,66.17428191327281
380.3815931808673,261.9603142522753,34.190298034162225,67.5039217597562
383.9228051516981,260.38644226523934,34.190298034162225,67.5039217597562
387.85748511928796,260.77991026199834,34.190298034162225,67.5039217597562
391.00522909335984,261.17337825875734,34.190298034162225,67.5039217597562
396.04756665035956,264.5608737971901,33.548854842378454,66.23748263751645
395.66148049529886,263.40261533200805,33.54885484237846,66.23748263751645
399.9574657858531,265.82584970317566,34.22295198272637,67.56839237615208
403.502059843422,267.7950686240473,34.22295198272637,67.56839237615208
403.1582389563275,269.08546169091187,34.91059375691529,68.92604408416611
407.1758118296249,270.2907335529011,34.91059375691529,68.92604408416611
407.6285971241055,271.60705448765816,35.61205231727299,70.31097508794926
410.9592888090365,272.94982425895734,36.32760528448396,71.72373351039143
411.43045253575633,273.0653807834556,37.0575358574651,73.16487848781571
415.32280076912855,271.47740047825494,37.80213292544914,74.6349803912714
417.8525712873765,271.30744556869166,37.09292820381418,73.23475568445365
420.84067513420104,271.3074455686916,37.09292820381418,73.23475568445366
420.8948930091192,271.42543655194333,37.83823641021342,74.7062616304214
426.03977432266817,272.9971157915327,37.128354352145806,73.30469961833919
426.9486033161644,274.39705846930883,37.87437437614347,74.77761094777048
431.79847840052423,275.38926519643195,38.63538418048332,76.28011748454404
431.3538555662243,274.944642362132,38.63538418048332,76.28011748454404
434.4662154063238,274.944642362132,38.63538418048332,76.28011748454404
435.35546107492365,275.8338880307319,38.63538418048332,76.28011748454404
439.357066583623,278.05700220223156,38.63538418048332,76.28011748454404
442.02480358942256,281.613984876631,38.63538418048332,76.28011748454404
445.13716342952205,281.613984876631,38.63538418048332,76.28011748454404
448.24952326962153,283.83709904813065,38.63538418048332,76.28011748454404
449.1952413853521,285.73848785362173,39.41168495482177,77.81281388516098
452.8813016606392,287.6780812643816,40.20358394061901,79.37630675455551
452.94006630907506,290.1193168800391,41.01139455273787,80.9712148861748
456.7757427707199,289.7778059515761,41.83543650348603,82.59816950688273
457.3183422626923,288.94798344162524,42.67603592915057,84.25781452678453
460.3274610525738,286.1369938309283,43.53352551907499,85.95080679407121
462.39505904405644,284.77249753934973,44.40824464732977,87.67781635498449
465.0152592155369,284.91375822444934,45.30053950702856,89.43952671900519
469.61081323568374,286.2740710310412,44.4506573965573,87.7615543470491
468.6526936791749,286.92701265621656,45.343804455626326,89.52494725854436
471.78364080694075,287.4488371775109,45.343804455626326,89.52494725854436
474.3927634134123,289.0143107413938,45.343804455626326,89.52494725854436
478.99270648522656,291.4195717773896,44.49311065270672,87.84537231431847
479.4100734657797,291.73156943449135,43.65837669160043,86.19730782700606
485.34632176195737,296.5595685970512,42.83930315017716,84.58016262983703
484.42293442554035,297.188840825147,43.70007326837367,86.27963183755836
487.00135067191155,299.3394815363529,44.578138840555106,88.01324848007042
487.5143637778901,299.8524946423314,44.578138840555106,88.01324848007042
489.11856192994253,299.99429575343345,45.47384738427838,89.78169868178048
490.7549932354642,299.0923039176269,46.38755339977069,91.58568235339351
495.4608203587376,302.0867667604475,45.517277853121215,89.86744601770096
496.41161540872565,298.21537908271137,44.66332952081238,88.18144546416812
495.8976219133317,299.7573595688932,44.66332952081238,88.18144546416812
497.43960239951355,301.29934005507516,44.66332952081238,88.18144546416812
499.49557638108945,303.869307532045,44.66332952081238,88.18144546416812
500.52356337187734,304.38330102743896,44.66332952081238,88.18144546416812
506.08246204199895,306.7524662865954,43.825402088448534,86.52707591821898
506.08246204199895,307.76116724320417,43.825402088448534,86.52707591821898
507.59551347691206,309.2742186781173,43.825402088448534,86.52707591821898
510.11726586843395,310.7872701130304,43.825402088448534,86.52707591821898
512.1346677816515,312.3003215479435,43.825402088448534,86.52707591821898
513.6477192165646,313.8133729828566,43.825402088448534,86.52707591821898
515.6651211297822,315.3264244177697,43.825402088448534,86.52707591821898
516.1694716080865,315.3264244177697,43.825402088448534,86.52707591821898
522.6327808977685,318.6598427926832,43.00319498838953,84.90374395143581
520.1583390298721,320.63939628700035,43.00319498838953,84.90374395143581
523.1276692713478,321.62917303415895,43.00319498838953,84.90374395143581
522.6327808977685,323.1138381548968,43.00319498838953,84.90374395143581
524.1803027936348,324.73529455918515,43.86725818529124,86.60971487865201
523.7395903842763,318.8168484019606,44.7486830040083,88.34996387970878
527.2492093078187,322.2204927513654,43.90915425741676,86.69243276464344
526.7438949947411,322.72580706444285,43.90915425741676,86.69243276464344
533.2195559377093,325.5602814276491,43.08537588533994,85.06599854285075
532.7237218118332,326.05611555352516,43.08537588533994,85.06599854285076
537.0945565637834,327.8457441734947,42.27705239545747,83.47007780641613
533.2640975835454,329.9263528139671,43.1265252092394,85.14724207978045
531.8382115888842,333.04138248299915,43.993066480268645,86.85810561488948
535.382171517337,334.05394246255713,43.99306648026865,86.8581056148895
535.2885678509886,335.3749936550065,43.16771383340774,85.22856320954872
532.8677566717814,336.0090899513567,44.0350827074624,86.94106073011818
529.320412032113,338.03614403116717,44.0350827074624,86.94106073011818
534.3880472316393,338.03614403116717,44.0350827074624,86.94106073011818
531.8542296318763,339.5564345910251,44.0350827074624,86.94106073011818
530.3983041335505,343.2438529039736,44.91987962430344,88.68796746336845
533.5656379984181,345.45452475500707,45.82245476559457,90.46997479360992
533.1052827066155,346.65494980810996,46.743165349199664,92.28778799713794
533.7115347238389,346.8036377739008,47.68237577056114,94.14212652136443
533.1627975102467,344.60868891953214,47.68237577056114,94.14212652136443
531.5165858694702,343.5112144923478,47.68237577056114,94.14212652136443
533.6100813460814,344.9430505613059,46.78780809889177,92.37592881063262
532.9720889615963,342.5789274009408,45.910023385417425,90.64286668402941
532.9720889615963,342.5789274009408,45.91002338541743,90.64286668402941
532.4437482927151,343.10726806982206,45.91002338541743,90.64286668402941
533.4027472715325,343.9575421689267,45.04870676554517,88.94231848582007
531.8474618168771,342.9206851991564,45.04870676554517,88.94231848582007
532.2700405587258,344.27343581538406,44.2035492818476,87.27367422313512
532.2700405587258,347.3256493939005,44.2035492818476,87.27367422313512
531.6672867868581,348.65302109497236,43.37424777323867,85.63633534716364
531.5749997757105,347.4596974407177,42.560504766228696,84.02971453845163
531.4844441585077,347.758143145622,41.76202836821952,82.45323549622837
530.5232345413107,349.1999575714176,41.76202836821952,82.45323549622837
528.6618578975138,349.8134055668003,42.60115280422215,84.1099683570541
526.763080612813,348.96839476970115,43.457137767517395,85.79998995125239
525.8263760508647,346.6060678885551,44.33032203668012,87.5239691493429
524.2015712496811,344.3661180962535,43.498642148087214,85.88193449750561
526.6119699012954,345.672322407004,42.682565381811294,84.27070601024289
523.72716695139,345.8080937817909,43.54018616802803,85.9639573061067
522.2876041449566,344.44338872166696,44.41503912870222,87.6912311002583
522.2876041449566,343.42111647037035,44.41503912870222,87.6912311002583
522.7042387767086,344.24370279459885,43.581769865198005,86.04605845180127
521.1995986299393,342.7390626478294,43.58176986519801,86.04605845180127
520.6980519143494,342.7390626478294,43.58176986519801,86.04605845180127
519.1934117675801,343.24060936341925,43.58176986519801,86.04605845180127
521.1068700758348,343.044669738249,42.7641335422275,84.43175083978257
520.5237439872739,344.3288177672427,41.961836870645826,82.84772920614694
518.1705574324207,342.530679575407,42.80497605888771,84.51238862908605
516.2626955352017,342.17423309812597,43.665056442838946,86.21049605381029
513.7501695739239,337.1491811755703,43.665056442838946,86.21049605381029
515.667284580712,335.9478567171032,42.84585758279603,84.59310343269992
513.6038109932396,333.7829148582519,42.042027688854745,83.00605466773892
517.3849752576359,332.62624359155404,41.253278424286904,81.44878047872037
517.2972010145937,330.54177255248106,40.47932686184134,79.92072226568682
515.4338280033884,330.541772552481,40.47932686184134,79.92072226568683
516.8313577617923,330.541772552481,40.47932686184134,79.92072226568683
520.0061330183925,331.2914677310452,39.719895382256865,78.4213319085585
522.6642428272778,328.82737283292903,38.9747115746792,76.95007157052054
520.8701313314112,326.13620558912925,38.9747115746792,76.95007157052054
522.6642428272778,324.34209409326274,38.9747115746792,76.95007157052054
523.1127707012445,323.89356621929613,38.9747115746792,76.95007157052054
522.2726833874428,323.1204873252629,39.757830454349225,78.496229358587
523.1877636765194,319.00262602441876,39.757830454349225,78.49622935858702
523.245876777398,319.12909394524416,40.55668454166846,80.0734540950891
524.6460772733853,316.7954264519319,40.55668454166846,80.0734540950891
525.6388250381247,316.9244354926905,41.371590004164204,81.68237000822174
525.2231853591479,314.6754788378497,42.20286936211788,83.32361386879694
526.7419065709996,313.8383681511168,43.05085161621091,84.99783524226268
526.3093961902373,309.5163796979889,43.91587237773544,86.70569674578547
525.3628037520001,306.1183327836609,44.79827400142128,88.44787431049855
528.87631207499,301.27700572479483,43.957814879562676,86.78850630067517
527.8645634587432,301.78288003291823,43.957814879562676,86.78850630067517
528.87631207499,301.27700572479483,43.957814879562676,86.78850630067517
529.8880606912368,299.7593828004247,43.957814879562676,86.78850630067517
532.8297778781539,299.56175251148863,43.133123586962256,85.16026964605382
531.8370106484116,298.56898528174634,43.133123586962256,85.16026964605382
531.3406270335404,296.08706720739053,43.133123586962256,85.16026964605382
531.3406270335404,295.5906835925194,43.133123586962256,85.16026964605382
531.7452366751056,295.3967610397137,42.323904303831696,83.56258029218066
533.6034683756179,293.745263733587,41.52986676024917,81.99486514203053
531.7524394139512,292.92150232093763,42.36432637306286,83.64238796732936
530.7773670928267,290.97135767868883,42.36432637306286,83.64238796732937
532.63737352494,287.855674604008,41.5695304722095,82.07317554769581
530.3061872019886,287.03112644586804,42.40478704798761,83.72227186397566
527.9281603522501,284.2380034849258,43.25682643414282,85.40450347253852
530.8229664321575,281.5544887299327,42.445286365476875,83.802232054916
531.7095916890951,282.34059435489974,41.648971576549215,82.2300208049819
531.2302879580506,278.5061645065439,41.648971576549215,82.2300208049819
532.1888954201395,278.98546823758835,41.648971576549215,82.2300208049819
533.5381904573394,276.8810033714123,40.86759642632737,80.6873057648003
533.5381904573394,277.82162642665185,40.86759642632737,80.6873057648003
534.3918598817818,275.7566433649165,40.10088063268199,79.1735335568338
534.3918598817818,275.29515533825327,40.10088063268199,79.1735335568338
534.853347908445,275.29515533825327,40.10088063268199,79.1735335568338
536.1524896921882,275.57635349728446,39.34854917184868,77.68816118544495
535.2468295658828,274.67069337097905,39.34854917184868,77.68816118544495
536.0687681250719,272.6824656637244,38.610332179775895,76.23065584212176
535.6808694228278,272.8052834426966,39.38612958426413,77.76235840995753
535.6808694228278,272.8052834426966,39.38612958426414,77.76235840995753
536.5035929865643,270.81515684923676,38.64720754716179,76.30346105465289
537.3108814573352,272.420438160751,37.92214840500949,74.87193403040345
536.0016370847819,269.3655346247933,37.922148405009494,74.87193403040345
536.4934818025332,269.486163321259,38.68411813291135,76.37633580087635
535.6031144560459,265.9246939353096,38.68411813291135,76.37633580087635
537.3015412860685,264.41522268171815,37.95836651232817,74.94344157562239
537.7938557473739,266.2832929673432,38.72106397066038,76.44928014720136
538.2960622831503,265.51524527434435,39.49908630902286,77.98537553319909
537.444672241395,266.55001508365683,40.292741450230054,79.55233568378766
542.4595976682793,267.29625461722094,39.536810494152114,78.05985661665943
541.9204789314327,263.02353128728805,38.7950615368608,76.59537790610992
541.0842639161447,263.5933971118285,39.57457070832095,78.13440883437738
541.1421091504926,264.17471325038144,40.36974255756324,79.70436351108653
540.7365345318881,263.83854549961364,41.180891794772364,81.30586328711479
542.218478646992,263.02170614409965,42.00833945360473,82.93954199814279
540.3461236642745,258.3209388343566,42.85241301824601,84.60604621551147
543.7070189924076,255.66251259042957,42.04846013797,83.01875463137677
542.3167769055038,255.79626690415316,42.89333984752223,84.68685046818503
543.7063855415495,250.1735568438872,42.08861914018678,83.09804291780479
544.1907488145134,249.2048302979592,42.08861914018678,83.09804291780479
545.5542870431602,248.53124046802498,41.29899577474909,81.53904293988934
545.0790108955405,248.53124046802498,41.29899577474909,81.53904293988936
547.3675201181866,246.44445939453385,40.52418651041479,80.00929131543447
545.5020820959022,246.91081890010497,40.52418651041479,80.00929131543447
547.8338796237578,247.3771784056761,40.52418651041479,80.00929131543447
546.9011606126155,247.8435379112472,40.52418651041479,80.00929131543447
547.4267533839809,247.0397245660467,41.33843898996856,81.6169180058355
548.7659881468907,247.8053308842032,40.56288973261521,80.08570536952249
548.6796828378856,243.8885245934119,39.80189053243087,78.58321976915852
551.4861435146172,246.7634158416761,40.60162991889901,80.16219240398023
549.0635020883896,243.31011948526293,39.83990391520112,78.6582718325767
552.331127777237,244.81230245950417,40.640407104569256,80.23875248850868
550.9280367990659,238.73224155409616,40.64040710456926,80.23875248850868
555.5185364842571,250.24195084320777,39.87795360321342,78.73339557557534
552.3060786833926,248.4062606712852,39.87795360321343,78.73339557557534
553.5979983359969,246.3912828911324,39.12980446992737,77.25628062011313
553.0644294796522,240.81160636730758,38.395691340875786,75.80687777557539
553.5062938863613,239.0441487404714,38.395691340875786,75.8068777755754
552.9827352998864,237.10406762007918,37.6753508869895,74.38466713585119
552.9827352998864,233.63547080916314,37.6753508869895,74.3846671358512
552.5491606985219,231.46759780234058,37.6753508869895,74.3846671358512
553.0378044885647,232.02101604805378,38.43236171236178,75.87927825261187
554.2828915330563,235.828805430351,37.71133328669747,74.45570930963359
556.8065856150979,234.7912813612359,37.003832054456936,73.05884790238946
558.0053928138949,232.49568231953077,36.30960423235591,71.68819297157461
557.2227510276609,229.26832280496018,37.03917311019664,73.12862383295246
558.0752577376472,225.85829596501475,37.03917311019664,73.12862383295246
559.7014632299391,225.69177125254265,36.34428225557183,71.75665983792398
561.0093561108106,220.78830368810077,37.074547918933035,73.19846640404738
563.0637751891989,223.18158266103677,36.37899339854543,71.82519209456417
565.6288848627935,224.13461442910057,37.10995651290241,73.26837567932026
566.4830207486144,219.43686705708564,37.109956512902414,73.26837567932026
571.101809587716,220.97829588059304,36.413737692908256,71.89378980394717
574.7958339959077,222.07175026896425,35.730580614044015,70.54499249439469
575.2592543999817,217.6622754319108,36.448515170322004,71.96245302858456
580.292725907452,215.98445159608738,36.448515170322004,71.96245302858456
582.4432816535285,216.1003927296474,37.18087518563929,73.40839459728791
585.4928166912892,217.50231573102153,37.92795051074434,74.88338946993122
588.1671444740537,214.13111038365136,38.690036820356724,76.38802141455055
590.4499557384115,210.6921674072365,39.46743573018816,77.92288592883311
597.717127429494,212.5089603300071,39.46743573018816,77.92288592883311
599.5916089898939,208.5467204416745,40.26045491631483,79.48859047580116
604.2837011227386,207.74813831745936,41.06940823694835,81.08575472423144
609.0700714628088,204.0977062008464,41.89461585665335,82.71501079390542
616.6950230335118,206.32000510910487,41.10863218120262,81.16319687057961
618.6474522088887,202.19300118372524,41.93462792761953,82.79400898530017
626.279686102084,201.03928472736123,41.147893586863546,81.2407129791922
629.1810544475844,196.9083392459949,41.9746782127044,82.8730826250831
636.4268347568641,194.97613116352034,41.9746782127044,82.8730826250831
641.2573549630505,194.49307914290168,41.9746782127044,82.8730826250831
647.447722071972,192.855208791996,41.18719248970919,81.31830312070795
653.1355960196726,191.43324030507085,41.18719248970919,81.31830312070795
660.1578048217265,192.67003496626086,40.41448076356939,79.79269278961142
665.7389687309293,190.34455000409304,40.41448076356939,79.79269278961144
671.7852296325657,192.20493797382727,40.41448076356939,79.79269278961144
676.4361995569013,190.34455000409304,40.41448076356939,79.79269278961144
682.8615679104436,190.6279472115762,39.656265859757625,78.29570438977795
686.5125384802093,190.6279472115762,39.656265859757625,78.29570438977795
691.9889943348578,190.6279472115762,39.656265859757625,78.29570438977795
695.6399649046235,190.1715758903555,39.656265859757625,78.29570438977795
699.7473067956099,190.6279472115762,39.656265859757625,78.29570438977795
702.0291634017135,188.34609060547265,39.656265859757625,78.29570438977795
705.2237626502584,189.25883324791408,39.656265859757625,78.29570438977795
707.9619905775827,187.88971928425195,39.656265859757625,78.29570438977795
710.7581831511676,185.73400752643792,40.45307920967774,79.86889997808176
714.0169714824136,186.66508990679392,40.45307920967774,79.86889997808177
714.9480538627696,186.19954871661594,40.45307920967774,79.86889997808177
716.4038067632015,183.06943986209615,41.2659029302378,81.47370578534137
717.8888101066618,182.72580958623595,42.09505871781507,83.11075695568623
718.8576848681863,184.17912172852272,42.09505871781508,83.11075695568624
719.3421222489486,182.72580958623593,42.09505871781508,83.11075695568624
720.3109970104731,181.75693482471144,42.09505871781508,83.11075695568624
721.2798717719976,180.30362268242465,42.09505871781508,83.11075695568624
722.2487465335221,181.2724974439492,42.09505871781508,83.11075695568624
722.7331839142844,180.78806006318695,42.09505871781508,83.11075695568624
722.1591812418435,183.02099145827975,41.305314539647895,81.5515184500741
722.2195562644048,180.300288667836,42.13526222469304,83.19013311029144
723.6742564138945,179.81538861800612,42.13526222469304,83.19013311029144
723.1893563640646,180.300288667836,42.13526222469304,83.19013311029144
723.7358445517839,177.52491879622386,42.9818860485738,84.86167245487653
723.7358445517839,176.04098935663046,42.9818860485738,84.86167245487653
725.7772427662526,171.7259245385946,43.84552108494779,86.56679803951236
725.2726607549782,174.7534166062409,43.84552108494779,86.56679803951238
725.7772427662526,175.25799861751528,43.84552108494779,86.56679803951238
726.2818247775269,171.22134252732022,43.84552108494779,86.56679803951238
726.8504947724958,172.3699772359138,44.72650914010765,88.3061847125203
727.3652153501228,168.25221261489844,44.72650914010765,88.3061847125203
727.8799359277497,170.3110949254061,44.72650914010765,88.3061847125203
729.4240976606304,171.85525665828686,44.72650914010765,88.3061847125203
729.4240976606304,169.7963743477792,44.72650914010765,88.3061847125203
729.9388182382573,170.3110949254061,44.72650914010765,88.3061847125203
731.997700548765,171.34053608065994,44.72650914010765,88.3061847125203
729.4240976606304,172.36997723591378,44.72650914010765,88.3061847125203
730.4535388158843,171.85525665828686,44.72650914010765,88.3061847125203
731.548355674689,173.02697088408019,45.62519888825983,90.08052088194898
733.6486071074617,174.07709660046655,45.62519888825983,90.08052088194898
734.7654221214103,171.59691407284652,46.54194600952164,91.89050878802999
734.7654221214103,169.4544622880351,46.54194600952164,91.89050878803
737.9790997986274,168.91884934183224,46.54194600952164,91.89050878803
733.6941962290047,163.56271987980372,46.54194600952164,91.89050878803
737.9790997986275,167.3120105032237,46.54194600952164,91.89050878803
734.7654221214104,164.09833282600658,46.54194600952164,91.89050878803
736.9078739062219,167.84762344942655,46.54194600952164,91.89050878803
734.7654221214104,163.56271987980372,46.54194600952164,91.89050878803
736.372260960019,166.77639755702083,46.54194600952164,91.89050878803
735.7376211185795,166.03153630621708,45.668773907589504,90.1665536124204
736.855502763184,169.8557569703516,46.5863965817147,91.97827017415477
737.9277517456825,168.24738349660373,46.5863965817147,91.97827017415477
738.4638762369318,168.78350798785303,46.5863965817147,91.97827017415477
733.7068500736793,168.39557278779768,47.5224570482311,93.82638955676407
735.417003071552,169.09363648707154,48.47732577770121,95.71164320212813
736.4296295632951,167.75991561546186,47.56784407195765,93.91599983437803
737.9706773612851,166.45121664252,46.67542512617069,92.15404447987555
738.4085155111732,166.24136822809874,45.79974882639465,90.42514511877926
734.719014242905,164.13308178908844,45.799748826394655,90.42514511877926
736.2027813434414,164.98131355420125,44.94050106433233,88.72868158855364
737.1415282978139,166.3308149022588,44.09737362466321,87.0640453615146
737.5551830729029,167.65499829458665,43.270064074485475,85.4306393265483
736.5592639724605,164.66724099325936,43.270064074485475,85.4306393265483
735.9692390818446,165.96658141929214,42.45827565483222,83.82787757492521
736.4578564273576,166.94381611031793,42.45827565483222,83.82787757492522
733.5261523542802,162.54626000070175,42.45827565483222,83.82787757492522
734.5654473244526,164.6357873017227,43.311389787564764,85.5122311190382
734.0670121906163,167.1279629709042,43.311389787564764,85.5122311190382
734.5654473244526,164.6357873017227,43.311389787564764,85.5122311190382
734.4732940556964,167.93010921734438,42.4988260574046,83.90793862615789
735.3610376851831,171.1626264548609,41.70150681186639,82.33374421830038
732.961496106063,167.80326824409275,41.701506811866395,82.33374421830038
734.4012210535351,169.24299319156484,41.701506811866395,82.33374421830038
734.3124931188366,170.01532368763313,40.919146049615385,80.78908322616378
733.3706835792332,170.95713322723662,40.91914604961539,80.78908322616378
733.3706835792332,171.89894276684012,40.91914604961539,80.78908322616378
733.3706835792332,167.1898950688226,40.91914604961539,80.78908322616378
734.2254298063528,169.36045020421446,40.151463134979615,79.27340157419057
732.3771492501696,173.51908145562663,40.151463134979615,79.27340157419057
732.8392193892154,169.36045020421446,40.151463134979615,79.27340157419057
733.3599779929214,171.79852094861997,40.958226483750764,80.86624203202078
731.4745599355228,172.74122997731922,40.958226483750764,80.86624203202078
731.3874134719379,175.38521264776608,40.18981038222135,79.34911280592425
730.9249020259887,176.77274698561382,40.18981038222135,79.34911280592425
730.4623905800395,176.77274698561382,40.18981038222135,79.34911280592425
729.537367688141,178.6227927694108,40.18981038222135,79.34911280592425
728.6123447962425,178.6227927694108,40.18981038222135,79.34911280592425
726.7622990124455,176.31023553966457,40.18981038222135,79.34911280592425
726.7622990124455,177.69776987751231,40.18981038222135,79.34911280592425
727.1392989470907,178.904614527761,39.435810512931,77.86044639732535
727.055391714775,180.9964861646567,38.695956413363945,76.39970881612885
726.9730586636163,183.0491122583216,37.969982695143855,74.96637609041225
726.018339707803,184.18929854061224,37.25762894883805,73.55993407847514
725.1608049409612,184.61806592403315,37.25762894883805,73.55993407847514
725.9390669735274,185.73686120448428,36.55863965054766,72.17987828441463
725.0198348908225,184.73105034430642,35.87276407025032,70.8257136771609
724.943508721549,186.22109015336792,35.19975618186233,69.49695451290769
724.8686145053281,186.46792030972665,34.53937457498823,68.19312416087422
724.4711292739987,184.8779793844092,34.53937457498823,68.19312416087422
724.7951253773298,185.12017876734893,33.89138236832601,66.91375493233599
725.1851533997393,183.17003865530114,33.89138236832602,66.91375493233599
725.5751814221488,182.38998261048198,33.89138236832602,66.91375493233599
722.8945235147281,184.8379577508308,34.572361914252795,68.25825301019142
721.7514625698288,186.9372552002108,35.26702438219588,69.6297660879252
719.7221667998054,190.99584674025758,35.26702438219588,69.6297660879252
719.7737157933544,187.4552972172225,35.975644703107335,71.02883697792988
720.6017439573266,191.18142395509733,35.975644703107335,71.0288369779299
718.9456876293822,191.18142395509733,35.975644703107335,71.0288369779299
720.5251988898219,190.19165260446272,35.30070667414419,69.69626702331034
718.54556323711,186.24147485159259,36.01000377334777,71.09667411660972
719.4270172109308,187.18484008405306,36.73355277916565,72.52521958963476
719.0042809887599,190.56672986142024,36.73355277916565,72.52521958963476
719.4270172109308,189.29852119490755,36.73355277916565,72.52521958963476
719.3488595489802,190.82431541199188,36.04439565872515,71.16457604414967
719.763664829123,191.6539259722775,36.04439565872515,71.16457604414967
718.9867395279947,190.52416577890713,36.76863570069592,72.59448587060477
720.6010670709629,191.6282772656326,36.07882039058006,71.23254282242732
719.408198309818,192.98864675439427,36.80375212868799,72.66381830535835
720.1769794627213,194.51735682778548,36.11327800028302,71.3005745133793
720.5157395443551,195.60178882542598,35.43575783701534,69.9629064987226
719.7001376074644,195.1939878569806,35.43575783701534,69.9629064987226
719.6247412525668,197.0736767941929,34.77094860991996,68.65033443497019
719.9509096327811,199.3182511679417,34.11861184949128,67.36238749771357
717.9876945354451,200.49618022634326,34.11861184949129,67.36238749771357
717.595051515978,202.06675230421206,34.11861184949129,67.36238749771357
717.595051515978,203.24468136261362,34.11861184949129,67.36238749771357
716.8097654770436,204.42261042101524,34.11861184949129,67.36238749771357
717.2024084965108,200.4961802263433,34.11861184949129,67.36238749771357
716.4171224575764,201.67410928474487,34.11861184949129,67.36238749771357
716.4171224575764,202.06675230421206,34.11861184949129,67.36238749771357
715.2391933991748,203.24468136261368,34.11861184949129,67.36238749771357
715.1665995243817,204.66185930257117,33.47851356014318,66.0986036956673
714.7813228692377,204.66185930257117,33.478513560143185,66.0986036956673
714.3960462140936,204.66185930257117,33.478513560143185,66.0986036956673
714.7100909260283,204.12606633249732,32.85042413627394,64.85852970495111
713.623962158006,205.74275605962828,33.510487708444096,66.1617321423127
713.2383175387083,206.89968991752127,33.510487708444096,66.1617321423127
714.0585882818384,203.53548374046989,34.18381393796986,67.4911198262482
715.9528225602927,198.66107594037285,33.542492394127066,66.22492088071243
712.9137473662886,206.87404477500615,34.21646169380226,67.5555782159686
713.7012855518516,203.72389203275424,34.21646169380226,67.5555782159686
713.7512989622263,203.8327331017705,34.903973058615826,68.91297244906205
713.400636196893,204.74712330471198,35.6052985892826,70.29764080448106
712.2234234178,205.27013427659332,36.32071585383706,71.7101313011655
711.8054381959811,205.68811949841216,36.32071585383706,71.7101313011655
713.8953643050753,204.8521490547745,36.32071585383706,71.7101313011655
711.8585273459744,207.47559499520804,37.050507997488204,73.15100296939983
712.7654508140201,205.88791584611425,37.79496385468173,74.62082607206398
711.5158414525506,206.0081399740848,38.55437806341386,76.12018233032997
711.5721954949142,206.1307797654586,39.32905118184203,77.6496651538933
711.1770761822158,206.70848943499578,40.119289807238786,79.20987987583047
710.7740177371675,208.22120679032275,40.92540669733564,80.80144399217554
711.1579179224007,209.921117203182,40.15760632686919,79.28553044022897
710.6957770864161,212.6939622190894,40.15760632686919,79.28553044022897
711.9967566033553,213.43769898992764,39.40421063692916,77.79805689855249
712.8198578560965,214.16748253673558,38.664949381721115,76.3384898049366
711.4849686285023,214.16748253673558,38.664949381721115,76.3384898049366
712.2926277024654,216.66342693900438,37.93955738552418,74.90630560731701
711.8560125659876,216.66342693900435,37.93955738552418,74.90630560731702
712.2926277024654,217.10004207548224,37.93955738552418,74.90630560731702
711.4193974295097,217.97327234843794,37.93955738552418,74.90630560731702
711.4193974295097,219.2831177578716,37.93955738552418,74.90630560731702
710.9827822930318,221.46619344026095,37.93955738552418,74.90630560731702
712.211904034964,223.91531150184366,37.227774447571484,73.50099057597453
711.7834802224238,224.77215912692404,37.227774447571484,73.50099057597453
710.9266325973434,223.91531150184366,37.227774447571484,73.50099057597453
710.9810475738961,224.0337314251025,37.97579211954654,74.97784597961758
711.4735880427781,226.3396914209072,38.73883971060459,76.48437583888604
710.9453503303614,225.71971174503324,38.012061460086215,75.04945467760618
710.070451277979,227.46950984979793,38.012061460086215,75.04945467760618
710.5634621549027,230.2151217129088,38.775837811003726,76.55742337044332
710.1172229553817,229.32264331386693,38.775837811003726,76.55742337044332
710.1172229553817,233.3387961095554,38.775837811003726,76.55742337044332
709.6709837558608,236.01623130668105,38.775837811003726,76.55742337044332
708.7785053568189,233.78503530907636,38.775837811003726,76.55742337044332
710.1172229553815,237.80118810476483,38.775837811003726,76.55742337044332
710.1739007003343,234.354618753748,39.55496072014023,78.09569167822563
712.052539206244,227.19715361470594,40.349738545890006,79.66486841111623
714.897629050737,221.28892931125122,41.16048584249258,81.26557461210079
714.0104280788983,222.36722331919933,41.98752348452578,82.89844380278174
713.1054005779324,221.53438410353468,42.83117879390036,84.56412223411104
715.077035701092,223.50601922669424,42.83117879390036,84.56412223411104
716.0628532626718,224.49183678827401,42.83117879390036,84.56412223411104
715.5699444818819,224.9847455690639,42.83117879390036,84.56412223411104
715.5699444818819,228.43510703459313,42.83117879390036,84.56412223411104
715.6325498249188,229.0642599229378,43.6917856694062,86.26326914216104
714.6907875032689,227.19199039565643,44.56968471886158,87.99655700903449
714.7559339801916,226.30793298566516,45.46522339391767,89.76467182901703
712.2062802857221,225.92933404204558,46.378756127571656,91.56831338007748
714.2425403208998,228.38949406502667,45.50864562629127,89.85040290319057
715.7168765978565,230.8034990970257,44.654859242940134,88.16472209503576
713.7265635006579,230.9455442523742,45.552109329708536,89.93621585609131
715.2023078642275,234.41029827674714,44.69750752507564,88.24892511361098
713.1447605765801,233.8959114548353,44.69750752507565,88.24892511361098
714.6879210423156,234.41029827674714,44.69750752507565,88.24892511361098
715.2023078642274,235.43907192057083,44.69750752507565,88.24892511361098
715.7166946861391,237.49661920821814,44.69750752507565,88.24892511361098
715.2676411767885,238.15318684779976,45.595614543776996,90.02211076591877
715.2676411767885,241.3015212257468,45.595614543776996,90.02211076591877
715.3342872315989,241.44655888258603,46.511767226805105,91.83092503753838
714.799021588165,242.51709016945375,46.511767226805105,91.83092503753838
714.331741118721,242.66504206793184,47.4463281656933,93.67608381431764
713.7857203827136,244.30310427595396,47.44632816569331,93.67608381431764
713.7857203827136,248.67127016401292,47.44632816569331,93.67608381431764
716.4148729214365,255.0102046725839,46.5561889763065,91.91862951732317
714.8075423510855,248.04510553439633,46.5561889763065,91.91862951732318
718.5579803485712,248.58088239118,46.5561889763065,91.91862951732318
720.1653109189222,247.5093286776127,46.5561889763065,91.91862951732318
717.0186998824535,253.01519044757086,47.491642481407425,93.76555054021476
720.9139128656001,251.5266326229016,48.445892053786345,95.6495817472193
715.4094861649295,244.99045015970893,49.41931536282308,97.57146879326618
719.3905697162653,249.54025993266418,49.41931536282308,97.57146879326618
717.1878998996144,244.5789246200968,50.41229766640828,99.53197231572928
717.6607917282844,247.83319739629405,49.46651400906828,97.664655864058
714.88674882734,240.59004611928705,50.460444675052486,99.62703179433453
717.7902874367464,243.49358472869343,50.460444675052486,99.62703179433453
714.9605056917934,237.8470199787214,51.47434638990832,101.6288377441781
720.1823671102401,240.57747546677294,50.508637667207644,99.72218206089728
720.8374567526336,241.31940357077372,51.52350772385485,101.7258998650469
722.0233400315593,243.0982284891624,51.52350772385485,101.7258998650469
723.692538829017,246.4242333784745,50.55687668679097,99.81742320212591
723.5849694005677,239.7969420513603,49.6083805866344,97.9447514146373
721.872263347607,240.93874608666744,49.608380586634404,97.9447514146373
723.0140673829142,240.93874608666744,49.608380586634404,97.9447514146373
723.5849694005677,242.08055012197457,49.608380586634404,97.9447514146373
723.5849694005677,242.65145213962813,49.608380586634404,97.9447514146373
723.5849694005677,244.3641581925889,49.608380586634404,97.9447514146373
724.7267734358749,244.93506021024245,49.608380586634404,97.9447514146373
725.3701868756184,245.66376431811602,50.60516177776165,99.91275530481161
726.534933179407,247.4108837737989,50.60516177776165,99.91275530481163
728.8644257869842,247.4108837737989,50.60516177776165,99.91275530481163
726.534933179407,247.99325692569317,50.60516177776165,99.91275530481163
728.8644257869842,251.48749583705893,50.60516177776165,99.91275530481163
729.9214999265538,251.84235284031854,49.655759802410984,98.0382949945039
730.4929471926022,252.98524737241524,49.655759802410984,98.0382949945039
731.5301895948363,255.61923597790133,48.72416953003952,96.19900137982177
733.669425043246,258.2038083994005,47.81005679580322,94.3942146994065
733.0174934102647,261.2900983219227,46.913093704115006,92.62328756966312
735.7169143078364,259.1305616038653,46.913093704115006,92.62328756966313
734.0972617692934,262.90975086046575,46.913093704115006,92.62328756966313
733.0174934102647,262.90975086046575,46.913093704115006,92.62328756966313
734.1658335529094,264.6786318994688,47.85571849591179,94.48436728680038
738.4698679340038,263.36201285004853,46.95789874638952,92.71174880697436
737.9294681301386,266.60441167323955,46.95789874638952,92.71174880697436
740.6314671494645,270.38721030029575,46.95789874638952,92.71174880697436
740.1597046197088,267.83458230431097,47.90142380590072,94.57460597575289
741.3322371368155,270.191986868121,48.863907114432685,96.47489353362369
741.8945716220815,267.3803144417908,48.86390711443269,96.4748935336237
743.0906638350544,266.9734139091713,49.84572960008299,98.41336356939479
745.3851977233684,268.1206808533282,49.84572960008299,98.4133635693948
745.9588311954468,265.8261469650143,49.84572960008299,98.4133635693948
748.2533650837607,269.2679477974852,49.84572960008299,98.4133635693948
749.8682091730411,271.33837987432184,48.91057530983606,96.56703330403548
750.8898856679915,268.3041246748801,47.992965422160495,94.75534198734269
751.9945087364604,272.72261694875556,47.992965422160495,94.75534198734269
753.0991318049292,275.4841746199277,47.992965422160495,94.75534198734269
754.6539521909647,272.5068449944565,47.09257078702747,92.97763975900313
753.4698544691054,269.0434233303829,46.20906842958234,91.23328895071401
751.8745080726874,270.63876972680094,46.20906842958234,91.23328895071401
755.0652008655235,272.76589825535837,46.20906842958234,91.23328895071401
752.9380723369661,272.76589825535837,46.20906842958234,91.23328895071401
751.8745080726874,274.3612446517764,46.20906842958234,91.23328895071401
753.4698544691054,274.3612446517764,46.20906842958234,91.23328895071401
752.4062902048266,275.95659104819447,46.20906842958234,91.23328895071401
755.5969829976627,279.6790659731699,46.20906842958234,91.23328895071401
751.8745080726873,281.8061945017273,46.20906842958234,91.23328895071401
755.132743591685,282.484965660702,47.13754724153794,93.06643942560072
757.3026125137667,281.40003119966116,47.13754724153794,93.06643942560072
757.3026125137667,287.3671707353858,47.13754724153794,93.06643942560072
757.9139796064454,291.3143838263803,48.08468197826216,94.93642339297932
757.2583032206725,296.0785027441379,47.18256665147484,93.15532390163
753.4574059677069,280.3319284104234,47.18256665147484,93.15532390163
757.700898604299,280.11979993439195,46.29737588422173,91.4076395662841
762.3975775883091,279.9116511945592,45.42879215533129,89.69274348616707
764.392129439977,279.7074075272097,44.576503900637476,88.0100205217716
769.4272273068927,280.532984250993,43.74020540122057,86.35886707420488
771.3476417299097,277.8194822154402,42.91959667374464,84.73869086867548
771.3476417299096,283.7465979281075,42.91959667374465,84.73869086867548
771.3476417299096,286.7101557844412,42.91959667374465,84.73869086867548
768.9407447643711,286.352754836018,43.781980129710206,86.44134538429978
773.3822471611331,282.12510891814196,42.96058766776225,84.819621805582
774.7740344140011,286.875942480924,42.15460532601776,83.22832333598392
771.863298492035,290.75692371021205,42.15460532601776,83.22832333598393
774.2889117603399,291.72716901753415,42.15460532601776,83.22832333598393
771.924914903288,292.8315062817833,43.00161781083344,84.90063003677386
773.4095255727111,293.82124672806526,43.00161781083344,84.90063003677386
774.8026420725288,295.1125260825457,42.1948657037624,83.30781177409516
775.1984503995996,296.8651657596413,41.40324904962076,81.74487632873858
775.1984503995996,298.2945934978777,41.40324904962076,81.74487632873858
775.6749263123451,300.20049714885965,41.40324904962076,81.74487632873858
776.0633088908484,304.30263516743065,40.6264838926142,80.21126307003331
776.5308456527864,308.0429292629348,40.6264838926142,80.21126307003331
776.444405035038,309.73042337918537,39.86429160423484,78.70642188528431
775.5268743984778,311.5654846523058,39.86429160423484,78.70642188528431
774.6676124745958,313.5273524945159,40.66528481543874,80.28787002022534
774.1996291847755,316.3352522334378,40.66528481543874,80.28787002022534
774.2590686906975,318.8045231760218,41.48237238323535,81.90109419254173
774.7970889926746,320.8460227015924,42.315877691531696,83.54673287815248
777.6289254937774,319.681817201964,41.5219907349902,81.97931504087823
774.7618710154073,324.46024133258067,41.5219907349902,81.97931504087823
774.3447203354882,326.98153303545416,42.356292094828355,83.6265254179946
772.8823892334863,329.41875153879073,42.356292094828355,83.6265254179946
769.9577270294824,330.39363894012536,42.356292094828355,83.6265254179946
769.8676059138111,332.6404274535296,41.561646924836396,82.05761059518997
766.0412156457462,335.03192137107015,41.561646924836396,82.05761059518997
766.9093828567336,337.71485673371564,40.781910069877725,80.51813013796388
766.9689928310917,336.4366059054096,41.60134098891178,82.135980926826
766.9689928310917,334.04282795632014,41.60134098891178,82.135980926826
766.4902372412738,335.9578503155917,41.60134098891178,82.135980926826
764.5752148820022,340.7454062137705,41.60134098891178,82.135980926826
763.1997558301214,340.398982671207,42.43723673340199,83.78633919158872
763.1997558301214,340.88735789709114,42.43723673340199,83.78633919158872
761.246254926585,341.37573312297525,42.43723673340199,83.78633919158872
760.6675863598234,345.5803162463565,41.64107296338869,82.2144261072035
758.2715221977871,347.0179547435783,41.64107296338869,82.2144261072035
755.4571109962242,346.67120034409953,42.47776704244206,83.86636057097553
756.344414731057,345.99138255813693,41.68084288447401,82.29294620780783
755.7760602511248,346.28365983736535,40.8988697975667,80.74905062596518
755.8358411828107,346.41375735446576,41.72065078840921,82.3715413001927
755.4166946646649,345.1060830367015,42.55894382470072,84.02663267953747
751.5606952672167,342.3028060610218,43.414080682970436,85.71497980996742
752.4675573415777,344.60570494509136,42.599590371893946,84.10688355476512
749.9257004609199,348.33613007066447,41.80038068996821,82.52895674686046
750.4067466348201,351.70345328796657,41.80038068996821,82.52895674686046
748.5436605885175,347.9880490806074,42.64027573917174,84.18721107477512
747.0715250845001,345.04377807257254,42.64027573917174,84.18721107477512
744.1272540764652,347.497337245935,42.64027573917174,84.18721107477512
743.5458168965821,351.2313251690611,41.84030276024814,82.60777724459263
740.6567832717074,346.89777473174894,41.84030276024814,82.60777724459263
738.2492552509783,348.8237971483321,41.84030276024814,82.60777724459263
738.160232001343,353.9322486445498,41.05533805122698,81.05797512678161
735.8578811818371,353.5903717888821,41.88026295869029,82.68667302100404
733.5092692273149,354.2055565479074,42.72176308231926,84.34809634201508
731.1134666127905,354.83310221429576,43.5801714679323,86.0429026418152
726.663411852527,351.9625589090993,44.455827853237466,87.7717626845972
729.2214395000483,354.5205865566205,44.455827853237466,87.7717626845972
725.1935753189911,355.17360413132246,45.34907880229257,89.53536071221882
727.8030014160339,353.08606325368817,45.34907880229257,89.53536071221882
725.7154605383996,354.1298336925053,45.34907880229257,89.53536071221882
723.1060344413568,354.1298336925053,45.34907880229257,89.53536071221882
719.9747231249053,355.69548935073107,45.34907880229257,89.53536071221882
715.2777561502281,355.17360413132246,45.34907880229257,89.53536071221882
709.5370187367338,354.1298336925053,45.34907880229257,89.53536071221882
709.0151335173252,357.78303022836536,45.34907880229257,89.53536071221882
709.0151335173252,358.30491544777396,45.34907880229257,89.53536071221882
708.3967594559003,359.1448006031384,44.49828604750782,87.85559040148996
705.2295159627773,361.505211135153,43.66345499096947,86.20733421293988
703.1266665580816,363.318851311034,42.84428617571872,84.59000091103456
700.5702090273426,365.59152545892914,42.040485762900126,83.00301035239272
695.3097558316738,366.69287309760455,42.88520524333408,84.67078983940335
689.4500738232191,360.9069227402307,43.74689767228839,86.37208001964649
691.9673090012127,361.9138168114282,43.74689767228839,86.37208001964649
687.939732716423,362.9207108826256,43.74689767228839,86.37208001964649
683.9121564316333,361.4103697758295,43.74689767228839,86.37208001964649
684.825970607722,359.1998996088454,42.92616339130866,84.7516559264301
679.4546941038503,362.7944590206052,43.78867879233023,86.45457094895987
676.935054803262,362.2905311604875,43.78867879233023,86.45457094895988
672.399704062203,362.79445902060513,43.78867879233023,86.45457094895988
669.3761369014969,362.79445902060513,43.78867879233023,86.45457094895988
666.8564976009086,365.8180261813112,43.78867879233023,86.45457094895988
664.8407861604379,367.32980976166425,43.78867879233023,86.45457094895988
662.8250747199672,366.32195404142885,43.78867879233023,86.45457094895988
660.8093632794966,368.8415933420173,43.78867879233023,86.45457094895988
658.2897239789082,370.857304782488,43.78867879233023,86.45457094895988
655.7700846783199,372.87301622295865,43.78867879233023,86.45457094895988
652.6533487251779,376.7075692352414,42.96716065696675,84.83259924580634
646.7824686203161,373.3829301063177,43.83049981604718,86.53714066245233
643.2516046133298,374.39174839402807,43.83049981604718,86.53714066245234
640.2251497501987,375.9049758255936,43.83049981604718,86.53714066245234
636.6942857432125,376.4093849694488,43.83049981604718,86.53714066245234
634.1722400239366,377.4182032571592,43.83049981604718,86.53714066245234
631.556936529995,380.24760022815906,43.00819707766825,84.91361987129395
627.597369021936,379.7526542896517,43.00819707766825,84.91361987129395
622.6479096368621,380.24760022815906,43.00819707766825,84.91361987129395
621.1630718213399,380.24760022815906,43.00819707766825,84.91361987129395
618.1933961902956,380.74254616666644,43.00819707766825,84.91361987129395
614.7287746207439,381.7324380436812,43.00819707766825,84.91361987129395
611.7590989896996,383.71222179771075,43.00819707766825,84.91361987129395
608.7894233586553,385.6920055517403,43.00819707766825,84.91361987129395
606.3146936661184,388.1667352442772,43.00819707766825,84.91361987129395
603.3450180350741,390.64146493681415,43.00819707766825,84.91361987129395
600.7787801742826,393.9127256116451,42.20132153716257,83.3205579067058
595.3467257952306,389.35204990634253,41.40958376531738,81.75738333152425
591.1183139017396,389.96032079602463,42.2416265319139,83.40013443480458
585.8326923098941,390.0946895636039,43.09038753381965,85.07589333600312
582.4244339266565,389.7358664020169,43.95620269053669,86.78532326080344
579.389299398055,390.2417221567838,43.9562026905367,86.78532326080344
575.8483091146865,390.7475779115507,43.9562026905367,86.78532326080344
574.3307418503857,389.7358664020168,43.9562026905367,86.78532326080344
570.7897515670172,390.7475779115507,43.9562026905367,86.78532326080344
568.2604727931825,390.2417221567838,43.9562026905367,86.78532326080344
564.6259572782315,391.56166638040196,43.13154164416793,85.15714632310099
560.6550340014819,392.05803178999565,43.13154164416793,85.15714632310099
558.0814363460936,393.3532125782402,42.322352039820345,83.55951556579934
554.6720645585127,393.8402656907517,42.322352039820345,83.55951556579936
551.7497458834433,395.7884781407979,42.322352039820345,83.55951556579936
550.2885865459086,396.762584365821,42.322352039820345,83.55951556579936
546.8792147583277,398.7107968158673,42.322352039820345,83.55951556579936
543.866847181548,400.468731867344,41.528343618218,81.99185791289216
539.565607473059,402.3803939600057,41.528343618218,81.99185791289216
536.6981143340664,401.4245629136748,41.528343618218,81.99185791289216
534.3085367182392,402.3803939600057,41.528343618218,81.99185791289216
531.4410435792466,403.3362250063366,41.528343618218,81.99185791289216
530.0072970097503,404.2920560526675,41.528343618218,81.99185791289216
527.6177193939232,404.769971575833,41.528343618218,81.99185791289216
527.0514443738858,407.45075710502306,40.749231565630836,80.45361103983545
522.3619507352003,408.8576051966287,40.749231565630836,80.45361103983547
518.2009686693277,408.049327993317,41.56800587547906,82.07016544645889
513.4780080273688,407.22481007615914,42.40323181753506,83.71920128077458
510.1241006111253,405.89574122919373,43.25523995444479,85.4013711921092
507.69838103641916,406.5311232083901,44.12436749084945,87.11734094347224
503.1927573781746,404.6403167925396,45.01095840684309,88.86778967504944
501.18657257424945,406.3374768940538,45.91536359411179,90.6534101729902
499.66847962400647,407.011933783593,46.83794099480828,92.47490914359611
495.4247870878945,401.77073013813026,47.779055743216965,94.33300749301839
493.7752376164449,403.97012943339644,47.77905574321697,94.33300749301839
491.02598849736216,401.2208803143137,47.77905574321697,94.33300749301839
490.4761386735456,402.87042978576335,47.77905574321697,94.33300749301839
489.274779943015,404.85501884495443,46.88267426137901,92.5632286699024
488.1957117286404,402.6968824162053,46.88267426137901,92.5632286699024
486.47735754729274,399.2488975856279,46.003109766576124,90.82665261606081
485.94794562387364,397.66066181537053,46.003109766576124,90.82665261606081
485.3206532824228,399.571483762589,45.14004675580132,89.1226564153003
483.76221435747993,396.9740855543509,45.14004675580132,89.1226564153003
483.76221435747993,398.5325244792938,45.14004675580132,89.1226564153003
483.76221435747993,395.41564662940806,45.14004675580132,89.1226564153003
484.2816939991276,396.4546059127033,45.14004675580132,89.1226564153003
484.2816939991276,392.8182484211699,45.14004675580132,89.1226564153003
484.80117364077523,393.85720770446517,45.14004675580132,89.1226564153003
484.8671538026907,393.4813165784365,46.04704571526564,90.91339795065294
483.27740116442897,393.4813165784365,46.04704571526564,90.91339795065294
487.9486851790452,392.2144582078235,45.1831584234292,89.20777432318098
486.90873362235817,393.2544097645105,45.183158423429205,89.20777432318098
486.38875784401466,393.2544097645105,45.183158423429205,89.20777432318098
486.90873362235817,391.69448242947993,45.183158423429205,89.20777432318098
487.4287094007017,391.69448242947993,45.183158423429205,89.20777432318098
487.9486851790452,390.6545308727929,45.183158423429205,89.20777432318098
488.4686609573887,388.57462775941883,45.183158423429205,89.20777432318098
488.9886367357322,389.09460353776234,45.183158423429205,89.20777432318098
490.0285882924193,389.61457931610585,45.183158423429205,89.20777432318098
488.98863673573226,387.01470042438825,45.183158423429205,89.20777432318098
487.94868517904524,385.4547730893577,45.183158423429205,89.20777432318098
489.41247669941197,383.6917064336231,44.33547849606976,87.5341498512149
488.9022561715953,382.67126537798976,44.33547849606977,87.5341498512149
490.3385855416178,380.9412755647516,43.5037018672915,85.89192419952447
491.7479679779037,380.745686926113,42.687530175770036,84.28050829575132
491.2567123308173,378.78066433776746,42.687530175770036,84.28050829575132
492.23922362499013,378.28940869068106,42.687530175770036,84.28050829575132
492.73047927207654,377.3068973965083,42.687530175770036,84.28050829575132
492.79287464725206,376.46017326991506,43.545250719591785,85.97395654893785
492.79287464725206,374.45566748270187,43.545250719591785,85.97395654893785
493.7951275408587,371.4489088018821,43.545250719591785,85.97395654893785
496.7092353690436,373.758765597445,42.72829953125495,84.36100163863178
496.2175105410037,367.36634283292653,42.72829953125495,84.36100163863179
495.72578571296384,365.399443520767,42.72829953125495,84.36100163863179
496.2175105410037,361.9573697244879,42.72829953125495,84.36100163863179
497.1100475644131,360.7818175672887,41.92667514051592,82.77830732871114
495.7238320370661,360.4326848954847,42.76910782411431,84.44157185786693
497.69260986543225,358.4639070671185,42.769107824114315,84.44157185786693
496.2785411094942,355.64678698708224,43.628467507624244,86.13825636120706
495.27437286885834,353.6384505058106,43.62846750762425,86.13825636120706
498.1940496784921,355.4506374136106,42.80995509153584,84.52221902687864
500.16470781716964,354.4653083442719,42.80995509153584,84.52221902687864
499.1793787478308,353.97264380960246,42.80995509153584,84.52221902687864
503.522273189357,355.7508323312788,42.00679876319389,82.93650012220351
499.1714781630056,351.4000373049274,42.00679876319389,82.93650012220351
502.07200818057316,351.883458974522,42.00679876319389,82.93650012220351
499.65489983260017,350.4331939657382,42.00679876319389,82.93650012220351
502.55542985016774,351.4000373049274,42.00679876319389,82.93650012220351
504.0056948589516,350.4331939657382,42.00679876319389,82.93650012220351
504.48911652854616,347.53266394817064,42.00679876319389,82.93650012220351
505.4559598677353,345.5989772697922,42.00679876319389,82.93650012220351
504.48911652854616,343.1818689218192,42.00679876319389,82.93650012220351
506.4228032069246,343.6652905914138,42.00679876319389,82.93650012220351
503.10025188558257,338.96469568617925,42.85084137074275,84.60294321915896
505.07279213038964,339.457830747381,42.85084137074275,84.60294321915896
508.92669925612336,341.73085261544134,42.04691797610005,83.01570985024901
509.41058262471563,336.4081355609259,42.04691797610005,83.01570985024901
511.7405366046375,337.67074659432734,41.25807696499474,81.45825452063086
513.5519731386622,339.38447506539734,40.484035377265855,79.93001856537126
513.0860756994326,335.65729555156065,40.484035377265855,79.93001856537126
511.74755795955576,334.85427862004366,41.29748110010126,81.53605242840527
512.2831802486356,333.0846092363696,42.127271387845596,83.17435632984922
515.6768368776989,331.63018496677114,42.127271387845596,83.17435632984922
517.1312611472974,330.17576069717256,42.127271387845596,83.17435632984922
518.1008773270298,328.2365283377079,42.127271387845596,83.17435632984922
521.0097258662269,328.2365283377079,42.127271387845596,83.17435632984922
521.4049001257955,329.50155227338905,41.336922868708356,81.61392463821929
523.2197983904935,329.791417892979,40.561402055262086,80.08276816038946
523.2197983904935,326.99069116111957,40.56140205526209,80.08276816038946
525.9342229786658,327.7419064088538,39.8004307653495,78.58033766492102
525.9923983474334,326.03638825359997,40.60014082071767,80.15925238962228
528.328566353471,326.5036218548074,40.60014082071767,80.15925238962228
529.7302671570936,326.5036218548074,40.60014082071767,80.15925238962228
532.0664351631312,326.970855456015,40.60014082071767,80.15925238962228
533.4681359667538,327.90532265843,40.60014082071767,80.15925238962228
532.0664351631312,326.03638825359997,40.60014082071767,80.15925238962228
535.337070371584,329.3070234620527,40.60014082071767,80.15925238962228
535.2506858037614,331.4606569726149,39.83844275394766,78.65538697574303
535.2506858037614,331.4606569726149,39.83844275394766,78.65538697574303
533.9335131983553,331.1289134725024,40.63891658420273,80.23580966624664
537.5884848440903,335.1553232007293,39.876491046456344,78.73050796351659
535.752861997615,331.48407750777875,39.876491046456344,78.7305079635166
538.5645828116485,330.69311145952327,40.67772938105279,80.31244006002754
538.6240405075042,330.82250553862497,41.495066997506285,81.92615791815368
535.7588450879308,326.52471240926485,41.495066997506285,81.92615791815368
541.0117033571487,327.95731011905156,41.495066997506285,81.92615791815368
539.579105647362,326.04717983933597,41.495066997506285,81.92615791815368
541.0117033571487,327.95731011905156,41.495066997506285,81.92615791815368
540.0566382172909,325.569647269407,41.495066997506285,81.92615791815368
540.0566382172909,325.569647269407,41.495066997506285,81.92615791815368
541.4009472325832,326.81568697801447,40.71657924663711,80.38914364079658
542.3380944229964,326.81568697801447,40.71657924663711,80.38914364079658
540.9918881191819,326.47663104163377,41.53469747343979,82.0044027039711
540.0359108302717,326.47663104163377,41.53469747343979,82.0044027039711
539.6186324921048,325.65277380986834,42.36925414977362,83.65211716750198
540.1062253623929,325.1651809395802,42.36925414977362,83.65211716750198
540.0160766674696,323.99950693286587,41.57436579904402,82.08272221862559
538.5807412037836,322.56417146917994,41.57436579904402,82.0827222186256
542.3198450224123,323.81259241157517,40.79439032565448,80.54277064295908
540.0321279445424,323.94235758404227,41.61407201046786,82.16111653348807
538.985781842782,318.48734143995887,40.83335160999509,80.61969420434954
538.898901074384,319.2435933146778,40.06727828235772,79.10719045491165
538.4377997495113,321.08799861416855,40.06727828235772,79.10719045491166
537.9766984246387,321.54909993904124,40.06727828235772,79.10719045491166
537.9766984246387,322.0102012639139,40.06727828235772,79.10719045491166
538.8136502735671,323.2133664439736,39.31557723424623,77.62306274453768
539.3235675594096,322.43352634411065,40.10554512761394,79.18274294426368
539.2382353385577,322.2532155053388,39.35312615632622,77.69719779582383
539.2382353385577,322.2532155053388,39.35312615632622,77.69719779582383
539.2382353385577,323.15898097713796,39.35312615632622,77.69719779582383
541.418917712529,324.7935838883916,38.61482329558013,76.23952291691488
540.8923710716019,325.0643614137406,37.89037171343439,74.80919543421687
540.8117520560287,324.8940097907098,37.1795115464521,73.40570228402106
539.9560152669522,324.8940097907098,37.179511546452105,73.40570228402106
539.1546229096626,325.01227619178985,37.92655947195497,74.8806430600139
538.7735937299276,324.6964533654771,38.68861783142496,76.38521982101875
539.6640646430676,323.8059824523371,38.68861783142496,76.38521982101875
540.6110858137342,323.92904925454525,39.46598822951179,77.92002804288249
539.7027226685365,321.20395981895206,39.46598822951179,77.92002804288249
541.9736305315308,323.47486768194636,39.46598822951179,77.92002804288249
541.9736305315308,321.6581413915509,39.46598822951179,77.92002804288249
542.4278121041297,321.6581413915509,39.46598822951179,77.92002804288249
543.3361752493274,323.0206861093475,39.46598822951179,77.92002804288249
543.7903568219263,323.0206861093475,39.46598822951179,77.92002804288249
543.8480433437774,321.3294994024169,40.25897833100737,79.48567516634813
545.7012731155257,321.3294994024169,40.25897833100737,79.48567516634813
544.370196403849,320.53094656685823,41.0679019826123,81.08278083746556
548.5363666991477,322.2367757778132,40.29742826222329,79.56158913310779
547.0593764155753,321.5918523185871,39.54140937700121,78.0689364622847
545.6942278180653,321.5918523185871,39.541409377001216,78.0689364622847
544.8419255162559,320.3524832159154,40.3359149156133,79.63757560262138
542.0567684596963,317.5673261593558,40.3359149156133,79.63757560262138
543.913539830736,317.5673261593558,40.3359149156133,79.63757560262138
544.7561031396021,317.38597959922504,39.57917398340096,78.14349735184317
546.4938274111645,319.0299718137516,38.836630245914066,76.67744945988184
547.7520114783524,320.19618232831283,38.10801734999329,75.23890604998698
547.3134576748092,320.19618232831283,38.10801734999329,75.23890604998698
547.3691592820458,320.3174022657681,38.873721742606705,76.75068138924937
546.4744279518101,318.97530527041465,38.873721742606705,76.75068138924937
550.418007656961,320.14262959153353,38.14441297419009,75.31076407724733
548.2788992087218,320.26396530187844,38.91084866408049,76.82398325985147
547.8311062804253,319.81617237358194,38.91084866408049,76.82398325985147
548.7835672242111,319.9399460823549,39.69268434628786,78.36760755549167
546.5576329445071,319.1526259130486,40.490229452857825,79.94224789410417
547.082785297803,320.6793297283155,41.3037996332541,81.54852748104041
545.2418323809684,320.3353838782503,42.13371687928508,83.18708204371696
544.7569501152468,320.3353838782503,42.13371687928509,83.18708204371697
543.3638891971757,320.954291655663,42.98030965254057,84.85856008322138
542.4374625111648,320.59638513687366,43.843913014389074,86.56362313097355
541.3350491867252,318.3810129189817,43.021358631384295,84.93960550298976
542.7288052267329,320.16798246710846,42.21423616735031,83.34605602271753
538.9040376315709,320.3022641071353,43.06244681466088,85.020728326382
539.8951781397218,319.8066938530598,43.06244681466089,85.020728326382
541.7858355610738,323.08208083504394,42.25455349640974,83.42565690316819
539.3544711866589,320.16444358574614,42.25455349640974,83.42565690316819
542.1822037886196,321.91956250271807,41.46181704131791,81.8605105687561
539.2310862984546,317.91595460186153,40.68395309191436,80.32472789942088
537.8859587084212,321.7909534994971,41.5014157613902,81.93869265710394
537.8859587084212,320.3581366016175,41.5014157613902,81.93869265710396
538.7528677709702,322.55957822011294,40.722808901545555,80.40144321587223
535.9409960479077,322.09093293293586,40.722808901545555,80.40144321587223
538.666222203335,321.4392016458848,39.95880946246175,78.8930340669119
536.7417900046491,320.79969747064575,39.20914339474071,77.41292413833443
537.560816563625,323.3307713124267,38.47354179041716,75.96058250928537
535.7897752698203,323.7735316358779,38.47354179041716,75.96058250928537
534.904254622918,323.7735316358779,38.47354179041716,75.96058250928537
533.5759736525644,322.0024903420731,38.47354179041716,75.96058250928537
536.1506757717787,322.7150374869653,37.7517407865004,74.53548821950099
533.1646806489357,321.5317629947295,38.51028651412355,76.03312978429543
532.3346038672412,320.7678961563515,39.28407370105184,77.56086346105127
534.5114598241828,318.33083823733136,38.54706633142044,76.1057463466508
533.1806404535644,317.44362532358576,38.54706633142044,76.1057463466508
534.8730500220339,319.48835354637185,37.823885935718074,74.67792864231538
534.9283363209563,320.479237612169,38.58388127582446,76.17843226252542
534.0966732279545,320.1579411222078,39.3591472022996,77.70908550197635
533.7012515555866,320.28314084903525,40.149990547035415,79.27049415696756
535.9260907298174,321.95084295672257,39.3967377365204,77.78330271056612
535.5302914041474,322.0761622573963,40.1883363878603,79.34620261192953
536.3697719949713,321.8954791967402,39.43436417213549,77.85759080139592
537.2774072696782,322.8031144714471,39.43436417213549,77.85759080139593
538.6388601817386,323.7107497461541,39.43436417213549,77.85759080139593
538.6965004794367,323.8361887348748,40.22671885144621,79.42198337336838
538.7552989436365,324.4270843643367,41.03499431332832,81.01780928528947
541.5014169744644,324.2425948075911,40.26513797277024,79.49783651034147
540.0256102017469,324.06156645407964,39.50972488473394,78.00637990062879
541.3896649070344,324.9709362576047,39.50972488473394,78.00637990062879
541.3056004077504,323.8839343682685,38.76848407977693,76.54290446520085
543.0077313260298,321.0327074039895,38.04114967210657,75.1068852500568
542.56994704755,323.6594130748678,38.04114967210657,75.1068852500568
540.87441380193,325.09377314460176,38.80551049246821,76.6160078953862
539.5346717679683,327.32667653453785,38.80551049246821,76.6160078953862
540.345266975519,323.13298442991936,38.07748143334107,75.17861718890441
540.7834693663328,326.2004011656155,38.07748143334108,75.17861718890441
540.2642498482162,322.0853867971857,37.36311090631949,73.76819332786178
540.7488439313827,330.8038629886724,38.113847893760166,75.25041763639851
541.2431749634621,333.5568268876651,38.87966943948949,76.76242427796666
539.0628339153765,330.9958967430947,39.66087863753715,78.30481166898385
536.7807118859604,325.97522827837923,39.66087863753715,78.30481166898385
535.8678630741939,328.71377471367856,39.66087863753715,78.30481166898385
537.2951076804947,332.4913294820783,40.45778467200119,79.87819024984874
538.75102991267,334.0168099510864,41.27070293941571,81.48318272653896
533.5265738773351,328.7923539157515,41.27070293941571,81.48318272653896
534.0618488575878,331.29838696115695,42.09995517357739,83.12042431706331
533.5773551275466,329.84490577103344,42.0999551735774,83.12042431706331
530.1858990172584,326.9379433907864,42.0999551735774,83.12042431706331
530.2474355476483,329.9788238882144,42.94586957288009,84.79056300286607
529.8159798689843,330.6096614846827,43.80878093020797,86.49425978528265
528.807661470833,330.10550228560703,43.80878093020797,86.49425978528265
528.3035022717572,331.1138206837584,43.80878093020797,86.49425978528265
528.3035022717572,331.1138206837584,43.80878093020797,86.49425978528265
