562.0,151.0,41.0,123.0
561.3740157480315,150.3740157480315,41.0,123.00000000000001
560.748031496063,149.748031496063,41.0,123.00000000000001
559.496062992126,149.1220472440945,41.0,123.00000000000001
558.8700787401575,149.1220472440945,41.0,123.00000000000001
557.6181102362204,148.49606299212599,41.0,123.00000000000001
556.992125984252,147.87007874015748,41.0,123.00000000000001
555.7401574803149,147.24409448818898,41.0,123.00000000000001
555.1141732283464,147.24409448818898,41.0,123.00000000000001
554.488188976378,146.61811023622047,41.0,123.00000000000001
553.8622047244095,145.99212598425197,41.0,123.00000000000001
552.6102362204724,145.99212598425197,41.0,123.00000000000001
551.3582677165354,146.61811023622047,41.0,123.00000000000001
549.6943927125983,146.00837498818896,41.823813,125.47143900000002
547.9970854682072,145.38638832981877,42.66417887460901,127.99253662382704
547.3456926853127,144.73499554692432,42.66417887460901,127.99253662382705
546.6942999024182,144.73499554692432,42.66417887460901,127.99253662382705
546.0429071195236,144.73499554692432,42.66417887460901,127.99253662382705
545.3915143366291,144.73499554692432,42.66417887460901,127.99253662382705
544.7401215537346,144.73499554692432,42.66417887460901,127.99253662382705
543.4373359879457,145.38638832981877,42.66417887460901,127.99253662382705
543.4373359879457,145.38638832981877,42.66417887460901,127.99253662382705
543.4373359879457,145.38638832981877,42.66417887460901,127.99253662382705
543.4373359879457,145.38638832981877,42.66417887460901,127.99253662382705
543.4373359879457,145.38638832981877,42.66417887460901,127.99253662382705
543.4373359879457,146.03778111271322,42.66417887460901,127.99253662382705
542.7859432050512,146.03778111271322,42.66417887460901,127.99253662382705
542.1345504221567,146.03778111271322,42.66417887460901,127.99253662382705
542.1345504221567,146.68917389560767,42.66417887460901,127.99253662382705
542.5347611346346,147.88980603304117,41.86375744965335,125.59127234896005
541.8955891128854,147.88980603304117,41.86375744965335,125.59127234896005
541.2564170911363,148.52897805479026,41.86375744965335,125.59127234896005
540.6172450693872,149.8073220982884,41.86375744965335,125.59127234896005
539.9780730476381,149.8073220982884,41.86375744965335,125.59127234896005
539.9780730476381,149.16815007653932,41.86375744965335,125.59127234896005
539.338901025889,149.8073220982884,41.86375744965335,125.59127234896005
539.338901025889,149.16815007653932,41.86375744965335,125.59127234896005
539.338901025889,149.8073220982884,41.86375744965335,125.59127234896005
539.9780730476381,149.8073220982884,41.86375744965335,125.59127234896005
539.9780730476381,149.8073220982884,41.86375744965335,125.59127234896005
539.338901025889,149.8073220982884,41.86375744965335,125.59127234896005
539.338901025889,149.8073220982884,41.86375744965335,125.59127234896005
539.338901025889,149.8073220982884,41.86375744965335,125.59127234896005
539.338901025889,150.4464941200375,41.86375744965335,125.59127234896005
539.338901025889,151.0856661417866,41.86375744965335,125.59127234896005
539.338901025889,151.0856661417866,41.86375744965335,125.59127234896005
539.338901025889,151.72483816353568,41.86375744965335,125.59127234896005
539.338901025889,151.72483816353568,41.86375744965335,125.59127234896005
539.338901025889,151.72483816353568,41.86375744965335,125.59127234896005
539.338901025889,151.72483816353568,41.86375744965335,125.59127234896005
538.6997290041398,151.72483816353568,41.86375744965335,125.59127234896005
538.0605569823907,151.0856661417866,41.86375744965335,125.59127234896005
538.0605569823907,151.0856661417866,41.86375744965335,125.59127234896005
538.0605569823907,151.0856661417866,41.86375744965335,125.59127234896005
537.4213849606416,150.4464941200375,41.86375744965335,125.59127234896005
538.0605569823907,150.4464941200375,41.86375744965335,125.59127234896005
537.4213849606416,150.4464941200375,41.86375744965335,125.59127234896005
537.4213849606416,150.4464941200375,41.86375744965335,125.59127234896005
538.0605569823907,150.4464941200375,41.86375744965335,125.59127234896005
537.0008007214236,149.82391342413274,42.70492592808924,128.11477778426772
536.3487858162415,149.82391342413274,42.70492592808924,128.11477778426772
536.3487858162415,150.47592832931485,42.70492592808924,128.11477778426772
535.9197507779049,150.49285302466936,43.56299600476234,130.68898801428702
536.5848666185768,149.16262134332555,43.56299600476234,130.68898801428702
537.2499824592487,148.49750550265364,43.56299600476234,130.68898801428702
537.9150982999206,148.49750550265364,43.56299600476234,130.68898801428702
538.5802141405925,148.49750550265364,43.56299600476234,130.68898801428702
540.5755616626082,148.49750550265364,43.56299600476234,130.68898801428702
541.9057933439519,148.49750550265364,43.56299600476234,130.68898801428702
541.9057933439519,148.49750550265364,43.56299600476234,130.68898801428702
543.2360250252957,149.16262134332555,43.56299600476234,130.68898801428702
544.5662567066395,148.49750550265364,43.56299600476234,130.68898801428702
545.8964883879833,149.16262134332555,43.56299600476234,130.68898801428702
545.8964883879833,149.16262134332555,43.56299600476234,130.68898801428702
547.226720069327,149.16262134332555,43.56299600476234,130.68898801428702
548.5569517506708,149.16262134332555,43.56299600476234,130.68898801428702
549.8871834320146,149.82773718399747,43.56299600476234,130.68898801428702
549.4495277926528,149.84500194725575,44.43830728348603,133.3149218504581
549.6815583517878,149.86261361140214,45.331206191733116,135.99361857519935
551.0657837761177,150.55472632356708,45.331206191733116,135.99361857519938
551.3024765252773,149.18846643455134,46.24204611774361,138.72613835323085
551.5439251418459,147.08873495269515,47.17118755038744,141.51356265116232
552.9843359005383,143.48770805596402,47.17118755038744,141.51356265116232
553.7045412798846,143.48770805596402,47.17118755038744,141.51356265116232
555.8651574179232,142.04729729727157,47.17118755038744,141.51356265116232
556.5853627972695,141.32709191792534,47.17118755038744,141.51356265116232
557.3055681766157,141.32709191792534,47.17118755038744,141.51356265116232
558.0257735559619,140.60688653857912,47.17118755038744,141.51356265116232
558.7459789353081,140.60688653857912,47.17118755038744,141.51356265116232
560.1863896940006,139.8866811592329,47.17118755038744,141.51356265116232
560.9065950733468,138.44627040054044,47.17118755038744,141.51356265116232
561.626800452693,138.44627040054044,47.17118755038744,141.51356265116232
562.3470058320393,137.72606502119422,47.17118755038744,141.51356265116232
563.0672112113855,137.72606502119422,47.17118755038744,141.51356265116232
563.0672112113855,137.005859641848,47.17118755038744,141.51356265116232
563.7874165907317,136.28565426250177,47.17118755038744,141.51356265116232
564.5076219700779,135.56544888315554,47.17118755038744,141.51356265116232
565.2278273494242,135.56544888315554,47.17118755038744,141.51356265116232
565.2278273494242,134.84524350380931,47.17118755038744,141.51356265116232
565.2278273494242,133.40483274511686,47.17118755038744,141.51356265116232
565.9480327287704,133.40483274511686,47.17118755038744,141.51356265116232
565.9480327287704,131.9644219864244,47.17118755038744,141.51356265116232
565.9480327287704,131.2442166070782,47.17118755038744,141.51356265116232
566.6682381081166,129.80380584838574,47.17118755038744,141.51356265116232
567.3884434874628,129.0836004690395,47.17118755038744,141.51356265116232
568.1086488668091,128.36339508969328,47.17118755038744,141.51356265116232
568.1086488668091,127.64318971034706,47.17118755038744,141.51356265116232
568.1086488668091,127.64318971034706,47.17118755038744,141.51356265116232
568.1086488668091,127.64318971034706,47.17118755038744,141.51356265116232
568.1086488668091,127.64318971034706,47.17118755038744,141.51356265116232
568.1086488668091,126.92298433100083,47.17118755038744,141.51356265116232
568.1086488668091,126.20277895165461,47.17118755038744,141.51356265116232
568.1086488668091,125.48257357230838,47.17118755038744,141.51356265116232
568.1086488668091,124.76236819296216,47.17118755038744,141.51356265116232
570.7117536469813,125.3696287400164,46.28621026612046,138.8586307983614
571.1459407725074,126.67219011659505,45.41783601506803,136.2535080452041
569.7590700357308,125.28531937981843,45.41783601506804,136.2535080452041
569.0656346673425,125.28531937981843,45.41783601506804,136.2535080452041
568.3721992989541,125.28531937981843,45.41783601506804,136.2535080452041
567.6787639305658,125.28531937981843,45.41783601506804,136.2535080452041
569.4916760207741,126.56344344011362,44.565753308204584,133.69725992461372
568.8112501732606,125.88301759260023,44.56575330820459,133.69725992461372
568.1308243257472,125.88301759260023,44.56575330820459,133.69725992461372
567.4503984782338,125.88301759260023,44.56575330820459,133.69725992461372
566.7699726307203,125.88301759260023,44.56575330820459,133.69725992461372
564.2809652475693,125.9006797657944,45.46121298942635,136.383638968279
563.5868676035018,126.59477740986188,45.46121298942636,136.383638968279
562.8927699594343,127.28887505392936,45.46121298942636,136.383638968279
562.1986723153668,125.9006797657944,45.46121298942636,136.383638968279
562.1986723153668,124.51248447765943,45.46121298942636,136.383638968279
562.1986723153668,123.81838683359194,45.46121298942636,136.383638968279
562.1986723153668,123.81838683359194,45.46121298942636,136.383638968279
562.8927699594343,121.7360939013895,45.46121298942636,136.383638968279
563.824239171271,121.06001331656216,46.374665142022906,139.12399542606863
565.9483716153602,120.35196916853243,46.374665142022906,139.12399542606863
566.1905126900407,119.66230409651416,47.306471288721575,141.91941386616463
568.357325327329,118.21776233832196,47.306471288721575,141.91941386616463
571.2464088437134,118.21776233832196,47.306471288721575,141.91941386616463
573.4132214810018,116.77322058012976,47.306471288721575,141.91941386616463
577.0245758764822,116.05094970103366,47.306471288721575,141.91941386616463
579.1913885137706,115.32867882193756,47.306471288721575,141.91941386616463
583.5250137883471,115.32867882193756,47.306471288721575,141.91941386616463
587.1363681838276,115.32867882193756,47.306471288721575,141.91941386616463
590.025451700212,115.32867882193756,47.306471288721575,141.91941386616463
596.9696472813598,115.21541007159448,46.418955950155485,139.2568678504664
602.3661222581301,115.81298672903748,45.54809126116719,136.6442737835015
605.1478186324438,115.81298672903748,45.54809126116719,136.6442737835015
613.2247468726889,116.399352268107,44.693564839401894,134.0806945182056
616.6366331841278,116.399352268107,44.693564839401894,134.0806945182056
623.4604058070056,115.71697500581921,44.693564839401894,134.0806945182056
628.9194239053078,115.03459774353142,44.693564839401894,134.0806945182056
636.1624438663359,116.29233975798255,43.855070163101146,131.56521048930335
638.171169473,115.6227645557612,43.855070163101146,131.56521048930335
645.2783033461878,116.18733490646306,43.032306461152324,129.0969193834569
645.9353166674211,115.53032158522981,43.03230646115233,129.0969193834569
648.5633699523542,116.18733490646306,43.03230646115233,129.0969193834569
649.8773965948207,116.18733490646306,43.03230646115233,129.0969193834569
651.1914232372872,116.18733490646306,43.03230646115233,129.0969193834569
650.5344099160538,116.18733490646306,43.03230646115233,129.0969193834569
650.5344099160538,115.53032158522981,43.03230646115233,129.0969193834569
649.8773965948205,115.53032158522981,43.03230646115233,129.0969193834569
649.2203832735872,115.53032158522981,43.03230646115233,129.0969193834569
647.2493433098874,115.53032158522981,43.03230646115233,129.0969193834569
645.2783033461876,115.53032158522981,43.03230646115233,129.0969193834569
642.6502500612546,115.53032158522981,43.03230646115233,129.0969193834569
640.6792100975548,115.53032158522981,43.03230646115233,129.0969193834569
638.708170133855,115.53032158522981,43.03230646115233,129.0969193834569
636.7371301701552,115.53032158522981,43.03230646115233,129.0969193834569
634.7660902064554,114.87330826399656,43.03230646115233,129.0969193834569
632.1380369215224,115.53032158522981,43.03230646115233,129.0969193834569
629.5099836365894,115.53032158522981,43.03230646115233,129.0969193834569
627.5389436728896,115.53032158522981,43.03230646115233,129.0969193834569
624.9108903879566,115.53032158522981,43.03230646115233,129.0969193834569
622.9398504242567,115.53032158522981,43.03230646115233,129.0969193834569
620.3117971393237,115.53032158522981,43.03230646115233,129.0969193834569
617.0267305331574,115.53032158522981,43.03230646115233,129.0969193834569
614.3986772482244,116.18733490646306,43.03230646115233,129.0969193834569
612.4276372845246,116.84434822769632,43.03230646115233,129.0969193834569
609.7995839995916,117.50136154892957,43.03230646115233,129.0969193834569
607.1715307146586,116.84434822769632,43.03230646115233,129.0969193834569
603.8864641084923,116.84434822769632,43.03230646115233,129.0969193834569
601.9154241447925,116.84434822769632,43.03230646115233,129.0969193834569
599.2873708598595,116.84434822769632,43.03230646115233,129.0969193834569
595.3452909324599,116.84434822769632,43.03230646115233,129.0969193834569
592.7172376475269,116.84434822769632,43.03230646115233,129.0969193834569
590.0891843625939,116.84434822769632,43.03230646115233,129.0969193834569
586.8041177564276,116.84434822769632,43.03230646115233,129.0969193834569
585.4900911139611,116.84434822769632,43.03230646115233,129.0969193834569
583.5190511502612,116.84434822769632,43.03230646115233,129.0969193834569
582.2050245077947,117.50136154892957,43.03230646115233,129.0969193834569
581.5480111865614,117.50136154892957,43.03230646115233,129.0969193834569
581.5480111865614,117.50136154892957,43.03230646115233,129.0969193834569
581.5480111865614,117.50136154892957,43.03230646115233,129.0969193834569
582.8620378290279,117.50136154892957,43.03230646115233,129.0969193834569
584.1760644714944,117.50136154892957,43.03230646115233,129.0969193834569
585.490091113961,117.50136154892957,43.03230646115233,129.0969193834569
587.4611310776608,117.50136154892957,43.03230646115233,129.0969193834569
588.7751577201273,117.50136154892957,43.03230646115233,129.0969193834569
591.4032110050603,116.84434822769632,43.03230646115233,129.0969193834569
592.7172376475268,116.84434822769632,43.03230646115233,129.0969193834569
595.3452909324598,116.18733490646306,43.03230646115233,129.0969193834569
596.6593175749263,115.53032158522981,43.03230646115233,129.0969193834569
599.2873708598593,114.87330826399656,43.03230646115233,129.0969193834569
601.9154241447923,114.87330826399656,43.03230646115233,129.0969193834569
605.2004907509586,114.87330826399656,43.03230646115233,129.0969193834569
607.1715307146584,114.87330826399656,43.03230646115233,129.0969193834569
609.7995839995914,114.21629494276331,43.03230646115233,129.0969193834569
611.9953132176624,113.57633606341066,43.89695459487626,131.6908637846287
614.2351612229122,112.92351849029518,44.778976103551116,134.33692831065326
617.6535677912167,112.23983717663427,44.778976103551116,134.33692831065326
621.0719743595212,112.23983717663427,44.778976103551116,134.33692831065326
625.1740622414866,111.55615586297336,44.778976103551116,134.33692831065326
627.2251061824693,111.55615586297336,44.778976103551116,134.33692831065326
631.3271940644347,111.55615586297336,44.778976103551116,134.33692831065326
634.7456006327392,111.55615586297336,44.778976103551116,134.33692831065326
638.8476885147046,111.55615586297336,44.778976103551116,134.33692831065326
641.5824137693482,112.23983717663427,44.778976103551116,134.33692831065326
645.0008203376527,112.92351849029518,44.778976103551116,134.33692831065326
648.4192269059572,113.60719980395609,44.778976103551116,134.33692831065326
651.1539521606009,113.60719980395609,44.778976103551116,134.33692831065326
653.8886774152445,114.290881117617,44.778976103551116,134.33692831065326
661.829220402792,116.91838935677164,43.938879028995885,131.81663708698758
662.5000751911164,117.58924414509603,43.938879028995885,131.81663708698758
665.5956623632419,118.82574820158008,43.11454299133985,129.34362897401948
666.9122001653589,118.82574820158008,43.11454299133986,129.34362897401948
669.5452757695928,119.48401710263856,43.11454299133986,129.34362897401948
671.5200824727682,120.14228600369704,43.11454299133986,129.34362897401948
674.1531580770021,122.1170927068725,43.11454299133986,129.34362897401948
677.011352326132,122.79244864156047,43.98084350366485,131.94253051099446
679.0258388203944,121.44945764538556,43.98084350366485,131.94253051099446
681.7118208127441,121.44945764538556,43.98084350366485,131.94253051099446
683.7263073070064,121.44945764538556,43.98084350366485,131.94253051099446
685.7407938012688,121.44945764538556,43.98084350366485,131.94253051099446
687.7552802955311,121.44945764538556,43.98084350366485,131.94253051099446
689.7697667897934,121.44945764538556,43.98084350366485,131.94253051099446
691.7842532840557,122.120953143473,43.98084350366485,131.94253051099446
693.1272442802306,122.120953143473,43.98084350366485,131.94253051099446
694.4702352764054,122.79244864156044,43.98084350366485,131.94253051099446
695.8132262725803,122.79244864156044,43.98084350366485,131.94253051099446
695.8132262725803,123.46394413964788,43.98084350366485,131.94253051099446
696.4847217706678,124.13543963773532,43.98084350366485,131.94253051099446
697.1562172687552,124.13543963773532,43.98084350366485,131.94253051099446
697.1562172687552,124.80693513582276,43.98084350366485,131.94253051099446
697.1562172687552,124.80693513582276,43.98084350366485,131.94253051099446
696.4847217706678,125.4784306339102,43.98084350366485,131.94253051099446
696.4847217706678,126.14992613199763,43.98084350366485,131.94253051099446
695.8132262725803,126.14992613199763,43.98084350366485,131.94253051099446
695.1417307744929,126.14992613199763,43.98084350366485,131.94253051099446
694.4702352764054,126.14992613199763,43.98084350366485,131.94253051099446
693.798739778318,126.14992613199763,43.98084350366485,131.94253051099446
692.4557487821431,126.14992613199763,43.98084350366485,131.94253051099446
691.7842532840557,126.14992613199763,43.98084350366485,131.94253051099446
689.7697667897934,125.4784306339102,43.98084350366485,131.94253051099446
688.4267757936185,125.4784306339102,43.98084350366485,131.94253051099446
687.0837847974436,125.4784306339102,43.98084350366485,131.94253051099446
685.0692983031813,125.4784306339102,43.98084350366485,131.94253051099446
683.054811808919,125.4784306339102,43.98084350366485,131.94253051099446
681.7118208127441,126.14992613199763,43.98084350366485,131.94253051099446
679.6973343184818,126.14992613199763,43.98084350366485,131.94253051099446
677.6828478242195,126.14992613199763,43.98084350366485,131.94253051099446
675.6683613299572,126.14992613199763,43.98084350366485,131.94253051099446
674.3253703337823,126.14992613199763,43.98084350366485,131.94253051099446
672.9823793376074,126.82142163008507,43.98084350366485,131.94253051099446
671.6393883414326,126.82142163008507,43.98084350366485,131.94253051099446
669.6249018471702,127.49291712817251,43.98084350366485,131.94253051099446
668.9534063490828,128.8359081243474,43.98084350366485,131.94253051099446
667.6104153529079,128.8359081243474,43.98084350366485,131.94253051099446
666.9389198548205,129.50740362243485,43.98084350366485,131.94253051099446
666.267424356733,130.1788991205223,43.98084350366485,131.94253051099446
666.267424356733,130.85039461860973,43.98084350366485,131.94253051099446
665.5959288586456,130.85039461860973,43.98084350366485,131.94253051099446
665.5959288586456,131.52189011669716,43.98084350366485,131.94253051099446
665.5959288586456,132.86488111287207,43.98084350366485,131.94253051099446
666.267424356733,132.86488111287207,43.98084350366485,131.94253051099446
666.9389198548205,132.86488111287207,43.98084350366485,131.94253051099446
667.6104153529079,133.5363766109595,43.98084350366485,131.94253051099446
667.6104153529079,134.20787210904695,43.98084350366485,131.94253051099446
668.2819108509954,135.55086310522185,43.98084350366485,131.94253051099446
669.6249018471702,135.55086310522185,43.98084350366485,131.94253051099446
670.2963973452577,135.55086310522185,43.98084350366485,131.94253051099446
671.6393883414326,136.2223586033093,43.98084350366485,131.94253051099446
671.6393883414326,136.89385410139673,43.98084350366485,131.94253051099446
672.9823793376074,136.89385410139673,43.98084350366485,131.94253051099446
674.3253703337823,137.56534959948416,43.98084350366485,131.94253051099446
675.6683613299572,138.2368450975716,43.98084350366485,131.94253051099446
675.6683613299572,138.90834059565904,43.98084350366485,131.94253051099446
676.3398568280446,139.57983609374648,43.98084350366485,131.94253051099446
677.011352326132,139.57983609374648,43.98084350366485,131.94253051099446
677.011352326132,140.25133159183392,43.98084350366485,131.94253051099446
677.011352326132,140.92282708992136,43.98084350366485,131.94253051099446
677.011352326132,141.5943225880088,43.98084350366485,131.94253051099446
677.6828478242195,141.5943225880088,43.98084350366485,131.94253051099446
677.011352326132,142.26581808609623,43.98084350366485,131.94253051099446
679.4384004863697,144.8464940801971,43.15572017171421,129.46716051514252
679.184324504387,146.71985649618586,42.34607695471117,127.03823086413342
679.581551266409,147.9115367822517,41.55162343066728,124.65487029200175
677.6783321021658,146.6427240060896,41.55162343066728,124.65487029200176
677.0439257140847,146.6427240060896,41.55162343066728,124.65487029200177
675.1407065498415,146.6427240060896,41.55162343066728,124.65487029200177
674.5063001617605,146.00831761800853,41.55162343066728,124.65487029200177
673.8718937736794,146.6427240060896,41.55162343066728,124.65487029200177
671.9686746094362,146.6427240060896,41.55162343066728,124.65487029200177
670.6998618332741,147.27713039417065,41.55162343066728,124.65487029200177
670.065455445193,147.27713039417065,41.55162343066728,124.65487029200177
667.5278298928688,147.27713039417065,41.55162343066728,124.65487029200177
666.2590171167067,147.27713039417065,41.55162343066728,124.65487029200177
666.0143851308629,148.4464536008827,40.772074626192584,122.31622387857769
664.1468722062716,149.0689579090798,40.77207462619259,122.31622387857769
662.9018635898774,149.0689579090798,40.77207462619259,122.31622387857769
661.6568549734832,149.0689579090798,40.77207462619259,122.31622387857769
660.411846357089,149.69146221727692,40.77207462619259,122.31622387857769
659.7893420488919,150.93647083367114,40.77207462619259,122.31622387857769
659.1668377406947,150.93647083367114,40.77207462619259,122.31622387857769
658.5443334324976,152.18147945006535,40.77207462619259,122.31622387857769
657.9218291243005,152.80398375826246,40.77207462619259,122.31622387857769
658.3042909802595,153.95136932613931,40.007150914274675,120.02145274282395
658.0687519575197,155.68805434947757,39.256577913975406,117.76973374192616
658.4369977185027,156.79279163242643,38.52008639200948,115.56025917602838
658.7983348314226,159.05304528659445,37.79741216616948,113.39223649850837
657.0670725303603,159.05304528659445,37.79741216616948,113.39223649850837
657.6441599640477,160.20722015396933,37.79741216616948,113.39223649850837
657.6441599640477,161.3613950213442,37.79741216616948,113.39223649850837
658.2212473977352,162.51556988871909,37.79741216616948,113.39223649850837
658.9956905637827,163.10763708579915,38.556875568824324,115.6706267064729
660.7617391182602,163.69631993729166,38.556875568824324,115.67062670647292
660.9630603193505,163.7116006890701,39.33159886962871,117.99479660888608
662.7645940874331,163.7116006890701,39.33159886962871,117.99479660888608
664.5661278555158,164.91262320112523,39.33159886962871,117.99479660888608
666.3676616235985,165.51313445715277,39.33159886962871,117.99479660888608
668.7697066477086,166.11364571318032,39.33159886962871,117.99479660888608
671.7722629278464,164.9126232011252,39.33159886962871,117.99479660888608
678.1463249820937,166.61998293906794,38.593699881685254,115.78109964505569
678.7355700638286,166.03073785733298,38.593699881685254,115.7810996450557
681.0925503907685,166.61998293906794,38.593699881685254,115.7810996450557
687.3470288513126,168.29531095038652,37.86964459529618,113.60893378588847
688.503409394937,168.29531095038652,37.86964459529618,113.60893378588847
691.394360753998,168.29531095038652,37.86964459529618,113.60893378588847
693.7071218412467,168.29531095038652,37.86964459529618,113.60893378588847
697.1762634721198,168.29531095038652,37.86964459529618,113.60893378588847
699.4890245593685,168.29531095038652,37.86964459529618,113.60893378588847
702.3799759184295,168.87350122219868,37.86964459529618,113.60893378588847
704.1145467338661,169.4516914940109,37.86964459529618,113.60893378588847
706.4273078211148,170.02988176582306,37.86964459529618,113.60893378588847
708.1618786365514,171.18626230944744,37.86964459529618,113.60893378588847
709.8964494519879,171.76445258125966,37.86964459529618,113.60893378588847
712.2092105392367,171.76445258125966,37.86964459529618,113.60893378588847
713.365591082861,172.34264285307182,37.86964459529618,113.60893378588847
714.5219716264853,171.76445258125966,37.86964459529618,113.60893378588847
716.2565424419219,172.92083312488404,37.86964459529618,113.60893378588847
717.4129229855462,172.92083312488404,37.86964459529618,113.60893378588847
718.5693035291705,173.4990233966962,37.86964459529618,113.60893378588847
719.7256840727948,173.4990233966962,37.86964459529618,113.60893378588847
720.303874344607,173.4990233966962,37.86964459529618,113.60893378588847
719.7256840727948,172.92083312488404,37.86964459529618,113.60893378588847
718.5693035291705,172.92083312488404,37.86964459529618,113.60893378588847
717.4129229855462,172.92083312488404,37.86964459529618,113.60893378588847
716.2565424419219,172.34264285307182,37.86964459529618,113.60893378588847
714.5219716264853,171.76445258125966,37.86964459529618,113.60893378588847
712.2092105392366,172.34264285307182,37.86964459529618,113.60893378588847
709.8964494519878,171.76445258125966,37.86964459529618,113.60893378588847
707.2032309803124,172.35765124341626,38.63055936414946,115.89167809244833
704.4558976698856,171.7831533484042,39.40676319345332,118.22028958035989
702.0492622376755,171.18149449035167,39.40676319345332,118.22028958035989
699.6426268054654,171.7831533484042,39.40676319345332,118.22028958035989
697.8376502313077,171.7831533484042,39.40676319345332,118.22028958035989
695.4310147990976,172.38481220645673,39.40676319345332,118.22028958035989
693.62603822494,173.5881299225618,39.40676319345332,118.22028958035989
691.8210616507823,172.38481220645673,39.40676319345332,118.22028958035989
689.4144262185722,173.5881299225618,39.40676319345332,118.22028958035989
688.2111085024671,172.98647106450926,39.40676319345332,118.22028958035989
687.0077907863621,174.18978878061432,39.40676319345332,118.22028958035989
685.804473070257,174.79144763866685,39.40676319345332,118.22028958035989
683.9994964960994,174.18978878061432,39.40676319345332,118.22028958035989
682.1945199219417,174.18978878061432,39.40676319345332,118.22028958035989
680.9912022058367,174.18978878061432,39.40676319345332,118.22028958035989
680.3895433477841,174.79144763866685,39.40676319345332,118.22028958035989
680.3895433477841,174.79144763866685,39.40676319345332,118.22028958035989
681.9625156357127,177.10372907024257,38.66745404980621,116.00236214941856
680.191402174818,177.10372907024257,38.66745404980621,116.00236214941856
680.191402174818,177.10372907024257,38.66745404980621,116.00236214941856
680.191402174818,177.69410022387413,38.66745404980621,116.00236214941856
680.191402174818,178.2844713775057,38.66745404980621,116.00236214941856
681.7348639751823,180.5533721640724,37.942015063603826,113.82604519081141
682.0907784983723,180.46252529862937,37.230186017223815,111.69055805167139
681.5223514216738,178.75724406853374,37.230186017223815,111.6905580516714
682.4400157194946,180.37338280859933,36.53171157497911,109.5951347249373
682.9977785522603,180.37338280859933,36.53171157497911,109.5951347249373
683.5555413850259,180.37338280859933,36.53171157497911,109.5951347249373
684.1133042177917,180.37338280859933,36.53171157497911,109.5951347249373
684.6710670505572,179.81561997583367,36.53171157497911,109.5951347249373
685.228829883323,179.257857143068,36.53171157497911,109.5951347249373
685.7865927160885,178.70009431030235,36.53171157497911,109.5951347249373
686.6870407405797,180.28591271824456,35.84634119152808,107.5390235745842
687.5705954857468,181.29468097253218,35.17382902200299,105.52148706600893
687.9005430798361,182.28452375479984,34.51393383382456,103.54180150147363
685.2657651464876,181.23061258146046,34.51393383382456,103.54180150147364
685.2657651464876,181.23061258146046,34.51393383382456,103.54180150147364
684.7388095598179,180.70365699479078,34.51393383382456,103.54180150147364
684.2118539731482,180.70365699479078,34.51393383382456,103.54180150147364
682.6309872131392,180.1767014081211,34.51393383382456,103.54180150147364
681.5770760397999,181.23061258146046,34.51393383382456,103.54180150147364
680.5231648664605,180.1767014081211,34.51393383382456,103.54180150147364
679.4692536931212,180.70365699479078,34.51393383382456,103.54180150147364
677.3614313464425,180.1767014081211,34.51393383382456,103.54180150147364
674.726653413094,179.6497458214514,34.51393383382456,103.54180150147364
672.6188310664153,177.54192347477266,34.51393383382456,103.54180150147364
670.5110087197365,175.9610567147636,34.51393383382456,103.54180150147364
668.4031863730578,174.90714554142423,34.51393383382456,103.54180150147364
666.295364026379,173.85323436808486,34.51393383382456,103.54180150147364
664.1875416797003,172.79932319474548,34.51393383382456,103.54180150147364
662.6066749196913,172.2723676080758,34.51393383382456,103.54180150147364
662.0797193330216,172.2723676080758,34.51393383382456,103.54180150147364
659.6251527500813,171.23213489929122,35.207422306347596,105.62226691904274
658.550065339536,170.69459119401859,35.207422306347596,105.62226691904274
656.9374342237181,170.15704748874595,35.207422306347596,105.62226691904274
655.5086354449721,169.63345708941642,35.914845042749036,107.74453512824707
653.863601732144,168.53676794753105,35.914845042749036,107.74453512824708
653.3152571612013,167.44007880564567,35.914845042749036,107.74453512824708
652.5554667034635,170.09580857091623,35.24104767445403,105.72314302336204
651.2718735581922,170.01142879533535,34.5798913990826,103.73967419724775
650.5403244875123,170.4565946870283,33.9311390574563,101.79341717236886
649.8224999877729,172.44758142221403,33.294557939733174,99.88367381919949
649.1181425726955,171.85952397794767,32.66991970193387,98.00975910580158
648.9258009341703,173.77650579974832,32.05700028403382,96.17100085210141
648.2476244617251,174.1891931315779,31.455579829592093,94.36673948877623
648.5426930730771,174.59413804832016,30.865442606888088,92.5963278206642
646.9472228861719,174.99148580520054,30.28637693153776,90.85913079461322
646.4848132518225,174.99148580520054,30.28637693153776,90.85913079461322
647.2313238066598,176.30619820101407,29.718175090561672,89.15452527168497
647.6850581872436,175.39872943984653,29.718175090561672,89.15452527168497
648.1387925678274,175.39872943984653,29.718175090561672,89.15452527168497
648.5925269484112,175.39872943984653,29.718175090561672,89.15452527168497
649.046261328995,174.94499505926277,29.718175090561672,89.15452527168497
649.4999957095788,174.94499505926277,29.718175090561672,89.15452527168497
649.6551664441154,174.9567728822883,30.315302382656327,90.94590714796895
650.1180177096082,173.5682190858098,30.315302382656327,90.94590714796895
651.5065715060867,172.64251655482414,30.315302382656327,90.94590714796895
652.716646292336,172.5699307896294,29.746557872129053,89.23967361638712
654.0791494712304,172.1157630633313,29.746557872129053,89.23967361638712
655.4416526501248,173.0240985159275,29.746557872129053,89.23967361638712
656.8041558290191,172.56993078962938,29.746557872129053,89.23967361638712
657.7124912816154,171.66159533703316,29.746557872129053,89.23967361638712
659.0749944605097,170.75325988443694,29.746557872129053,89.23967361638712
660.8916653657022,169.84492443184072,29.746557872129053,89.23967361638712
662.7083362708947,170.29909215813885,29.746557872129053,89.23967361638712
664.0708394497891,170.29909215813885,29.746557872129053,89.23967361638712
665.8875103549816,169.39075670554263,29.746557872129053,89.23967361638712
667.7041812601741,168.02825352664829,29.746557872129053,89.23967361638712
669.9750198916646,168.02825352664829,29.746557872129053,89.23967361638712
671.7916907968571,167.57408580035016,29.746557872129053,89.23967361638712
674.5166971546457,165.75741489515772,29.746557872129053,89.23967361638712
676.3333680598382,165.3032471688596,29.746557872129053,89.23967361638712
679.3374115732406,165.68619090940277,29.18848356090152,87.56545068270452
681.5656470668949,163.90360251447927,29.18848356090152,87.56545068270452
685.1308238567419,162.56666121828664,29.18848356090152,87.56545068270452
687.3590593503963,162.56666121828664,29.18848356090152,87.56545068270452
690.0329419427815,162.12101411955575,29.18848356090152,87.56545068270452
692.413582435072,162.1325820167337,29.774967761090714,89.3249032832721
694.6865898645004,160.76877755907668,29.774967761090714,89.3249032832721
697.5696660520885,160.78057789001264,30.37323618831431,91.1197085649429
698.6557287153472,158.93767215083176,30.98352562304611,92.9505768691383
700.23666727254,157.53079054347478,31.606077603389977,94.81823281016989
701.3668129245964,157.06075787111368,32.241138520674895,96.72341556202463
703.5041761044336,156.5812808322668,32.88895971697082,98.6668791509124
706.825564297482,159.01326095539355,32.271930895688755,96.81579268706619
706.5013443437384,157.0551513126353,32.92037080317583,98.76111240952741
706.1706098384643,155.0576973728251,33.58183981372404,100.74551944117205
706.3459543451543,153.0201085910023,34.256599721101196,102.76979916330352
704.9557421501344,150.9415785377863,34.94491757929728,104.83475273789179
704.604668035674,149.35482038730805,35.6470658082181,106.94119742465425
703.7022836469627,147.19192336324323,36.36332230150263,109.08996690450783
702.2265757679974,146.0959510107371,37.093970536506724,111.28191160952011
701.6602284168063,148.36134041550164,37.09397053650673,111.28191160952012
699.5885217882378,149.50873609528117,37.83929968649676,113.51789905949022
697.4751883583816,147.21282458534273,38.59960473509754,115.79881420529256
695.1178474123933,148.98083029483394,38.59960473509754,115.79881420529256
691.7833803009368,150.76413369040583,39.37518659303986,118.1255597791195
691.1822035515328,148.35942669278978,39.37518659303986,118.12555977911951
689.9798500527247,150.1629569410018,39.37518659303986,118.12555977911951
688.7774965539166,148.35942669278978,39.37518659303986,118.12555977911951
687.5751430551086,150.76413369040583,39.37518659303986,118.12555977911951
688.5456781724929,148.86632504732688,38.63646985707912,115.9094095712373
689.4980051086321,148.77381540669717,37.91161216441966,113.73483649325891
689.8536344378664,147.5253792791155,37.200353505951234,111.60106051785365
688.7176912445792,150.36523726233338,37.200353505951234,111.60106051785365
688.9119294897253,150.3799804011279,37.94782020894631,113.84346062683889
689.110070563931,146.91871667420062,38.71030576040467,116.13091728121395
690.064217436515,143.87090319563572,37.98406283450009,113.95218850350021
691.5804007862688,142.62008125460977,37.27144493110736,111.81433479332203
692.4990820500598,142.53083997586248,36.57219643157352,109.71658929472054
691.9407010982045,141.97245902400726,36.57219643157352,109.71658929472055
692.4990820500598,144.20598283142812,36.57219643157352,109.71658929472055
692.4990820500598,141.97245902400726,36.57219643157352,109.71658929472055
693.057463001915,140.85569712029684,36.57219643157352,109.71658929472055
695.6340517686727,144.67679675758356,35.88606651289975,107.65819953869925
695.6340517686727,141.93727084268482,35.88606651289975,107.65819953869926
698.1623012281565,145.68668294027782,35.21280905777025,105.63842717331076
699.2375531275584,144.07380509117502,35.21280905777026,105.63842717331076
702.7936220715146,144.5271188787259,34.55218256626907,103.65654769880719
702.7936220715146,143.99957931390577,34.55218256626907,103.65654769880719
705.4313198956153,145.58219800836613,34.55218256626907,103.65654769880719
708.5965572845361,144.52711887872587,34.55218256626907,103.65654769880719
709.8320474768444,142.95819380744967,35.24643957057311,105.73931871171932
713.0608839806208,143.49633322474574,35.24643957057311,105.73931871171932
715.7515810671011,142.42005439015364,35.24643957057311,105.73931871171932
717.9041387362854,140.80563613826547,35.24643957057311,105.73931871171932
721.6711146573577,141.88191497285757,35.24643957057311,105.73931871171932
724.3618117438381,142.42005439015364,35.24643957057311,105.73931871171932
729.5356952157917,142.87380112172525,34.58518213799466,103.75554641398396
733.028381411892,144.9031653217932,33.936330536968775,101.8089916109063
735.9374046310277,146.89445667884343,33.29965202204878,99.89895606614633
738.4794848458854,147.91128876478652,33.29965202204878,99.89895606614634
742.0383971466863,149.43653689370117,33.29965202204878,99.89895606614634
745.4012603083808,150.37363760529644,32.6749182143186,98.0247546429558
749.1999105559418,151.29315739756578,32.061905019472384,96.18571505841714
752.1370199652539,151.29315739756578,32.061905019472384,96.18571505841714
755.074129374566,151.78267563245115,32.061905019472384,96.18571505841714
758.3119950198989,152.68494434051314,31.460392547431063,94.38117764229318
761.0087807641295,154.05062000890896,30.870165033466982,92.61049510040094
764.1262950467933,154.919351417897,30.291010760808298,90.87303228242489
765.5137361964865,154.919351417897,30.2910107608083,90.87303228242489
766.4386969629487,154.919351417897,30.2910107608083,90.87303228242489
769.9602040336227,155.30930419883526,29.722721984695397,89.16816595408618
771.7754192422137,154.85550039668752,29.722721984695397,89.16816595408618
773.5906344508047,153.94789279239203,29.722721984695397,89.16816595408618
774.952045857248,153.49408899024428,29.722721984695397,89.16816595408618
776.767261065839,152.5864813859488,29.722721984695397,89.16816595408618
778.8612898378466,154.33052968049427,29.16509485786208,87.49528457358622
779.7518698421485,154.33052968049427,29.165094857862083,87.49528457358622
780.6424498464504,154.33052968049427,29.165094857862083,87.49528457358622
782.4236098550542,154.33052968049427,29.165094857862083,87.49528457358622
783.3141898593561,153.8852396783433,29.165094857862083,87.49528457358622
784.3570527403195,154.34208830832765,29.751109108841106,89.25332732652329
785.8751070793143,156.1708280403268,30.34889814416505,91.04669443249512
786.801835484331,161.26783426791891,30.348898144165055,91.04669443249513
786.4969352791258,157.5729484372526,30.95869855457577,92.87609566372726
789.6233903794448,155.13544925247535,30.37788330709016,91.13364992127042
790.8359631648168,153.671293410003,29.80796471765098,89.42389415295288
791.2910684452188,154.12639869040498,29.807964717650982,89.42389415295288
790.5364974472809,150.9524751357873,30.406896152722744,91.22068845816817
792.3934962904854,149.55972600338393,30.406896152722744,91.22068845816817
791.0007471580819,148.16697687098056,30.406896152722744,91.22068845816817
791.7502283181813,147.62992208647168,29.836433254126426,89.50929976237921
792.2057682535957,146.71884221564278,29.836433254126426,89.50929976237921
793.2726363331514,149.46390651889567,30.43593670750159,91.3078101225047
792.6287539982799,148.46164571295463,29.86492897989764,89.59478693969287
792.1727789927293,148.46164571295463,29.86492897989764,89.59478693969287
792.6287539982799,148.00567070740405,29.86492897989764,89.59478693969287
794.6085910170362,147.561531685965,30.465004997890727,91.3950149936721
796.4691386623847,148.02666859730215,30.46500499789073,91.3950149936721
798.7948232190703,149.42207933131345,30.46500499789073,91.3950149936721
795.0737279283734,148.95694241997631,30.46500499789073,91.3950149936721
798.3296863077331,149.42207933131345,30.46500499789073,91.3950149936721
804.6622426935947,149.81427203541418,29.893451920932172,89.68035576279642
806.1875600936986,148.91329834124323,30.494101050379463,91.4823031511383
805.2563977992853,149.3788794884499,30.494101050379463,91.4823031511383
803.5532953714626,147.52864023542864,31.10681902278474,93.32045706835413
802.1284871638701,147.05370416623114,31.106819022784745,93.32045706835413
799.7538068178826,146.10383202783615,31.106819022784745,93.32045706835413
797.0666118145828,144.69135198670142,31.73184833740956,95.19554501222858
792.2218222182239,142.268957188522,31.731848337409563,95.19554501222858
796.0976538953109,141.78447822888612,31.731848337409563,95.19554501222858
791.4185492442662,139.859138266649,32.36943636605313,97.10830909815928
784.4995589090603,137.38807028978977,32.36943636605314,97.10830909815928
778.0747821692262,131.95172074069941,32.36943636605314,97.10830909815928
771.6500054293921,127.50379838235276,32.36943636605314,97.10830909815928
771.1557918340202,125.52694400086534,32.36943636605314,97.10830909815928
764.9000291471065,123.06870458739513,33.01983545095624,99.0595063528686
762.5517200536738,121.06521559853371,33.68330300467231,101.04990901401679
761.3248650167211,123.55593358090728,33.05137153196188,99.15411459588549
759.1117763333143,125.49529795616158,32.43129570731976,97.29388712195914
751.853742507039,123.03236074477257,33.082937731966936,99.24881319590067
752.1640765256424,124.46847006958427,32.4622696947602,97.38680908428047
745.5297548506311,125.87763658892123,31.853245992634324,95.55973797790284
745.8285537636704,126.77403332803888,31.255648166555893,93.76694449966755
742.0108867319958,126.29682494907956,31.255648166555897,93.76694449966755
738.6704280792806,126.29682494907956,31.255648166555897,93.76694449966755
739.1476364582398,126.29682494907956,31.255648166555897,93.76694449966755
735.8071778055246,127.2512417069982,31.255648166555897,93.76694449966755
737.4020014520565,126.7864204780416,31.883667905166504,95.65100371549937
732.7005098401875,126.31225959613158,32.52430644438502,97.5729193331549
736.3463794960564,127.31830581233228,33.17781733377205,99.53345200131598
737.6707152955684,133.82409262131077,32.555369263102136,97.66610778930624
735.4908384565504,137.22551014119423,31.944598922669357,95.8337967680079
733.0522023759356,129.90960189934995,31.944598922669357,95.8337967680079
721.8344764051077,122.59369365750567,31.944598922669357,95.8337967680079
720.3712947567388,120.1550575768909,31.944598922669357,95.8337967680079
718.90811310837,117.71642149627613,31.944598922669357,95.8337967680079
719.2077689562474,116.17675295929328,31.345287226914742,94.03586168074405
717.2934610364935,112.82671409972386,31.345287226914742,94.03586168074405
718.0660720296207,118.01600895873666,30.757219200537158,92.27165760161128
718.3545896791989,116.53356985211994,30.180183901380865,90.5405517041424
718.6376944575044,121.06919049801755,29.613974344769808,88.84192303430922
718.6376944575044,119.26061668552728,29.61397434476981,88.84192303430922
719.8197748215036,120.09399705878982,29.058387429261447,87.17516228778413
720.9796782100093,122.68638561853486,28.51322386379352,85.53967159138037
721.1285574018663,120.95633671708292,29.086140070888725,87.25842021266598
722.2895685732155,122.21894759272534,28.54045583891453,85.62136751674339
724.7360572597186,124.3293768036986,28.005009173021616,84.01502751906466
725.5912130996476,124.3293768036986,28.00500917302162,84.01502751906466
726.8739468595411,124.7569547236631,28.005009173021623,84.01502751906466
729.0118364593636,124.3293768036986,28.005009173021623,84.01502751906466
731.5773039791507,123.47422096376958,28.005009173021623,84.01502751906466
735.6882058420775,125.97263439336646,27.47960800652907,82.438824019587
738.2055426999831,124.71396596441366,27.47960800652907,82.438824019587
737.7859865569989,102.4774903862477,27.47960800652907,82.438824019587
740.9806516230966,97.37702058009152,26.964063876113393,80.89219162833999
745.3504362573478,101.01762264926077,26.458191854206067,79.37457556261802
747.61843321584,98.53050467023078,25.961810482659327,77.8854314479778
764.9064172163568,85.78410116197878,25.47474170765646,76.42422512296919
767.8680048555245,87.27888955491605,24.996810815843258,74.99043244752959
769.0129519228528,88.04218759980161,24.99681081584326,74.9904324475296
771.918977302045,89.89058133340828,24.5278463716577,73.58353911497292
773.4169329667632,90.26507024958781,24.5278463716577,73.58353911497292
774.5403997153018,91.01404808194685,24.5278463716577,73.58353911497292
776.268438487931,92.82776415421891,24.06768015583537,72.20304046750593
778.4732173307068,93.56269043514418,24.06768015583537,72.20304046750593
778.1057541902442,94.29761671606944,24.06768015583537,72.20304046750593
779.2081436116321,95.0325429969947,24.06768015583537,72.20304046750593
778.5988845224839,94.30715515093792,24.55127205320657,73.65381615961952
778.2240379451399,94.30715515093792,24.551272053206574,73.65381615961952
777.8491913677959,94.68200172828188,24.551272053206578,73.65381615961952
776.4779972810815,94.3168852415782,25.044580762571655,75.13374228771477
774.6968734219602,93.9444324693072,25.54780152383401,76.64340457150182
773.5266889273502,94.72455546571388,25.54780152383401,76.64340457150182
771.7097769465277,95.12474199629631,26.061133499852406,78.18340049955701
767.7307869076602,96.31843900795653,26.06113349985241,78.18340049955702
765.4794687105202,96.72666648649795,26.584779855264948,79.75433956579462
762.7770207882733,96.73720249119386,27.118947836896787,81.35684351069014
758.778123730472,97.57604942880056,27.663848855783556,82.99154656735044
754.6988768340882,98.00938220249637,28.219698570842816,84.65909571252821
750.5376656298155,98.88227770967855,28.786716974226763,86.36015092268005
747.1718691352416,100.65173823271292,29.365128478389906,88.09538543516946
742.8417554973362,101.11172023448756,29.955162004906192,89.86548601471833
745.2849270130203,124.90593108613761,30.557051075070774,91.67115322521207
737.0467171381005,132.38271756898362,31.171033902322172,93.51310170696625
734.1912181614522,134.76230004952387,31.171033902322176,93.51310170696625
731.0225593927042,134.77465366544095,31.797353486521537,95.39206045956433
726.8192745907871,135.27273458882698,32.43625771012621,97.30877313037836
715.9241306048046,138.7393713116396,32.43625771012621,97.30877313037837
711.4670262469027,141.71077421690754,32.43625771012621,97.30877313037838
707.5051557065455,143.1964756695415,32.43625771012621,97.30877313037838
704.5337528012775,143.69170948708617,32.43625771012621,97.30877313037838
706.323722099929,149.55685120058536,31.827722018091144,95.48316605427317
703.4080655985598,149.55685120058536,31.827722018091144,95.48316605427317
706.6222815856944,153.854128909479,31.23060304656033,93.69180913968073
704.7149776162674,153.37730291712225,31.230603046560333,93.69180913968073
708.8225437750161,158.54761150801716,30.64468660677085,91.93405982031229
708.1742452667954,159.40999762564996,30.06976252834896,90.20928758504662
712.1291333225564,161.63351169862176,29.505624583921215,88.5168737517634
716.0098238379771,165.16677802506624,28.952070415139957,86.85621124541963
719.5461243534427,163.84066533176667,28.95207041513996,86.85621124541963
714.8348817336852,159.87380145445724,29.53380436599137,88.60141309797385
716.915600858975,156.64665090080462,28.979721517134355,86.93916455140281
719.5703592925593,156.20419116187392,28.979721517134358,86.93916455140283
728.862013810104,168.59306385193366,28.979721517134358,86.93916455140283
739.4810475444409,174.34504045803283,28.979721517134358,86.93916455140283
746.1179436284015,177.44225863054777,28.979721517134358,86.93916455140283
751.8699202345006,176.55733915268635,28.979721517134358,86.93916455140283
758.9492760573919,180.097017064132,28.979721517134358,86.93916455140283
761.4334186103291,176.48795124967617,28.436033800566868,85.30810140170037
785.5788944655133,166.86837231044308,27.90254619351291,83.7076385805385
791.3788097155441,167.22757707813267,27.37906733201314,82.13720199603921
797.4879340206038,170.92421159282654,26.865409442281916,80.59622832684555
803.4824452214043,173.32095780803135,26.361388273352162,79.08416482005629
808.5595270384359,177.68515506846944,25.866823030983852,77.60046909295136
812.9037822219573,180.0547488049356,25.866823030983852,77.60046909295136
809.4844528690883,197.8369532945115,26.38656510614541,79.15969531843604
810.4279632344558,200.66748439061428,26.916750358823194,80.75025107646937
809.7465816181029,204.37681431577698,27.457588623783032,82.37276587134888
810.309168860117,203.54925632345046,28.009293952000707,84.0278818560019
810.5719096366704,209.04155538847186,27.483812398893754,82.45143719668104
808.8934282956202,209.88079605899696,27.483812398893754,82.45143719668104
806.7953266193075,211.5592774000471,27.483812398893754,82.45143719668104
804.2776046077322,212.81813840583476,27.483812398893754,82.45143719668104
801.7598825961569,214.4966197468849,27.483812398893754,82.45143719668104
800.6445258043664,211.57016970677577,28.036044641424724,84.10813392427396
801.6470169818532,208.1568667393517,28.599372886404872,85.7981186592144
797.4298198848918,210.35146421588706,29.174020085811406,87.52206025743399
794.018739190092,208.1358950223646,29.760213671395615,89.28064101418661
784.1778525457902,212.23707550213814,30.358185644694966,91.07455693408467
781.5553290176234,210.39508295946496,30.96817266885382,92.90451800656123
777.7727751829027,209.92226373012488,30.96817266885382,92.90451800656123
768.3163905961007,212.75917910616545,30.96817266885382,92.90451800656123
771.3150034547638,209.46171771931205,31.590416162289102,94.77124848686708
768.103712822098,212.36815506031053,32.22516239423798,96.67548718271371
765.3199085603092,206.96880727629807,32.8726625822254,98.61798774667598
760.9744788977748,206.98183527687655,33.53317299149006,100.59951897446993
756.5417365170313,207.50710646885625,34.206955036408075,102.62086510922396
752.885855879858,208.55164379376288,34.206955036408075,102.62086510922396
748.7077065802315,211.1629871060295,34.206955036408075,102.62086510922396
736.1732586813519,216.90794239301601,34.206955036408075,102.62086510922396
731.9951093817253,219.51928570528264,34.206955036408075,102.62086510922396
734.606452693992,217.9524797179227,34.206955036408075,102.62086510922396
730.9505720568187,221.60836035509595,34.206955036408075,102.62086510922396
728.1378379287593,226.74914319470366,33.5651993430873,100.69559802926165
724.8654030290678,227.18124639951054,32.93548360975336,98.80645082925983
722.6600740916957,230.62237864625857,32.317581955065435,96.95274586519605
720.9895411536496,232.02526436266788,31.711272735435998,95.13381820630775
719.0528819007461,234.93025324202318,31.711272735435998,95.13381820630775
722.2553379150562,235.8226546468875,31.11633846552646,93.34901539657915
718.9297680368028,240.098387347499,31.11633846552646,93.34901539657916
723.0223056888814,241.4491278466162,30.53256574023438,91.59769722070291
722.5561372663062,242.38146469176644,30.532565740234382,91.59769722070291
722.5561372663062,245.17847522721712,30.532565740234386,91.59769722070291
723.9546425340316,245.64464364979222,30.532565740234386,91.59769722070291
727.2178214920574,244.71230680464197,30.532565740234386,91.59769722070291
724.5802339574726,242.85973369436394,31.146056583652914,93.4381697509585
729.3355854043718,246.6640148518833,31.146056583652914,93.4381697509585
733.6154017065811,245.23740941781355,31.146056583652914,93.4381697509585
732.3514225597336,243.82314770072065,31.77187429858825,95.3156228957645
737.3682172204668,241.41028907824182,32.41026656886979,97.2307997066091
736.3785432461149,246.85349593717723,32.41026656886979,97.2307997066091
740.5064663876142,243.897318759221,33.06148605503809,99.184458165114
739.4969068940957,249.44989597357298,33.06148605503809,99.184458165114
742.6982129017587,247.4438798210986,33.725790494341965,101.17737148302562
743.2131351879696,252.07818039699671,33.725790494341965,101.17737148302562
745.9638427510336,249.51693507575976,34.40344280274478,103.21032840823406
747.5396486101567,253.19381541371393,34.40344280274478,103.21032840823408
752.4467006191164,246.37895803257547,35.09471117898033,105.28413353694071
754.5899919874505,246.914780874659,35.09471117898033,105.28413353694073
755.3090586557579,246.92868951124714,35.79986921069958,107.39960763209848
754.9493952697326,247.4894667445198,36.51919598275017,109.55758794825024
756.0645387614278,248.04703849036738,36.51919598275017,109.55758794825026
755.5069670155801,248.604610236215,36.51919598275017,109.55758794825026
754.3918235238849,249.71975372791027,36.51919598275017,109.55758794825026
752.3522181839014,249.1766551664358,37.25297618763157,111.75892856289445
750.0771180441536,249.1766551664358,37.25297618763157,111.75892856289445
746.8589808441998,249.19141916050256,38.00150023816965,114.0045007145087
743.95796368563,249.7716225922165,38.00150023816965,114.00450071450871
741.6371499587742,249.7716225922165,38.00150023816965,114.00450071450872
738.7361328002045,249.19141916050256,38.00150023816965,114.00450071450872
735.8351156416347,249.7716225922165,38.00150023816965,114.00450071450872
732.934098483065,250.3518260239304,38.00150023816965,114.00450071450872
730.0330813244952,251.51223288735832,38.00150023816965,114.00450071450872
726.5518607342116,251.51223288735832,38.00150023816965,114.00450071450872
724.2310470073558,252.09243631907225,38.00150023816965,114.00450071450872
721.330029848786,255.57365690935592,38.00150023816965,114.00450071450872
718.4290126902163,256.7340637727838,38.00150023816965,114.00450071450872
716.1081989633605,257.89447063621174,38.00150023816965,114.00450071450872
713.2071818047907,259.63508093135357,38.00150023816965,114.00450071450872
710.8863680779349,261.3756912264954,38.00150023816965,114.00450071450872
707.9853509193651,264.2767083850651,38.00150023816965,114.00450071450872
706.0210097155185,266.50653281752034,37.2885551921514,111.86566557645399
709.4369192270715,264.22925980981836,37.2885551921514,111.86566557645399
712.6332952390219,263.00134105908546,36.58898568750537,109.7669570625159
711.516020661662,259.6495173270056,36.58898568750537,109.7669570625159
714.0937922670911,265.70692027725295,35.90254078608703,107.70762235826088
712.9974788457375,264.06245014522267,35.90254078608703,107.70762235826088
717.7195157953976,259.5912328311929,35.22897425759511,105.68692277278512
715.5680247614212,262.8184693821575,35.22897425759511,105.68692277278512
717.7195157953976,262.28059662366337,35.22897425759511,105.68692277278512
718.7952613123858,263.3563421406516,35.22897425759511,105.68692277278512
720.9467523463622,263.3563421406516,35.22897425759511,105.68692277278512
722.5603706218445,263.8942148991457,35.22897425759511,105.68692277278512
724.7118616558209,265.50783317462805,35.22897425759511,105.68692277278512
726.3254799313032,267.1214514501104,35.22897425759511,105.68692277278512
729.5527164822679,268.7350697255927,35.22897425759511,105.68692277278512
734.1861634333943,267.57497334113714,34.56804449124791,103.70413347374351
735.7695086631163,270.21388205734047,34.56804449124792,103.70413347374352
738.9361991225604,271.2694455438218,34.56804449124792,103.70413347374354
742.6306713252452,270.74166380058114,34.56804449124792,103.70413347374354
746.6494085689957,274.8811493832222,33.9195144091166,101.75854322734958
748.7209287499251,272.80962920229285,33.9195144091166,101.75854322734958
752.8639691117837,271.2559890665959,33.9195144091166,101.75854322734958
756.1483570268988,271.269431952527,34.601059212138985,103.80317763641672
758.4421665304301,271.81143075534635,35.296298294888494,105.88889488466525
763.2922724320995,267.500225509418,35.296298294888494,105.88889488466525
766.5256763665458,268.5780268209001,35.296298294888494,105.88889488466525
768.3266747286904,269.13091600566446,36.00550681652769,108.01652044958283
772.7245050216252,266.93200085919705,36.00550681652769,108.01652044958284
776.5726065279432,268.0314584324307,36.00550681652769,108.01652044958284
778.7715216744106,266.93200085919705,36.00550681652769,108.01652044958284
782.0698943941117,267.4817296458139,36.00550681652769,108.01652044958284
786.255745036034,267.94524826601,35.33000854531902,105.99002563595683
787.6659883514073,267.8606554860262,34.667183277624254,104.00154983287254
789.2538745069121,267.8606554860262,34.667183277624254,104.00154983287256
790.3124652772486,267.8606554860262,34.667183277624254,104.00154983287256
791.0227721907864,267.87439468596676,35.36375099122156,106.09125297366447
790.6674902664532,267.8884099476517,36.074314839888174,108.22294451966431
789.7542903211868,268.45348615921716,36.79915604796605,110.39746814389792
789.3845875999509,268.4680702965709,37.538561490437836,112.61568447131327
788.8114522747176,267.89493497133753,37.538561490437836,112.61568447131327
788.2383169494842,268.4680702965709,37.538561490437836,112.61568447131327
787.2880504662371,268.4829474729964,38.29282380646521,114.87847141939537
789.62665579953,268.4829474729964,38.29282380646521,114.87847141939537
787.0626044124393,270.14521464489565,37.574413247414505,112.72323974224327
784.1941908795322,270.71889735147704,37.57441324741451,112.72323974224327
787.6362871190207,268.99784923173286,37.57441324741451,112.72323974224327
785.341556292695,270.71889735147704,37.57441324741451,112.72323974224327
783.6205081729507,270.14521464489565,37.57441324741451,112.72323974224327
790.2834841850196,268.90788253759,36.86948076806783,110.60844230420322
788.5947245992343,268.90788253759,36.86948076806783,110.60844230420324
786.125978920345,275.0117221872048,36.17777350656196,108.53332051968563
789.4401325524998,272.24992749374246,36.17777350656196,108.53332051968565
792.7542861846546,270.59285067766507,36.17777350656196,108.53332051968566
791.6495683072696,271.69756855505,36.17777350656196,108.53332051968566
797.1731576941943,267.83105598420275,36.17777350656196,108.53332051968566
800.4873113263491,265.0692612907404,36.17777350656196,108.53332051968566
802.1443881424265,265.6216202294329,36.17777350656196,108.53332051968566
804.3538238971963,266.7263381068178,36.17777350656196,108.53332051968566
807.1156185906586,266.17397916812536,36.17777350656196,108.53332051968566
809.3250543454285,266.17397916812536,36.17777350656196,108.53332051968566
812.6392079775833,265.6216202294329,36.17777350656196,108.53332051968566
814.2962847936607,267.2786970455103,36.17777350656196,108.53332051968566
815.5899016082044,266.7406759796017,36.90469350962931,110.7140805288877
818.9706465292901,266.1772184927541,36.90469350962931,110.71408052888772
821.7879339635282,268.43104844014454,36.90469350962931,110.71408052888772
823.1075434207265,268.4456744038063,37.6462195163183,112.93865854895466
824.831880535119,269.59523248006803,37.6462195163183,112.93865854895468
825.9814386113807,270.74479055632975,37.6462195163183,112.93865854895468
827.7057757257732,271.89434863259146,37.6462195163183,112.93865854895468
830.5796709164274,271.89434863259146,37.6462195163183,112.93865854895468
832.3040080308199,272.4691276707223,37.6462195163183,112.93865854895468
834.6031241833433,273.0439067088531,37.6462195163183,112.93865854895468
838.9797172675987,274.6781051990027,36.939939881639134,110.81981964491719
840.1077085180657,271.2941314476023,36.939939881639134,110.8198196449172
838.9797172675987,273.5501139485359,36.939939881639134,110.81981964491722
845.5301837166143,270.6416882862463,36.24691073874298,108.74073221622878
843.3165256380814,271.19510280587946,36.24691073874298,108.74073221622878
842.2096965988151,270.6416882862463,36.24691073874298,108.74073221622878
841.1028675595487,269.53485924697986,36.24691073874298,108.74073221622878
839.9960385202824,269.53485924697986,36.24691073874298,108.74073221622878
838.889209481016,268.9814447273467,36.24691073874298,108.74073221622878
836.6755514024832,268.4280302077135,36.24691073874298,108.74073221622878
834.4618933239503,268.4280302077135,36.24691073874298,108.74073221622878
831.1414062061511,268.4280302077135,36.24691073874298,108.74073221622878
827.2675045687188,268.4280302077135,36.24691073874298,108.74073221622878
823.9470174509196,267.8746156880803,36.24691073874298,108.74073221622878
820.0731158134872,267.8746156880803,36.24691073874298,108.74073221622878
816.3884741069513,266.78215192187,36.975219916216545,110.92565974864947
813.194331172182,265.103203003629,37.718163009993084,113.15448902997908
809.1631889184733,264.5273255388135,37.718163009993084,113.15448902997908
806.2838015943958,263.37557060918243,37.718163009993084,113.15448902997908
803.758228952559,265.0128921207204,37.01053364551149,111.03160093653429
800.3677882863578,264.44781867635345,37.01053364551149,111.03160093653429
796.9773476201567,263.3176717876198,37.01053364551149,111.03160093653429
794.7170538426893,262.18752489888607,37.01053364551149,111.03160093653429
790.5436430629829,264.359202113305,36.31618009505466,108.94854028516382
786.1078661203182,263.8047299954719,36.31618009505466,108.94854028516382
782.7810334133197,263.25025787763883,36.31618009505466,108.94854028516382
778.8997285884882,262.69578575980574,36.31618009505466,108.94854028516382
775.5728958814897,261.5868415241396,36.31618009505466,108.94854028516382
770.3688381049564,263.1633038473647,35.634853291459955,106.9045598743797
767.6484896925585,262.07516448240557,35.634853291459955,106.90455987437971
762.7518625502425,262.61923416488514,35.634853291459955,106.90455987437971
757.3111657254469,263.7073735298443,35.634853291459955,106.90455987437971
754.5908173130491,262.61923416488514,35.634853291459955,106.90455987437971
749.1501204882535,264.2514432123238,35.634853291459955,106.90455987437971
744.4395574748244,263.72149623402544,36.35086439864526,109.05259319593563
739.9995440779473,262.6114928848062,36.35086439864526,109.05259319593563
736.3043350711085,262.07089768187285,37.08126231700724,111.24378695102158
732.5348782296954,262.08559362278453,37.826336120742866,113.47900836222846
730.2247620617684,260.930535538821,37.826336120742866,113.47900836222846
728.4921749358231,261.5080645808028,37.826336120742866,113.47900836222846
728.8470043343636,263.15008181840653,37.116677323661555,111.35003197098452
727.7136162616803,263.7167758547482,37.11667732366156,111.35003197098452
728.8470043343636,263.15008181840653,37.11667732366156,111.35003197098452
729.980392407047,263.7167758547482,37.11667732366156,111.35003197098452
731.6804745160721,263.7167758547482,37.11667732366156,111.35003197098452
733.3805566250971,264.2834698910899,37.11667732366156,111.35003197098452
736.7807208431472,264.8501639274316,37.11667732366156,111.35003197098452
737.9141089158305,265.4168579637733,37.11667732366156,111.35003197098452
741.3142731338805,264.2834698910899,37.11667732366156,111.35003197098452
744.1477433155889,264.8501639274316,37.11667732366156,111.35003197098452
746.4145194609556,264.8501639274316,37.11667732366156,111.35003197098452
751.2962442061541,263.6279051454603,36.420332414731284,109.26099724419367
752.7500092191365,264.09676404290576,35.73705161248181,107.21115483744524
756.3590203371989,265.64808676635215,35.06658982158582,105.1997694647573
756.8944138249684,264.577299790813,35.06658982158582,105.19976946475731
758.5005942882771,265.1126932785826,35.06658982158582,105.19976946475731
760.1067747515857,265.64808676635215,35.06658982158582,105.19976946475731
761.7129552148944,266.1834802541217,35.06658982158582,105.19976946475731
762.7837421904335,267.25426722966085,35.06658982158582,105.19976946475731
763.319135678203,268.8604476929695,35.06658982158582,105.19976946475731
763.8545291659725,268.32505420519993,35.06658982158582,105.19976946475731
763.8545291659725,269.39584118073907,35.06658982158582,105.19976946475731
763.8545291659725,270.4666281562782,35.06658982158582,105.19976946475731
764.389922653742,269.93123466850864,35.06658982158582,105.19976946475731
764.9253161415115,270.4666281562782,35.06658982158582,105.19976946475731
764.9253161415115,271.0020216440478,35.06658982158582,105.19976946475731
764.389922653742,272.0728086195869,35.06658982158582,105.19976946475731
764.9253161415115,272.6082021073565,35.06658982158582,105.19976946475731
763.8545291659724,273.6789890828956,35.06658982158582,105.19976946475731
763.3191356782029,273.14359559512604,35.06658982158582,105.19976946475731
763.3191356782029,274.2143825706652,35.06658982158582,105.19976946475731
762.2483487026637,275.2851695462043,35.06658982158582,105.19976946475731
760.6421682393551,276.35595652174345,35.06658982158582,105.19976946475731
759.571381263816,276.35595652174345,35.06658982158582,105.19976946475731
759.9003229021378,279.4843553877868,34.40870654494238,103.226119634827
759.3749739160953,276.8576104575747,34.40870654494238,103.226119634827
758.503937859749,275.29520026062096,35.10008068554991,105.30024205664958
757.9680330365301,274.759295437402,35.10008068554991,105.3002420566496
756.8962233900921,277.4388195534969,35.10008068554991,105.3002420566496
756.3603185668732,276.36700990705896,35.10008068554991,105.3002420566496
754.7526040972162,275.83110508384,35.10008068554991,105.3002420566496
753.1448896275593,277.4388195534969,35.10008068554991,105.3002420566496
750.6486373740761,275.3091110252368,35.80534660676467,107.41603982029386
747.5555551652317,275.32330129884605,36.5247834361344,109.57435030840304
745.5156377647152,274.78011964304784,37.25867590971665,111.77602772914979
743.8090515913971,274.78011964304784,37.25867590971665,111.77602772914979
742.6713274758516,275.9178437585932,37.25867590971665,111.77602772914979
741.1592840727792,273.65716178046694,38.00731448477059,114.0219434543116
739.9986996665801,273.65716178046694,38.00731448477059,114.02194345431161
738.8381152603811,273.07686957736735,38.00731448477059,114.02194345431161
738.2578230572815,272.4965773742679,38.00731448477059,114.02194345431161
738.2578230572815,271.3359929680688,38.00731448477059,114.02194345431161
739.1946423238463,272.40557415846445,37.29426035784016,111.8827810735203
740.6832913091408,272.88568360923233,36.594583818745775,109.78375145623718
742.7027345543471,273.9155085009271,35.90803389094927,107.72410167284767
742.1544939754475,274.4637490798267,35.90803389094927,107.72410167284767
743.2509751332468,276.6567113954253,35.90803389094927,107.72410167284767
744.8956968699457,274.4637490798267,35.90803389094927,107.72410167284767
747.425493977781,276.02249403543624,35.234364306476024,105.70309291942795
747.425493977781,274.94658392890085,35.234364306476024,105.70309291942795
748.8319195287655,275.93813026224825,34.57333341757778,103.7200002527332
750.7398216647812,276.3832117294515,33.92470411005267,101.77411233015789
750.7398216647812,276.3832117294515,33.92470411005267,101.77411233015789
750.7398216647812,276.3832117294515,33.92470411005267,101.77411233015789
750.2218623836694,276.9011710105633,33.92470411005267,101.77411233015789
749.7039031025577,276.9011710105633,33.92470411005267,101.77411233015789
748.667984540334,277.4191302916751,33.92470411005267,101.77411233015789
747.6320659781104,278.97300813501056,33.92470411005267,101.77411233015789
746.078188134775,278.97300813501056,33.92470411005267,101.77411233015789
745.5602288536633,279.4909674161224,33.92470411005267,101.77411233015789
744.183485751598,279.50441235882107,34.60635318973596,103.81905956920775
743.6551191146508,280.56114563271547,34.60635318973596,103.81905956920777
742.5983858407565,280.56114563271547,34.60635318973596,103.81905956920777
741.1939798395415,278.98976081380624,35.301698644377325,105.90509593313186
740.3003382163274,279.00375148308075,36.0110156752388,108.03304702571629
738.6508995302232,277.9041256923446,36.0110156752388,108.03304702571629
737.7393019658738,277.9183974761369,36.734585013201375,110.203755039604
736.9621696372011,279.51302249124166,36.04540852704801,108.13622558114392
735.3111556303447,278.41234648667074,36.04540852704801,108.13622558114393
734.5486030587962,280.5273927903088,35.36916166100322,106.10748498300956
733.2603435870165,279.90269313669387,34.70560184283839,104.11680552851506
731.1408157617768,278.31304726776415,34.70560184283839,104.11680552851506
729.732382020243,277.79691973733185,35.40294150066654,106.20882450199952
727.5702665224107,276.1753331139577,35.40294150066654,106.20882450199952
725.9486798990367,275.09427536504165,35.40294150066654,106.20882450199952
723.7865644012045,274.5537464905836,35.40294150066654,106.20882450199952
722.1649777778305,273.4726887416675,35.40294150066654,106.20882450199952
719.4623334055402,272.93215986720946,35.40294150066654,106.20882450199952
716.7596890332502,273.4726887416675,35.40294150066654,106.20882450199952
713.5165157865019,273.4726887416675,35.40294150066654,106.20882450199952
710.2733425397537,272.93215986720946,35.40294150066654,106.20882450199952
705.9491115440894,272.93215986720946,35.40294150066654,106.20882450199952
702.8907915200127,271.86513291185014,36.11429280423943,108.34287841271819
699.5824531932176,271.3137431907176,36.11429280423943,108.34287841271819
695.1713354241574,271.3137431907176,36.11429280423943,108.34287841271819
692.9657765396273,270.21096374845257,36.11429280423943,108.34287841271819
688.5546587705671,270.21096374845257,36.11429280423943,108.34287841271819
684.6949307226395,269.1081843061875,36.11429280423943,108.34287841271819
681.3865923958443,268.0054048639225,36.11429280423943,108.34287841271819
679.1810335113142,267.45401514278996,36.11429280423943,108.34287841271819
674.769915742254,266.3512357005249,36.11429280423943,108.34287841271819
670.9101876943264,265.24845625825986,36.11429280423943,108.34287841271819
667.6018493675313,265.24845625825986,36.11429280423943,108.34287841271819
664.8449007618686,265.24845625825986,36.11429280423943,108.34287841271819
662.087952156206,265.24845625825986,36.11429280423943,108.34287841271819
658.9681813078856,264.15998953028645,36.83993728955502,110.51981186866493
655.7857249039099,262.4871834455487,37.580162149514045,112.74048644854203
653.4906429827373,259.618331044083,37.58016214951405,112.74048644854203
652.343102022151,259.04456056378984,37.58016214951405,112.74048644854203
651.1955610615647,259.04456056378984,37.58016214951405,112.74048644854203
650.0480201009784,258.4707900834967,37.58016214951405,112.74048644854203
648.326708660099,257.89701960320355,37.58016214951405,112.74048644854203
648.6792288272653,258.38080962440927,36.87512181518148,110.62536544554432
647.5532168494251,258.38080962440927,36.87512181518149,110.62536544554433
648.6792288272653,257.8178036354891,36.87512181518149,110.62536544554433
648.6792288272653,256.1287856687288,36.87512181518149,110.62536544554433
650.3682467940256,255.56577967980874,36.87512181518149,110.62536544554433
653.1832767386261,255.00277369088863,36.87512181518149,110.62536544554433
655.9983066832266,253.87676171304847,36.87512181518149,110.62536544554433
658.8133366278271,253.31375572412836,36.87512181518149,110.62536544554433
663.3173845391879,253.31375572412836,36.87512181518149,110.62536544554433
667.2584264616285,253.31375572412836,36.87512181518149,110.62536544554433
672.6713869084231,253.2254633858294,36.183308722153996,108.54992616646186
676.53849105743,253.2254633858294,36.183308722153996,108.54992616646186
680.9580386562949,252.6730199359713,36.183308722153996,108.54992616646186
683.7202559055855,253.77790683568753,36.183308722153996,108.54992616646186
690.1365508578317,252.03394059781746,35.50447471454032,106.51342414362085
692.8469462292605,253.118098746389,35.50447471454032,106.51342414362085
696.6414997492609,252.03394059781746,35.50447471454032,106.51342414362085
699.8939741949755,250.94978244924593,35.50447471454032,106.51342414362085
704.2306067892616,249.32354522638863,35.50447471454032,106.51342414362085
708.025160309262,248.78146615210287,35.50447471454032,106.51342414362085
709.2947018268997,247.711379036444,36.21786612497958,108.65359837493864
711.5065861034012,246.6054368981932,36.21786612497958,108.65359837493864
714.8244125181535,247.15840796731857,36.21786612497958,108.65359837493864
716.4833257255297,246.6054368981932,36.21786612497958,108.65359837493864
718.1422389329058,246.6054368981932,36.21786612497958,108.65359837493864
719.2481810711565,246.6054368981932,36.21786612497958,108.65359837493864
720.3541232094072,246.05246582906784,36.21786612497958,108.65359837493864
721.460065347658,244.94652369081706,36.21786612497958,108.65359837493864
722.0130364167834,244.3935526216917,36.21786612497958,108.65359837493864
721.460065347658,243.84058155256633,36.21786612497958,108.65359837493864
721.460065347658,242.73463941431555,36.21786612497958,108.65359837493864
720.9070942785326,242.1816683451902,36.21786612497958,108.65359837493864
719.8011521402818,242.1816683451902,36.21786612497958,108.65359837493864
719.2481810711564,241.62869727606483,36.21786612497958,108.65359837493864
717.5892678637803,240.52275513781404,36.21786612497958,108.65359837493864
716.4833257255295,239.41681299956326,36.21786612497958,108.65359837493864
713.9075786570033,237.21928248523864,36.9455917090288,110.8367751270863
711.8441590194466,234.97759699028973,37.68793948323832,113.06381844971486
711.0468581607882,235.46277448817426,36.980877141467346,110.94263142440195
707.0945135997691,235.46277448817426,36.980877141467346,110.94263142440197
704.4645026112707,234.348189341569,37.72393390587085,113.17180171761248
701.5846747396396,232.044327044264,37.72393390587085,113.17180171761248
699.2808124423346,230.3164303212853,37.72393390587085,113.17180171761248
697.906784535402,230.22610562077102,37.01619627377873,111.04858882133612
696.5585347262602,229.57231559849103,36.32173648691689,108.9652094607506
694.1264654881305,230.59446216884345,35.64030544001528,106.92091632004579
691.9498537865893,230.05030924345817,35.64030544001528,106.92091632004579
690.1075654544254,230.50912642620486,34.97165870126064,104.91497610378185
687.971789102015,231.04307051430746,34.97165870126064,104.91497610378185
685.3020686615021,230.50912642620486,34.97165870126064,104.91497610378185
683.7002363971943,231.04307051430746,34.97165870126064,104.91497610378185
681.2131172756417,229.9890422068808,35.674344239545064,107.02303271863514
679.0344267689824,228.89969695355114,35.674344239545064,107.02303271863514
679.369069438826,228.81427970975255,35.005058899857694,105.015176699573
678.8346153995445,228.27982567047107,35.005058899857694,105.01517669957302
677.7657073209816,229.34873374903404,35.005058899857694,105.01517669957302
677.2312532817001,229.8831877883155,35.005058899857694,105.01517669957302
677.7657073209816,229.8831877883155,35.005058899857694,105.01517669957302
678.8346153995445,229.34873374903404,35.005058899857694,105.01517669957302
680.437977517389,229.8831877883155,35.005058899857694,105.01517669957302
683.1102477137964,230.41764182759695,35.005058899857694,105.01517669957302
684.7136098316408,229.8831877883155,35.005058899857694,105.01517669957302
686.8514259887668,229.8831877883155,35.005058899857694,105.01517669957302
691.3098340180627,228.82815281560323,35.70841554833254,107.12524664499753
694.5809909638193,227.7377671670177,35.70841554833254,107.12524664499753
699.6741746099407,227.20672620089152,36.42590474194519,109.27771422583547
706.3479432144761,227.20672620089152,36.42590474194519,109.27771422583547
712.4655644353002,226.09443143346897,36.42590474194519,109.27771422583547
717.4708908887017,226.65057881718025,36.42590474194519,109.27771422583547
723.5885121095257,226.65057881718025,36.42590474194519,109.27771422583547
729.7061333303498,226.09443143346897,36.42590474194519,109.27771422583547
735.2676071674625,226.65057881718025,36.42590474194519,109.27771422583547
740.8290810045753,227.20672620089152,36.42590474194519,109.27771422583547
745.8344074579768,228.31902096831408,36.42590474194519,109.27771422583547
751.9520286788008,228.31902096831408,36.42590474194519,109.27771422583547
758.0696498996249,228.87516835202536,36.42590474194519,109.27771422583547
763.6311237367377,228.87516835202536,36.42590474194519,109.27771422583547
769.7487449575617,228.87516835202536,36.42590474194519,109.27771422583547
775.3102187946745,229.43131573573663,36.42590474194519,109.27771422583547
780.315545248076,228.87516835202536,36.42590474194519,109.27771422583547
785.8770190851887,229.43131573573663,36.42590474194519,109.27771422583547
789.2139033874564,229.43131573573663,36.42590474194519,109.27771422583547
794.2192298408579,229.43131573573663,36.42590474194519,109.27771422583547
798.6684089105481,228.87516835202536,36.42590474194519,109.27771422583547
802.5614405965271,229.43131573573663,36.42590474194519,109.27771422583547
805.3421775150834,229.43131573573663,36.42590474194519,109.27771422583547
808.1229144336398,229.43131573573663,36.42590474194519,109.27771422583547
810.9036513521962,229.9874631194479,36.42590474194519,109.27771422583547
813.1282408870413,231.09975788687046,36.42590474194519,109.27771422583547
815.9089778055977,231.65590527058174,36.42590474194519,109.27771422583547
816.465125189309,231.09975788687046,36.42590474194519,109.27771422583547
820.3581568752879,231.65590527058174,36.42590474194519,109.27771422583547
820.9143042589992,231.09975788687046,36.42590474194519,109.27771422583547
822.582746410133,231.09975788687046,36.42590474194519,109.27771422583547
823.6950411775556,232.21205265429302,36.42590474194519,109.27771422583547
825.3634833286894,232.21205265429302,36.42590474194519,109.27771422583547
825.9196307124007,232.21205265429302,36.42590474194519,109.27771422583547
826.475778096112,231.65590527058174,36.42590474194519,109.27771422583547
829.2565150146684,230.5436105031592,36.42590474194519,109.27771422583547
829.8126623983796,230.5436105031592,36.42590474194519,109.27771422583547
830.9249571658022,229.43131573573663,36.42590474194519,109.27771422583547
832.593399316936,229.43131573573663,36.42590474194519,109.27771422583547
834.8179888517811,229.9874631194479,36.42590474194519,109.27771422583547
835.3741362354924,230.5436105031592,36.42590474194519,109.27771422583547
837.0425783866262,229.9874631194479,36.42590474194519,109.27771422583547
838.1548731540488,229.43131573573663,36.42590474194519,109.27771422583547
840.3794626888939,228.87516835202536,36.42590474194519,109.27771422583547
842.604052223739,228.87516835202536,36.42590474194519,109.27771422583547
844.2724943748728,228.31902096831408,36.42590474194519,109.27771422583547
845.3847891422954,228.87516835202536,36.42590474194519,109.27771422583547
848.1655260608518,227.7628735846028,36.42590474194519,109.27771422583547
849.2778208282743,227.7628735846028,36.42590474194519,109.27771422583547
852.0585577468307,226.65057881718025,36.42590474194519,109.27771422583547
853.7269998979646,226.09443143346897,36.42590474194519,109.27771422583547
856.507736816521,226.09443143346897,36.42590474194519,109.27771422583547
857.6200315839435,226.09443143346897,36.42590474194519,109.27771422583547
859.2884737350773,225.5382840497577,36.42590474194519,109.27771422583547
860.9569158862112,224.98213666604642,36.42590474194519,109.27771422583547
861.5130632699224,225.5382840497577,36.42590474194519,109.27771422583547
863.7376528047675,224.98213666604642,36.42590474194519,109.27771422583547
863.7376528047675,225.5382840497577,36.42590474194519,109.27771422583547
864.8499475721901,224.98213666604642,36.42590474194519,109.27771422583547
864.2938001884788,224.98213666604642,36.42590474194519,109.27771422583547
864.8499475721901,224.42598928233514,36.42590474194519,109.27771422583547
863.7376528047675,223.86984189862386,36.42590474194519,109.27771422583547
864.8499475721901,223.31369451491258,36.42590474194519,109.27771422583547
863.7376528047675,223.31369451491258,36.42590474194519,109.27771422583547
863.7376528047675,222.7575471312013,36.42590474194519,109.27771422583547
862.625358037345,222.20139974749003,36.42590474194519,109.27771422583547
861.5130632699224,222.20139974749003,36.42590474194519,109.27771422583547
860.4007685024999,221.64525236377875,36.42590474194519,109.27771422583547
859.2884737350773,220.5329575963562,36.42590474194519,109.27771422583547
858.1761789676548,220.5329575963562,36.42590474194519,109.27771422583547
856.507736816521,219.97681021264492,36.42590474194519,109.27771422583547
854.8392946653871,219.97681021264492,36.42590474194519,109.27771422583547
853.1708525142533,219.42066282893364,36.42590474194519,109.27771422583547
850.9462629794082,218.86451544522237,36.42590474194519,109.27771422583547
848.7216734445631,218.3083680615111,36.42590474194519,109.27771422583547
847.0532312934292,219.42066282893364,36.42590474194519,109.27771422583547
844.2724943748728,217.7522206777998,36.42590474194519,109.27771422583547
842.0479048400277,217.19607329408854,36.42590474194519,109.27771422583547
838.3450676857701,216.65436212182993,37.157810445925094,111.47343133777518
835.5084574203091,215.51971801564554,37.157810445925094,111.47343133777518
832.1045251017559,214.38507390946114,37.157810445925094,111.47343133777518
829.267914836295,213.25042980327675,37.157810445925094,111.47343133777518
825.8639825177418,213.81775185636894,37.157810445925094,111.47343133777518
822.4600501991886,212.68310775018455,37.157810445925094,111.47343133777518
819.0561178806354,211.54846364400015,37.157810445925094,111.47343133777518
815.6521855620822,209.84649748472356,37.157810445925094,111.47343133777518
812.248253243529,209.27917543163136,37.157810445925094,111.47343133777518
809.411642978068,207.57720927235476,37.157810445925094,111.47343133777518
806.575032712607,206.44256516617037,37.157810445925094,111.47343133777518
802.0364562878694,205.87524311307817,37.157810445925094,111.47343133777518
799.1998460224085,204.74059900689377,37.157810445925094,111.47343133777518
796.1444720069785,204.6516298100791,36.460693839678626,109.38208151903576
792.8044007641272,203.53827272912866,36.460693839678626,109.38208151903578
788.9076509808007,202.42491564817823,36.460693839678626,109.38208151903578
785.9095987488367,201.78093705941455,35.776655817903965,107.3299674537118
783.1784251963849,201.23470234892417,35.776655817903965,107.3299674537118
778.8085475124619,201.23470234892417,35.776655817903965,107.3299674537118
775.5311392495197,200.14223292794344,35.776655817903965,107.3299674537118
772.2537309865775,199.0497635069627,35.776655817903965,107.3299674537118
768.4300880131449,197.95729408598197,35.776655817903965,107.3299674537118
766.0345168628168,197.87163187137259,35.1054510136564,105.3163530409691
762.8185959614312,195.72768460378228,35.1054510136564,105.31635304096912
759.9319812352172,195.64362949550167,34.44683866331336,103.34051598994
756.5735910205891,196.0870825264144,33.80058252021163,101.4017475606348
754.3103358756189,196.52221594784993,33.1664507699048,99.49935230971433
750.2592771681751,197.53498062471087,33.1664507699048,99.49935230971433
747.7273654760228,197.0285982862804,33.1664507699048,99.49935230971433
745.701836122301,196.01583360941947,33.1664507699048,99.49935230971433
743.6763067685791,195.50945127098902,33.1664507699048,99.49935230971433
741.1443950764268,196.01583360941947,33.1664507699048,99.49935230971433
738.6124833842745,194.49668659412808,33.1664507699048,99.49935230971433
737.093336368983,193.99030425569762,33.1664507699048,99.49935230971433
735.5741893536916,193.48392191726717,33.1664507699048,99.49935230971433
734.0550423384002,192.9775395788367,33.1664507699048,99.49935230971433
732.8470127345558,192.39174479788662,32.54421594701059,97.63264784103171
731.8532485064832,191.89486268385025,32.54421594701059,97.63264784103171
730.8594842784105,190.90109845577751,32.54421594701059,97.63264784103171
729.8657200503378,189.90733422770478,32.54421594701059,97.63264784103171
728.8719558222651,189.90733422770478,32.54421594701059,97.63264784103171
727.8781915941925,189.90733422770478,32.54421594701059,97.63264784103171
727.6865900268523,190.8231758677934,31.933654853618172,95.80096456085445
727.0110229678941,191.23427530630414,31.33454847922625,94.0036454376787
725.5757839027326,189.79903624114272,31.33454847922625,94.00364543767871
724.6189578592916,188.3637971759813,31.33454847922625,94.00364543767871
723.1837187941302,189.32062321942223,31.33454847922625,94.00364543767871
721.4336771876722,188.85462861725307,31.964153561819344,95.89246068545799
719.9695998639745,187.39055129355538,31.964153561819344,95.892460685458
718.184394671518,186.4271676872789,32.60640929933698,97.81922789801091
716.6908996421553,184.4358409814619,32.60640929933698,97.81922789801091
715.1974046127925,182.94234595209915,32.60640929933698,97.81922789801091
713.7039095834298,182.94234595209915,32.60640929933698,97.81922789801091
711.385002586587,180.96394172611326,33.26156988138856,99.78470964416564
709.35366415327,177.40909946780852,33.26156988138856,99.78470964416566
707.8301603282822,176.90126485947926,33.26156988138856,99.78470964416566
706.3066565032944,174.86992642616227,33.26156988138856,99.78470964416566
703.7674834616482,172.83858799284528,33.26156988138856,99.78470964416566
702.4176518831764,171.83610090740518,33.9298946050153,101.78968381504588
699.8274592376043,169.76394679094756,33.9298946050153,101.78968381504588
698.5916225355546,169.6827063885991,33.293336834428395,99.88001050328518
695.0333851727047,168.66606714207055,33.293336834428395,99.88001050328518
693.5084263029119,167.649427895542,33.293336834428395,99.88001050328518
690.4585085633262,167.14110827227773,33.293336834428395,99.88001050328518
687.9169104470049,166.1244690257492,33.293336834428395,99.88001050328518
685.8836319539478,165.10782977922065,33.293336834428395,99.88001050328518
683.3420338376264,164.59951015595638,33.293336834428395,99.88001050328518
681.8170749678336,164.0911905326921,33.293336834428395,99.88001050328518
679.2754768515123,162.5662316628993,33.293336834428395,99.88001050328518
677.2421983584552,162.5662316628993,33.293336834428395,99.88001050328518
675.7172394886624,162.5662316628993,33.293336834428395,99.88001050328518
673.6839609956053,163.07455128616357,33.293336834428395,99.88001050328518
672.3328402405696,162.5794263839066,33.962299851442566,101.88689955432768
671.8143069511151,161.02382651554302,33.962299851442566,101.8868995543277
671.2957736616606,160.50529322608847,33.962299851442566,101.88689955432771
671.8143069511151,160.50529322608847,33.962299851442566,101.88689955432771
672.8513735300241,160.50529322608847,33.962299851442566,101.88689955432771
674.9255066878422,160.50529322608847,33.962299851442566,101.88689955432771
676.9996398456603,159.98675993663394,33.962299851442566,101.88689955432771
679.5923062929329,159.46822664717942,33.962299851442566,101.88689955432771
682.1849727402055,159.46822664717942,33.962299851442566,101.88689955432771
685.8147057663871,159.46822664717942,33.962299851442566,101.88689955432771
688.4073722136596,158.43116006827037,33.962299851442566,101.88689955432771
693.0741718187503,158.43116006827037,33.962299851442566,101.88689955432771
695.6668382660229,157.91262677881585,33.962299851442566,101.88689955432771
698.77803800275,157.39409348936132,33.962299851442566,101.88689955432771
703.4448376078407,157.39409348936132,33.962299851442566,101.88689955432771
707.5931039234769,157.39409348936132,33.962299851442566,101.88689955432771
710.1857703707494,156.8755601999068,33.962299851442566,101.88689955432771
715.8896365547491,155.83849362099775,33.962299851442566,101.88689955432771
717.9637697125672,155.31996033154323,33.962299851442566,101.88689955432771
725.5418186271692,155.75717562880445,33.32513412696541,99.97540238089624
726.5594288300091,155.24837052738448,33.32513412696541,99.97540238089624
730.6298696413688,154.23076032454455,33.32513412696541,99.97540238089624
733.1738951484687,154.23076032454455,33.32513412696541,99.97540238089624
737.2443359598284,154.23076032454455,33.32513412696541,99.97540238089624
739.7883614669282,153.72195522312458,33.32513412696541,99.97540238089624
741.3147767711881,154.7395654259645,33.32513412696541,99.97540238089624
744.8764124811279,155.24837052738448,33.32513412696541,99.97540238089624
745.8940226839678,154.23076032454455,33.32513412696541,99.97540238089624
747.9292430896477,154.23076032454455,33.32513412696541,99.97540238089624
748.9468532924876,153.72195522312458,33.32513412696541,99.97540238089624
749.629662535321,152.20874724168493,33.994736046978524,101.98420814093559
750.3261914642707,151.18416289459702,34.67779227837046,104.03337683511141
750.8556488266925,150.12524816975338,34.67779227837046,104.03337683511141
751.9145635515362,149.06633344490973,34.67779227837046,104.03337683511141
752.9734782763799,148.5368760824879,34.67779227837046,104.03337683511141
753.5029356388017,147.47796135764426,34.67779227837046,104.03337683511141
754.0323930012235,146.94850399522244,34.67779227837046,104.03337683511141
755.0913077260672,145.8895892703788,34.67779227837046,104.03337683511141
756.1502224509109,145.8895892703788,34.67779227837046,104.03337683511141
757.2091371757546,145.8895892703788,34.67779227837046,104.03337683511141
757.2091371757546,145.8895892703788,34.67779227837046,104.03337683511141
758.7975092630201,146.41904663280062,34.67779227837046,104.03337683511141
760.3858813502856,146.41904663280062,34.67779227837046,104.03337683511141
761.0964056350045,146.4327900372703,35.37457315861976,106.1237194758593
763.2567886318244,146.97288578647527,35.37457315861976,106.12371947585932
