708.0,58.0,31.0,108.0
707.4724409448819,56.94488188976378,31.000000000000004,108.0
708.0,56.94488188976378,31.000000000000004,108.0
708.0,56.417322834645674,31.000000000000004,108.0
708.5275590551181,55.88976377952757,31.000000000000004,108.0
708.5275590551181,55.88976377952757,31.000000000000004,108.0
709.0551181102362,55.362204724409466,31.000000000000004,108.0
709.7987947204724,53.74962366929136,31.622883,110.170044
710.336954019685,53.211464370078765,31.622883,110.170044
710.8751133188975,52.13514577165356,31.622883,110.170044
711.4132726181101,51.59698647244097,31.622883,110.170044
711.6337326232632,49.95200382618238,32.258281588119004,112.383690694092
712.1827051572749,47.75611369013566,32.258281588119004,112.383690694092
712.1827051572749,47.20714115612398,32.258281588119004,112.383690694092
712.9565673993231,45.5291058735541,32.906447240069085,114.64181619120839
713.7459788554011,43.81735382805155,33.5676364844638,116.94531420393835
714.5512519558658,40.92869718829279,34.24211100434613,119.2950964022381
715.3727054087382,38.564732181210125,34.93013774075646,121.69209277424828
715.9671476816949,37.37584763529664,34.93013774075646,121.6920927742483
717.1560322276083,36.186963089383156,34.93013774075646,121.6920927742483
717.1560322276083,34.998078543469674,34.93013774075646,121.6920927742483
717.1560322276083,33.80919399755619,34.93013774075646,121.6920927742483
717.750474500565,32.62030945164271,34.93013774075646,121.6920927742483
718.3449167735217,32.02586717868597,34.93013774075646,121.6920927742483
718.3449167735217,30.83698263277249,34.93013774075646,121.6920927742483
718.3449167735217,29.053655813902267,34.93013774075646,121.6920927742483
717.750474500565,27.864771267988786,34.93013774075646,121.6920927742483
718.3449167735217,27.270328995032045,34.93013774075646,121.6920927742483
717.750474500565,26.675886722075305,34.93013774075646,121.6920927742483
717.750474500565,26.081444449118564,34.93013774075646,121.6920927742483
717.750474500565,26.081444449118564,34.93013774075646,121.6920927742483
717.1560322276083,26.081444449118564,34.93013774075646,121.6920927742483
717.1560322276083,25.487002176161823,34.93013774075646,121.6920927742483
717.1560322276083,24.298117630248342,34.93013774075646,121.6920927742483
717.750474500565,21.92034853842138,34.93013774075646,121.6920927742483
718.9393590464784,19.542579446594416,34.93013774075646,121.6920927742483
718.3449167735217,18.353694900680935,34.93013774075646,121.6920927742483
718.3449167735217,16.570368081810713,34.93013774075646,121.6920927742483
718.9393590464784,15.975925808853972,34.93013774075646,121.6920927742483
720.1282435923919,14.787041262940491,34.93013774075646,121.6920927742483
720.1282435923919,14.787041262940491,34.93013774075646,121.6920927742483
720.7226858653486,15.381483535897232,34.93013774075646,121.6920927742483
722.2392320628143,17.117456723939384,34.27481443765187,119.40903094407747
723.7273263809657,18.2375714105684,33.63178563606855,117.16880157081944
723.7273263809657,18.809918283216746,33.63178563606856,117.16880157081945
723.9617915192213,18.77747566353223,34.30754910485408,119.52307430078193
725.1294855959422,16.442087510090303,34.30754910485408,119.52307430078193
725.7133326343027,14.690546395008852,34.30754910485408,119.52307430078193
725.7133326343027,11.771311203206437,34.30754910485408,119.52307430078193
726.2971796726631,9.435923049764497,34.30754910485408,119.52307430078193
727.4648737493841,8.852076011404009,34.30754910485408,119.52307430078193
727.7040499956627,7.06744040708071,34.99689068901792,121.92465143270755
727.7040499956627,7.663018683982969,34.99689068901792,121.92465143270755
728.299628272565,8.854175237787487,34.99689068901792,121.92465143270755
728.299628272565,11.236488345396523,34.99689068901792,121.92465143270755
728.8952065494673,14.214379729907819,34.99689068901792,121.92465143270755
729.4907848263696,14.809958006810078,34.99689068901792,121.92465143270755
728.8952065494673,14.809958006810078,34.99689068901792,121.92465143270755
729.4907848263696,14.214379729907819,34.99689068901792,121.92465143270755
729.4907848263696,13.61880145300556,34.99689068901792,121.92465143270755
728.8952065494673,13.61880145300556,34.99689068901792,121.92465143270755
727.1084717187605,13.0232231761033,34.99689068901792,121.92465143270755
722.9394237804447,13.61880145300556,34.99689068901792,121.92465143270755
720.5571106728356,14.214379729907819,34.99689068901792,121.92465143270755
715.7924844576175,15.405536283712337,34.99689068901792,121.92465143270755
711.9517243459192,20.1227183733413,34.34031503578315,119.63722657627676
707.8608917953013,21.291527673517813,34.34031503578315,119.63722657627677
702.0168452944188,24.213550923959097,34.34031503578315,119.63722657627677
696.9966081187057,24.180424827337056,35.03031498579714,122.0410973698739
690.683205131976,24.74278022077805,35.73417910480676,124.49326913932678
683.3856994168974,24.134654744521484,35.73417910480676,124.4932691393268
676.6963191780753,23.526529268264923,35.73417910480676,124.4932691393268
671.8313153680228,22.310278315751816,35.73417910480676,124.4932691393268
666.0852645553887,22.26183467267684,35.06377120494413,122.15765452045054
659.253582332134,22.214299879387404,34.405940808285926,119.86585829983484
653.9838890866688,22.214299879387397,34.405940808285926,119.86585829983485
646.9576314260486,23.385342822824093,34.405940808285926,119.86585829983487
640.8396396669605,28.022871602162496,33.760451948658584,117.61705840177831
634.519737943272,30.32101768350374,33.760451948658584,117.61705840177831
628.1998362195836,33.76823680551561,33.760451948658584,117.61705840177831
621.3053979755599,36.64091940719217,33.760451948658584,117.61705840177831
614.9854962518715,38.3645289681981,33.760451948658584,117.61705840177831
610.389204089189,38.3645289681981,33.760451948658584,117.61705840177831
605.2183754061712,38.3645289681981,33.760451948658584,117.61705840177831
601.196619763824,37.78999244786279,33.760451948658584,117.61705840177831
598.3239371621473,38.3645289681981,33.760451948658584,117.61705840177831
595.4512545604707,38.939065488533416,33.760451948658584,117.61705840177831
593.1531084791295,41.23721156987466,33.760451948658584,117.61705840177831
591.4294989181236,42.38628461054529,33.760451948658584,117.61705840177831
590.8549623977883,44.68443069188653,33.760451948658584,117.61705840177831
590.8549623977883,46.98257677322778,33.760451948658584,117.61705840177831
591.7461883490314,52.10763752970519,33.12707308684309,115.41044817351786
591.7461883490314,54.36266815893403,33.12707308684309,115.41044817351786
593.1844516933069,55.44527419775312,32.50557702752102,113.24523609587968
593.7376327095233,56.55163623018589,32.50557702752102,113.24523609587968
594.2908137257397,55.99845521396951,32.50557702752102,113.24523609587968
594.2908137257397,55.44527419775312,32.50557702752102,113.24523609587968
594.8439947419561,54.89209318153674,32.50557702752102,113.24523609587968
594.8439947419561,54.89209318153674,32.50557702752102,113.24523609587968
594.8439947419561,54.89209318153674,32.50557702752102,113.24523609587968
595.6237894947818,55.41391796574864,33.158711586735,115.52067262475418
595.0594934124066,55.41391796574863,33.15871158673501,115.5206726247542
595.6237894947818,58.79969445999996,33.15871158673501,115.5206726247542
595.2906604988257,62.15348468147713,33.82496957864728,117.84182949980338
594.9508379419539,61.54522122496574,34.50461469239104,120.20962537994293
594.6041873304467,61.5119366380592,35.197915915405254,122.62499738270213
594.6041873304467,60.91293730701217,35.19791591540526,122.62499738270213
595.2031866614938,60.313937975965146,35.19791591540526,122.62499738270213
595.8021859925408,59.115939313871095,35.19791591540526,122.62499738270213
595.8021859925408,59.115939313871095,35.19791591540526,122.62499738270213
595.2031866614938,59.71493864491812,35.19791591540526,122.62499738270213
594.6041873304467,60.91293730701217,35.19791591540526,122.62499738270213
594.8495707992496,62.076982594994966,35.9051476398935,125.08890145511278
595.0998847580912,63.2644170449492,36.626589771421884,127.60231275205035
595.0998847580912,64.51104214765951,36.626589771421884,127.60231275205037
595.7231973094464,66.38097980172498,36.626589771421884,127.60231275205037
596.3465098608016,66.38097980172498,36.626589771421884,127.60231275205037
597.593134963512,66.38097980172498,36.626589771421884,127.60231275205037
596.9698224121568,65.13435469901466,36.626589771421884,127.60231275205037
596.3465098608016,63.88772959630433,36.626589771421884,127.60231275205037
596.9698224121568,61.394479390883696,36.626589771421884,127.60231275205037
597.593134963512,59.524541736818215,36.626589771421884,127.60231275205037
598.8397600662223,60.14785428817337,36.626589771421884,127.60231275205037
598.8397600662223,61.394479390883696,36.626589771421884,127.60231275205037
598.8397600662223,61.394479390883696,36.626589771421884,127.60231275205037
598.8397600662223,62.64110449359402,36.626589771421884,127.60231275205037
598.2164475148671,65.13435469901466,36.626589771421884,127.60231275205037
597.593134963512,66.38097980172498,36.626589771421884,127.60231275205037
598.2164475148671,67.00429235308013,36.626589771421884,127.60231275205037
598.2164475148671,67.00429235308013,36.626589771421884,127.60231275205037
598.2164475148671,64.51104214765948,36.626589771421884,127.60231275205037
598.2164475148671,62.01779194223884,36.626589771421884,127.60231275205037
598.2164475148671,60.77116683952851,36.626589771421884,127.60231275205037
598.2164475148671,60.77116683952851,36.626589771421884,127.60231275205037
598.2164475148671,60.77116683952851,36.626589771421884,127.60231275205037
597.593134963512,59.524541736818186,36.626589771421884,127.60231275205037
596.9698224121568,59.524541736818186,36.626589771421884,127.60231275205037
596.3465098608016,61.39447939088367,36.626589771421884,127.60231275205037
595.7231973094464,62.01779194223882,36.626589771421884,127.60231275205037
595.0998847580912,62.01779194223882,36.626589771421884,127.60231275205037
594.476572206736,60.7711668395285,36.626589771421884,127.60231275205037
593.8532596553808,58.27791663410786,36.626589771421884,127.60231275205037
593.2299471040257,55.16135387733207,36.626589771421884,127.60231275205037
592.6066345526705,52.044791120556276,36.626589771421884,127.60231275205037
593.2299471040257,50.79816601784595,36.626589771421884,127.60231275205037
592.6066345526705,50.79816601784595,36.626589771421884,127.60231275205037
592.6066345526705,50.79816601784595,36.626589771421884,127.60231275205037
591.9833220013153,52.044791120556276,36.626589771421884,127.60231275205037
590.7366968986049,53.91472877462176,36.626589771421884,127.60231275205037
588.8667592445395,53.91472877462176,36.626589771421884,127.60231275205037
588.2434466931843,54.53804132597691,36.626589771421884,127.60231275205037
587.340396785748,54.48838787131838,35.93943938087363,125.20836945594678
586.1171595805062,52.04191346083473,35.93943938087363,125.2083694559468
585.5055409778853,49.59543905035108,35.93943938087363,125.2083694559468
584.8939223752644,45.92572743462561,35.93943938087363,125.2083694559468
584.8939223752644,45.3141088320047,35.93943938087363,125.2083694559468
584.2823037726436,45.3141088320047,35.93943938087363,125.2083694559468
583.0590665674017,45.92572743462561,35.93943938087363,125.2083694559468
582.4474479647808,46.537346037246515,35.93943938087363,125.2083694559468
582.4474479647808,48.37220184510925,35.93943938087363,125.2083694559468
581.83582936216,49.59543905035108,35.93943938087363,125.2083694559468
581.47476378442,47.11429596137008,36.66157053635352,127.72418122342513
579.9469435506433,45.81677937404037,35.9737638726869,125.32795155645756
578.7225380746615,42.75576568408606,35.9737638726869,125.32795155645758
576.2737271226981,37.85814378015917,35.9737638726869,125.32795155645758
574.4371189087256,34.79713009020486,35.9737638726869,125.32795155645758
573.2127134327438,32.96052187623228,35.9737638726869,125.32795155645758
570.7639024807804,32.34831913824142,35.9737638726869,125.32795155645758
571.7135565901503,34.136158912004404,35.29886112992883,122.97667748491332
567.5085360491454,35.93831057243511,35.29886112992883,122.97667748491334
567.1539060408036,37.70641148280077,36.00812114661249,125.4476478656177
564.7027563158119,37.70641148280076,36.008121146612496,125.44764786561771
563.202167681358,37.65759646557284,35.33257382803277,123.09412817508189
563.8034586253453,35.853723633610784,35.33257382803277,123.09412817508189
563.5336043788027,35.80582443350812,34.66970043314326,120.78476279933781
560.5835536688451,31.085743297575988,34.66970043314326,120.78476279933781
559.403533384862,29.315712871601434,34.66970043314326,120.78476279933781
555.863472532913,27.54568244562688,34.66970043314326,120.78476279933781
552.3234116809639,26.955672303635367,34.66970043314326,120.78476279933781
549.9633711129978,27.54568244562688,34.66970043314326,120.78476279933781
548.7833508290148,29.905723013592947,34.66970043314326,120.78476279933781
547.8450315416217,29.87227917811242,35.366318723946414,123.21169103826492
543.6319750311998,29.27041396233787,35.366318723946414,123.21169103826492
541.471071662816,26.828837276772838,36.07693416606667,125.68738354629677
537.1733622079303,23.14508631544217,36.07693416606667,125.68738354629679
534.1035697401547,20.689252341221724,36.07693416606667,125.6873835462968
531.0337772723792,18.847376860556395,36.07693416606667,125.68738354629681
528.5779432981587,17.619459873446175,36.07693416606667,125.68738354629681
524.894192336828,18.233418367001278,36.07693416606667,125.68738354629681
522.4383583626076,18.233418367001278,36.07693416606667,125.68738354629681
521.2104413754973,19.461335354111498,36.07693416606667,125.68738354629681
518.1406489077218,22.53112782188704,36.07693416606667,125.68738354629681
515.0708564399463,24.98696179610748,36.07693416606667,125.68738354629681
512.0010639721708,25.600920289662582,36.07693416606667,125.68738354629681
509.5452299979503,26.214878783217685,36.07693416606667,125.68738354629681
507.0893960237298,23.759044808997245,36.07693416606667,125.68738354629681
505.4990321175202,21.882368016644264,36.80182800426545,128.21282014389257
502.9938530712558,20.629778493512035,36.80182800426545,128.21282014389257
499.86237926342517,20.629778493512035,36.80182800426545,128.21282014389257
494.85202117089625,21.25607325507815,36.80182800426545,128.21282014389257
491.7205473630657,22.50866277821038,36.80182800426545,128.21282014389257
486.7101892705368,23.76125230134261,36.80182800426545,128.21282014389257
485.4575997474046,28.771610393871512,36.80182800426545,128.21282014389257
483.5787154627062,30.650494678569856,36.80182800426545,128.21282014389257
479.4512173282647,31.24128886569258,37.54128713435516,130.7890003390438
473.0624283061621,29.963531061272064,37.54128713435516,130.7890003390438
467.95139708848,28.685773256851547,37.54128713435516,130.7890003390438
462.84036587079794,25.491378745800247,37.54128713435516,130.7890003390438
461.56260806637744,24.21362094137973,37.54128713435516,130.7890003390438
462.5536424692369,22.88496965738109,36.83697613305675,128.33527168935902
463.80742829647323,22.2580767437629,36.83697613305675,128.33527168935902
469.16812032691337,26.59638847060934,36.145878690067484,125.927577371848
473.47404288359144,26.596388470609334,36.145878690067484,125.92757737184802
481.4707562031365,28.441783852042796,36.145878690067484,125.92757737184802
490.334593540044,30.25231141503231,36.872157830587014,128.45784018398055
502.2569346419839,30.879803051976495,36.872157830587014,128.45784018398058
516.0617506547563,30.252311415032295,36.872157830587014,128.45784018398058
531.7490415783615,28.369836504199682,36.872157830587014,128.45784018398058
547.4363325019666,27.11485323031127,36.872157830587014,128.45784018398058
560.870712381094,25.1968099019587,37.613030097877,131.03894356679731
578.7935075204431,25.1968099019587,37.613030097877,131.03894356679731
594.4181238736978,23.880327155414875,38.36878871163365,133.67190905988497
611.6626083477731,21.884430968827445,39.1397327832165,136.35777872862525
629.9196675530534,21.180593849497697,39.92616743402967,139.09761557661952
650.3036138427154,23.89845335478597,39.92616743402967,139.09761557661952
670.6875601323775,25.936847983752173,39.92616743402967,139.09761557661952
689.7125766693954,26.616312860074245,39.92616743402967,139.09761557661952
709.4170580827354,26.616312860074245,39.92616743402967,139.09761557661952
731.5344609608268,27.24165115358457,39.177113762459214,136.48800923695472
746.868962436049,25.908216242695687,39.177113762459214,136.48800923695472
765.2378340817085,26.521822582581834,38.4421130651398,133.92736164629355
777.0135994758051,27.830240959703687,38.44211306513981,133.92736164629355
790.0977832470236,28.484450148264614,38.44211306513981,133.92736164629355
803.5425727034979,34.320218145856344,37.720901694628274,131.41475429096306
812.5296709482429,36.24602491258743,37.720901694628274,131.41475429096306
821.516769192988,40.0976384460496,37.720901694628274,131.41475429096306
827.2941894931813,42.66538080169104,37.720901694628274,131.41475429096306
831.1458030266434,45.233123157332486,37.720901694628274,131.41475429096306
836.2812877379263,46.516994335153214,37.720901694628274,131.41475429096306
839.112002643603,45.19673600616905,38.47882777237844,134.0552709489314
841.7313386463964,43.887068004772374,38.47882777237844,134.0552709489314
844.3506746491897,43.887068004772374,38.47882777237844,134.0552709489314
843.6958406484914,43.887068004772374,38.47882777237844,134.0552709489314
839.3802591010863,42.54028172518393,39.25198285880884,136.74884350810828
834.0363264588913,43.208273305458306,39.25198285880884,136.74884350810828
831.3643601377938,46.54823120683015,39.25198285880884,136.74884350810828
828.024402236422,49.888189108202,39.25198285880884,136.74884350810828
824.6844443350502,52.56015542929947,39.25198285880884,136.74884350810828
822.9541161287104,53.190282913818365,40.040672950390885,139.4965380207167
820.2284619883231,54.553109984011996,40.040672950390885,139.49653802071674
817.5028078479359,52.50886937872153,40.040672950390885,139.49653802071674
816.1399807777423,51.827455843624705,40.040672950390885,139.49653802071674
814.3748850867526,51.10741740949639,40.84521019198309,142.299441959167
811.5944643777225,48.326996700466296,40.8452101919831,142.299441959167
805.7216656854802,48.27162420182685,40.07891438583229,139.6297662474158
804.3575370271867,53.04607450585412,40.07891438583229,139.6297662474158
799.5830867231595,55.77433182244113,40.07891438583229,139.6297662474158
794.1265720899854,56.45639615158788,40.07891438583229,139.6297662474158
788.6700574568114,57.82052480988139,40.07891438583229,139.6297662474158
783.8956071527841,57.138460480734636,40.07891438583229,139.6297662474158
780.7646970228199,55.73567003412997,40.88422001258682,142.43534714062514
774.0920322770528,52.913155223657085,41.70570664529973,145.29730057072172
774.0920322770528,53.62290435884506,41.70570664529973,145.29730057072172
767.995042813737,52.163175028661314,42.543699408923736,148.2167592310892
761.4789516926852,52.163175028661314,42.54369940892374,148.2167592310892
757.8589010698786,54.33520540234525,42.54369940892374,148.2167592310892
753.5148403225107,55.78322565146789,42.54369940892374,148.2167592310892
747.7227593260202,55.78322565146789,42.54369940892374,148.2167592310892
743.777779135246,57.89758094093597,41.74553829573653,145.4360689012757
740.5166746184744,57.146884466290146,42.58433139671277,148.358315833709
735.4437634106872,54.24807806184032,42.58433139671277,148.358315833709
732.1171335208603,54.20699944404187,43.43997836746692,151.33927947375574
728.4208183689423,55.68552550480908,43.43997836746692,151.33927947375577
722.1749391838825,54.887372334510786,42.6250021906812,148.50000763205065
719.9987579696771,57.78894728678475,42.6250021906812,148.50000763205065
714.1956080651291,57.78894728678475,42.6250021906812,148.50000763205065
708.3924581605812,59.23973476292173,42.6250021906812,148.50000763205065
701.8639145179648,60.69052223905871,42.6250021906812,148.50000763205065
697.5115520895538,63.59209719133267,42.6250021906812,148.50000763205065
694.6099771372799,63.59209719133267,42.6250021906812,148.50000763205065
689.5322209708005,62.14130971519569,42.6250021906812,148.50000763205065
689.2066704488932,61.358130673422906,41.82531575835874,145.7140032871853
682.8006086245878,62.06991532056793,41.82531575835874,145.71400328718534
677.1063314474275,62.06991532056793,41.82531575835874,145.71400328718534
672.5161806865684,61.30142947812877,41.040632220046234,142.98026708919338
665.2184221073423,63.341084680265865,40.27067010688341,140.29781843688417
657.679818127466,66.76772285293693,40.27067010688341,140.29781843688417
651.5118694166581,72.25034392921062,40.27067010688341,140.29781843688417
647.7776620475751,76.9930437572749,39.51515323063914,137.66569512609772
642.0961013669986,78.95688504066406,38.77381058464173,135.08295300455833
637.1809863101357,78.90432066986628,38.046376246567775,132.54866563320394
630.4156600068476,80.795166035447,37.33258928305491,130.06192395386879
624.4125850695873,83.28586458092799,36.632193656104,127.62183596320111
619.1455415659218,85.10642728463486,35.944938131237436,125.22752639269822
615.8124494545998,89.33968318632053,35.27057618738034,122.87813639474447
612.2110342584284,91.7406266504348,35.27057618738034,122.87813639474447
610.6562166827048,103.71132050577356,35.97926787471338,125.34712678932408
602.0840670087192,100.03754207406547,35.97926787471338,125.34712678932408
602.9471941045852,109.79957745990082,36.70219930412,127.86572660790196
598.294684338338,109.74982150390306,36.013630405317315,125.46684141207324
589.4392918571484,106.63659307795524,35.337979727694496,123.11296163196795
588.5680133810132,112.60251596697134,34.67500491287791,120.80324292228437
588.8097513579642,116.69976991122627,35.37172978659237,123.23054248232184
591.4641757817774,122.08326458182876,36.082453953194374,125.70661377241913
591.4641757817774,129.4518937355926,36.082453953194374,125.70661377241913
592.3297782670971,136.17166382357215,36.80745870047591,128.23243676294834
599.8464652864476,136.79805440851803,36.80745870047591,128.23243676294834
579.1755759832339,143.68835084292257,36.80745870047591,128.23243676294834
563.5158113595871,154.33699078700235,36.80745870047591,128.23243676294834
562.8894207746413,162.48006839129866,36.80745870047591,128.23243676294834
567.9005454542082,169.9967554106491,36.80745870047591,128.23243676294834
574.1644513036669,178.13983301494537,36.80745870047591,128.23243676294834
582.6528007416086,184.3538402117289,36.11691503318492,125.82667172851518
576.1435632616026,195.9971392297713,36.842612206946704,128.35490704355624
579.9054962326954,201.64003868641058,36.84261220694671,128.35490704355624
577.7431425092378,202.21708120580647,36.15140902573833,125.94684434773349
576.5126906907342,206.5236625705693,36.15140902573833,125.9468443477335
560.5168170501865,210.83024393533213,36.15140902573833,125.9468443477335
603.9217484669812,224.93143058026442,35.47317348740579,123.58395924644591
619.3465959018963,235.14596322805264,34.80766230637643,121.26540416415008
628.2319656295845,242.84661699204904,34.80766230637643,121.26540416415008
638.3020513209643,249.36255479235368,34.80766230637643,121.26540416415008
656.9916615306992,254.05423105218256,34.1546367613512,118.99034742664284
663.9665987814298,261.02916830291315,34.1546367613512,118.99034742664284
660.2182724610086,269.12029278559686,33.513862609674426,116.75797296273666
670.7987697464786,285.61472073463096,32.88511000331011,114.56748001153193
687.5879673859638,298.486438924903,32.88511000331011,114.56748001153194
683.3401076791023,308.5282351632906,33.54587051860662,116.86948438740365
689.048955341654,321.08770002090455,33.54587051860662,116.86948438740365
692.708130117275,330.1894965385997,34.219907694936985,119.21774293719974
695.8584731377991,338.30946434599787,34.90748830025136,121.6131850460369
703.2305137686858,348.9688139625793,35.60888446266831,124.05675877316693
710.1446876041969,357.4183690599184,36.3243737781767,126.54943122719618
716.048952730383,367.8780056075021,35.642893253130104,124.17524101090483
724.1828739906754,371.4830548128917,36.35906590726525,126.67029412853694
731.2427104885917,377.01681973535364,37.089628618539926,129.21548034846163
735.0298658618843,382.6975527952925,37.089628618539926,129.21548034846165
739.0755928434763,387.71131509412606,37.83487052637225,131.8118069951033
741.2709852742053,387.67481800388583,38.595086579858645,134.4603016330559
737.9869227890001,393.5861304772551,38.595086579858645,134.4603016330559
728.4038022931012,404.71471250067816,39.37057765450775,137.1620124737689
731.7538514458215,412.0848206366629,39.37057765450775,137.16201247376893
739.7939694123504,420.1249386031918,39.37057765450775,137.16201247376893
772.323756412365,403.3213194514409,38.63194738670941,134.58871992789085
787.4448717090171,410.5531572020136,38.63194738670941,134.58871992789085
791.0013946226362,417.747728968844,39.408179105550566,137.29301107740196
801.3358760843358,427.76946019945626,40.2000076483184,140.05163954898018
810.9136274620657,434.61071118354903,40.2000076483184,140.05163954898018
814.6145086756826,440.7290584693222,41.00774640199606,142.86569714243785
828.1599488316873,441.38737191501554,41.831715050451365,145.73629759512085
841.2656639662308,442.7708064032888,42.672239700960084,148.66457702269963
858.2657003731038,446.3606311236136,43.52965301327148,151.65169436881675
888.2007334929874,438.1699603271145,44.404294331267145,154.69883186376939
909.669165726024,441.90549505873474,45.2965098172653,157.8071954924081
933.1106782594895,444.9452303439321,46.20665258902362,160.97801547143706
958.2737626259784,448.876962276196,46.20665258902362,160.97801547143706
979.0408999249678,456.6958532811956,47.13508285949487,164.21254673630466
997.0167255361226,463.067556374367,48.0821680793907,167.51206943787724
1013.7172114654763,465.4759662332744,49.0482830826099,170.87788944909252
1036.5961977149825,465.4286522187452,50.033810234588785,174.31133888179315
1061.289033195248,468.8345605608508,50.033810234588785,174.31133888179318
1075.2614789746751,471.34072712240686,51.03913958363238,177.81377661394504
1090.383258921754,473.02866427407844,52.064669015286306,181.38658882744903
1105.8088807933095,476.52259376569606,53.110804409810456,185.03118955675896
1121.5444496851303,476.4713608740723,54.17795980281679,188.74902124852292
1138.1404922358533,474.6273561462142,54.17795980281679,188.74902124852292
1154.1922359134176,469.04307964852467,55.26655754913479,192.5415553324695
1160.2206975449924,468.98976722773193,56.377028489969554,196.41029280376483
1165.410862866436,470.85423597985766,57.50981212341851,200.35676481707088
1171.6840181198077,475.6922793229925,58.66535677841436,204.3825332925403
1175.6774942733803,473.6955412462062,58.66535677841436,204.3825332925403
1176.086481804899,470.6438430870896,59.84411979216305,208.4891915339873
1174.4668285879254,465.49396862189866,61.04656769114698,212.67836485947973
1170.311258320913,456.143935521121,61.04656769114699,212.67836485947976
1166.1556880539008,448.87168755384954,61.04656769114699,212.67836485947976
1159.9223326533825,439.5216544530719,61.04656769114699,212.67836485947976
1152.6500846861109,434.3271916193066,61.04656769114699,212.67836485947976
1145.3778367188393,426.01605108528196,61.04656769114699,212.67836485947976
1137.0666961848146,422.8993733850228,61.04656769114699,212.67836485947976
1129.794448217543,417.70491055125746,61.04656769114699,212.67836485947976
1120.8700033412094,408.2959893914252,62.2731763757652,216.95171124460128
1108.586938488685,396.57848070853476,63.524431308683454,221.31092197863907
1089.5707044092806,373.8149227823485,64.80082770696883,225.75772233395588
1067.515050579629,352.8620516441796,64.80082770696885,225.75772233395588
1044.8083752344191,334.0522363145128,66.10287073808497,230.29387224881208
1019.3955728532932,314.8644753654271,67.43107571982532,234.92116702390746
988.4118756276991,303.3890319485404,67.43107571982532,234.92116702390746
959.7232670854825,289.6184998482763,67.43107571982532,234.92116702390746
929.372106089785,284.9369084055259,66.16600326003218,230.51381780914426
903.9350328368171,270.2348830842984,67.49547676353602,235.14553195038337
876.8382121501348,257.53473060997635,68.85166337814576,239.87031112386245
849.8886532815236,246.98925105269373,68.85166337814576,239.87031112386245
824.1108143637215,236.44377149541108,68.85166337814576,239.87031112386245
805.8432968654552,229.34703461146844,70.23509985040285,244.6900252852742
783.7921331272923,236.4233991315146,68.91742117505818,240.09940280342826
764.5003486722227,237.50280908544897,67.62446343120156,235.5949048570891
746.7213322472586,237.41113284013807,66.35576283015288,231.17491566633888
733.7928459561624,238.45042116054464,65.11086428435806,226.83784976486012
721.1069106221596,239.47021142285422,63.88932124414741,222.58215143122302
710.8335170407131,237.20905749914772,62.6906955375567,218.4062941308425
701.2316655270869,231.87469554713311,62.69069553755671,218.4062941308425
686.295452061446,238.27592988955064,62.69069553755671,218.4062941308425
674.0810525388126,234.99032501875502,61.51455721315323,214.3087799684046
665.23637749718,232.8132181142059,60.36048438581067,210.288139150566
656.5576371479951,229.6497390715656,59.22806308537734,206.34292945873378
647.0337732018186,226.54560996767765,58.11688710818362,202.4717357317363
641.6447268429785,228.444893154446,57.02655787133513,198.6731693581996
634.8513675232791,225.53345344600342,57.02655787133513,198.67316935819963
629.028488106394,227.4744132516318,57.02655787133513,198.67316935819963
636.356784226891,225.45614443025102,55.956684269739675,194.9458677784477
629.2635030342692,232.046195108841,54.90688253581635,191.2884939957471
620.4344842931698,234.77498125416275,53.876776101836754,187.69973609672138
621.8567514211186,242.95383357832463,52.8659954648487,184.178306780763
616.054932955276,242.8821648992264,51.87417805413423,180.72294289827386
614.2893398998393,244.64775795466304,51.87417805413423,180.72294289827386
605.4613746226562,244.64775795466304,51.87417805413423,180.72294289827386
601.5339969605548,248.10861996045213,50.9009681011541,177.33240499756891
600.2790039399372,269.6954753942243,49.946016511932356,174.00547688028027
591.7791738502764,243.34600211627577,49.946016511932356,174.0054768802803
590.4274081864231,239.89789007486584,50.949581821706616,177.5017689272358
582.2347228256838,234.6264491088794,49.9937181918807,174.17166337816488
576.7481245911977,232.85708468539053,49.055787491946575,170.90403384291048
579.7127908794204,240.30407892988137,48.135453282725585,167.69770821078575
570.334275414617,245.15384798398293,47.2323854369648,164.5515363610385
564.3469193788721,250.7164330042076,46.34626002091911,161.4643897502987
558.0371415350285,251.50515523468806,46.34626002091911,161.4643897502987
561.6267808783323,260.9069919107591,45.476759178155035,158.43516100776577
556.2093056295249,257.8112917685835,45.47675917815504,158.43516100776577
548.8966493553961,256.97571539683923,44.62357101553444,155.46276353799075
551.9342711568091,250.90047179401313,44.62357101553444,155.46276353799078
548.1372439050429,254.69749904577947,44.62357101553444,155.46276353799078
543.1325004967158,256.93266964366137,45.520192427949574,158.58647684575965
538.0271967790851,259.2127515243665,46.43482965440437,161.7729549250215
533.285819709979,265.5345876165079,46.434829654404375,161.7729549250215
525.3835245948022,268.6955056625786,46.434829654404375,161.7729549250215
517.1265812156549,274.16416208258926,45.56366715931012,158.73793720017702
524.880621600907,265.6347176588119,45.56366715931012,158.73793720017704
522.5544094853313,267.9609297743875,45.56366715931012,158.73793720017704
518.2196339105892,272.56940139650766,46.47917792354214,161.9274585723402
513.4737285193614,268.61448023715116,46.47917792354214,161.92745857234024
508.2608700671248,272.52456564770324,47.41308404555987,165.18106699743427
488.89581059410983,270.9108106916187,47.41308404555987,165.18106699743427
479.21328085760234,270.1039332135764,47.41308404555987,165.18106699743427
475.6236512160965,274.07404425609707,46.52356854814863,162.08210978064676
472.45669252396954,278.03274262125575,46.52356854814863,162.08210978064676
466.91451481274737,280.40796164035095,46.52356854814863,162.08210978064676
460.5805974284935,281.99144098641443,46.52356854814863,162.08210978064676
463.3922301090443,286.6788085636126,45.65074122523738,159.04129201050435
465.374227962315,289.7244648374848,44.794288990467365,156.0575229345314
468.42347090095996,289.7244648374848,44.794288990467365,156.0575229345314
472.23502457426616,287.43753263350106,44.794288990467365,156.0575229345314
478.3335104515561,283.62597896019486,44.794288990467365,156.0575229345314
483.6696855941848,280.5767360215499,44.794288990467365,156.0575229345314
488.24355000215223,275.2405608789212,44.794288990467365,156.0575229345314
493.2376065897115,272.89290254096676,43.95390463128393,153.1297322638278
501.4657060850776,270.64887540586693,43.95390463128393,153.1297322638278
505.95376035527727,270.64887540586693,43.95390463128393,153.1297322638278
511.93783271554355,268.4048482707671,43.95390463128393,153.1297322638278
517.9219050758098,266.1608211356673,43.95390463128393,153.1297322638278
525.4019955261426,265.412812090634,43.95390463128393,153.1297322638278
532.8820859764754,263.91679400056745,43.95390463128393,153.1297322638278
539.1725844788966,264.6224032804787,44.837070437040325,156.20656797420492
544.5138560143225,262.33328690815335,44.837070437040325,156.20656797420492
550.6181663405237,262.33328690815335,44.837070437040325,156.20656797420492
554.4333602943993,262.33328690815335,44.837070437040325,156.20656797420492
559.7746318298252,262.33328690815335,44.837070437040325,156.20656797420492
564.3528645744759,258.5180929542777,44.837070437040325,156.20656797420492
564.3528645744759,251.65074383730146,44.837070437040325,156.20656797420492
562.0637482021505,247.07251109265067,44.837070437040325,156.20656797420492
559.774631829825,241.73123955722477,44.837070437040325,156.20656797420492
555.1963990851743,234.86389044024858,44.837070437040325,156.20656797420492
546.0399335958728,230.2856576955978,44.837070437040325,156.20656797420492
538.0671003876784,231.75095114578718,43.995883456376035,153.27598107382613
532.8260362929259,230.2535042615722,43.995883456376035,153.27598107382613
528.3336956402809,225.76116360892726,43.995883456376035,153.27598107382613
526.5002280619925,221.2091791942505,43.170477960307906,150.40037482945976
521.3574914190197,219.00514920440497,43.170477960307906,150.40037482945976
515.4800781127649,217.53579587784128,43.170477960307906,150.40037482945976
510.0076248502339,216.74259442742076,42.36055787286023,147.57871775060977
504.9613709405637,214.57991418041925,42.36055787286023,147.57871775060977
512.1703050972353,210.25455368641624,42.36055787286023,147.57871775060977
508.5658380188995,207.3709800237476,42.36055787286023,147.57871775060977
502.077797277895,204.48740636107894,42.36055787286023,147.57871775060977
493.0015009452193,199.4002896948616,43.21170856219961,150.5440169263728
488.5892309828103,194.98801973245264,43.21170856219961,150.5440169263728
485.64771767453766,189.1049931159073,43.21170856219961,150.5440169263728
482.376172845985,183.16338581726185,42.401014948623256,147.71966498230034
479.48984518374704,184.60654964838088,42.401014948623256,147.71966498230034
476.60351752150905,184.60654964838088,42.401014948623256,147.71966498230034
458.56396963252155,179.55547623946438,42.401014948623256,147.71966498230034
453.512896223605,175.94756666166688,42.401014948623256,147.71966498230034
460.7287153792,175.22598474610737,42.401014948623256,147.71966498230034
465.77978878811655,200.4813517906899,42.401014948623256,147.71966498230034
469.38769836591405,206.9755890307254,42.401014948623256,147.71966498230034
472.67176813523076,204.75336163242804,41.60553073446576,144.9483006233
478.0183585810459,201.1567367017724,40.82497057662484,142.228929750822
498.5493780517422,200.40663090251465,40.05905448531194,139.5605769165706
494.15306696380264,186.03607076277018,39.307507723618784,136.94228497260735
496.8288129810569,161.9543566074823,39.307507723618784,136.94228497260735
504.4611481564742,150.5445183768017,40.09731347630945,139.69386630456196
519.8495842261161,136.84261086707443,39.345048938793596,137.07307372224867
527.88448881001,133.49473395711868,39.345048938793596,137.07307372224867
540.3059213480016,126.74564135749242,38.60689761449184,134.50144975371353
549.8662617591634,119.46615479114543,37.88259472581959,131.97807194801666
565.9834439196277,122.04490393681968,37.88259472581959,131.9780719480167
569.5622374832919,119.41479861216985,37.17188046267683,129.50203516029353
579.0511223867693,116.88442930457589,37.17188046267683,129.50203516029353
592.0516592114508,108.61033636770726,36.47449988925334,127.07245122707619
605.0868691032921,107.3688878065795,36.47449988925334,127.0724512270762
618.1220789951334,103.02381784263238,36.47449988925334,127.07245122707621
635.8445073692574,102.35364629062592,35.79020285258222,124.68844864770588
648.3618146552044,99.25973224649653,35.11874389280918,122.34917227172237
660.6442851014721,99.80977490742664,34.45988215514511,120.05378299211853
670.6137557071896,100.98265380221694,34.45988215514511,120.05378299211853
682.3425446550928,100.98265380221694,34.45988215514511,120.05378299211853
699.0860996079944,101.52237712870631,33.81338130347066,117.8014574443495
710.3365937459921,101.47653744759265,33.179009435561575,115.5913877109888
714.289084328994,98.08868837644816,33.179009435561575,115.59138771098881
716.2143174581292,107.65558822510049,33.84567527215032,117.91396546426571
724.8541202644567,85.76808778240438,33.84567527215032,117.91396546426571
731.5074645228239,82.84227005265114,33.21069753802958,115.7017849711999
732.3841777715028,77.71062038038329,32.5876326027993,113.53110713233313
735.7116424162386,79.37435270275125,32.5876326027993,113.53110713233315
734.60248753466,73.27400085406873,32.5876326027993,113.53110713233315
733.4933326530813,67.72822644617554,32.5876326027993,113.53110713233315
728.7293214758228,72.68798802705308,33.24241590468735,115.81228766794312
722.8182252587392,67.55143729705593,32.61875590209829,113.63953669118123
724.7895263208736,66.95211003187609,32.006796366766025,111.5075486326043
721.2769163612892,63.64056297839518,31.40631778656301,109.41555874028413
715.3977047258569,62.03714162327728,31.406317786563015,109.41555874028413
710.0529668754639,61.50266783823798,31.406317786563015,109.41555874028413
706.3116503801888,60.96819405319869,31.406317786563015,109.41555874028413
701.5013863148351,59.364772698080785,31.406317786563015,109.41555874028413
703.9338879644627,57.184301053096405,30.81710476762239,107.3628166097813
709.1783533427474,50.89094259915473,30.81710476762239,107.3628166097813
706.8452000588785,45.6046994926175,30.23894595707539,105.3485859149724
704.7867704128291,46.63391431564215,30.23894595707539,105.34858591497242
701.6991259437551,45.60469949261749,30.23894595707539,105.34858591497242
698.6114814746811,42.00244761203117,30.23894595707539,105.34858591497242
697.3513152350628,43.50527590906616,29.671633967238307,103.3721441439271
695.3315037280219,44.515181662586585,29.671633967238307,103.3721441439271
693.8166450977412,46.03004029286723,29.671633967238307,103.3721441439271
691.7968335907003,46.03004029286723,29.671633967238307,103.3721441439271
689.2720692068992,47.54489892314787,29.671633967238307,103.3721441439271
684.5008747723053,36.39571078299605,29.114965301221766,101.43278233974044
683.2174123324963,30.91735110112365,29.699972299019215,103.47087123529285
669.5706635672117,40.01518361131342,29.69997229901922,103.47087123529286
670.0760987066667,40.5206187507684,29.69997229901922,103.47087123529288
665.3003474724363,73.83907468603265,29.142771978380384,101.52965721500274
663.5899100814783,75.28742485158797,28.59602527682894,99.624862254759
668.2379878658488,79.14184321889637,28.05953607431977,97.75580309763026
664.8953608862055,83.91702461838689,28.05953607431977,97.75580309763026
661.3384278386678,85.7890577944758,27.53311193021024,95.92180930524867
657.8482263090799,86.22029150249236,27.01656401423105,94.12222301732116
659.4809612146148,84.80435962366768,26.50970703875211,92.3563987156526
655.2182041711145,85.2195643885243,26.012359192319202,90.62370299259602
650.5927413750289,86.06965872289882,25.52434207443753,88.92351432384697
645.8146260311477,83.02903986770167,25.52434207443753,88.92351432384697
644.7509343860639,87.77255270641409,25.045480631578826,87.25522284550053
655.8327802738492,45.57629336446281,25.045480631578826,87.25522284550053
653.4500366434945,45.97835829365917,25.54871947390914,89.00844203813517
651.0194165453752,48.12765782381762,26.062069894298396,90.79688866400743
648.6027402597672,44.100599606249304,25.57312015537577,89.09345086388987
642.5098810507902,38.87814885569759,25.57312015537577,89.09345086388987
641.2042683631523,37.13733193884701,25.57312015537577,89.09345086388987
641.0089524174514,39.27868445291264,25.093343588352457,87.42197121103447
641.0089524174514,36.28940882605532,25.093343588352457,87.42197121103447
643.9982280443087,37.99756632711666,25.093343588352457,87.42197121103447
649.549739922758,38.85164507764732,25.093343588352457,87.42197121103447
655.5282911764726,40.13276320344332,25.093343588352457,87.42197121103447
666.8667026797394,43.942099366035144,24.622568095615982,85.78185013956546
676.0853121216845,46.45626557747472,24.622568095615982,85.78185013956546
686.980032371256,50.64654259654068,24.622568095615982,85.78185013956546
698.7128080246407,52.32265340416706,24.622568095615982,85.78185013956546
713.6097492350435,56.47955042318001,24.160624808272182,84.17249933204512
726.5825440213092,58.50262834094104,23.70734802557133,82.59334150844215
739.0895701450359,61.326795530169626,23.70734802557133,82.59334150844215
751.5965962687625,62.53715289698187,23.70734802557133,82.59334150844215
763.700169936885,66.16822499741863,23.70734802557133,82.59334150844215
774.9968386937993,68.18548727543904,23.70734802557133,82.59334150844215
786.6969599063177,71.00965446466765,23.70734802557133,82.59334150844215
802.0281532192729,79.07870357674932,23.70734802557133,82.59334150844215
813.9506608668416,81.4672790438571,23.262575155470675,81.04381021905921
820.5030078486191,83.8110425157636,22.82614665631207,79.52334964134535
828.6605868035165,84.199498656473,22.82614665631207,79.52334964134535
834.098972773448,85.36486707860121,22.82614665631207,79.52334964134535
842.6450078690549,86.14177936002,22.82614665631207,79.52334964134535
845.9117902530569,86.11976030926704,23.28479242107735,81.1212123056889
850.8292576552792,86.88982160961662,23.752653755194054,82.7511808245471
853.8244143797504,87.67535575167415,24.22991582709717,84.41390030085473
855.4737965086968,89.32473788062056,24.229915827097173,84.41390030085475
843.9281216060718,143.75434813585224,24.229915827097177,84.41390030085475
844.5677555130582,145.3708825704212,23.77533907759777,82.83021356066328
842.1400983352084,149.821587396479,23.77533907759777,82.83021356066328
841.7354888055669,153.46307316325357,23.77533907759777,82.83021356066328
840.1170506870004,153.05846363361195,23.77533907759777,82.83021356066328
839.4735822133157,152.22630989307473,24.253056965683943,84.4945210417377
836.5844067708707,151.81357054415403,24.253056965683946,84.4945210417377
830.6208219869254,155.4953456183878,23.798046065953336,82.90932177816008
829.5717430012392,154.2574011592012,24.276220205556537,84.57521878064865
826.6798082091625,153.01800053402548,24.27622020555654,84.57521878064865
824.201006958811,153.01800053402548,24.276220205556545,84.57521878064865
820.4828050832839,155.0836682426517,24.276220205556545,84.57521878064865
823.189329065937,155.87702485841245,23.82077474095314,82.98850554912711
821.1624152894018,158.7147041455618,23.82077474095314,82.98850554912711
817.9193532469454,161.9577661880182,23.82077474095314,82.98850554912711
812.2439946726467,165.20082823047463,23.82077474095314,82.98850554912711
806.7920865310605,165.57391795042372,23.373873875528332,81.43156059861488
804.4054222440494,164.7783631880867,23.373873875528336,81.43156059861488
802.5794870954849,166.74470268271222,23.843525123309327,83.06776494572284
799.3333277187783,166.74470268271222,23.84352512330933,83.06776494572284
795.441854444832,166.31593230427333,24.322613073611983,84.73684554677726
791.5307817934327,167.5247281147075,23.866297233753826,83.14710004017465
789.9061519588769,167.93088557334642,23.86629723375383,83.14710004017465
787.4692072070433,169.14935794926322,23.86629723375383,83.14710004017465
783.4076326206539,171.1801452424579,23.86629723375383,83.14710004017465
779.5699354900618,175.61552253879253,23.418542322159233,81.58717970300637
777.3983874855094,175.58377479660254,22.979187727500836,80.05652498613196
776.6162662877738,176.75695659320593,22.979187727500836,80.05652498613196
771.1414179036245,176.75695659320593,22.979187727500836,80.05652498613196
766.2731860562556,179.07216806269506,22.548075851675744,78.55458683809616
760.9010511441722,180.99078767415335,22.548075851675744,78.55458683809616
755.7404281312896,180.19277214994366,22.125052053274512,77.08082650818218
749.5470487507006,182.42192728302444,21.7099645921107,75.63471535315986
744.9477068468055,183.50087855212507,21.302664574791113,74.21573464765936
740.5973531972927,184.22593749371055,21.302664574791113,74.21573464765936
735.6704528573365,186.01803541112199,21.73069901409239,75.70695140393478
730.4930600010453,188.97654561471697,21.73069901409239,75.7069514039348
726.5766047789065,189.69521082923484,22.167333949382552,77.22813117849407
729.2173158843829,186.30001083647954,22.167333949382552,77.22813117849407
722.5814562219892,188.54209396571062,22.612742190427497,78.77987601826355
718.733212059534,191.2358648794293,22.612742190427497,78.77987601826355
712.9608458158511,188.92691838195614,22.612742190427497,78.77987601826355
707.9581284046593,183.9242009707643,22.612742190427497,78.77987601826355
703.3402354097129,184.30902538700983,22.612742190427497,78.77987601826355
701.5737588303148,186.59615869255654,23.067100019259758,80.36280006709852
695.6854084316975,187.77382877227998,23.067100019259758,80.36280006709852
693.3300682722506,189.34405554524457,23.067100019259758,80.36280006709852
689.4045013398392,192.48450909117375,23.067100019259758,80.36280006709852
687.2655417782853,195.59369133360298,22.63433882347359,78.85511590113381
683.240751432745,196.33339060708641,22.209696647955333,77.37571735416698
674.5475478425751,197.84525210102902,22.209696647955333,77.37571735416698
672.2797556016612,200.11304434194292,22.209696647955333,77.37571735416698
670.1667990168593,199.33568919754427,22.6559560827027,78.93042764296426
668.3969466271341,197.77159499275905,23.11118220827245,80.51637672559434
667.3781463642104,196.5693803285512,23.57555519238327,82.13419228314172
671.9558097571683,183.70793114528325,24.049258822863827,83.78451460868689
671.3049277732146,180.81983449331852,24.53248058039163,85.46799686071924
660.2036028799002,185.80610451594526,25.02541171269344,87.18530532164166
657.6483030301408,188.3614043657047,25.025411712693444,87.18530532164166
657.2224197218476,191.76847083205053,25.025411712693444,87.18530532164166
662.141886625465,203.23339403416554,24.555910687909925,85.54962433207328
667.992393159694,197.38288749993657,24.55591068790993,85.54962433207328
672.7604120894499,198.1949864945784,25.049312601362104,87.26857293377763
681.034555259002,202.00743337533015,25.552628439461273,89.02206036973604
691.2143727892351,208.50561675421937,26.06605740269537,90.81078062874515
710.7324670801027,223.14418747237005,26.06605740269537,90.81078062874516
725.3710377982534,224.91855968063072,26.06605740269537,90.81078062874518
729.1015026211438,223.56263612097885,26.58980269408773,92.63544164391855
730.0065149556644,219.9425867828963,26.58980269408773,92.63544164391855
712.1556935246039,228.05165087873985,26.090952175383432,90.89751080456165
715.7078272218366,231.6037845759726,26.090952175383432,90.89751080456165
720.5920110555317,239.1520686825923,26.090952175383432,90.89751080456165
719.0606900061962,253.76924954396134,25.60146057682136,89.19218523537765
720.9819175698582,254.18023983740233,26.11587072419143,90.9843238133121
739.3860571029929,261.7105405886629,26.64061691465261,92.81247183169299
756.1607813426231,267.15099169340783,26.64061691465261,92.81247183169299
766.5883126267174,273.49818464894355,26.64061691465261,92.81247183169299
774.0279734006062,279.81967895701297,27.175906830318727,94.67735282820719
783.004560800623,286.2681910502144,27.721952326260322,96.57970487858435
793.3835696217832,294.76010735843636,27.721952326260322,96.57970487858435
803.2908053147088,302.7802505384238,27.721952326260322,96.57970487858435
814.4016326366954,315.95231639639024,27.201861581076805,94.76777583084822
825.304010048896,326.5626504769038,26.691528243309694,92.98984033153056
831.8494136521892,336.98436144899597,27.227841120302518,94.85828519331201
839.4530627039115,349.00556884039224,27.77493013193276,96.76427271770123
831.4175926962226,357.5137135544158,27.77493013193276,96.76427271770123
840.1193712810103,371.1944871849314,28.333011803073685,98.70855724941799
869.0497008335518,382.766619005948,28.33301180307369,98.70855724941799
880.6218326545684,395.7852673045917,28.333011803073692,98.70855724941799
891.711792316376,407.83957128481734,28.333011803073692,98.70855724941799
902.3195798189745,422.78690822029716,28.333011803073692,98.70855724941799
918.0148663208338,438.66017934849987,27.80145698873274,96.85668886397211
930.5769371592112,451.87002179008414,27.279874658877834,95.0395633277034
940.7904335389892,460.2265188280843,27.279874658877837,95.0395633277034
956.3665765780869,472.7242819625353,26.768077720016187,93.2565288310241
963.4507750095299,479.06555417421595,26.2658825887106,91.50694579292721
972.6370354186624,494.6747253230037,25.773109125727444,89.79018663156654
938.228795478779,519.6404215266475,25.289580571420032,88.1056355391407
945.2911657372475,538.1223206907075,25.797724113841575,89.87594207402867
956.4466791245214,552.1462846374241,26.316077784460994,91.68181937812214
965.2026469525239,591.9690725638036,25.82236261086326,89.96177941849133
973.1126721769843,602.0763270172808,25.82236261086326,89.96177941849133
973.991563868591,602.9552187088875,25.82236261086326,89.96177941849133
935.5003509177286,602.0514176919596,26.341211342803334,91.76938145234708
939.7819249501555,611.4294960390238,25.847024639245028,90.04769874317621
945.2405049026602,614.0437561939344,26.36636890532138,91.85702715402286
952.1548753924654,624.787212420027,26.896148355736003,93.70271040062863
958.8152482770618,630.2433850204022,26.39155049494067,91.9447565630191
966.6980630125166,636.9445914383128,25.896419380006176,90.21978364647313
974.1900675016776,640.910946756104,25.896419380006176,90.21978364647315
982.5634842836811,640.910946756104,25.896419380006176,90.21978364647315
989.6147826264208,640.4702406096827,25.896419380006176,90.21978364647315
994.7054712242638,641.3165459844766,25.410577405587443,88.5271728968853
1002.0569184340591,641.7489840556411,25.410577405587443,88.5271728968853
1005.3223484858098,644.741602275617,24.933850298388126,86.86631716857801
977.7412161389772,601.0361156337129,24.93385029838813,86.86631716857801
982.6426840041572,598.0320378474902,24.466067054648157,85.23662070651616
986.8063276228045,596.3665804000312,24.46606705464816,85.23662070651616
991.1405372606519,593.4284288807795,24.957663739977207,86.9492801263722
992.2241130061415,587.4483694088326,24.489433732948857,85.31802719866054
994.7246851068896,582.4472252073364,24.48943373294886,85.31802719866054
995.787931919182,576.5793574580504,24.029988175529496,83.7173781599092
996.1968750758396,571.2630964215032,24.029988175529496,83.7173781599092
996.1968750758396,562.6752901316962,24.029988175529496,83.7173781599092
995.5465146429766,554.4732466721782,24.51282272794041,85.39951143927627
995.5465146429766,543.6270853330692,24.512822727940414,85.39951143927627
999.9480573368572,533.1648528235714,24.052938370263004,83.79733367704529
990.759009928525,526.5829054700293,23.60168188970867,82.22521432543664
986.3408134457424,517.746512504464,23.601681889708672,82.22521432543664
985.7589002297195,509.27977774617017,23.15889141892444,80.68258945947866
980.0643598394358,499.0012931415836,22.724408127346056,79.16890573397978
975.8103875788684,490.106623869488,22.72440812734606,79.16890573397978
970.6094070469794,478.08734986225477,22.2980761642249,77.68362018504155
965.885471379409,469.3293244595873,21.879742602723713,76.22620003529549
961.250161332164,458.5015068921178,21.469257385061223,74.7961225027939
956.7018142025468,447.14610059080513,21.06647326868584,73.39287461348613
951.8802885226702,440.66436220681356,20.671245773459226,72.01595301721277
945.390299525812,430.78638788762413,20.283433129830733,70.66486380715222
941.5932738167226,419.74049491572754,20.283433129830733,70.66486380715222
939.522168884492,408.69460194383095,20.283433129830733,70.66486380715222
928.3213602081468,402.10860541327264,19.90289622798415,69.33912234265445
923.4274365568072,394.9687522421448,19.529498567938507,68.03825307539866
918.2929739940996,388.62755699237107,19.163106210585017,66.76178937881231
913.580957328643,381.4269735419474,18.80358772964264,65.50927338069049
908.6373425754749,376.28148060511637,18.450814164514995,64.28025579895547
904.1004714190433,370.6045289454477,18.104658974031707,63.07429578049757
899.9568220736896,364.7259767089157,17.764997991057648,61.89096074303956
895.5885862733041,359.26003716120164,17.43170937795371,60.72982621996776
891.3023028183314,354.7866042176337,17.1046735828732,59.590475708074386
887.0964342031913,350.688185137246,16.783773296878177,58.47250051815624
882.9694717674014,346.38102955337723,16.468893411860275,57.37549962841645
879.0457171267295,341.05593396960836,16.46889341186028,57.37549962841645
874.7159123251236,336.8295848069783,16.159920979251027,56.299079540616475
872.9424296332802,332.9575361439021,15.856745169506778,55.24285413892684
868.6248195693454,328.1002248219755,15.85674516950678,55.242854138926845
864.8469107634023,323.78261475804067,15.856745169506782,55.24285413892685
861.217745926036,322.9515664068115,15.559257232353747,54.20644455142596
857.6566677451375,319.22344166892765,15.26735045777888,53.18947901419739
857.6566677451375,317.66451993054125,15.267350457778882,53.18947901419739
853.6059799627974,312.71320690419714,15.574117330527034,54.25821521602966
850.3065415804565,311.1018484362805,15.281931766080461,53.24027841086096
850.1898250852892,310.0408574878038,14.995227886551186,52.24143908862994
846.6171749055623,308.25453239794035,14.995227886551188,52.24143908862994
846.2474588266305,307.97901456559356,14.713902850207143,51.261338962011976
844.2442452305647,306.4766043685442,14.713902850207143,51.26133896201198
842.9922367330236,305.47499757051133,14.713902850207143,51.26133896201198
842.3790551872389,305.4550504197506,14.43785574472702,50.29962646550059
841.7773775226864,306.663997099266,14.166987551002652,49.355956629299556
841.669176468046,305.68041427813614,13.90120110762049,48.42999095558106
844.5080298311465,307.80955430046157,13.90120110762049,48.42999095558106
847.5834543078387,308.9924098684201,13.90120110762049,48.42999095558106
851.1320210117144,310.41183654997036,13.90120110762049,48.42999095558106
850.8954498981227,313.2506899130709,13.90120110762049,48.42999095558106
849.4760232165725,314.43354548102946,13.90120110762049,48.42999095558106
845.787798095769,311.8178535545688,14.180517941475909,49.403094763851556
852.1610960206518,314.70006888070327,14.465447088473985,50.39575114694163
858.1701056789424,315.6708087921971,14.756101316822694,51.40835297473713
851.8921098177085,299.09689971853953,14.756101316822694,51.40835297473713
858.4212255133917,298.0924203807421,14.756101316822694,51.40835297473713
868.3177717194866,303.1005827204673,15.052595660581613,52.44130101105852
880.9748250813299,309.4902019924993,15.355047465189681,53.49500407227372
890.6433957356872,315.23908184103607,15.355047465189683,53.49500407227373
900.6803273464617,320.9731495719369,15.663576433907739,54.56987918909793
914.3842536235157,328.6883748639063,15.978304675194249,55.66635177164448
923.901430271555,334.94251951833206,15.978304675194249,55.66635177164448
929.9950488880614,341.1812508352863,16.299356751032928,56.78485577779213
939.5397026788904,349.7644010442328,16.626859726231434,57.925833884935315
945.8806596215314,355.40749137825435,16.960943218710604,59.089737665185325
947.1534710503838,360.87532641737755,17.301739450804156,60.2770277640919
958.0478099120916,371.1807820973714,17.301739450804156,60.2770277640919
959.346195940984,376.46404075507877,17.649383301589165,61.488174082955794
960.8479849696943,383.6726280928881,17.649383301589168,61.488174082955794
962.6501318041466,390.58085762495534,17.649383301589168,61.488174082955794
963.5512052213727,398.3901605742488,17.649383301589168,61.488174082955794
965.7767531379696,404.9810069711337,18.004012360268,62.72365596480462
966.8214474083236,414.15542640573386,18.365766980622865,63.983962384105446
965.074189492479,420.07614572671133,18.734790336564522,65.26959214028928
965.204799720969,427.3911472594303,19.111228478797113,66.58105405516412
962.7361500069941,433.2269514343299,19.495230392621583,67.91886717429453
964.5778772053613,443.4854077214216,19.129480939513325,66.64464327314319
961.455777455614,450.30342394035983,19.513849600030966,67.98373409043046
958.4669912456017,456.94517107372064,19.513849600030966,67.98373409043046
956.8065544622615,464.5831802770856,19.513849600030966,67.98373409043046
953.4856808955811,475.5420630471309,19.513849600030966,67.98373409043046
951.6291982222342,481.83289895262027,19.90594138004439,69.34973125950948
949.5966382946808,490.3018986507595,19.90594138004439,69.34973125950948
947.5640783671274,500.8034582764522,19.90594138004439,69.34973125950948
945.8702784274996,510.62749792629376,19.90594138004439,69.34973125950948
943.8377184999462,519.0964976244329,19.90594138004439,69.34973125950948
941.4663985844671,527.5654973225721,19.90594138004439,69.34973125950948
939.9113735926902,536.6928148973151,20.30591146019362,70.74317540970681
938.1835401308754,546.3686822834779,20.30591146019362,70.74317540970682
936.9428367143016,554.6426949731612,20.71391813916329,72.16461803321407
932.8571225326779,560.9678964163427,21.1301228963335,73.61462170335544
929.620784176953,569.5981320316092,21.130122896333503,73.61462170335544
927.6105346440944,576.4100188980246,21.554690455689535,75.09376029724096
924.0926193441248,582.6251400956232,21.987788851015704,76.60261922289342
920.8782075110774,588.2167638453564,22.429589492399163,78.14179565093902
918.5879624066973,596.2326217106867,22.429589492399167,78.14179565093903
914.5455483618952,601.5548904390264,22.880267234069944,79.71189875095335
911.2006644247781,606.9840995129247,23.34000044360411,81.31354993255627
909.7745763444682,612.9195986066959,23.80897107251745,82.94738309135113
906.1279394237854,620.2128724480614,23.80897107251745,82.94738309135113
904.2680150756019,626.2676335251238,24.287364728277545,84.61404485980565
898.6508104711603,632.0307297169154,24.775370747762828,86.31419486317373
894.1856236825265,636.2231113899221,25.27318227219763,88.04850598055947
889.8846249214464,641.8144097793263,25.27318227219763,88.04850598055947
876.1214288859901,637.5134110182462,25.27318227219763,88.04850598055947
871.82043012491,642.2445096554343,25.27318227219763,88.04850598055947
870.5301304965859,647.4057081687304,25.27318227219763,88.04850598055947
866.0361065799372,652.102544789775,24.79903283111895,86.39663050841439
867.9568566876328,653.7570487014509,24.33377889398014,84.77574582418885
872.5121005395158,656.2417271661144,24.33377889398014,84.77574582418885
879.3661724393637,651.6534948161341,23.87725357248925,83.1852705106077
876.688226127441,653.255837479856,24.357019228521274,84.85671215097734
910.6779298717884,597.7116874586054,24.357019228521274,84.85671215097736
909.1897013313645,597.2736830822287,24.846424815879953,86.56173806822694
906.8258952084956,598.5182270966825,25.345664029705432,88.30102307123184
903.120593009827,603.2384447190129,25.854934457054306,90.07525552780211
901.5408409470327,611.5735069107525,26.374437655099896,91.88513763712224
895.0556298123038,599.8678839390478,25.879627593658327,90.16128322951936
894.1747890458445,609.1167119868703,25.879627593658327,90.16128322951936
892.5935282175359,610.4130085710531,26.399626950897705,91.97289389345009
889.1834161154445,610.8368121425221,26.930074655222093,93.82090525045119
887.5379723391916,619.5184758865283,27.471180645269474,95.7060486996485
883.5881159665695,621.3512560657183,26.955794620334466,93.9105102901975
880.5648967940076,623.1601919059965,27.497417401640845,95.79745417345843
876.8212809120469,625.967903817467,27.497417401640845,95.79745417345843
875.6091241376312,632.0247544727897,28.049923009492016,97.72231242016574
872.7449968707234,634.4115271952128,28.04992300949202,97.72231242016574
869.5990660523007,638.6806599728144,28.613530112521744,99.68584684362412
871.259384339413,630.3749756722957,29.188461773072646,101.68883456425306
864.801891272523,629.3815152004664,29.188461773072646,101.68883456425306
861.0315377399176,603.026656292371,29.774945535478995,103.7320683171526
870.6590474342697,599.9863900731018,29.774945535478995,103.7320683171526
897.2155983808248,605.5314893238367,30.373213516123375,105.81635676584915
911.688585060085,604.4977045610324,30.373213516123375,105.81635676584915
916.0354720031145,608.6035443468057,30.983502495302844,107.94252482234536
920.7809767033094,614.4036056470441,30.983502495302844,107.94252482234538
917.9079471999294,620.1616636391416,30.402221901803202,105.91741823854017
915.3210169644444,619.6442775920445,30.402221901803202,105.91741823854017
904.9732960225048,622.7485938746264,30.402221901803202,105.91741823854017
899.282049504438,620.6790496862385,30.402221901803202,105.91741823854017
900.602009201187,620.120448353849,29.831846696693088,103.9303046207372
906.9739989967022,625.6644795142049,29.272172284296587,101.980471184001
905.7541217124434,624.6284865512633,28.72299790735133,100.06721851593366
904.2876948444277,622.6732507272425,28.72299790735133,100.06721851593367
895.4891336363338,621.2068238592268,28.72299790735133,100.06721851593367
893.0450888563078,618.7627790792008,28.72299790735133,100.06721851593367
891.0898530322869,616.8075432551799,28.72299790735133,100.06721851593367
888.6458082522608,613.3858805631434,28.72299790735133,100.06721851593367
883.4691530937324,608.9588925602866,29.300129104303743,102.07786913757434
880.477369527583,603.9725866167042,29.300129104303746,102.07786913757435
878.4828471501502,595.4958665126144,29.300129104303746,102.07786913757435
876.2645436153772,593.9602535149509,28.750430230267543,100.1627891893192
870.5936686157555,590.507589052309,29.328112624884312,102.17536011250019
868.8723532763279,585.9758685316127,28.777888752828478,100.2584511388863
865.6447776752816,579.581448009146,29.35612287153906,102.27294419761995
862.3523503976836,573.558127893316,29.945975448396894,104.32791446538272
852.8783088257079,568.433024465247,30.547679933081533,106.42417525073566
839.0550136818338,562.6850808771736,31.16147446597694,108.56255620404869
831.630715218769,557.912317579489,31.161474465976944,108.5625562040487
826.0145811347859,549.9276524285963,31.78760197242182,110.74390364585665
822.768806181036,542.8951400288047,31.787601972421825,110.74390364585665
819.5230312272861,535.3216651367214,31.78760197242183,110.74390364585665
813.5724438120778,525.5843402754716,31.78760197242183,110.74390364585665
811.7067769831688,519.5906594610938,31.19123569190654,108.66624047502921
807.4602688981137,512.6900838228792,31.191235691906545,108.66624047502923
803.5063497480527,502.0315286850864,30.606057821918238,106.6275562828119
799.3395102782665,497.86468921530025,30.60605782191824,106.6275562828119
796.5014803583806,488.9686637231064,30.031858457010866,104.62711978571522
795.4793139796051,485.3910813973919,30.03185845701087,104.62711978571524
790.3684820857272,473.63616804147273,30.031858457010873,104.62711978571524
788.3241493281761,469.5475025263704,30.031858457010873,104.62711978571524
783.4950308479195,457.24079278522646,29.46843162976837,102.66421341983813
781.9905465305246,453.7303293779719,29.468431629768375,102.66421341983815
778.2550165472277,443.6604845519247,28.91557523692343,100.73813308347512
776.7787578165643,439.7237946034891,28.915575236923434,100.73813308347512
768.9053779196931,428.4058110017368,28.915575236923434,100.73813308347512
765.239930106288,418.03279999944584,28.373090966862275,98.84818788455237
765.7227843340705,413.2042577216207,28.37309096686228,98.84818788455237
754.4004362364765,398.1973122006727,27.840784228489575,96.99369989280231
756.2956178908415,391.564176410395,27.84078422848958,96.99369989280231
750.397437587686,382.5243207230859,27.318464081427916,95.1740038965875
746.9344456322299,373.6540615066686,26.805943167526767,93.38844716428672
743.7411544598727,364.98655689598496,26.805943167526767,93.38844716428672
741.2555005026446,356.282712355978,26.303037643656445,91.63638921015786
737.8578651058556,347.30481955408715,26.831544579030435,93.47763917855757
676.4012033824893,389.74460964627036,27.370670804256896,95.35588538257232
672.0000034904791,381.32319400233064,26.85717044153987,93.56691637697753
663.7729911581202,379.49496903958413,26.85717044153987,93.56691637697753
669.4449017242052,368.95676795978414,27.396811567221732,95.44695642774015
673.3658185023717,358.2068228056877,27.94729570204192,97.36477212324274
674.0362620550478,342.0091906794024,28.50884071458305,99.32112248951506
681.5124787325627,325.9712639524134,29.08166885106117,101.3167818036969
683.6948738981156,317.03477961869424,29.666006823285542,103.35253990047859
686.4259770435629,310.44302007442224,30.26208589838582,105.4292024846989
685.0919465819424,303.71881230562707,30.870141990342088,107.54759145022398
678.4776201753576,297.9101932843133,31.490415753354036,109.70854520523334
671.1944871411849,284.4821921415971,32.12315267708618,111.9129190040421
656.9809915954689,271.9087153126945,32.12315267708618,111.9129190040421
649.3275709170065,270.26869659588107,32.12315267708618,111.9129190040421
640.8821351961217,267.49178377371254,31.520491139513176,109.81332396991678
626.9352986289305,256.76344795279624,31.520491139513176,109.81332396991678
610.3063781065101,244.42586175874246,31.520491139513176,109.81332396991678
596.1188022592283,232.5819610698742,30.92913611760259,107.7531193774541
583.4863280714953,228.37113634062985,30.929136117602592,107.75311937745411
568.2220884279847,224.68666470254107,30.929136117602592,107.75311937745411
554.5369080579405,221.52854615560778,30.929136117602592,107.75311937745411
542.4307869613631,216.7913683352079,30.929136117602592,107.75311937745411
523.4820756797635,208.36971887671922,30.929136117602592,107.75311937745411
501.3752458512307,206.26430651209705,30.929136117602592,107.75311937745411
480.32112220500903,201.00077560054166,30.929136117602592,107.75311937745411
464.00417637918724,197.84265705360838,30.929136117602592,107.75311937745411
440.31828727718784,188.36830141280865,30.929136117602592,107.75311937745411
423.164258794205,186.23305351667196,31.55059524961358,109.9182028051053
406.2024835207297,182.98104387692595,32.184541359964065,112.12678925406829
385.9369315696627,175.86071481303753,32.184541359964065,112.12678925406829
370.6008382012877,173.6698443318411,32.184541359964065,112.12678925406829
357.4556153141091,171.47897385064465,32.184541359964065,112.12678925406829
343.76267480663137,169.83582098974733,32.184541359964065,112.12678925406829
330.6174519194528,167.0972328882518,32.184541359964065,112.12678925406829
318.0199466525733,162.71549192585894,32.184541359964065,112.12678925406829
307.8376874924165,158.8504220361224,32.83122534950982,114.37975283055027
296.3333903780671,153.79024547620384,33.49090316045753,116.67798520417452
283.79450512063397,149.80060016702055,33.49090316045753,116.67798520417452
273.53541718273414,146.3809041877206,33.49090316045753,116.67798520417452
264.73038883700195,142.9158057002448,32.86258129565541,114.48899290099294
257.2090644272084,139.51571582519557,32.246047359172124,112.34106821905115
251.72142111233788,145.0033591400661,32.246047359172124,112.34106821905115
249.20240387159575,148.81360358158688,32.89396718875997,114.59833730277654
248.87193463023388,145.98291942627566,33.55490567148373,116.90096169420124
247.9637867436109,143.6663968610261,34.22912439114086,119.24985271752283
243.30368751230498,139.5888100336334,34.22912439114086,119.24985271752284
239.2261006849123,133.76368599450097,34.22912439114086,119.24985271752284
237.134680574977,130.23559273352143,34.916890187532054,121.64594000817603
235.3520300980418,127.26450860529606,34.916890187532054,121.64594000817604
233.8128039094826,124.25974219206871,35.618475262070135,124.09017188076032
233.8128039094826,118.80433437316391,35.618475262070135,124.09017188076032
239.2682117283874,115.77355225155013,35.618475262070135,124.09017188076032
248.96671451755154,113.95508297858187,35.618475262070135,124.09017188076032
260.21164874707017,115.11910904001982,34.95023807865205,121.7621197578844
270.91776688851144,115.11910904001982,34.95023807865205,121.7621197578844
283.40823805352625,113.92954035763745,34.95023807865205,121.7621197578844
292.0630690326838,111.50302211268232,34.29453767369,119.4777441535005
297.89932512650455,109.75214528453608,34.29453767369,119.47774415350051
304.31920682970735,108.00126845638985,34.29453767369,119.47774415350051
309.571837314146,105.08314040947948,34.29453767369,119.47774415350051
314.2408421892026,102.74863797195118,34.29453767369,119.47774415350051
320.39879769734523,101.53489478431844,33.65113884504626,117.2362256537094
324.642131340678,105.51116707924547,34.32729117785978,119.59185313576938
324.642131340678,103.17443504072213,34.32729117785978,119.59185313576938
330.13909230616804,107.81478558450196,35.01702943949651,121.9948122408264
337.29014429228823,106.02702258797191,35.01702943949651,121.99481224082642
345.6330382760951,110.19846957987536,35.01702943949651,121.99481224082642
351.59224826452856,110.79439057871872,35.01702943949651,121.99481224082642
356.9555372541187,109.60254858103201,35.01702943949651,121.99481224082642
359.33922124949214,109.00662758218866,35.01702943949651,121.99481224082642
364.3507116528184,113.14429569060133,35.72062661202432,124.44605400318135
366.78229101071076,111.92850601165512,35.72062661202432,124.44605400318135
371.03755488702257,114.36008536954753,35.72062661202432,124.44605400318135
375.54184632754965,119.18878648273565,36.43836116253973,126.94654856626727
376.1619555980323,121.66922356466623,36.43836116253973,126.94654856626727
378.896423955026,126.59494776932164,37.17051715337864,129.49728556660926
378.896423955026,131.02293165170278,37.17051715337864,129.49728556660926
380.1615622071349,134.81834640802947,37.17051715337864,129.49728556660926
380.1615622071349,138.61376116435616,37.17051715337864,129.49728556660926
379.5289930810805,139.2463302904106,37.17051715337864,129.49728556660926
378.2638548289716,142.40917592068286,37.17051715337864,129.49728556660926
379.24510145323467,142.99135420774226,36.47316215696143,127.06779074038155
378.3458343930114,140.45910268985824,35.78889021744712,124.6838755962672
378.0724950079094,143.45586763590802,35.11745588398385,122.34468501516936
378.9995438540871,151.1774508374961,34.458618310616075,120.04937992085584
382.2548721206787,155.82207994391,33.81214116989226,117.79713697897932
383.98112062846343,159.84999312874095,33.81214116989226,117.79713697897932
391.12183715260045,173.05194842362073,34.4915285224189,120.16403485229796
393.4697491780026,178.9217284871261,34.4915285224189,120.16403485229796
396.7281864938827,185.91870554049478,33.84443395416404,117.90964087257133
397.62162944574106,191.63248105196527,33.20947950837411,115.69754151304512
398.7519495509283,196.7189215253078,33.20947950837411,115.69754151304514
399.88226965611557,193.89312126233972,33.20947950837411,115.69754151304514
403.0195909609892,192.15262011310722,32.586437424562945,113.52694328557399
406.0980530716716,195.99034346761096,31.97508421525226,111.39706758862064
410.2070663867639,197.03530204793688,31.375200585805892,109.30715042796878
415.546508701341,201.30685589959853,31.375200585805892,109.30715042796878
419.57843293656396,206.06981966244913,30.786571355767986,107.25644214267544
433.4893258224531,202.88452181221402,30.208985381677,105.24420713616492
434.517520905294,204.42681443647535,30.208985381677003,105.24420713616493
437.6021061538168,213.68057018204365,30.208985381677003,105.24420713616493
440.9700663525142,215.18190948536284,29.642235481327763,103.26972361236759
445.2123387846885,227.26017708757703,30.237836918854086,105.34472216891089
446.7561043982749,224.68723439826638,30.237836918854086,105.3447221689109
447.27069293613704,218.51217194392078,30.237836918854086,105.3447221689109
450.12728121704924,217.44200243418086,29.670545735650972,103.36835288549361
450.12728121704924,218.45187114857688,29.670545735650975,103.36835288549361
452.65195300303935,216.4321337197848,29.670545735650975,103.36835288549361
455.45494891389706,218.41164777242926,29.113897485915743,101.42906220899667
458.70081919794154,223.82225330759437,28.56769249788166,99.5261545087489
459.6731511244633,227.22541505042048,28.56769249788166,99.5261545087489
459.87231176504423,230.1148532452353,29.141703143241596,101.5259335312932
461.3601152529263,233.09046022099935,29.141703143241596,101.52593353129322
463.343853236769,245.48882262001624,29.141703143241596,101.52593353129323
464.3357222286904,244.49695362809487,29.141703143241596,101.52593353129323
464.5388846040225,242.98103884091205,29.72724738449875,103.5658941137375
468.7933235832662,234.8579737766662,30.324556966195484,105.64684362416483
471.0689896346023,229.66807802156086,30.93386828931725,107.76960565310517
470.23177890341884,225.9532025612927,31.555422504854505,109.93502033949301
472.91683517446944,229.71228134076352,31.555422504854505,109.93502033949301
473.67383613069467,232.90390919260378,32.18946560924455,112.14394470317444
476.71479605368637,248.19871079775874,31.585559976670744,110.04001540259472
477.2523201884176,253.03642801034,31.585559976670744,110.04001540259472
478.8648925926114,251.96137974087748,31.585559976670744,110.04001540259472
477.7898443231489,256.2615728187275,31.585559976670744,110.04001540259472
483.385285476887,254.61853166925403,32.22020863328199,112.25104943207906
489.6414804368976,258.9740475728387,32.867609285350525,114.50650976831781
486.59374200911014,257.8108058565209,32.2509810188981,112.35825645293518
482.7518039603768,257.2619575638447,32.2509810188981,112.3582564529352
485.2497269917784,259.4136291477539,31.645921297504344,110.25030645582144
493.08630021892674,265.294792843563,31.05221308403025,108.18190364758912
502.2863913050448,267.9070766826824,31.676145201527675,110.35560263758013
515.9838655587245,279.1969006157176,32.31261398706197,112.57297776137705
516.7590312115557,284.11480500552557,32.96187133990401,114.83490660353641
509.6965247908796,277.3516536327833,33.624174220736705,117.14228438192126
509.6965247908796,276.7794362914602,33.624174220736705,117.14228438192126
512.5576114974955,279.64052299807605,33.624174220736705,117.14228438192126
517.3697623030954,282.46917442729534,34.29978475335397,119.49602430200721
517.6088844199332,284.1872321409571,34.98897032840311,121.89705791830745
522.3724323234192,290.7371105082502,34.98897032840311,121.89705791830747
522.9678758113549,297.8824323634791,34.98897032840311,121.89705791830747
527.7314237148408,306.21864119457945,34.98897032840311,121.89705791830747
530.9525679520509,315.11654169711073,35.69200370921172,124.34633550306002
533.9896066217451,325.44247317407087,35.69200370921172,124.34633550306003
536.0606578422359,335.12656692533835,36.40916313974091,126.84482642232302
537.5537103173631,344.3856307948132,37.14073245470773,129.39351951962675
558.1281003898757,372.77808154068975,36.44393624816017,126.965971445203
570.2538410085284,368.3872466710067,35.76021261507494,124.58396652993834
569.9807206500057,378.07586398189017,35.08931630127971,122.24665033994202
571.7721741873582,384.04737577306554,35.08931630127971,122.24665033994202
570.5778718291232,387.63028284777073,35.08931630127971,122.24665033994202
552.0661852764796,383.450224593948,35.08931630127971,122.24665033994202
551.7981889210977,388.7770157820753,34.43100665380855,119.95318447133282
553.2930645669737,395.7617153242975,33.78504753457889,117.70274624950044
555.2534634423321,406.6532715500283,34.463890494691185,120.06774752989165
574.6082162703133,434.2191316383652,34.463890494691185,120.06774752989165
583.0595897162681,439.4644552887999,35.15637344640102,122.48026878100976
586.0510515157459,444.84908652786004,35.15637344640102,122.48026878100976
588.4442209553282,449.6354254070246,35.15637344640102,122.48026878100976
591.0824842489768,454.3878509856719,35.86277045805956,124.94126482162659
590.7221889255699,457.4048255066221,36.58336110487335,127.45170965568755
590.3546541882298,454.2566512522567,37.31843057955357,130.01259685779928
585.2739636140259,452.98647860870574,37.31843057955357,130.01259685779928
589.434546542641,461.8270957532346,36.618300583629235,127.57343429135321
582.2117744434007,459.9222577599514,37.3540720972561,130.13676730656937
583.1078824987493,463.0646888195638,38.10462746790627,132.75160537206028
584.6704619004345,470.8095216767207,38.87026374761891,135.4189833788011
585.9934528433303,471.4710171481686,38.87026374761891,135.4189833788011
588.639434729122,464.85606243368943,38.87026374761891,135.4189833788011
594.2960204472417,466.78785371887693,38.141019854546165,132.87839175132189
596.2432759694068,467.43693889293195,38.14101985454617,132.87839175132189
591.0505945769667,464.19151302265686,38.14101985454617,132.87839175132189
591.6996797510217,464.8405981967119,38.14101985454617,132.87839175132189
591.0505945769667,467.43693889293195,38.14101985454617,132.87839175132189
590.759290687663,469.33248789773364,37.42545728504347,130.38546408982862
591.7472673539794,473.74010538609184,36.72331936419532,127.93930617203503
593.6221434505512,479.3647336758073,36.72331936419532,127.93930617203503
593.6221434505512,471.86522928952,36.72331936419532,127.93930617203503
592.6282439237015,463.08038266377537,37.4612010201801,130.50999065094973
595.1783078996751,480.2933145015975,37.4612010201801,130.50999065094973
605.0022098475205,486.6323378084436,38.21390893227858,133.13232789309927
606.3028610532419,484.03103539700066,38.21390893227858,133.13232789309927
607.6035122589634,473.6258257512292,38.21390893227858,133.13232789309927
607.869921825736,469.03668380474755,38.98174100445485,135.80735575745533
614.8695154350568,458.3695560263824,38.250405689793304,133.25947788702157
618.7751956705906,455.1148224967708,38.25040568979331,133.2594778870216
621.7377898712757,449.20444733535265,37.5327909358017,130.75940067956697
606.6698274740148,439.5872269394421,38.28693730407477,133.3867493174215
599.7694937366141,431.07990453847157,39.05623673532555,136.06688927145646
600.0417756203351,425.72494633891085,39.84099370004844,138.80088127758785
601.3978063939715,418.9447924707289,39.84099370004844,138.80088127758785
602.7538371676078,413.5206693761834,39.84099370004844,138.80088127758785
604.1098679412441,408.09654628163776,39.84099370004844,138.80088127758785
606.1439141016988,403.3504385739104,39.84099370004844,138.80088127758785
608.8559756489715,399.28234625300126,39.84099370004844,138.80088127758785
611.5680371962444,392.5021923848193,39.84099370004844,138.80088127758785
612.5238054266731,386.3616216233366,40.641518786463514,141.58980738509842
613.9070829266442,378.0619566235102,40.64151878646352,141.58980738509842
614.9799588554235,373.85702776264964,39.87904442887584,138.933445107051
614.5793140355688,377.21187345429695,40.68033406858524,141.72503481958697
615.2716133453466,375.82727483474133,40.68033406858524,141.72503481958697
616.6562119649022,372.36577828585234,40.68033406858524,141.72503481958697
621.883908418333,358.4646431087566,39.91713149861317,139.06613554355528
621.883908418333,339.44393223971974,39.91713149861317,139.06613554355528
624.9755949025192,331.2380846770391,39.168247349965526,136.4571197998796
628.675844912599,327.1855861821735,38.43341299515427,133.8970517250533
633.6147969002907,324.51723875521844,37.712364846403915,131.38501301327787
638.4610893526989,323.1825327341789,37.00484426110159,128.92010258706333
640.0677121570088,317.4646192002233,36.310597449021,126.50143627400837
635.742167274207,311.90320435090666,36.310597449021,126.50143627400838
637.5959722239792,309.43146441787707,36.310597449021,126.50143627400838
638.4670477732224,306.306762788578,37.04018628356418,129.04322963306203
639.7277500749743,301.894304732446,37.04018628356418,129.04322963306203
642.2491546784784,296.2211443745621,37.04018628356418,129.04322963306203
644.7705592819824,293.69973977105815,37.04018628356418,129.04322963306203
649.1830173381144,288.6569305640502,37.04018628356418,129.04322963306203
659.8989869030063,284.8748236587942,37.04018628356418,129.04322963306203
675.3748694554007,284.19425835416666,36.34527642082314,126.622253337061
680.04548185312,281.0523605108009,35.66340374190288,124.2466969072743
679.7731008770621,276.7555656844891,34.994323656575105,121.91570822290656
673.4661844938786,270.7664627933735,35.69746460180667,124.36536054822942
670.4286811559042,268.33646012299397,35.69746460180667,124.36536054822943
669.8211804883093,272.5889647961581,35.69746460180667,124.36536054822945
670.0700465777821,274.3770315393847,36.41473375805077,126.86423373772502
671.3094609347999,281.8135176814911,36.41473375805077,126.86423373772502
667.8450844195553,264.4265895160146,37.14641500345129,129.41331678621714
667.5613768730486,258.05464180303954,36.44951218677123,126.9853972958479
664.80179579964,254.90373321163483,35.76568394366311,124.60302793276156
663.2251526025469,251.2172623848023,36.484323831143136,127.10667657301455
662.237721378436,246.83582783490493,37.2174033498823,129.66063102539613
661.6043543414937,244.93572672407782,37.2174033498823,129.66063102539613
659.7042532306666,242.40225857630833,37.2174033498823,129.66063102539613
657.1707850828972,243.03562561325072,37.2174033498823,129.66063102539613
656.5374180459548,237.96868931771178,37.2174033498823,129.66063102539613
654.6373169351277,241.768891539366,37.2174033498823,129.66063102539613
651.4704817504158,236.70195524382706,37.2174033498823,129.66063102539613
651.1862320269698,242.35180417524967,36.519168722889596,127.22807167974413
648.7002942017897,241.10883526265957,36.5191687228896,127.22807167974415
645.5928719203145,239.8658663500695,36.5191687228896,127.22807167974416
640.8755908976747,238.58766952793894,37.252948380038625,129.78446532400528
637.3314694343977,238.5517337840121,38.001471871838746,132.39222458576052
634.3628462802948,239.80849666665375,38.7650354461596,135.05238155436223
634.633098044317,246.3681492269534,39.543941303379285,137.76598905693405
635.3060581833381,255.78959117324996,39.543941303379285,137.76598905693405
632.8898995599702,259.7892062763589,40.33849771598808,140.53412107505503
629.0522292071938,256.3178844476948,41.149019150595436,143.35787316981612
618.8349698679183,252.77681334952723,41.97582639238835,146.23836291541724
611.2697993056896,249.16459150978426,42.81924667209061,149.17673034147674
604.2813211686185,246.20848869387976,43.679613795472925,152.17413838422803
597.895764694593,243.19298890409527,44.55726827546536,155.23177334678232
590.6236261262688,238.6003444609025,45.45255746692429,158.35084536863923
581.6583421376944,233.14190684291418,46.365835704107205,161.5325889046313
570.934807957691,228.36284820799088,47.297464440909835,164.77826321349204
556.8901036642163,210.59071168911603,46.41011807955485,161.68686298683593
554.1662172288101,216.84626678193285,45.53941919760108,158.65346043035183
547.618476618538,220.6594874290572,44.68505547216934,155.67696745142837
544.9958369549763,224.4011683539942,43.846720439860945,152.75631637112815
542.0110970317143,226.6397232964407,43.846720439860945,152.75631637112815
543.1685855390463,229.56502167303208,43.02411338682815,149.89045954120746
547.5617004949784,232.49376497698685,43.02411338682815,149.89045954120746
554.1513729288766,235.42250828094163,43.02411338682815,149.89045954120746
562.937602840741,237.61906575890768,43.02411338682815,149.89045954120746
572.4560185785939,241.27999488885112,43.02411338682815,149.89045954120746
584.9031776204016,249.33403897472672,43.02411338682815,149.89045954120746
604.6721949220963,251.53059645269278,43.02411338682815,149.89045954120746
623.7090263978023,254.45933975664755,43.02411338682815,149.89045954120746
644.2102295254856,258.85245471257974,43.02411338682815,149.89045954120746
665.4436184791576,266.1743129724666,43.02411338682815,149.89045954120746
686.9769515036776,271.2581109045841,43.888596897109686,152.90220854476894
709.6898514244494,283.16613631066417,44.77045047456331,155.974472621059
734.0708130240083,299.1661423603747,44.77045047456332,155.97447262105902
758.8717431863055,302.91497379342155,43.93051334908675,153.04824005488263
773.8239626142395,315.62436030716543,43.93051334908675,153.04824005488263
795.1691593580357,324.5361368219834,43.10633425970935,150.17690645318072
806.4734525885253,336.2319156761349,43.97246983398969,153.1944110345445
818.7532079711799,348.91102280308775,44.85600867036405,156.2725463354616
828.9896172319148,361.08153014726804,45.757300452577674,159.41253060898003
833.2021122919214,369.60308301301217,46.676701890571316,162.61560658650626
836.379495097782,383.90130563938476,46.676701890571316,162.61560658650626
837.6116909258051,398.9305959084298,45.8010016374553,159.56477989823114
831.0263395160423,416.79569411676755,44.94173037144094,156.57118968114884
820.3188609566287,440.5051109268978,44.94173037144094,156.57118968114884
812.32741733985,449.62202367674195,44.09857986877674,153.63376212348
796.981189633963,469.07449015446196,43.271247688288106,150.751443559197
792.9687455510074,473.43417815279514,42.45943706289056,147.92320009007008
786.8638503800864,477.71207417078233,41.66285679313831,145.14801721480418
779.4554491408707,483.32775253529024,40.88122114276994,142.42489946513373
767.6282429225281,486.110624586665,40.88122114276994,142.42489946513373
706.0928254827185,505.5353076287954,40.11424973621375,139.75287004874446
686.9781867971363,510.9966329675332,40.11424973621375,139.75287004874446
661.7195571054743,520.5539523103242,40.11424973621375,139.75287004874446
641.519244942575,528.0245787768283,40.9202653561635,142.56092446663388
615.3419881586177,539.1272248839045,41.74247624796489,145.42540112194195
600.4241156463276,541.2583495285173,41.74247624796489,145.42540112194195
574.850619910973,561.8592210931085,41.74247624796489,145.42540112194195
562.3548811372083,575.3160773130271,42.58120782321525,148.34743370668514
543.0862294879709,581.7968377046489,43.43679203200712,151.32817869215356
527.8656656524552,588.4078160148196,44.309567494306236,154.36881578661502
504.1513356213374,601.1667963733333,43.47827698108206,151.47270690183404
469.6784504269392,606.3042590008869,44.35188600046295,154.5162480016126
447.0349932613486,618.3807694892018,44.35188600046295,154.5162480016126
431.4937739282512,630.414496303008,45.24304844587025,157.620942972709
437.9687692871654,578.7843545068586,46.152117018293126,160.78802057985965
436.7196837452872,575.5981610615952,47.07945150554169,164.01873427737078
443.129281410253,564.3813651479051,47.07945150554169,164.01873427737078
452.7436779077016,562.7789657316636,47.07945150554169,164.01873427737078
457.0778924468755,553.9203541446595,48.02541892464254,167.314362705206
464.4335763715795,550.6511612892355,48.02541892464254,167.314362705206
472.12407113891294,544.8837464750377,48.99039366709538,170.67621019504173
468.2970084014685,549.0050892373821,49.97475764704833,174.1056072864907
465.24352061902226,552.3587700132687,50.978900452450475,177.6039112536982
460.39355778052106,556.6473969600063,52.00321949924156,181.17250664251875
458.10112231697553,561.0221952879847,53.04812018863982,184.81280581848688
476.52644339081405,551.9432757149716,54.114016067590164,188.52624952579774
480.5873577647239,548.2074184145775,55.20132899243625,192.3143074575196
482.4661939559828,555.7227631796133,55.20132899243625,192.3143074575196
481.5267758603533,560.4198536577605,55.20132899243625,192.3143074575196
484.34503014724174,560.4198536577605,55.20132899243625,192.3143074575196
482.4661939559828,518.1460393544345,55.20132899243625,192.3143074575196
480.9721957086308,516.2139536645625,56.310489295881275,196.17847883726353
478.4898847310699,515.2013404003488,57.441935957303414,200.12029301254066
479.8678919639128,515.1459295190365,58.59611677649352,204.14131006004163
483.856654802648,514.1487388093527,58.59611677649352,204.14131006004163
468.89879415739125,480.24425468010406,58.59611677649352,204.14131006004163
471.8903662864426,475.25830113168513,58.59611677649352,204.14131006004163
453.49340282784294,499.11144134932056,57.496796725709125,200.3114208508573
463.27822726427297,502.0468886802496,57.496796725709125,200.31142085085733
475.998499031632,504.00385356753554,57.496796725709125,200.31142085085733
488.27963622491365,503.9259070645429,56.41810098657778,196.55338408227072
511.8518693128674,503.84942291363666,55.359642626985526,192.8658517327235
524.0993289847252,503.84942291363666,55.35964262698553,192.8658517327235
545.767911481089,504.79153519608724,55.35964262698553,192.8658517327235
564.1873451741229,510.369159656826,54.321041974040604,189.24750107085086
578.9783426331454,512.2180343392038,54.32104197404061,189.24750107085086
602.089276162868,513.1424716803926,54.32104197404061,189.24750107085086
623.7300360032094,513.090071343262,55.41251467042501,193.05005110986747
644.4763013382885,514.9760954646329,55.41251467042502,193.05005110986747
665.2225666733676,519.6911557680601,55.41251467042502,193.05005110986747
678.9445318148742,523.3880830999586,54.372922086603495,189.42824468881184
697.45093658908,525.2387235773792,54.3729220866035,189.42824468881187
659.8918694789252,531.6635148655057,55.465437210089625,193.23442640934417
641.957528211858,532.6074275637724,55.46543721008963,193.23442640934417
658.0040440823918,538.2709037533725,55.46543721008964,193.23442640934417
682.1221542700875,547.6348380798623,54.424851748033305,189.6091609286318
701.1567653933685,557.749299884947,53.40378867971096,186.05190894867013
710.2450403274315,554.1139899113218,53.40378867971097,186.05190894867013
618.0455894668145,547.6797997099301,52.40188174605884,182.56139447014013
642.6151237520772,554.7429762712962,51.41877155938885,179.1363654327092
666.7237097157773,563.4237335906186,50.45410547447494,175.77559326591236
704.118070143617,555.6276674728813,49.507537462057925,172.47787244845955
