564.0,29.0,80.0,201.0
565.0787401574803,29.0,80.0,201.0
569.3937007874016,31.157480314960623,80.0,201.0
582.0102813618886,38.4366586933986,78.49912231559291,197.2290448179272
582.0102813618886,37.37815674878871,78.49912231559291,197.22904481792722
583.0687833064984,39.49516063800843,78.49912231559291,197.22904481792722
594.3901626334034,44.52077067236398,77.02640255398022,193.5288364168753
594.3901626334034,42.44348383183339,77.02640255398023,193.52883641687532
596.4674494739339,45.55941409262924,77.02640255398023,193.52883641687535
601.6606665752604,49.71398777369036,77.02640255398023,193.52883641687535
604.7765968360562,53.868561454751486,77.02640255398023,193.52883641687535
609.9698139373827,58.02313513581261,77.02640255398023,193.52883641687535
614.1243876184438,62.17770881687373,77.02640255398023,193.52883641687535
616.4664721259811,64.38799504287272,78.57409406049736,197.41741132699963
618.8556161375284,66.64269255001072,80.15288333245493,201.38411937279304
623.4543685694134,67.86189201930272,81.76339521725396,205.43053048335057
625.659405015233,70.06692846512236,81.76339521725396,205.43053048335057
629.2480419568221,72.41314353226066,83.40626711735425,209.55824613235254
631.7841142589159,72.55715885561746,85.08214924254324,213.7688999718899
634.3711438617756,72.70406787886647,86.79170486727367,218.0641584790251
641.0368982792257,77.09025799596779,85.16340820443695,213.97306311364787
642.1852631339509,78.23862285069296,85.16340820443696,213.97306311364787
645.6303576981264,81.68371741486851,85.16340820443696,213.97306311364787
650.2238171170271,86.27717683376923,85.16340820443696,213.97306311364787
653.6689116812026,90.87063625266995,85.16340820443696,213.97306311364787
658.2623711001033,95.46409567157067,85.16340820443696,213.97306311364787
661.7074656642789,101.2059199451966,85.16340820443696,213.97306311364787
668.5976547926299,105.79937936409732,85.16340820443696,213.97306311364787
670.8943845020802,111.54120363772324,85.16340820443696,213.97306311364787
685.4736368769205,115.84510456899551,83.56565996816082,209.95872067000408
686.6004572918455,116.9719249839205,83.56565996816082,209.95872067000408
702.0330091498015,117.8146193096222,81.99788704029878,206.0196911887507
702.8021891424722,130.80398573857053,80.4595270549573,202.15456172558027
714.4063039323214,128.3605475348616,78.95002819677313,198.36194584439252
714.4063039323214,131.55429375423893,78.95002819677313,198.36194584439252
720.793796371076,134.7480399736163,78.95002819677313,198.36194584439252
726.1167067367048,143.26469655862252,78.95002819677313,198.36194584439252
738.5676991379875,140.86709962832825,77.46884900297503,194.64048311997482
737.789408346479,153.5361767299888,79.02543058599181,198.5513943473045
741.257874629861,160.06622069020688,80.61328856275614,202.54088751392487
747.7799339998005,163.32725037517662,80.61328856275614,202.54088751392487
753.4921119661943,164.5534530337377,82.2330513698476,206.61054156674217
758.2102135396568,165.80429378231727,83.88536007102195,210.76196717844272
761.8919845963687,168.2113990057244,85.570868610929,214.9968073849592
767.9554517859501,169.5130110408719,87.29024407392839,219.3167382357452
772.6636263678904,171.86709833184204,87.29024407392839,219.31673823574522
776.4948395127419,172.01782001212678,89.04416694810584,223.72346945711607
780.0969214631033,170.817126028673,89.04416694810584,223.72346945711607
784.8996973969184,173.21851399558057,89.04416694810584,223.72346945711607
789.7024733307336,174.41920797903435,89.04416694810584,223.72346945711607
794.5052492645488,175.61990196248814,89.04416694810584,223.72346945711607
800.5087191818177,178.02128992939572,89.04416694810584,223.72346945711607
805.3114951156329,180.4226778963033,89.04416694810584,223.72346945711607
812.5156590163556,184.02475984666467,89.04416694810584,223.72346945711607
814.9170469832632,188.82753578047982,89.04416694810584,223.72346945711607
820.9205169005321,193.63031171429498,89.04416694810584,223.72346945711607
824.8287106111031,197.38614379566297,90.83333139459413,228.2187451289179
827.5906121302372,199.9926222833786,92.6584455223057,232.8043443747933
830.0894717831026,201.24205210981128,92.6584455223057,232.8043443747933
832.9068681894607,203.90090256978056,94.52023166818539,237.48208206631602
835.7808745418118,206.61317731204204,96.41942668309424,242.2538095412745
839.6813060739725,209.2134650001491,96.41942668309426,242.2538095412745
849.6867740189222,211.48592335454353,94.61050460994448,237.70889283248567
853.125770254225,211.16424441747165,92.83551967144999,233.24924317451826
855.6294053319787,211.16424441747165,92.83551967144999,233.24924317451826
859.3848579486091,213.66787949522535,92.83551967144999,233.24924317451826
865.2629703528365,215.8558706451346,91.0938351740098,228.87326087469978
872.2591358866534,220.45947740893902,89.38482636901318,224.57937625214578
877.3875688331409,214.58737814265962,91.18083568524577,229.09184965918013
882.3055902854553,215.81688350573822,91.18083568524577,229.09184965918013
886.3075634720578,217.20382832737306,93.01293221666941,233.69499219438202
890.3899483058989,219.872850845648,94.88184106369896,238.39062567254376
893.2749498460678,225.15432333765952,96.78830189619187,243.1806085141822
897.5230375725552,224.01632720459364,98.73306924619206,248.0668364810577
900.5251405423915,225.51814848190486,100.7169128065558,253.05124342647161
903.2413250019383,228.23433294145173,100.7169128065558,253.05124342647164
910.0317861508056,235.02479409031895,100.7169128065558,253.05124342647164
917.7670208426335,242.8309065361018,98.82736572063412,248.3037563730934
923.0974732456756,241.49829343534128,98.82736572063412,248.30375637309342
929.7605387494782,244.1635196368623,98.82736572063412,248.30375637309342
949.3441708339932,242.49489012767344,96.97326837289864,243.64533678690802
950.6517828189427,241.18727814272393,96.97326837289864,243.64533678690805
967.2527829788676,233.01189381871103,95.15395569183734,239.07431367574156
971.9946130261693,231.40528721510816,93.36877508332559,234.5890473968558
972.3155917165088,237.8615449749346,95.24483388107485,239.30264512620082
976.168507732761,237.8615449749346,95.24483388107485,239.30264512620082
978.7371184102625,240.43015565243604,95.24483388107485,239.30264512620082
981.305729087764,237.8615449749346,95.24483388107485,239.30264512620082
981.305729087764,237.8615449749346,95.24483388107485,239.30264512620082
986.4429504427668,234.00862895868244,95.24483388107485,239.30264512620082
990.6232945741833,238.0260016281756,97.15858832824729,244.11095317472154
996.1977452461547,227.71287562157238,99.11079584352677,249.01587455686126
997.874898523619,233.22974730155525,101.10222906441076,254.0193505243323
999.5857508418871,234.76760569035832,103.13367615300197,259.1233613344177
988.8148550346199,219.64819855954562,105.20594110794424,264.3299270337102
990.5951503842451,222.66710162153387,107.31984408262616,269.64110825759855
996.7526006648224,209.82825749560908,109.47622170977837,275.0590070458185
988.2717230129427,211.49349205560662,111.67592743259294,280.5857676743901
996.184968873896,196.62765638612626,113.91983184249605,286.2235775042717
1001.1849681503857,201.43272979859867,116.20882302370734,291.97466784706506
1001.1849681503857,198.29875169736877,116.20882302370734,291.97466784706506
1002.7519572010006,195.16477359613887,116.20882302370734,291.97466784706506
1003.1514543111077,185.96349389315353,118.5438069047227,297.84131484811616
1003.1514543111077,190.75891757798036,118.54380690472271,297.8413148481162
1003.1514543111077,190.75891757798036,118.54380690472271,297.8413148481162
1004.7499288727167,189.1604430163714,118.54380690472271,297.8413148481162
1003.5589785166485,184.56970568514083,120.92570761685931,303.82584038735945
1000.7135056841003,178.25613395773846,123.35546786000486,309.9306129982627
999.4742149762448,173.47905984393444,125.83404927571594,316.1580488052368
997.7774369495938,175.17583787058535,125.83404927571596,316.1580488052368
998.2100232001962,168.60599997996175,128.3624328278129,322.5106124798804
998.6513014063321,160.17328294906144,130.94161919062216,328.9908182164387
998.6513014063321,153.11068380374047,130.9416191906222,328.9908182164387
998.6513014063321,147.81373444474974,130.9416191906222,328.9908182164387
1001.645247156433,150.899828053724,128.4850272630805,322.81863099849016
1004.5830235769761,146.99792562264508,126.07452338558556,316.7622400062842
1005.7656638189866,143.16922667013543,123.70924290156451,310.81947279018124
1005.2579899795305,141.08048442997006,121.38833737624134,304.9881976578067
1006.8948209067496,134.53316072109408,121.38833737624134,304.9881976578067
1010.1684827611875,127.98583701221804,121.38833737624134,304.9881976578067
1013.4421446156255,121.438513303342,121.38833737624134,304.9881976578067
1015.4962785386131,113.46395659391584,123.82739323914217,311.11632551334503
1018.8357180806922,105.11535773871776,123.82739323914217,311.11632551334503
1020.9311257165944,91.97140894821024,126.31545705149625,317.3675858418847
1019.6620974773265,87.07970604665061,128.85351353003196,323.7444527442057
1022.6082992396341,83.16661322637646,126.43609649234855,317.67069243702616
1027.2041235789736,79.32693382723934,124.0640325457372,311.71088177116513
1028.3679044407577,80.57802256739643,121.73647082216905,305.86288294070016
1031.151376889802,83.44716491423463,119.45257641672569,300.12459824702375
1032.271900054107,83.04102208717069,117.21153008811574,294.4939693463912
1034.9519109210817,84.22300869925155,115.01252796480995,288.9689765115854
1036.5027688276937,73.36700335296683,115.01252796480996,288.9689765115854
1040.6833579949782,74.52681474843095,112.85478125668959,283.547637907433
1042.2051203012938,62.35271629790617,112.85478125668959,283.547637907433
1046.3072775562175,63.490768505350644,110.73751597210448,278.22800887991286
1046.3072775562175,56.024705666680205,110.73751597210448,278.22800887991286
1047.3460492221502,58.63461947733572,108.6599726402394,273.00818125860184
1051.2957294228686,59.73037032056152,106.62140603868914,267.8862826722068
1052.295889979141,60.80556381393396,104.62108492614445,262.8604758769382
1051.8665494818044,57.628374422211465,102.65829178009308,257.92895809748416
1051.445263829111,60.0478732807795,100.73232253944192,253.0899603803481
1051.445263829111,54.61467320680174,100.73232253944194,253.0899603803481
1055.106781959837,55.63047989882193,98.84248635196761,248.3417469593188
1056.7793949030286,43.805795599851734,100.8285284302377,253.3316776809724
1059.498589468962,38.36740646798458,100.8285284302377,253.3316776809724
1061.8040073036325,33.94579418930553,98.93688732683081,248.57892940866265
1060.8100378651036,24.777996386529026,100.92482620388883,253.57362583727092
1059.4491420786928,17.973517454475484,100.92482620388884,253.57362583727092
1061.756761736679,18.991265395398244,99.03137846073783,248.816338382604
1060.014996029197,19.98991939665997,97.17345363589041,244.1483022601748
1060.014996029197,17.3692967297078,97.17345363589041,244.14830226017483
1057.3943733622448,14.74867406275564,97.17345363589041,244.14830226017483
1056.0840620287686,13.43836272927956,97.17345363589041,244.14830226017483
1053.4634393618164,8.197117395375244,97.17345363589041,244.14830226017483
1050.8428166948643,2.955872061470913,97.17345363589041,244.14830226017483
1049.133728203405,2.6254790104448347,95.35038528490448,239.56784302832267
1047.4567038716648,4.872741694837018,93.56151946648284,235.0733176595383
1043.6718825625383,0.0,93.56151946648284,235.0733176595383
1041.148668356454,0.0,93.56151946648284,235.0733176595383
1036.1022399442854,0.0,93.56151946648284,235.0733176595383
1031.0558115321169,0.0,93.56151946648284,235.0733176595383
1027.2709902229903,0.0,93.56151946648284,235.0733176595383
1025.6254284961965,0.0,91.80621450790204,230.66311395110404
1020.6736759814003,0.0,91.80621450790204,230.66311395110404
1016.5831103331341,0.0,90.08384077484203,226.33564994679077
1014.9987140831909,0.0,88.39378044553399,222.08937336940434
1012.6148660672384,0.0,88.39378044553399,222.08937336940434
1013.4440426454327,0.0,86.73542728914546,217.92276106397816
1011.4030928190095,0.0,88.47820222966627,222.30148310203668
1010.2100304464245,0.0,88.47820222966627,222.3014831020367
1007.8239057012545,0.0,88.47820222966627,222.3014831020367
1005.4377809560845,0.0,88.47820222966627,222.3014831020367
1004.2447185834994,0.0,88.47820222966627,222.3014831020367
1002.6885623338479,0.0,86.81826523862922,218.13089141205612
999.990921722607,0.0,85.1894702774343,214.03854407205384
999.6413240333593,0.0,83.59123309136102,210.02297314204472
998.5141587839973,0.0,83.59123309136103,210.02297314204472
997.3869935346354,0.0,83.59123309136103,210.02297314204472
997.3869935346354,0.0,83.59123309136103,210.02297314204472
997.3869935346354,0.0,83.59123309136103,210.02297314204472
997.3869935346354,0.0,83.59123309136103,210.02297314204472
998.1711198868785,0.0,82.02298038687483,206.08273822202315
1000.0465538020678,0.0,80.48414962598457,202.21642593528637
1000.0465538020678,0.0,80.48414962598457,202.21642593528637
998.9612852490402,0.0,80.48414962598457,202.21642593528637
1000.8015342028311,0.0,78.97418882445805,198.42264942145098
1000.4774425770312,0.0,77.49255635382329,194.70004783898113
1000.1594312248421,0.0,76.03872074708438,191.04728587704963
998.8220608045104,0.0,74.61216050808237,187.46305327655705
996.503691579719,0.0,73.21236392443261,183.94606436013703
995.2160311752158,0.0,71.83882888397171,180.49505757097904
993.2786454356284,0.0,71.83882888397171,180.49505757097907
993.5256095110394,0.0,73.28228647273735,184.12174476275274
990.56113906416,0.0,73.28228647273735,184.12174476275274
988.5848254329071,0.0,73.28228647273735,184.12174476275274
986.8604381262321,0.0,74.75474745483407,187.82130298027073
982.5216147002332,0.0,73.35227580160347,184.29759295152883
980.2423929536865,0.0,71.97611587846471,180.83999114464268
975.3896725425892,0.0,71.97611587846471,180.83999114464268
971.2121230448188,0.0,70.62577405181113,177.44725730517555
963.3036055011162,0.0,69.30076594908188,174.1181744470683
962.0847423538138,0.0,68.00061628501568,170.85154841610196
957.2209964867352,0.0,66.72485869116431,167.6462074615504
955.1477036365517,0.0,65.4730355486045,164.50100181586885
952.4991389111111,0.0,65.4730355486045,164.50100181586885
948.6990332311182,0.0,64.24469782378834,161.41480328226825
946.7028046099866,0.0,63.03940490747333,158.38650483002678
942.1939095170846,0.0,61.856724456674215,155.415020197394
937.7696056745111,0.0,60.696232239579956,152.49928350194466
935.8836359354391,0.0,59.55751198338025,149.63824885824292
929.2145178308459,0.0,58.44015522494696,146.83089000267927
928.9746930830293,0.0,57.343761164316845,144.0761999253461
924.8731790585579,0.0,56.267936520923186,141.3731905088195
921.6073444537777,0.0,55.21229539252458,138.72089217371803
919.8917730831529,0.0,54.17645911678042,136.11835353091084
914.5557423698954,0.0,53.16005613542332,133.5646410402511
913.1220951867157,0.0,53.16005613542332,133.5646410402511
912.4052715951258,0.0,53.16005613542332,133.5646410402511
910.9716244119461,0.0,53.16005613542332,133.5646410402511
907.8861735912186,0.0,52.16272186097975,131.05883867571166
905.5619841089671,0.0,51.184098545991276,128.6000475968031
899.5263288103257,0.0,52.21254063807588,131.18400835316567
891.7818112176504,0.0,52.21254063807588,131.18400835316567
891.25725792813,0.0,53.26164721711674,133.81988863300583
888.5675843753637,0.0,54.33183349465027,136.50873165530882
885.091243079149,0.0,55.42352302505827,139.25160160045897
882.2923964067215,0.0,56.53714787320077,142.049584031417
878.4805906692075,0.0,56.53714787320077,142.049584031417
876.193507226699,0.0,56.53714787320077,142.049584031417
874.1007844755853,0.0,57.673148785417,144.90378632336026
871.7677466654666,0.0,57.673148785417,144.90378632336026
867.8793503152687,0.0,57.673148785417,144.90378632336026
864.9668992158772,0.0,58.831975363962385,147.81533810195555
862.3455509908858,0.0,57.7282303770454,145.0421788223266
858.9949597999687,0.0,56.645192717880164,142.32104670367394
855.3706016656791,0.0,57.78336457516053,145.18070349509088
851.6734193033973,0.0,58.94440571956923,148.09781937041777
850.6367040104666,0.0,57.838551430005,145.31936046788763
848.4958098015741,0.0,59.00070144388809,148.2392623777689
845.5163182807545,0.0,60.18620253800013,151.21783387672542
843.081620520605,0.0,60.18620253800013,151.21783387672542
839.8353568404058,0.0,60.18620253800013,151.21783387672542
837.4006590802563,0.0,60.18620253800013,151.21783387672542
834.9659613201069,0.0,60.18620253800013,151.21783387672542
830.9081317198578,0.0,60.18620253800013,151.21783387672542
828.4734339597084,0.0,60.18620253800013,151.21783387672542
825.4340755157609,0.0,61.395523905596164,154.25625381281048
819.6389665171913,0.0,61.395523905596164,154.25625381281048
817.3664109581109,0.0,62.62914416743131,157.35572472067128
816.2648884175253,0.0,61.45416060650116,154.40357852383426
813.161499034599,0.0,62.688959055567594,157.50600962711366
810.8410669683503,0.0,63.94856830987111,160.67077787855123
808.4740104605944,0.0,65.23348689292135,163.89913581846497
805.8351361384497,0.0,65.23348689292135,163.89913581846497
804.6878083700635,0.0,64.00964333350075,160.82422887542072
801.4553690109444,0.0,65.29578909700078,164.05567010621456
798.8139743929456,0.0,65.29578909700078,164.05567010621456
797.0530446476131,0.0,65.29578909700078,164.05567010621456
794.6361207571175,0.0,66.60777738732682,167.35204068565872
792.839808650412,0.0,66.60777738732682,167.35204068565872
789.8719977288049,3.590924034797979,65.3581508037194,164.21235389434506
786.3467746342736,5.3535355820636426,65.35815080371941,164.21235389434506
784.5841630870079,7.997452902962138,65.35815080371941,164.21235389434506
783.0462366513256,8.991610810461097,66.67139212781855,167.51187272114413
781.477408659771,6.409688930625691,68.01102040984281,170.87768877973008
780.5603309239295,2.741377987260151,68.01102040984281,170.87768877973008
780.2812295807562,4.344293673838635,66.73506762450671,167.6718574065731
780.0073644498035,5.017264638633478,65.48305295244396,164.52617054301544
777.3583944927706,5.017264638633478,65.48305295244396,164.52617054301544
773.1685590585732,5.130332437628354,66.79880393541742,167.83199488773624
770.6960010679163,5.245672107908433,68.14099230289176,171.20424316101554
769.4975360408539,13.283463200307082,66.8626011186322,167.99228531056337
767.4199632207217,18.465681044414765,65.6081937943776,164.8405869083737
764.7659309717562,18.465681044414765,65.6081937943776,164.8405869083737
761.8426580188453,20.01196578426068,64.37732036962464,161.74801742868186
759.8423085141113,21.52924072085942,63.16953932556595,158.71346755548439
757.5040877672765,18.231137899062745,64.43880487923455,161.90249725907674
754.8973605226539,17.36222881752188,64.43880487923455,161.90249725907674
749.6839060334088,16.493319735981018,64.43880487923455,161.90249725907674
745.5608852540261,13.997857215726839,65.73357378567302,165.15560413650337
742.6320258047314,18.206201185270928,64.50034811053247,162.05712462771277
738.2833310748382,19.075940131249567,64.50034811053247,162.05712462771277
735.6741142369023,20.815418023206846,64.50034811053247,162.05712462771277
732.8002030349602,26.684287265305727,63.29025894658763,159.01677560330137
729.9802091978926,30.736207223852205,62.10287223042163,156.03346647893432
728.0505319607005,38.061752337830114,60.937762042068826,153.10612713069787
722.0485566534411,41.963062560873965,59.7945104522357,150.23370751124213
720.6415468589114,40.45373961836228,60.995961550752476,153.2523533962655
719.2062660165802,33.97918036229754,62.221553406191745,156.3316529330567
716.9031349722834,31.569583307104764,63.47177107878235,159.4728248354406
714.5537271159134,28.255700864168503,64.74710937506833,162.67711230485912
712.1571126074853,24.87523258130632,66.04807304374158,165.94578352240066
710.9954578828824,24.65066688408328,64.80894705712356,162.8324794810229
709.8555969289438,27.052014773200852,63.5930682772741,159.7775840466511
706.4255771045397,27.052014773200852,63.59306827727411,159.7775840466511
705.3071010489648,32.83833086848165,62.40000056401989,156.7800014170999
701.9414317272046,34.52116552936171,62.40000056401989,156.7800014170999
699.4171797358846,39.56966951200191,62.40000056401989,156.7800014170999
697.478270046774,46.08884602894359,61.2293159596008,153.83865634849693
696.4013677104778,48.35755884265593,60.08059453515985,150.95249376958904
694.7810839602186,45.92713321726707,60.08059453515985,150.95249376958907
692.3506583348297,49.167700717785536,60.08059453515985,150.95249376958907
690.1267748915731,43.600447113481266,61.287793921154815,153.98558222690144
686.8210946682667,42.77402705765468,61.287793921154815,153.98558222690144
684.341834500787,41.94760700182809,61.287793921154815,153.98558222690144
681.0361542774806,43.60044711348128,61.287793921154815,153.98558222690144
677.1147462325454,42.87985101746531,62.51924956441258,157.07961453058658
674.329105892244,49.41148595229164,61.34632773294878,154.13264842903376
671.8474778707634,51.06590463327862,61.34632773294878,154.1326484290338
669.1140988482563,55.82058107316327,60.19541105401495,151.24097027321253
667.2436907604731,64.54450561598293,59.06608668958141,148.40354280757327
663.0189873575385,66.73306489724149,57.95794954686082,145.61934823648778
660.8736736268806,62.92554132938049,59.12249862710589,148.54527780060354
660.631048701109,62.72452282098327,58.01330314165824,145.7584241434163
658.4836860569217,59.695628818651784,59.17896444168359,148.68714815973
657.4428453408684,55.50449798572839,58.06870960272304,145.8976328768416
655.2934318263067,56.3877767523382,59.235484184770556,148.829154014236
653.1008301459968,55.69131085075796,60.42570276849515,151.81957820584404
652.0380617732997,60.37463381293301,59.29205790787202,148.97129549352843
650.1957229187202,64.97009308857307,58.1796813256658,146.1764493307353
648.0422017853967,66.63956932014199,59.348685662542394,149.11357272713775
646.1981033779133,72.83996281990888,58.235246688669875,146.31605730528307
643.8423271585193,75.98099777910092,58.235246688669875,146.31605730528307
641.4865509391253,79.12203273829296,58.235246688669875,146.31605730528307
639.1307747197313,81.47780895768697,58.235246688669875,146.31605730528307
638.3455159799333,80.69255021788898,58.235246688669875,146.31605730528307
636.9751968342775,80.79310342776748,59.405367500385324,149.2559858447181
634.7763069223714,79.29360316597851,60.59899954957057,152.25498636829604
633.7104906026985,83.99035757796543,59.462103473053745,149.39853497604753
630.7076986227328,83.29122718213648,60.65687551813782,152.40039973932124
629.0718734365153,84.92705236835397,60.656875518137824,152.40039973932124
627.6445715435136,85.84969953169912,61.87565411792377,155.46258097128344
626.5563013997898,93.98278930931158,60.71480676200273,152.54595198953183
626.3071420133307,102.7819881776157,59.5757380297255,149.68404179968528
623.8971392249235,105.19199096602291,59.5757380297255,149.68404179968528
624.4559885733041,112.21943979344601,58.458039332964276,146.8758238240727
622.2921640172448,110.74385182939747,59.63263671728153,149.8269997521698
621.6930647324646,107.63041187830314,60.83083528684187,152.83747365819016
621.6930647324646,105.16963694691611,60.830835286841875,152.83747365819016
621.0819277457553,105.27467188873378,62.0531092602604,155.90843701640418
621.9186675064497,106.11141164942823,62.0531092602604,155.90843701640418
622.755407267144,107.78489117081715,62.0531092602604,155.90843701640418
623.5921470278385,110.29511045290052,62.0531092602604,155.90843701640418
625.2656265492274,113.64206949567834,62.0531092602604,155.90843701640418
627.7758458313107,119.49924782053954,62.0531092602604,155.90843701640418
631.7048931674435,130.165882025233,60.8889326735504,152.9834433422953
633.3469765879704,130.98692373549642,60.8889326735504,152.9834433422953
642.1285614423365,134.88510784251298,59.74659717008667,150.11332538984271
642.1285614423365,136.49638418351728,59.74659717008667,150.11332538984271
643.9452317653737,136.59954700099252,60.947085547025225,153.12955243690084
646.6202303034737,136.7047826689593,62.1716953369216,156.2063845340155
647.6722999767355,135.13545522673832,63.42091121132637,159.3450394184575
648.7455088859423,133.53459528822077,64.69522758029555,162.54675929549256
650.4902423856471,134.40696203807317,64.69522758029555,162.54675929549256
658.948415780337,143.78303030986547,63.48148228825925,159.49722424925136
659.543902906209,147.8471926211461,62.29050803651509,156.50490144174415
660.3838438118195,151.20695624358805,62.29050803651509,156.50490144174415
662.0637256230405,158.76642439408246,62.29050803651509,156.50490144174415
663.7436074342614,163.8060698277454,62.29050803651509,156.50490144174415
667.6876862658434,171.99368903559335,61.12187761823527,153.5687175158161
668.5118690644357,175.29042022996273,61.121877618235274,153.5687175158161
669.5461737181288,175.39595770662478,62.34999950521848,156.6543737568614
676.0162487110811,174.34322248178415,61.18025296921628,153.71538558515587
677.0515411926933,175.27383070010404,62.40954779212675,156.80398882771843
678.7346333280321,176.95692283544292,62.40954779212676,156.80398882771843
683.5277955262238,180.95245858631085,61.23868407243749,153.86219373199916
683.7383189329424,183.5354712882441,62.46915295150498,156.95374679065623
686.0090095154362,190.90422222910746,61.2971709811459,154.00914209012902
687.6621025123687,196.69004771837115,61.2971709811459,154.00914209012902
690.9682885062336,201.64932670916858,61.2971709811459,154.00914209012902
694.8494717253666,208.8798327269182,60.1471765306098,151.11978103315707
697.2825907759651,213.7460708281152,60.1471765306098,151.11978103315707
701.3377891936292,215.36815019518087,60.1471765306098,151.11978103315707
703.7709082442277,216.99022956224655,60.1471765306098,151.11978103315707
704.7887190022786,217.90512373269542,61.355713748639346,154.1562307934563
709.752734425643,219.55979554048355,61.355713748639346,154.1562307934563
710.5800703295371,220.3871314443776,61.355713748639346,154.1562307934563
712.2347421373252,221.21446734827163,61.355713748639346,154.1562307934563
719.4289757533288,225.96987125578664,60.204620978936816,151.2641102095787
718.824130028664,229.32108204625564,61.4143124282666,154.30345997601975
721.3085082184294,235.946090552297,61.4143124282666,154.30345997601975
722.9647603449398,242.57109905833835,61.4143124282666,154.30345997601975
724.0040135816396,246.81777179047543,62.64831020788776,157.40387939731792
726.5383103823721,251.8863653919404,62.64831020788777,157.40387939731792
730.5050443505789,260.1210150065595,61.47296707342737,154.45082977198618
733.5684415603554,268.20117459810996,60.31967451749238,151.55318222519952
735.4025370198714,269.1186926224405,61.53167773757235,154.59834031565046
741.4220281927466,265.07639445648465,62.768033738353395,157.70468476761283
744.1769490717762,262.6456343584713,64.02923184025813,160.8734449986485
746.1238382805444,261.8928055887762,65.31577119562445,164.10587512900634
749.3787348759222,266.0744013243657,64.09038390278255,161.02708955574104
750.2429457612254,267.80282309497227,64.09038390278255,161.02708955574104
751.3274834899528,273.0987515221766,65.37815198654116,164.26260686618457
752.2090589645744,274.8619024714199,65.37815198654116,164.26260686618457
757.2302151462101,280.8106428509532,64.15159436948647,161.18088085333468
758.0952514088694,283.4057516389314,64.15159436948647,161.18088085333468
758.9602876715288,287.7309329522285,64.15159436948647,161.18088085333468
762.1571695620589,294.4331054483465,62.948048164382755,158.15697101301157
765.5523989315551,294.4331054483465,62.948048164382755,158.15697101301157
765.7687987080457,295.39060346618646,64.21286329614969,161.33481903157602
768.9687338277905,297.7698648295055,63.00816762648626,158.30802116154666
773.8078710740742,298.40525292255626,61.826073217411576,155.3380089587465
773.8078710740742,297.5715745730695,61.826073217411576,155.3380089587465
774.641549423561,297.5715745730695,61.826073217411576,155.3380089587465
774.641549423561,300.90628797101647,61.826073217411576,155.3380089587465
774.641549423561,305.90835806793694,61.826073217411576,155.3380089587465
776.0551863580885,313.20125245925925,60.66615604732992,152.42371706891637
776.2637415554617,310.8518898516236,61.885121120788924,155.4863668159821
777.0982161217559,312.52083898421176,61.885121120788924,155.4863668159821
778.767165254344,314.18978811679995,61.885121120788924,155.4863668159821
781.8511014362703,321.4896476945064,60.724096154701144,152.56929158868655
784.3075584755992,317.39555262895817,60.724096154701144,152.56929158868655
786.9727698960196,313.4063082016835,61.94422541873756,155.63486636457804
788.8562618659704,313.51326560383194,63.188870740076254,158.76203773444152
789.9255441854091,312.77031744639726,64.45852471985661,161.95204335863966
791.0163115944922,312.0124412316353,65.75368985705269,165.2061457658448
790.3557171493433,314.78589429765555,67.07487874735045,168.52563285271793
790.5863039457942,314.9017106587729,68.42261428602097,171.91181839362758
792.1507690602374,318.35958252598107,67.13893959988744,168.6865857447171
793.6858832899518,321.75258135917636,65.8793478973846,165.5218615921787
792.7975495633827,318.1992464529002,65.8793478973846,165.5218615921787
795.1921972860363,325.97025796604123,64.64338735835366,162.41651073786346
796.9355327325115,322.4835870730906,64.64338735835366,162.41651073786346
799.2852545385533,326.6221359712143,63.43061463922071,159.3694192810419
800.1405689288656,329.18807914215125,63.430614639220714,159.36941928104193
805.0121508430537,326.4064697216886,62.24059471396781,156.379494218844
804.3868507082599,328.1924745801897,63.491194983555566,159.52162739618325
806.6946914858089,332.2572587101289,62.30003851221609,156.52884676194282
806.0687941488959,335.72510815281237,63.55183318604205,159.67398087993053
809.2357879955694,341.5076722782866,62.359539083140895,156.67834194639136
809.820750749443,346.34087814794174,61.18961357539342,153.73890410817583
811.219835201329,350.258312214867,60.0416370062334,150.8546129781613
812.5926714703096,355.72148453863946,58.91519759225932,148.0244339505514
813.5896346759155,351.05664758652233,60.09898065748058,150.99868890191985
814.9637820924288,358.14581719009493,58.971465420925256,148.16580687007462
821.5280001532666,355.06689721399937,60.15637907562791,151.14290242751503
823.3571304097891,357.6042589096044,61.365101200394506,154.1798167659911
829.7250022601077,361.5329279093938,60.213832312981324,151.28725368636546
829.9320024806727,363.26077446282363,61.42370884564606,154.32706847468563
831.7996674904991,363.3668331032222,62.657895427481634,157.4279622615475
833.704859493368,366.0097073291632,63.91688052030602,160.59116230726877
835.6483325191505,368.705684826926,65.20116240060054,163.81792053150872
839.389233553338,369.69745479565336,66.51124935671581,167.10951400874833
838.7210282866757,372.50286128849416,67.8476598900403,170.4672454737261
839.8691466544518,376.27951175542637,69.21092292021089,173.8924438370297
842.6689192253383,382.8123144208281,69.21092292021089,173.8924438370297
848.2684643671113,387.4786020389722,69.21092292021089,173.8924438370297
854.8012670325131,390.2783746098587,69.21092292021089,173.8924438370297
860.1167867114582,396.57585778076543,67.91245879860884,170.63005273150455
860.1167867114582,400.2388526057298,67.91245879860884,170.63005273150455
871.7428230232515,408.2496862896294,66.63835512480824,167.42886725108053
