609.0,171.0,29.0,81.0
608.5787401574803,171.0,29.0,81.0
608.1574803149606,171.42125984251967,29.0,81.0
608.1574803149606,172.26377952755905,29.0,81.0
607.7362204724409,172.68503937007873,29.0,81.0
606.8937007874015,172.26377952755905,29.0,81.0
606.8937007874015,173.10629921259843,29.0,81.0
606.4724409448818,173.10629921259843,29.0,81.0
606.8937007874015,173.10629921259843,29.0,81.0
606.4724409448818,173.10629921259843,29.0,81.0
606.4724409448818,173.9488188976378,29.0,81.0
605.6299212598424,174.79133858267718,29.0,81.0
603.9448818897637,175.63385826771656,29.0,81.0
603.9448818897637,176.05511811023624,29.0,81.0
603.1023622047243,176.8976377952756,29.0,81.0
602.2598425196849,177.740157480315,29.0,81.0
601.8385826771652,178.16141732283467,29.0,81.0
600.574803149606,179.00393700787404,29.0,81.0
600.574803149606,177.31889763779532,29.0,81.0
600.1535433070864,177.740157480315,29.0,81.0
600.574803149606,176.47637795275594,29.0,81.0
599.311023622047,177.31889763779532,29.0,81.0
599.7322834645666,176.47637795275594,29.0,81.0
598.8897637795272,176.47637795275594,29.0,81.0
598.0472440944878,176.47637795275594,29.0,81.0
597.2047244094484,176.8976377952756,29.0,81.0
596.7834645669287,176.8976377952756,29.0,81.0
595.9409448818893,177.3188976377953,29.0,81.0
595.5196850393696,178.16141732283467,29.0,81.0
594.6771653543302,178.58267716535434,29.0,81.0
593.8346456692908,178.16141732283467,29.0,81.0
593.4133858267711,178.58267716535434,29.0,81.0
593.4133858267711,178.58267716535434,29.0,81.0
592.9921259842514,178.58267716535434,29.0,81.0
592.5708661417317,179.00393700787401,29.0,81.0
591.7283464566923,179.4251968503937,29.0,81.0
591.3070866141726,179.84645669291336,29.0,81.0
591.3070866141726,179.84645669291336,29.0,81.0
591.3070866141726,179.84645669291336,29.0,81.0
591.3070866141726,179.84645669291336,29.0,81.0
591.3070866141726,179.84645669291336,29.0,81.0
590.8858267716529,179.003937007874,29.0,81.0
590.4645669291332,179.003937007874,29.0,81.0
590.8858267716529,179.003937007874,29.0,81.0
590.0433070866135,179.84645669291336,29.0,81.0
589.2007874015741,180.26771653543304,29.0,81.0
588.7795275590544,181.5314960629921,29.0,81.0
587.0944881889757,181.11023622047242,29.0,81.0
587.5157480314954,181.5314960629921,29.0,81.0
586.2519685039363,181.95275590551176,29.0,81.0
586.2519685039363,182.79527559055114,29.0,81.0
585.4094488188969,182.79527559055114,29.0,81.0
585.4094488188969,181.95275590551176,29.0,81.0
585.4094488188969,181.5314960629921,29.0,81.0
585.4094488188969,180.26771653543304,29.0,81.0
584.9881889763772,180.26771653543304,29.0,81.0
583.724409448818,179.42519685039366,29.0,81.0
583.9964435291168,181.02753586316413,28.45593183940243,79.48036134453781
583.1697303315018,180.61417926435664,28.45593183940243,79.48036134453781
582.7563737326943,179.78746606674164,28.45593183940243,79.48036134453781
582.3430171338869,180.20082266554914,28.45593183940243,79.48036134453781
581.9296605350794,180.61417926435664,28.45593183940243,79.48036134453781
581.1029473374643,180.61417926435664,28.45593183940243,79.48036134453781
580.6895907386569,180.61417926435664,28.45593183940243,79.48036134453781
580.6895907386569,180.61417926435664,28.45593183940243,79.48036134453781
580.6895907386569,180.61417926435664,28.45593183940243,79.48036134453781
580.2762341398494,180.61417926435664,28.45593183940243,79.48036134453781
579.8628775410419,180.61417926435664,28.45593183940243,79.48036134453781
579.4495209422345,180.61417926435664,28.45593183940243,79.48036134453781
579.8628775410419,180.61417926435664,28.45593183940243,79.48036134453781
579.8628775410419,180.20082266554914,28.45593183940243,79.48036134453781
579.8628775410419,180.61417926435664,28.45593183940243,79.48036134453781
579.8628775410419,179.78746606674164,28.45593183940243,79.48036134453781
580.2762341398494,179.37410946793415,28.45593183940243,79.48036134453781
580.6895907386569,178.54739627031915,28.45593183940243,79.48036134453781
581.5163039362719,178.54739627031915,28.45593183940243,79.48036134453781
581.5163039362719,178.13403967151166,28.45593183940243,79.48036134453781
581.9296605350794,178.13403967151166,28.45593183940243,79.48036134453781
581.9296605350794,177.30732647389667,28.45593183940243,79.48036134453781
581.9296605350794,176.48061327628167,28.45593183940243,79.48036134453781
581.1029473374643,177.30732647389667,28.45593183940243,79.48036134453781
581.1029473374643,176.89396987508917,28.45593183940243,79.48036134453781
581.1029473374643,177.72068307270416,28.45593183940243,79.48036134453781
580.8170648182398,176.50882702364876,29.027696877851547,81.07736024503362
580.3954026452925,176.50882702364876,29.027696877851547,81.07736024503362
580.8170648182398,176.9304891965961,29.027696877851547,81.07736024503362
579.9737404723452,177.35215136954346,29.027696877851547,81.07736024503362
580.3954026452925,176.5088270236488,29.027696877851547,81.07736024503362
581.2387269911871,174.82217833185942,29.027696877851547,81.07736024503362
581.6603891641345,173.97885398596475,29.027696877851547,81.07736024503362
581.6603891641345,172.71386746712272,29.027696877851547,81.07736024503362
581.2387269911871,171.87054312122805,29.027696877851547,81.07736024503362
581.6603891641345,171.02721877533338,29.027696877851547,81.07736024503362
581.2387269911871,170.1838944294387,29.027696877851547,81.07736024503362
581.6603891641345,169.76223225649136,29.027696877851547,81.07736024503362
581.2387269911871,169.340570083544,29.027696877851547,81.07736024503362
581.6603891641345,169.340570083544,29.027696877851547,81.07736024503362
581.2387269911871,169.340570083544,29.027696877851547,81.07736024503362
581.6603891641345,169.340570083544,29.027696877851547,81.07736024503362
581.6603891641345,168.91890791059666,29.027696877851547,81.07736024503362
581.6603891641345,168.4972457376493,29.027696877851547,81.07736024503362
581.6603891641345,167.65392139175464,29.027696877851547,81.07736024503362
581.6603891641345,167.2322592188073,29.027696877851547,81.07736024503362
582.0820513370818,167.2322592188073,29.027696877851547,81.07736024503362
582.5037135100291,167.2322592188073,29.027696877851547,81.07736024503362
582.9253756829764,166.81059704585994,29.027696877851547,81.07736024503362
583.3470378559238,165.96727269996526,29.027696877851547,81.07736024503362
584.1903622018184,165.5456105270179,29.027696877851547,81.07736024503362
584.6120243747657,164.70228618112324,29.027696877851547,81.07736024503362
584.6120243747657,164.2806240081759,29.027696877851547,81.07736024503362
585.4553487206604,163.85896183522854,29.027696877851547,81.07736024503362
587.1419974124498,162.59397531638652,29.027696877851547,81.07736024503362
588.6792778217524,163.7761824937239,28.483109096930285,79.55627023625355
589.093029202878,164.18993387484954,28.483109096930285,79.55627023625355
588.6792778217524,165.01743663710084,28.483109096930285,79.55627023625355
589.093029202878,165.84493939935214,28.483109096930285,79.55627023625355
588.6792778217524,164.6036852559752,28.483109096930285,79.55627023625355
589.5067805840038,164.6036852559752,28.483109096930285,79.55627023625355
589.0930292028781,165.4311880182265,28.483109096930285,79.55627023625355
589.0930292028781,164.6036852559752,28.483109096930285,79.55627023625355
589.0930292028781,165.4311880182265,28.483109096930285,79.55627023625355
589.9205319651295,163.7761824937239,28.483109096930285,79.55627023625355
590.3342833462551,163.36243111259824,28.483109096930285,79.55627023625355
591.1617861085065,162.1211769692213,28.483109096930285,79.55627023625355
591.5755374896321,162.1211769692213,28.483109096930285,79.55627023625355
591.9892888707577,161.29367420697,28.483109096930285,79.55627023625355
591.8427228822953,160.79869650516963,27.948738311603844,78.06371735310039
592.5108846209808,161.5309720760267,27.424392841113598,76.59916621138625
592.5108846209808,161.5309720760267,27.4243928411136,76.59916621138626
592.5108846209808,161.13259982052858,27.424392841113605,76.59916621138626
592.5108846209808,161.13259982052858,27.424392841113605,76.59916621138626
592.5108846209808,161.13259982052858,27.424392841113605,76.59916621138626
592.5108846209808,160.73422756503047,27.424392841113605,76.59916621138626
592.5108846209808,160.33585530953235,27.424392841113605,76.59916621138626
592.5108846209808,160.33585530953235,27.424392841113605,76.59916621138626
592.9092568764789,160.33585530953235,27.424392841113605,76.59916621138626
593.307629131977,160.73422756503047,27.424392841113605,76.59916621138626
593.307629131977,160.73422756503047,27.424392841113605,76.59916621138626
593.7060013874751,160.73422756503047,27.424392841113605,76.59916621138626
594.5027458984714,161.13259982052858,27.424392841113605,76.59916621138626
594.9011181539695,161.5309720760267,27.424392841113605,76.59916621138626
595.6978626649658,162.32771658702293,27.424392841113605,76.59916621138626
596.0962349204639,162.32771658702293,27.424392841113605,76.59916621138626
596.8929794314602,163.12446109801917,27.424392841113605,76.59916621138626
597.6897239424565,161.92934433152482,27.424392841113605,76.59916621138626
598.4864684534527,161.5309720760267,27.424392841113605,76.59916621138626
599.1420948290986,162.6478817015927,26.909884600818092,75.16209147125052
599.9238916393857,162.25698329644914,26.909884600818096,75.16209147125052
599.9238916393857,162.6478817015927,26.9098846008181,75.16209147125052
599.5329932342421,163.42967851187984,26.9098846008181,75.16209147125052
599.5329932342421,164.9932721324541,26.9098846008181,75.16209147125052
599.9238916393857,163.8205769170234,26.9098846008181,75.16209147125052
598.751196423955,164.9932721324541,26.9098846008181,75.16209147125052
598.751196423955,164.21147532216696,26.9098846008181,75.16209147125052
598.751196423955,166.55686575302838,26.9098846008181,75.16209147125052
599.1420948290986,163.8205769170234,26.9098846008181,75.16209147125052
599.9238916393857,163.42967851187984,26.9098846008181,75.16209147125052
600.3147900445293,161.86608489130558,26.9098846008181,75.16209147125052
600.705688449673,161.47518648616202,26.9098846008181,75.16209147125052
600.3147900445293,160.69338967587487,26.9098846008181,75.16209147125052
600.9581162327188,161.00754818199732,26.405029034726375,73.75197764871847
600.438678682475,162.4665070839173,25.9096450492971,72.36831893079531
600.0623099585713,161.71376963610982,25.909645049297104,72.36831893079531
599.6859412346676,162.09013836001355,25.909645049297104,72.36831893079531
599.6859412346676,162.46650708391724,25.909645049297104,72.36831893079531
599.4256399856798,163.6213023872976,26.430247547272632,73.82241556307179
599.4256399856798,164.3891645886438,26.430247547272636,73.82241556307179
599.0417088850068,165.15702678999003,26.43024754727264,73.82241556307179
598.6577777843337,165.54095789066315,26.43024754727264,73.82241556307179
599.0417088850068,166.30882009200937,26.43024754727264,73.82241556307179
598.6577777843337,167.0766822933556,26.43024754727264,73.82241556307179
598.6577777843337,168.61240669604805,26.43024754727264,73.82241556307179
598.6577777843337,168.99633779672118,26.43024754727264,73.82241556307179
598.6577777843337,169.7641999980674,26.43024754727264,73.82241556307179
599.0417088850068,169.7641999980674,26.43024754727264,73.82241556307179
598.6577777843337,169.7641999980674,26.43024754727264,73.82241556307179
599.0417088850068,170.53206219941362,26.43024754727264,73.82241556307179
599.0417088850068,170.1481310987405,26.43024754727264,73.82241556307179
599.4256399856798,169.76419999806737,26.43024754727264,73.82241556307179
600.1935021870261,170.1481310987405,26.43024754727264,73.82241556307179
600.5774332876991,170.1481310987405,26.43024754727264,73.82241556307179
601.3452954890454,170.1481310987405,26.43024754727264,73.82241556307179
601.7292265897185,170.53206219941362,26.43024754727264,73.82241556307179
601.7292265897185,171.68385550143296,26.43024754727264,73.82241556307179
600.9613643883722,172.45171770277918,26.43024754727264,73.82241556307179
599.4256399856797,173.98744210547164,26.43024754727264,73.82241556307179
599.8095710863528,176.29102870951033,26.43024754727264,73.82241556307179
598.0083152016765,174.7815096102097,26.961310511239986,75.30572935898059
598.3999606299554,176.73973675160443,26.961310511239986,75.30572935898059
598.7916060582344,173.99821875365183,26.961310511239986,75.30572935898059
598.0083152016765,175.56480046676762,26.961310511239986,75.30572935898059
598.3999606299554,174.38986418193076,26.961310511239986,75.30572935898059
598.5207392521833,172.8500143153679,27.50304412334233,76.81884737899058
597.3221949725752,172.0509847956292,27.50304412334233,76.81884737899058
597.3221949725752,171.2519552758905,27.50304412334233,76.81884737899058
596.9226802127058,170.4529257561518,27.50304412334233,76.81884737899058
596.9226802127058,170.05341099628245,27.50304412334233,76.81884737899058
596.5231654528365,169.6538962364131,27.50304412334233,76.81884737899058
595.7241359330977,169.6538962364131,27.50304412334233,76.81884737899058
595.3246211732284,170.05341099628245,27.50304412334233,76.81884737899058
594.5255916534896,170.85244051602115,27.50304412334233,76.81884737899058
594.7835835608521,171.57303860210243,26.98706030861748,75.37765120682806
594.3915640858287,171.18101912707908,26.98706030861748,75.37765120682806
594.3915640858287,171.57303860210243,26.98706030861748,75.37765120682806
594.3915640858287,171.18101912707908,26.98706030861748,75.37765120682806
594.3915640858287,171.96505807712578,26.98706030861748,75.37765120682806
594.3915640858287,171.96505807712578,26.98706030861748,75.37765120682806
594.3915640858287,171.96505807712578,26.98706030861748,75.37765120682806
594.3915640858287,171.57303860210243,26.98706030861748,75.37765120682806
594.3915640858287,170.78899965205574,26.98706030861748,75.37765120682806
594.7835835608521,170.004960702009,26.98706030861748,75.37765120682806
594.7835835608521,170.39698017703233,26.98706030861748,75.37765120682806
594.7835835608521,169.2209217519623,26.98706030861748,75.37765120682806
595.8207742395547,171.888098093325,26.480756851305575,73.9634932743362
596.0691765959568,172.58191157155153,25.983952138501394,72.57586631788314
596.4466247196087,172.20446344789966,25.983952138501397,72.57586631788314
596.8240728432606,172.95935969520337,25.983952138501397,72.57586631788314
596.8240728432606,174.84660031346272,25.983952138501397,72.57586631788314
595.9354705592887,178.92443028997343,25.496467964534162,71.21427259059534
595.5651037289595,177.81332979898573,25.496467964534165,71.21427259059534
595.4339061473751,179.5924547433641,25.018129467044545,69.87822368381399
595.4339061473751,177.77536279863577,25.01812946704455,69.87822368381399
595.1825615096843,176.346494446505,25.520818742425874,71.28228683229287
595.051238625914,181.46380356212256,25.042023400697058,69.94496191229169
594.1948485328854,182.4836867421052,24.572210724515728,68.6327265064059
595.1392295668747,184.19831769017685,24.111212190353548,67.3451099109874
595.7156487697492,183.77931454143393,23.658862436347224,66.0816502532456
596.2812537886429,183.36817229863655,23.21499920298259,64.84189432557197
595.8245702417682,181.2786147062553,22.779463274891526,63.6253974229728
595.4936711689454,174.32973417697465,22.779463274891526,63.62539742297281
593.5082767320081,172.67523881286021,22.779463274891526,63.62539742297281
593.1773776591853,173.0061378856831,22.779463274891526,63.62539742297281
592.6176247085712,172.3669253304732,23.23717103047392,64.9038225333926
592.3841724698135,172.38996473317772,23.70407550798923,66.20793503955605
592.0398422934145,173.07862508597566,23.70407550798923,66.20793503955605
591.8016992988235,172.41346706660076,24.180361497171262,67.53825107830585
591.8016992988235,172.76471586923412,24.180361497171262,67.53825107830585
591.4504504961901,173.1159646718675,24.180361497171262,67.53825107830585
590.1537760865087,172.78869043504267,24.666217500733925,68.89529715722225
589.9059669323876,172.0965338321526,25.16183580897617,70.27961036300232
589.5404610361671,172.0965338321526,25.16183580897617,70.27961036300232
589.1749551399466,172.46203972837316,25.16183580897617,70.27961036300232
589.5404610361671,172.46203972837316,25.16183580897617,70.27961036300232
589.5404610361671,172.0965338321526,25.16183580897617,70.27961036300232
589.1749551399466,171.36552203971155,25.16183580897617,70.27961036300232
589.5404610361671,171.7310279359321,25.16183580897617,70.27961036300232
588.9221667564917,171.3904697266407,25.667412575885933,71.69173857402613
589.295016762685,170.64476971425412,25.667412575885933,71.69173857402613
589.295016762685,170.64476971425412,25.667412575885933,71.69173857402613
589.295016762685,171.3904697266407,25.667412575885933,71.69173857402613
589.295016762685,170.27191970806084,25.667412575885933,71.69173857402613
589.295016762685,170.64476971425412,25.667412575885933,71.69173857402613
588.1764667441051,171.763319732834,25.667412575885933,71.69173857402613
586.8000490650817,172.5344687060232,26.18314789677321,73.13224067719403
587.2976834324721,171.79974565005978,26.709245887463076,74.60168678912089
586.6413651068922,172.21421146404725,27.245914765079874,76.1006584817747
585.5760797301882,171.05388655160175,27.793366930454624,77.629749012649
585.9798117776439,172.2650826939688,27.793366930454624,77.629749012649
584.3648835878212,170.2464224566903,27.793366930454624,77.629749012649
584.4893895744101,170.27397927814613,28.351819052188247,79.18956355956016
584.2045530243022,168.65471285687457,28.921492152403868,80.7807194601624
583.9139932533931,167.0029105154004,29.502611694222118,82.40384645627545
583.9139932533931,164.8601061091543,29.502611694222118,82.40384645627545
583.0568714908947,163.57442346540662,29.502611694222118,82.40384645627545
583.4854323721439,164.00298434665584,29.502611694222118,82.40384645627545
583.7621811941664,163.49028979200526,28.949114050177297,80.8578702780813
582.9211398682448,163.91081045496603,28.949114050177297,80.8578702780813
582.5006192052841,163.06976912904452,28.949114050177297,80.8578702780813
582.5006192052841,163.06976912904452,28.949114050177297,80.8578702780813
582.5006192052841,163.49028979200529,28.949114050177297,80.8578702780813
582.0800985423234,164.3313311179268,28.949114050177297,80.8578702780813
581.6595778793627,164.75185178088756,28.949114050177297,80.8578702780813
580.8185365534412,164.3313311179268,28.949114050177297,80.8578702780813
581.0900932988241,165.51033786281914,28.40600055941146,79.3408981142181
581.0900932988241,165.51033786281914,28.40600055941146,79.3408981142181
581.0900932988241,165.51033786281914,28.40600055941146,79.3408981142181
581.0900932988241,165.92296914979403,28.40600055941146,79.3408981142181
581.502724585799,165.51033786281914,28.40600055941146,79.3408981142181
581.502724585799,165.51033786281914,28.40600055941146,79.3408981142181
581.502724585799,165.09770657584426,28.40600055941146,79.3408981142181
581.915355872774,164.27244400189448,28.40600055941146,79.3408981142181
582.7406184467237,165.09770657584426,28.40600055941146,79.3408981142181
583.5658810206735,164.27244400189448,28.40600055941146,79.3408981142181
583.2805001360534,163.8879769559649,28.976762328651716,80.9350947800271
583.8312296681667,163.4957848136814,29.55899241412132,82.5613236394422
583.8312296681667,163.0664049347361,29.55899241412132,82.5613236394422
584.2606095471119,163.92516469262668,29.55899241412132,82.5613236394422
584.2606095471119,164.78392445051725,29.55899241412132,82.5613236394422
584.6899894260572,166.0720640873531,29.55899241412132,82.5613236394422
583.9636451298235,165.67199162835476,30.152921248698263,84.2202283153295
585.1225089889159,166.02401085234024,29.587223165925067,82.64017504965265
583.8331390953153,166.8835907814073,29.587223165925067,82.64017504965265
583.8331390953153,166.8835907814073,29.587223165925067,82.64017504965265
584.2629290598488,167.31338074594083,29.587223165925067,82.64017504965265
584.6927190243823,166.02401085234024,29.587223165925067,82.64017504965265
585.5522989534494,166.02401085234024,29.587223165925067,82.64017504965265
585.5522989534494,165.1644309232732,29.587223165925067,82.64017504965265
585.9820889179829,164.73464095873965,29.587223165925067,82.64017504965265
585.5522989534494,163.8750610296726,29.587223165925067,82.64017504965265
585.9820889179829,163.44527106513905,29.587223165925067,82.64017504965265
587.1192113657581,163.7906860666525,29.0321381285087,81.08976511755866
587.8132736047554,164.12962074732062,28.487467025412414,79.5684423813242
587.3994589194826,164.54343543259336,28.487467025412414,79.56844238132422
587.8132736047554,164.54343543259336,28.487467025412414,79.56844238132422
587.8132736047554,164.95725011786612,28.487467025412414,79.56844238132422
588.0804998769037,166.5312701106189,27.953014481115858,78.0756611369097
588.4865509968439,166.5312701106189,27.953014481115858,78.0756611369097
588.8926021167841,166.5312701106189,27.953014481115858,78.0756611369097
589.2986532367244,166.5312701106189,27.953014481115858,78.0756611369097
589.7047043566646,166.93732123055906,27.953014481115858,78.0756611369097
590.1107554766048,167.34337235049924,27.953014481115858,78.0756611369097
590.516806596545,167.34337235049924,27.953014481115858,78.0756611369097
591.3289088364254,166.93732123055906,27.953014481115858,78.0756611369097
591.7349599563656,167.34337235049924,27.953014481115858,78.0756611369097
592.547062196246,166.12521899067872,27.953014481115858,78.0756611369097
593.3591644361263,165.31311675079832,27.953014481115858,78.0756611369097
594.1712666760067,166.12521899067872,27.953014481115858,78.0756611369097
594.983368915887,163.2828611510974,27.953014481115858,78.0756611369097
596.2015222757076,163.68891227103757,27.953014481115858,78.0756611369097
596.6075733956478,164.09496339097774,27.953014481115858,78.0756611369097
597.4196756355282,163.68891227103757,27.953014481115858,78.0756611369097
597.8257267554684,164.50101451091797,27.953014481115858,78.0756611369097
598.6378289953487,164.90706563085814,27.953014481115858,78.0756611369097
598.6378289953487,166.12521899067866,27.953014481115858,78.0756611369097
599.043880115289,165.31311675079832,27.953014481115858,78.0756611369097
598.6378289953487,167.7494234704394,27.953014481115858,78.0756611369097
599.4499312352291,166.937321230559,27.953014481115858,78.0756611369097
599.4499312352291,169.3736279502001,27.953014481115858,78.0756611369097
599.8559823551693,164.90706563085809,27.953014481115858,78.0756611369097
600.6680845950497,165.7191678707385,27.953014481115858,78.0756611369097
601.0741357149899,164.90706563085809,27.953014481115858,78.0756611369097
600.6680845950497,164.09496339097774,27.953014481115858,78.0756611369097
601.0741357149899,162.470758911217,27.953014481115858,78.0756611369097
601.0741357149899,162.06470779127682,27.953014481115858,78.0756611369097
601.0741357149899,161.2526055513964,27.953014481115858,78.0756611369097
601.7423996827215,161.5789420408045,27.42858878553317,76.61088591821323
602.1408328893536,162.7742416607008,27.428588785533172,76.61088591821323
602.9376993026178,162.3758084540687,27.428588785533176,76.61088591821323
602.9376993026178,163.17267486733292,27.428588785533176,76.61088591821323
603.33613250925,163.17267486733292,27.428588785533176,76.61088591821323
602.9376993026178,163.571108073965,27.428588785533176,76.61088591821323
603.33613250925,163.571108073965,27.428588785533176,76.61088591821323
603.33613250925,163.9695412805971,27.428588785533176,76.61088591821323
603.7345657158821,163.571108073965,27.428588785533176,76.61088591821323
604.1329989225143,163.9695412805971,27.428588785533176,76.61088591821323
605.3282985424106,163.571108073965,27.428588785533176,76.61088591821323
605.3282985424106,163.9695412805971,27.428588785533176,76.61088591821323
605.7267317490428,163.1726748673329,27.428588785533176,76.61088591821323
605.4511704318088,162.00457039532347,27.979711420000896,78.15022844896788
606.2640482819147,161.19169254521756,27.979711420000896,78.15022844896788
606.6704872069677,162.00457039532347,27.979711420000896,78.15022844896788
607.8898039821265,160.37881469511163,27.979711420000896,78.15022844896788
608.2962429071795,160.78525362016458,27.979711420000896,78.15022844896788
608.2962429071795,160.37881469511163,27.979711420000896,78.15022844896788
608.7026818322324,159.56593684500572,27.979711420000896,78.15022844896788
609.5155596823383,159.97237577005868,27.979711420000896,78.15022844896788
609.9219986073913,159.56593684500572,27.979711420000896,78.15022844896788
609.9219986073913,160.37881469511163,27.979711420000896,78.15022844896788
609.9219986073913,160.78525362016458,27.979711420000896,78.15022844896788
609.9219986073913,161.5981314702705,27.979711420000896,78.15022844896788
609.9219986073913,162.4110093203764,27.979711420000896,78.15022844896788
610.3284375324442,159.97237577005865,27.979711420000896,78.15022844896788
609.5155596823383,160.78525362016455,27.979711420000896,78.15022844896788
609.9219986073913,160.3788146951116,27.979711420000896,78.15022844896788
610.7348764574972,159.1594979199527,27.979711420000896,78.15022844896788
610.7348764574972,158.3466200698468,27.979711420000896,78.15022844896788
611.1413153825501,157.94018114479385,27.979711420000896,78.15022844896788
610.7348764574972,156.314425444582,27.979711420000896,78.15022844896788
610.7348764574972,156.314425444582,27.979711420000896,78.15022844896788
610.7348764574972,156.314425444582,27.979711420000896,78.15022844896788
610.3284375324442,156.314425444582,27.979711420000896,78.15022844896788
609.9219986073913,156.72086436963497,27.979711420000896,78.15022844896788
609.9219986073913,157.12730329468792,27.979711420000896,78.15022844896788
609.9219986073913,157.12730329468792,27.979711420000896,78.15022844896788
609.9219986073913,157.12730329468792,27.979711420000896,78.15022844896788
609.5155596823383,157.12730329468792,27.979711420000896,78.15022844896788
609.1091207572854,157.12730329468792,27.979711420000896,78.15022844896788
609.1091207572854,157.12730329468792,27.979711420000896,78.15022844896788
609.1091207572854,157.12730329468792,27.979711420000896,78.15022844896788
609.1091207572854,157.12730329468792,27.979711420000896,78.15022844896788
609.1091207572854,156.72086436963497,27.979711420000896,78.15022844896788
609.1091207572854,157.12730329468792,27.979711420000896,78.15022844896788
609.1091207572854,156.314425444582,27.979711420000896,78.15022844896788
609.5155596823383,156.314425444582,27.979711420000896,78.15022844896788
609.9219986073913,157.12730329468792,27.979711420000896,78.15022844896788
610.3284375324442,155.90798651952903,27.979711420000896,78.15022844896788
610.3284375324442,155.90798651952903,27.979711420000896,78.15022844896788
610.7348764574972,155.90798651952903,27.979711420000896,78.15022844896788
611.1413153825501,155.50154759447608,27.979711420000896,78.15022844896788
611.1413153825501,155.09510866942313,27.979711420000896,78.15022844896788
610.3284375324442,155.50154759447608,27.979711420000896,78.15022844896788
609.5155596823383,156.72086436963497,27.979711420000896,78.15022844896788
609.1091207572854,157.53374221974087,27.979711420000896,78.15022844896788
608.2962429071795,157.12730329468792,27.979711420000896,78.15022844896788
608.2962429071795,156.72086436963497,27.979711420000896,78.15022844896788
607.8898039821265,157.94018114479385,27.979711420000896,78.15022844896788
608.7026818322324,154.68866974437017,27.979711420000896,78.15022844896788
608.2962429071795,155.50154759447608,27.979711420000896,78.15022844896788
607.4833650570736,155.09510866942313,27.979711420000896,78.15022844896788
607.8898039821265,153.87579189426424,27.979711420000896,78.15022844896788
607.8898039821265,153.4693529692113,27.979711420000896,78.15022844896788
607.8898039821265,152.2500361940524,27.979711420000896,78.15022844896788
607.4833650570736,151.84359726899945,27.979711420000896,78.15022844896788
606.6704872069677,152.65647511910535,27.979711420000896,78.15022844896788
606.2640482819147,152.2500361940524,27.979711420000896,78.15022844896788
605.4511704318088,152.2500361940524,27.979711420000896,78.15022844896788
605.0447315067559,152.2500361940524,27.979711420000896,78.15022844896788
604.23185365665,152.65647511910535,27.979711420000896,78.15022844896788
603.825414731597,153.0629140441583,27.979711420000896,78.15022844896788
603.825414731597,152.65647511910535,27.979711420000896,78.15022844896788
603.825414731597,153.0629140441583,27.979711420000896,78.15022844896788
603.825414731597,153.0629140441583,27.979711420000896,78.15022844896788
603.825414731597,153.0629140441583,27.979711420000896,78.15022844896788
603.418975806544,153.0629140441583,27.979711420000896,78.15022844896788
603.418975806544,152.65647511910535,27.979711420000896,78.15022844896788
603.418975806544,153.0629140441583,27.979711420000896,78.15022844896788
603.0125368814911,152.65647511910535,27.979711420000896,78.15022844896788
602.6060979564381,153.46935296921126,27.979711420000896,78.15022844896788
603.0125368814911,153.0629140441583,27.979711420000896,78.15022844896788
602.6060979564381,151.84359726899942,27.979711420000896,78.15022844896788
603.418975806544,152.65647511910532,27.979711420000896,78.15022844896788
603.825414731597,152.25003619405237,27.979711420000896,78.15022844896788
604.23185365665,152.25003619405237,27.979711420000896,78.15022844896788
603.0125368814911,153.06291404415828,27.979711420000896,78.15022844896788
602.1996590313852,154.28223081931716,27.979711420000896,78.15022844896788
601.7932201063322,154.68866974437012,27.979711420000896,78.15022844896788
602.1996590313852,153.8757918942642,27.979711420000896,78.15022844896788
600.9803422562263,155.907986519529,27.979711420000896,78.15022844896788
601.5121219355512,154.7164113243635,28.541907761562975,79.720500989193
600.6829109308031,155.54562232911158,28.541907761562975,79.720500989193
601.2253756592247,152.6716828040534,29.11540031421606,81.32232501556886
599.5336309762918,151.8258104625869,29.11540031421606,81.32232501556886
599.956567147025,151.8258104625869,29.11540031421606,81.32232501556886
599.956567147025,150.9799381211204,29.11540031421606,81.32232501556886
599.956567147025,149.2881934381874,29.11540031421606,81.32232501556886
600.2296837383011,150.47397250179543,28.569167131663736,79.79663922981926
600.0826749196377,152.05250667618935,28.033181814038603,78.29957679093528
599.2682436260993,151.2380753826509,28.033181814038606,78.29957679093528
598.8610279793301,151.64529102942015,28.03318181403861,78.29957679093528
598.8610279793301,152.4597223229586,28.03318181403861,78.29957679093528
598.8610279793301,152.86693796972781,28.03318181403861,78.29957679093528
598.4538123325608,152.86693796972781,28.03318181403861,78.29957679093528
598.0465966857915,152.86693796972781,28.03318181403861,78.29957679093528
597.2321653922531,153.27415361649707,28.03318181403861,78.29957679093528
597.2321653922531,153.68136926326628,28.03318181403861,78.29957679093528
596.8249497454839,154.49580055680474,28.03318181403861,78.29957679093528
597.2321653922531,154.49580055680474,28.03318181403861,78.29957679093528
597.2321653922531,154.49580055680474,28.03318181403861,78.29957679093528
597.2321653922531,154.49580055680474,28.03318181403861,78.29957679093528
597.2321653922531,154.49580055680474,28.03318181403861,78.29957679093528
597.2321653922531,154.903016203574,28.03318181403861,78.29957679093528
597.2321653922531,153.68136926326628,28.03318181403861,78.29957679093528
597.2321653922531,154.903016203574,28.03318181403861,78.29957679093528
597.6393810390224,153.27415361649707,28.03318181403861,78.29957679093528
598.4538123325608,152.86693796972787,28.03318181403861,78.29957679093528
598.8610279793301,152.86693796972787,28.03318181403861,78.29957679093528
599.2682436260993,153.27415361649707,28.03318181403861,78.29957679093528
598.4538123325609,154.08858491003554,28.03318181403861,78.29957679093528
598.0465966857917,154.903016203574,28.03318181403861,78.29957679093528
596.824949745484,156.12466314388172,28.03318181403861,78.29957679093528
597.6393810390224,156.12466314388172,28.03318181403861,78.29957679093528
596.824949745484,157.7535257309586,28.03318181403861,78.29957679093528
596.4177340987147,158.9751726712663,28.03318181403861,78.29957679093528
596.0105184519455,156.53187879065092,28.03318181403861,78.29957679093528
596.0105184519455,157.34631008418938,28.03318181403861,78.29957679093528
596.0105184519455,157.34631008418938,28.03318181403861,78.29957679093528
596.0105184519455,157.34631008418938,28.03318181403861,78.29957679093528
596.0105184519455,156.93909443742018,28.03318181403861,78.29957679093528
596.0105184519455,156.53187879065092,28.03318181403861,78.29957679093528
596.0105184519455,156.93909443742018,28.03318181403861,78.29957679093528
596.2734833082432,158.48801377785884,27.50725210144339,76.83060069713486
595.4743315366292,159.28716554947286,27.507252101443395,76.83060069713486
595.0747556508221,159.68674143527986,27.507252101443395,76.83060069713486
595.0747556508221,160.08631732108688,27.507252101443395,76.83060069713486
594.6751797650151,161.28504497850793,27.507252101443395,76.83060069713486
594.275603879208,162.88334852173597,27.507252101443395,76.83060069713486
593.476452107594,162.88334852173597,27.507252101443395,76.83060069713486
593.476452107594,163.28292440754296,27.507252101443395,76.83060069713486
593.076876221787,164.881227950771,27.507252101443395,76.83060069713486
593.476452107594,164.881227950771,27.507252101443395,76.83060069713486
593.076876221787,166.07995560819205,27.507252101443395,76.83060069713486
593.476452107594,166.47953149399905,27.507252101443395,76.83060069713486
593.476452107594,167.6782591514201,27.507252101443395,76.83060069713486
593.476452107594,167.6782591514201,27.507252101443395,76.83060069713486
593.476452107594,168.0778350372271,27.507252101443395,76.83060069713486
593.476452107594,169.67613858045513,27.507252101443395,76.83060069713486
593.8760279934011,168.47741092303409,27.507252101443395,76.83060069713486
594.6751797650151,169.67613858045513,27.507252101443395,76.83060069713486
595.0747556508221,168.8769868088411,27.507252101443395,76.83060069713486
595.4743315366292,170.07571446626213,27.507252101443395,76.83060069713486
595.8739074224362,170.47529035206912,27.507252101443395,76.83060069713486
595.8739074224362,172.07359389529717,27.507252101443395,76.83060069713486
595.4743315366292,173.2723215527182,27.507252101443395,76.83060069713486
594.2756038792081,174.47104921013926,27.507252101443395,76.83060069713486
593.8760279934011,176.0693527533673,27.507252101443395,76.83060069713486
594.2756038792081,176.4689286391743,27.507252101443395,76.83060069713486
593.4764521075941,177.66765629659534,27.507252101443395,76.83060069713486
593.4764521075941,179.26595983982338,27.507252101443395,76.83060069713486
593.8760279934012,178.06723218240234,27.507252101443395,76.83060069713486
594.2756038792082,178.86638395401636,27.507252101443395,76.83060069713486
593.8760279934012,179.26595983982338,27.507252101443395,76.83060069713486
594.2756038792082,179.26595983982338,27.507252101443395,76.83060069713486
594.9332111452553,180.3862440635424,26.99118934096319,75.38918402131084
595.5784810604185,181.09343121318767,26.48480841899496,73.97480972202027
595.5784810604185,181.4781548760756,26.48480841899496,73.97480972202027
594.8090337346426,183.40177319051523,26.48480841899496,73.97480972202027
594.0395864088667,184.94066784206694,26.48480841899496,73.97480972202027
593.6548627459788,186.86428615650658,26.48480841899496,73.97480972202027
594.0395864088667,188.4031808080583,26.48480841899496,73.97480972202027
593.2701390830908,189.55735179672206,26.48480841899496,73.97480972202027
593.2701390830908,191.4809701111617,26.48480841899496,73.97480972202027
593.2701390830908,192.63514109982546,26.48480841899496,73.97480972202027
593.2701390830908,193.78931208848923,26.48480841899496,73.97480972202027
593.2701390830908,195.32820674004094,26.48480841899496,73.97480972202027
593.2701390830908,196.4823777287047,26.48480841899496,73.97480972202027
593.2701390830908,197.63654871736847,26.48480841899496,73.97480972202027
593.6548627459788,198.79071970603223,26.48480841899496,73.97480972202027
594.0395864088667,199.944890694696,26.48480841899496,73.97480972202027
594.0395864088667,201.4837853462477,26.48480841899496,73.97480972202027
594.4243100717547,202.63795633491148,26.48480841899496,73.97480972202027
595.4421977596048,205.25549428135136,25.987927694846626,72.58697045801976
596.4409888860057,207.06891292737396,25.50036893558187,71.22516840628028
597.0506182243736,208.47788658204715,25.021957252087336,69.88891508341624
597.6488103243701,209.86042652276763,24.55252103633926,68.57773117046472
598.3621200585238,210.5737362569214,24.55252103633926,68.57773117046472
598.3621200585238,212.7136654593827,24.55252103633926,68.57773117046472
596.9355005902163,215.9235592630746,24.55252103633926,68.57773117046472
598.235779759693,220.84671008275353,24.091891899847045,67.29114634095198
598.5857434351319,220.49674640731453,24.091891899847045,67.29114634095198
598.4617734029906,224.62760678608765,23.639904613251687,66.02869909218565
598.1183753859368,226.00119885430263,23.63990461325169,66.02869909218565
598.8051714200443,227.3747909225176,23.63990461325169,66.02869909218565
598.8051714200443,230.46537307600136,23.63990461325169,66.02869909218565
599.4919674541518,230.46537307600136,23.63990461325169,66.02869909218565
600.1787634882593,229.77857704189387,23.63990461325169,66.02869909218565
600.5221615053131,231.8389651442164,23.63990461325169,66.02869909218565
600.1787634882593,230.4653730760014,23.63990461325169,66.02869909218565
600.5221615053131,230.80877109305516,23.63990461325169,66.02869909218565
600.1787634882593,231.8389651442164,23.63990461325169,66.02869909218565
600.7439152884102,233.48854045161445,23.196397047057417,64.78993657971199
599.8369616118862,234.5224060377435,23.66248225292394,66.09176077540815
599.5992364839321,236.26449705388717,24.137932508831945,67.41974252466844
599.3567347449822,239.09348931662046,24.622935986731907,68.7744074112166
598.7516826897589,242.33700224972137,25.117684639513314,70.15629157933017
598.864202418466,245.64568708818703,25.622374276975055,71.56594194603366
598.4920066476764,250.11203633766243,25.62237427697506,71.56594194603366
598.864202418466,253.08960250397936,25.62237427697506,71.56594194603366
598.864202418466,256.4393644410859,25.62237427697506,71.56594194603366
598.864202418466,260.5335179197717,25.62237427697506,71.56594194603366
599.2363981892556,263.8832798568783,25.62237427697506,71.56594194603366
599.9807897308349,267.9774333355641,25.62237427697506,71.56594194603366
599.9807897308349,271.3271952726707,25.62237427697506,71.56594194603366
600.3529855016245,274.67695720977724,25.62237427697506,71.56594194603366
601.0973770432038,277.6545233760942,25.62237427697506,71.56594194603366
601.4695728139934,279.88769800083196,25.62237427697506,71.56594194603366
602.3287449431887,281.0296896190192,26.13720464332232,73.00391641755532
603.0880935440128,282.9280611210797,26.13720464332232,73.00391641755532
603.847442144837,285.5857812239643,26.13720464332232,73.00391641755532
604.2271164452492,288.24350132684896,26.13720464332232,73.00391641755532
604.6067907456613,290.9012214297336,26.13720464332232,73.00391641755532
603.8474421448371,296.9760102363271,26.13720464332232,73.00391641755532
603.8474421448371,300.01340463962384,26.13720464332232,73.00391641755532
603.8474421448371,301.5321018412722,26.13720464332232,73.00391641755532
603.8474421448371,304.56949624456894,26.13720464332232,73.00391641755532
604.8519704155485,308.6713771296867,25.64684530354802,71.63429205473744
604.8519704155485,308.298825887835,25.64684530354802,71.63429205473744
605.2245216574003,306.4360696785765,25.64684530354802,71.63429205473744
605.9696241411036,303.82821098561453,25.64684530354802,71.63429205473744
606.5827552441524,303.7550729418065,25.165685581153816,70.29036317494675
606.5827552441524,302.2928256666593,25.165685581153816,70.29036317494675
606.2171934253656,300.09945475393863,25.165685581153816,70.29036317494675
606.5827552441524,298.6372074787915,25.165685581153816,70.29036317494675
606.5827552441524,298.6372074787915,25.165685581153816,70.29036317494675
606.5827552441524,298.6372074787915,25.165685581153816,70.29036317494675
606.3299281839613,298.29659716394116,25.671339701535942,71.70270744222096
606.3299281839613,298.29659716394116,25.671339701535942,71.70270744222096
605.6991140172382,297.5762359136229,26.187153930158907,73.1434299428575
606.079513891054,297.5762359136229,26.187153930158907,73.1434299428575
605.6991140172382,297.1958360398071,26.187153930158907,73.1434299428575
606.079513891054,297.5762359136229,26.187153930158907,73.1434299428575
606.079513891054,297.5762359136229,26.187153930158907,73.1434299428575
606.4599137648698,297.1958360398071,26.187153930158907,73.1434299428575
606.8403136386856,297.1958360398071,26.187153930158907,73.1434299428575
607.6011133863171,296.0546364183598,26.187153930158907,73.1434299428575
608.3619131339486,294.9134367969125,26.187153930158907,73.1434299428575
608.7423130077644,293.7722371754652,26.187153930158907,73.1434299428575
609.5031127553959,292.2506376802021,26.187153930158907,73.1434299428575
609.5031127553959,292.2506376802021,26.187153930158907,73.1434299428575
610.1291608476612,290.6543593233214,25.695857493260043,71.77118817082965
611.4899900753759,289.08802869849,25.213778254593308,70.42469098696739
610.7574692300755,287.62298700788915,25.213778254593308,70.42469098696739
611.1237296527257,287.9892474305393,25.213778254593308,70.42469098696739
611.8562504980262,286.52420573993845,25.213778254593308,70.42469098696739
611.4899900753759,287.2567265852389,25.213778254593308,70.42469098696739
610.3912088074252,286.52420573993845,25.213778254593308,70.42469098696739
611.4899900753759,286.52420573993845,25.213778254593308,70.42469098696739
610.7574692300755,288.3555078531896,25.213778254593308,70.42469098696739
610.870419429491,287.647986195189,25.720398701062855,71.83973430296852
611.2440391228135,288.39522558183404,25.720398701062855,71.83973430296852
610.2383997506182,287.2998679978367,26.237198672163313,73.28321008431807
611.0006534182592,288.0621216654776,26.237198672163313,73.28321008431807
611.3817802520796,285.013106994914,26.237198672163313,73.28321008431807
611.7629070859,283.1074728258117,26.237198672163313,73.28321008431807
612.525160753541,281.96409232435036,26.237198672163313,73.28321008431807
613.1524052497889,280.74589024685605,25.744963347308246,71.9083459011022
613.1524052497889,280.37191372253324,25.744963347308246,71.9083459011022
613.1524052497889,279.24998414956474,25.744963347308246,71.9083459011022
612.778428725466,279.24998414956474,25.744963347308246,71.9083459011022
612.778428725466,279.24998414956474,25.744963347308246,71.9083459011022
612.778428725466,279.62396067388755,25.744963347308246,71.9083459011022
612.0304756768204,280.37191372253324,25.744963347308246,71.9083459011022
612.0304756768204,280.74589024685605,25.744963347308246,71.9083459011022
611.6564991524975,281.49384329550173,25.744963347308246,71.9083459011022
611.2825226281747,281.86781981982455,25.744963347308246,71.9083459011022
610.9085461038518,282.24179634414736,25.744963347308246,71.9083459011022
610.9085461038518,282.24179634414736,25.744963347308246,71.9083459011022
611.2825226281747,282.24179634414736,25.744963347308246,71.9083459011022
611.2825226281747,282.24179634414736,25.744963347308246,71.9083459011022
611.2825226281747,281.86781981982455,25.744963347308246,71.9083459011022
611.3978523782288,281.1453926227291,26.262256895845713,73.35320029529305
612.1608340474809,280.76390178810306,26.262256895845717,73.35320029529305
612.1608340474809,280.00092011885096,26.26225689584572,73.35320029529305
612.1608340474809,280.76390178810306,26.26225689584572,73.35320029529305
612.542324882107,281.1453926227291,26.26225689584572,73.35320029529305
612.9238157167331,282.28986512660725,26.26225689584572,73.35320029529305
612.9238157167331,283.05284679585935,26.26225689584572,73.35320029529305
611.5154994489508,283.84186720759686,26.78994442365395,74.82708614882638
612.2938117088831,285.7876478574278,26.78994442365395,74.82708614882638
610.0788858824,285.814209796366,27.32823477695843,76.33058679081475
610.4758613264855,285.0202589081948,27.328234776958432,76.33058679081475
610.8728367705711,285.41723435228045,27.328234776958436,76.33058679081475
610.0788858823998,286.21118524045164,27.328234776958436,76.33058679081475
609.8043327717131,285.84130544434333,27.87734099833186,77.86429727120259
609.5242630653734,284.6540899101246,28.437480411011343,79.42882459627288
609.5242630653734,286.30644418869,28.437480411011343,79.42882459627288
609.6516544880654,282.6168425148941,29.008874704909793,81.02478796888579
610.0730432463366,278.4029549321825,29.008874704909793,81.02478796888579
610.0730432463366,276.71739989909787,29.008874704909793,81.02478796888579
610.0730432463366,276.2960111408267,29.008874704909793,81.02478796888579
610.7665493339476,277.47745175001234,28.464640046230286,79.50468426705683
610.7665493339476,276.65048555806374,28.464640046230286,79.50468426705683
610.3530662379734,277.06396865403804,28.464640046230286,79.50468426705683
609.1126169500506,277.47745175001234,28.464640046230286,79.50468426705683
608.5526629021024,277.80976119417716,27.930615758229443,78.01309918677862
608.4089398874188,279.75873919679447,27.4066102844385,76.5494976910177
607.6127120024242,279.75873919679447,27.4066102844385,76.5494976910177
607.214598059927,280.15685313929174,27.4066102844385,76.5494976910177
606.8164841174297,280.554967081789,27.4066102844385,76.5494976910177
606.0202562324351,280.554967081789,27.4066102844385,76.5494976910177
605.6221422899379,280.554967081789,27.4066102844385,76.5494976910177
605.6221422899379,280.9530810242863,27.4066102844385,76.5494976910177
605.6221422899379,281.35119496678357,27.4066102844385,76.5494976910177
605.6221422899379,280.9530810242863,27.4066102844385,76.5494976910177
605.6221422899379,280.9530810242863,27.4066102844385,76.5494976910177
605.6221422899379,280.9530810242863,27.4066102844385,76.5494976910177
605.2240283474406,281.35119496678357,27.4066102844385,76.5494976910177
604.8259144049433,280.554967081789,27.4066102844385,76.5494976910177
604.8259144049433,281.35119496678357,27.4066102844385,76.5494976910177
604.427800462446,280.9530810242863,27.4066102844385,76.5494976910177
604.8259144049433,282.1474228517781,27.4066102844385,76.5494976910177
604.427800462446,284.53610650676177,27.4066102844385,76.5494976910177
603.6315725774515,285.7304483342536,27.4066102844385,76.5494976910177
604.6848877735783,285.6522919044904,26.892435662174055,75.11335478055494
603.512952958542,285.6522919044904,26.89243566217406,75.11335478055494
603.512952958542,285.26164696614495,26.892435662174062,75.11335478055494
603.1223080201966,287.2148716578722,26.892435662174062,75.11335478055494
601.9503732051602,286.04293684283584,26.892435662174062,75.11335478055494
602.7316630818511,286.04293684283584,26.892435662174062,75.11335478055494
602.3410181435057,286.04293684283584,26.892435662174062,75.11335478055494
601.5597282668148,284.480357089454,26.892435662174062,75.11335478055494
601.1690833284694,282.13648745938127,26.892435662174062,75.11335478055494
600.3877934517784,279.40197289096307,26.892435662174062,75.11335478055494
601.0307024936532,278.93463781337095,26.38790745511518,73.70415530566635
600.8949178176737,279.24270251557135,25.892844687145406,72.32139378133698
599.7665437822985,280.37107655094655,25.892844687145406,72.32139378133698
599.6333065586949,281.0494863386442,25.407069777435964,70.96457420594166
598.8951701301894,281.7876227671497,25.407069777435964,70.96457420594166
598.8951701301894,282.15669098140245,25.407069777435964,70.96457420594166
598.1570337016839,283.2638956241607,25.407069777435964,70.96457420594166
597.7879654874312,283.2638956241607,25.407069777435964,70.96457420594166
596.6807608446729,283.63296383841345,25.407069777435964,70.96457420594166
596.3116926304202,282.894827409908,25.407069777435964,70.96457420594166
595.5735562019147,283.26389562416074,25.407069777435964,70.96457420594166
595.204487987662,283.6329638384135,25.407069777435964,70.96457420594166
595.5735562019147,282.89482740990803,25.407069777435964,70.96457420594166
595.204487987662,281.7876227671498,25.407069777435964,70.96457420594166
595.204487987662,281.04948633864433,25.407069777435964,70.96457420594166
595.204487987662,280.68041812439157,25.407069777435964,70.96457420594166
595.204487987662,279.57321348163333,25.407069777435964,70.96457420594166
594.8354197734093,279.20414526738057,25.407069777435964,70.96457420594166
594.0972833449038,279.57321348163333,25.407069777435964,70.96457420594166
594.0972833449038,279.57321348163333,25.407069777435964,70.96457420594166
594.0972833449038,279.57321348163333,25.407069777435964,70.96457420594166
593.472963004132,279.5984043153788,25.917574030473986,72.39046539546165
591.9670273966051,280.7278560210239,25.917574030473986,72.39046539546165
591.7066464891079,281.5065208179553,26.4383358454683,73.84500701665266
590.2888879692698,281.5327341408069,26.969561327611295,75.32877474263826
589.1135921253704,281.1409688595071,26.969561327611295,75.32877474263826
589.1135921253704,283.49156054730594,26.969561327611295,75.32877474263826
588.3300615627708,281.1409688595071,26.969561327611295,75.32877474263826
587.9382962814709,282.70802998470634,26.969561327611295,75.32877474263826
587.5465310001711,281.92449942210675,26.969561327611295,75.32877474263826
586.3712351562716,281.53273414080695,26.969561327611295,75.32877474263826
587.1547657188712,279.9656730156077,26.969561327611295,75.32877474263826
587.1547657188712,279.5739077343079,26.969561327611295,75.32877474263826
586.7630004375713,278.39861189040846,26.969561327611295,75.32877474263826
585.9794698749718,277.61508132780887,26.969561327611295,75.32877474263826
586.2324574546897,279.4969976529893,26.46358616817554,73.91553378007633
585.8480420704927,279.8814130371863,26.46358616817554,73.91553378007633
585.0792113020987,280.2658284213833,26.46358616817554,73.91553378007633
584.6947959179017,279.8814130371863,26.46358616817554,73.91553378007633
584.6947959179017,280.6502438055802,26.46358616817554,73.91553378007633
584.3103805337048,280.6502438055802,26.46358616817554,73.91553378007633
583.9259651495079,280.6502438055802,26.46358616817554,73.91553378007633
583.541549765311,280.6502438055802,26.46358616817554,73.91553378007633
583.541549765311,280.6502438055802,26.46358616817554,73.91553378007633
583.541549765311,281.0346591897772,26.46358616817554,73.91553378007633
583.541549765311,281.41907457397417,26.46358616817554,73.91553378007633
583.541549765311,280.65024380558026,26.46358616817554,73.91553378007633
583.541549765311,280.65024380558026,26.46358616817554,73.91553378007633
583.541549765311,280.65024380558026,26.46358616817554,73.91553378007633
583.9259651495079,280.65024380558026,26.46358616817554,73.91553378007633
583.9259651495079,279.11258226879244,26.46358616817554,73.91553378007633
583.9259651495079,279.4969976529894,26.46358616817554,73.91553378007633
584.3103805337048,278.7281668845955,26.46358616817554,73.91553378007633
584.3103805337048,279.8814130371864,26.46358616817554,73.91553378007633
584.3103805337048,280.2658284213834,26.46358616817554,73.91553378007633
583.9259651495079,281.0346591897773,26.46358616817554,73.91553378007633
583.157134381114,282.5723207265651,26.46358616817554,73.91553378007633
583.541549765311,281.0346591897773,26.46358616817554,73.91553378007633
583.2756833468723,281.8297283164436,26.995319005052693,75.40071860031941
582.491404461849,281.04544943142037,26.995319005052696,75.40071860031941
582.491404461849,283.00614664397847,26.995319005052696,75.40071860031941
582.8835439043606,279.8690311038854,26.995319005052696,75.40071860031941
582.8835439043606,280.261170546397,26.995319005052696,75.40071860031941
582.8835439043606,279.47689166137377,26.995319005052696,75.40071860031941
582.8835439043606,278.3004733338389,26.995319005052696,75.40071860031941
582.491404461849,277.12405500630405,26.995319005052696,75.40071860031941
582.8835439043606,277.12405500630405,26.995319005052696,75.40071860031941
582.0992650193374,277.12405500630405,26.995319005052696,75.40071860031941
582.3524942185758,278.6156292409241,26.48886060657602,73.98612790112593
581.9677116927946,278.6156292409241,26.488860606576022,73.98612790112593
581.5829291670135,279.0004117667052,26.488860606576022,73.98612790112593
581.5829291670135,279.7699768182674,26.488860606576022,73.98612790112593
581.5829291670135,280.15475934404856,26.488860606576022,73.98612790112593
581.1981466412324,280.15475934404856,26.488860606576022,73.98612790112593
580.8133641154512,280.15475934404856,26.488860606576022,73.98612790112593
580.4285815896701,280.5395418698297,26.488860606576022,73.98612790112593
580.8133641154512,280.9243243956108,26.488860606576022,73.98612790112593
580.4285815896701,281.69388944717304,26.488860606576022,73.98612790112593
580.8133641154512,281.69388944717304,26.488860606576022,73.98612790112593
580.8133641154512,281.69388944717304,26.488860606576022,73.98612790112593
580.8133641154512,281.69388944717304,26.488860606576022,73.98612790112593
580.8133641154512,281.69388944717304,26.488860606576022,73.98612790112593
581.1981466412324,281.69388944717304,26.488860606576022,73.98612790112593
581.9677116927946,282.07867197295417,26.488860606576022,73.98612790112593
582.3524942185758,280.53954186982975,26.488860606576022,73.98612790112593
583.5068417959191,280.9243243956109,26.488860606576022,73.98612790112593
584.2764068474813,280.9243243956109,26.488860606576022,73.98612790112593
584.6611893732625,281.309106921392,26.488860606576022,73.98612790112593
585.4307544248247,281.69388944717315,26.488860606576022,73.98612790112593
585.0459718990436,282.8482370245165,26.488860606576022,73.98612790112593
584.0102865093974,283.2592829679012,27.021101282743953,75.47273116904324
583.7388190153603,283.2860740963546,27.56403627081813,76.98920475642284
583.7388190153603,282.08487186408024,27.56403627081813,76.98920475642285
583.3384182712688,284.08687558453744,27.56403627081813,76.98920475642285
583.8622976690568,282.11220130667766,28.11788045160768,78.53614884759367
583.8622976690568,283.74598529164757,28.11788045160768,78.53614884759367
584.6791896615417,281.29530931419276,28.11788045160768,78.53614884759367
584.6791896615417,281.29530931419276,28.11788045160768,78.53614884759367
585.0876356577842,280.0699713254653,28.11788045160768,78.53614884759367
585.4960816540266,280.0699713254653,28.11788045160768,78.53614884759367
585.7598410246682,279.5813405443919,27.590361710324622,77.06273443228582
586.0186520133916,280.30422640944687,27.0727397328778,75.61696270217573
585.2321238701883,279.51769826624354,27.0727397328778,75.61696270217573
585.8793433850452,281.4068143053132,26.56482884636733,74.1983150536465
585.8793433850452,281.0209282495759,26.56482884636733,74.1983150536465
585.8793433850452,282.17858641678794,26.56482884636733,74.1983150536465
585.8793433850452,282.56447247252527,26.56482884636733,74.1983150536465
585.8793433850452,282.56447247252527,26.56482884636733,74.1983150536465
585.8793433850452,282.56447247252527,26.56482884636733,74.1983150536465
585.8793433850452,282.56447247252527,26.56482884636733,74.1983150536465
586.2652294407826,282.56447247252527,26.56482884636733,74.1983150536465
585.8793433850452,282.9503585282626,26.56482884636733,74.1983150536465
586.2652294407826,283.3362445839999,26.56482884636733,74.1983150536465
586.65111549652,283.72213063973726,26.56482884636733,74.1983150536465
587.4228876079947,283.3362445839999,26.56482884636733,74.1983150536465
587.808773663732,283.72213063973726,26.56482884636733,74.1983150536465
588.1946597194694,282.95035852826254,26.56482884636733,74.1983150536465
589.3523178866815,283.33624458399987,26.56482884636733,74.1983150536465
590.3732809906912,285.18991897174084,26.066446861297248,72.80628261258869
591.8878668251516,281.40345438558984,26.066446861297248,72.80628261258869
592.2665132837667,282.16074730282,26.066446861297248,72.80628261258869
593.402452659612,281.40345438558984,26.066446861297248,72.80628261258869
594.1597455768422,282.16074730282,26.066446861297248,72.80628261258869
593.402452659612,282.9180402200502,26.066446861297248,72.80628261258869
593.7810991182271,284.4326260545106,26.066446861297248,72.80628261258869
591.8878668251516,284.8112725131257,26.066446861297248,72.80628261258869
592.5110292113036,289.28069537963836,25.57741500622344,71.44036605186531
592.8825718946684,287.4229819628138,25.577415006223443,71.44036605186531
593.2541145780333,284.82218317925947,25.577415006223443,71.44036605186531
593.4940431493311,289.57929801610544,25.097557863627692,70.10007541220133
593.8586153311677,285.2044318340666,25.097557863627692,70.10007541220133
594.9523318766774,282.65242656121063,25.097557863627692,70.10007541220133
595.5523313368304,282.58085494042143,24.626703306994763,68.78492992643349
594.8368664294592,280.79219267199323,24.626703306994767,68.78492992643349
594.8368664294592,279.7189953109363,24.626703306994767,68.78492992643349
595.4256093171073,281.79516116536695,24.16468243906998,67.49445784705738
594.48079674403,279.71299391270014,24.650223403318215,68.8506239885783
595.070101919259,280.7169203059307,24.187761275547093,67.5589194248038
593.7730306956896,280.38954591523424,24.673765962856663,68.9163807928064
593.5251457059437,280.4140096862118,25.169535942348343,70.30111763207626
593.5251457059437,280.4140096862118,25.169535942348347,70.30111763207626
593.272279963099,279.70772950792116,25.67526742803795,71.71367798865757
593.0143333888832,278.61429393464994,26.19116057646952,73.15462092048367
592.7512038941517,277.8793460355723,26.717419565932524,74.62451671863894
592.4827873384825,277.1296308283585,27.254252677270806,76.12394713306657
592.8786881036831,277.1296308283585,27.25425267727081,76.12394713306657
593.6704896340843,276.73373006315785,27.25425267727081,76.12394713306657
594.066390399285,277.1296308283585,27.25425267727081,76.12394713306657
594.8581919296862,276.73373006315785,27.25425267727081,76.12394713306657
595.2540926948868,277.1296308283585,27.25425267727081,76.12394713306657
596.3015523480913,277.44780964753915,26.742936431664457,74.695787964304
596.9408873586565,280.09085881752696,26.241212975341927,73.29442244836866
597.3220725050537,276.6601924999524,26.241212975341927,73.29442244836866
598.4656279442453,276.27900735355524,26.241212975341927,73.29442244836866
599.8553387019773,278.1101000617734,25.74890233826112,71.91934791031538
600.2293724448763,278.1101000617734,25.74890233826112,71.91934791031538
599.1072712161794,278.8581675475713,25.74890233826112,71.91934791031538
600.0968759077115,283.2731433787843,25.2658279267927,70.5700711058691
599.9668651342454,282.10004237609655,24.791816460375294,69.24610804449634
600.3269960548618,280.65951869363107,24.791816460375294,69.24610804449634
599.2466032930126,282.4601732967129,24.791816460375294,69.24610804449634
599.606734213629,280.65951869363107,24.791816460375294,69.24610804449634
599.9668651342454,283.18043513794555,24.791816460375294,69.24610804449634
601.0472578960945,278.8588640905492,24.791816460375294,69.24610804449634
601.7675197373272,278.1386022493165,24.791816460375294,69.24610804449634
601.7675197373272,276.3379476462346,24.791816460375294,69.24610804449634
602.1276506579436,275.2575548843855,24.791816460375294,69.24610804449634
601.4073888167109,274.1771621225364,24.791816460375294,69.24610804449634
601.4073888167109,273.81703120192003,24.791816460375294,69.24610804449634
601.0472578960945,274.5372930431528,24.791816460375294,69.24610804449634
601.4073888167109,274.1771621225364,24.791816460375294,69.24610804449634
600.3269960548618,274.5372930431528,24.791816460375294,69.24610804449634
600.3269960548618,274.89742396376914,24.791816460375294,69.24610804449634
600.3269960548618,274.1771621225364,24.791816460375294,69.24610804449634
600.3269960548618,274.1771621225364,24.791816460375294,69.24610804449634
600.3269960548618,274.1771621225364,24.791816460375294,69.24610804449634
600.3269960548618,274.1771621225364,24.791816460375294,69.24610804449634
600.3269960548618,274.1771621225364,24.791816460375294,69.24610804449634
600.6871269754781,273.81703120192003,24.791816460375294,69.24610804449634
601.0472578960945,273.81703120192003,24.791816460375294,69.24610804449634
601.7675197373272,273.45690028130366,24.791816460375294,69.24610804449634
602.1276506579436,272.7366384400709,24.791816460375294,69.24610804449634
602.1276506579436,272.7366384400709,24.791816460375294,69.24610804449634
602.48778157856,271.6562456782218,24.791816460375294,69.24610804449634
602.8479124991763,271.6562456782218,24.791816460375294,69.24610804449634
603.5681743404091,270.93598383698907,24.791816460375294,69.24610804449634
603.9283052610255,270.2157219957563,24.791816460375294,69.24610804449634
604.6485671022582,270.93598383698907,24.791816460375294,69.24610804449634
604.7596270388053,270.24030281252,25.289958428513614,70.63747009343442
604.7596270388053,272.07713796854154,25.289958428513618,70.63747009343442
604.392260007601,274.2813401557674,25.289958428513618,70.63747009343442
604.7596270388053,272.07713796854154,25.289958428513618,70.63747009343442
604.392260007601,274.2813401557674,25.289958428513618,70.63747009343442
604.7596270388053,271.7097709373372,25.289958428513618,70.63747009343442
604.7596270388053,274.2813401557674,25.289958428513618,70.63747009343442
605.4943611012139,270.6076698437243,25.289958428513618,70.63747009343442
605.8617281324183,269.13820171890706,25.289958428513618,70.63747009343442
605.8617281324183,268.40346765649844,25.289958428513618,70.63747009343442
605.8617281324183,265.83189843806827,25.289958428513618,70.63747009343442
606.2290951636227,265.09716437565964,25.289958428513618,70.63747009343442
606.2290951636227,264.72979734445533,25.289958428513618,70.63747009343442
606.2290951636227,264.362430313251,25.289958428513618,70.63747009343442
605.8617281324183,263.6276962508424,25.289958428513618,70.63747009343442
605.4943611012139,264.362430313251,25.289958428513618,70.63747009343442
605.4943611012139,263.9950632820467,25.289958428513618,70.63747009343442
605.8617281324183,264.362430313251,25.289958428513618,70.63747009343442
605.1269940700097,263.9950632820467,25.289958428513618,70.63747009343442
605.1269940700097,264.362430313251,25.289958428513618,70.63747009343442
605.494361101214,263.6276962508424,25.289958428513618,70.63747009343442
605.8617281324184,263.6276962508424,25.289958428513618,70.63747009343442
605.494361101214,263.2603292196381,25.289958428513618,70.63747009343442
606.2290951636227,262.5255951572295,25.289958428513618,70.63747009343442
606.596462194827,262.15822812602516,25.289958428513618,70.63747009343442
607.3311962572357,262.15822812602516,25.289958428513618,70.63747009343442
607.3311962572357,262.15822812602516,25.289958428513618,70.63747009343442
607.69856328844,261.05612703241223,25.289958428513618,70.63747009343442
608.4332973508486,261.05612703241223,25.289958428513618,70.63747009343442
609.1680314132573,259.586658907595,25.289958428513618,70.63747009343442
609.5353984444616,259.2192918763907,25.289958428513618,70.63747009343442
610.2701325068703,259.2192918763907,25.289958428513618,70.63747009343442
610.6374995380746,259.2192918763907,25.289958428513618,70.63747009343442
610.6374995380746,259.9540259387993,25.289958428513618,70.63747009343442
610.2701325068703,261.42349406361654,25.289958428513618,70.63747009343442
610.2701325068703,259.2192918763907,25.289958428513618,70.63747009343442
609.5353984444616,261.05612703241223,25.289958428513618,70.63747009343442
609.5353984444616,262.8929621884338,25.289958428513618,70.63747009343442
609.902765475666,260.6887600012079,25.289958428513618,70.63747009343442
610.6374995380746,258.11719078277775,25.289958428513618,70.63747009343442
611.3722336004832,258.11719078277775,25.289958428513618,70.63747009343442
611.7396006316876,256.6477226579605,25.289958428513618,70.63747009343442
612.106967662892,255.17825453314327,25.289958428513618,70.63747009343442
611.7396006316876,254.81088750193896,25.289958428513618,70.63747009343442
612.3441997519229,253.26929908062692,24.815494250451877,69.31224256160681
611.262775145027,252.18787447373103,24.81549425045188,69.31224256160681
611.4955565297022,253.55900669989242,24.349931481101432,68.01187758514521
611.1418445193196,252.49787066874475,24.349931481101436,68.01187758514521
611.1418445193196,252.8515826791273,24.349931481101436,68.01187758514521
611.1418445193196,253.55900669989236,24.349931481101436,68.01187758514521
611.1418445193196,253.20529468950983,24.349931481101436,68.01187758514521
611.1418445193196,253.9127187102749,24.349931481101436,68.01187758514521
611.1418445193196,253.55900669989236,24.349931481101436,68.01187758514521
611.4955565297022,252.8515826791273,24.349931481101436,68.01187758514521
611.1418445193196,253.20529468950983,24.349931481101436,68.01187758514521
611.4955565297022,252.8515826791273,24.349931481101436,68.01187758514521
611.4955565297022,251.79044664797962,24.349931481101436,68.01187758514521
611.8492685400847,251.08302262721455,24.349931481101436,68.01187758514521
612.2029805504673,251.08302262721455,24.349931481101436,68.01187758514521
612.9104045712323,249.66817458568434,24.349931481101436,68.01187758514521
613.2641165816149,247.8996145337716,24.349931481101436,68.01187758514521
613.97154060238,248.96075056491927,24.349931481101436,68.01187758514521
614.678964623145,246.48476649224145,24.349931481101436,68.01187758514521
615.2610908133828,247.47646293601255,23.8931031213911,66.73590871836808
615.6081668429767,247.8235389656065,23.893103121391103,66.73590871836808
615.6081668429767,247.8235389656065,23.893103121391103,66.73590871836808
615.2610908133828,248.51769102479435,23.893103121391103,66.73590871836808
613.4027635438575,252.26739051703984,23.444845305314434,65.48387826656773
613.9632521221882,252.20053199690926,23.0049972411504,64.2553371218337
614.965777796151,250.86383109829234,23.0049972411504,64.25533712183372
615.1815758398328,254.80832960477352,22.573401153786783,63.04984460195604
615.9385094839528,250.89584161160826,23.026968503169822,64.31670512954315
617.045146579417,247.23923438082912,23.489649381304016,65.60902068571107
617.832803954757,245.89766259594384,23.961626906322557,66.92730273834906
618.2882163098408,244.18106318928582,24.443087875751296,68.27207303227071
616.5128902151453,242.7608023135294,24.443087875751296,68.27207303227071
617.2230206530235,242.0506718756512,24.443087875751296,68.27207303227071
616.8679554340844,240.27534578095575,24.443087875751296,68.27207303227071
615.802759777267,239.56521534307754,24.443087875751296,68.27207303227071
615.447694558328,239.21015012413844,24.443087875751296,68.27207303227071
615.447694558328,238.85508490519933,24.443087875751296,68.27207303227071
615.447694558328,239.21015012413844,24.443087875751296,68.27207303227071
615.3219173714558,238.7853796603358,23.984511811617338,66.99122264624138
614.625109670168,238.43697580969186,23.984511811617338,66.99122264624138
614.2767058195241,239.13378351097967,23.984511811617338,66.99122264624138
614.0357454216086,238.80916004330814,24.466432607448166,68.33727728287231
614.1453477356329,238.47801391630065,24.958036637829622,69.71037819531706
613.0577113304274,237.75292297949704,24.958036637829622,69.71037819531706
613.0577113304274,237.75292297949704,24.958036637829622,69.71037819531706
613.7828022672311,237.3903775110952,24.958036637829622,69.71037819531706
612.3326203936239,238.11546844789882,24.958036637829622,69.71037819531706
615.1045571739136,240.2195675152869,24.489799634875457,68.40254380775544
615.1045571739136,238.44084869847202,24.48979963487546,68.40254380775544
615.1045571739136,239.50807998856092,24.48979963487546,68.40254380775544
616.1717884640025,238.085104935109,24.48979963487546,68.40254380775544
618.8917210185907,235.16931637371508,24.03034721278064,67.1192456632837
619.4662070077576,234.75171849153273,23.579514564277932,65.86002343815545
618.659831965767,235.71203826727387,23.137139974044473,64.62442544474476
617.9876424525379,235.3759435106593,23.137139974044473,64.62442544474476
617.6515476959233,236.38422778050298,23.137139974044473,64.62442544474476
616.3071686694651,237.39251205034665,23.137139974044473,64.62442544474476
616.1881115195258,241.3596681041024,22.70306476069389,63.41200846952417
615.5285329342979,239.71072164103276,22.70306476069389,63.41200846952417
615.6302358867935,237.42470643487403,23.159237440930514,64.68614595570232
613.9481571424413,239.77961667696704,23.159237440930518,64.68614595570232
614.7247351101023,236.10200557178922,23.624575998831137,65.98588468639025
614.8305661578427,231.66414952565015,24.09926460437565,67.31173906739389
614.9385236688252,230.98790213910956,24.583491128071373,68.66423384047503
615.295628413694,229.20237841476552,24.583491128071373,68.66423384047503
614.9385236688252,226.7026452006839,24.583491128071373,68.66423384047503
615.295628413694,225.98843571094625,24.583491128071373,68.66423384047503
614.6915456252069,225.65570523053674,25.077447215307714,70.04390429103171
614.4396050517583,224.58772909556944,25.581328362204893,71.45129645995141
614.4396050517583,224.95932862513172,25.581328362204893,71.45129645995141
614.068005522196,224.58772909556944,25.581328362204893,71.45129645995141
613.3248064630715,224.95932862513172,25.581328362204893,71.45129645995141
613.3248064630715,224.2161295660071,25.581328362204893,71.45129645995141
612.9532069335091,224.2161295660071,25.581328362204893,71.45129645995141
612.5816074039468,224.2161295660071,25.581328362204893,71.45129645995141
612.9532069335091,223.84453003644484,25.581328362204893,71.45129645995141
612.5816074039468,223.10133097732023,25.581328362204893,71.45129645995141
612.5816074039468,223.10133097732023,25.581328362204893,71.45129645995141
612.9532069335091,222.72973144775796,25.581328362204893,71.45129645995141
612.9532069335091,222.35813191819568,25.581328362204893,71.45129645995141
612.9532069335091,221.61493285907108,25.581328362204893,71.45129645995141
612.9532069335091,220.87173379994647,25.581328362204893,71.45129645995141
613.3248064630715,219.01373615213498,25.581328362204893,71.45129645995141
614.068005522196,217.89893756344804,25.581328362204893,71.45129645995141
614.068005522196,217.89893756344804,25.581328362204893,71.45129645995141
614.4396050517583,217.15573850432344,25.581328362204893,71.45129645995141
614.8112045813207,217.52733803388577,25.581328362204893,71.45129645995141
614.4396050517583,218.27053709301038,25.581328362204893,71.45129645995141
614.4396050517583,218.27053709301038,25.581328362204893,71.45129645995141
613.3248064630715,219.01373615213498,25.581328362204893,71.45129645995141
612.9532069335091,219.38533568169726,25.581328362204893,71.45129645995141
611.8384083448223,219.38533568169726,25.581328362204893,71.45129645995141
612.0783736252993,223.77157882968714,25.101397801250847,70.1108007552177
611.4615644707449,219.785559016003,25.60576018727138,71.51953707479228
612.5774277642711,216.8099235665997,25.60576018727138,71.51953707479228
612.9493821954464,216.06601470424891,25.60576018727138,71.51953707479228
612.5774277642711,214.20624254837185,25.60576018727138,71.51953707479228
612.9493821954464,213.09037925484563,25.60576018727138,71.51953707479228
611.4615644707449,211.60256153014404,25.60576018727138,71.51953707479228
612.2054733330957,211.23060709896862,25.60576018727138,71.51953707479228
611.8335189019203,210.48669823661783,25.60576018727138,71.51953707479228
611.0896100395695,210.8586526677932,25.60576018727138,71.51953707479228
610.7176556083941,209.74278937426698,25.60576018727138,71.51953707479228
610.5858956400773,210.78563178790915,25.12537126155444,70.17776110985876
610.220919435219,210.78563178790915,25.125371261554445,70.17776110985876
609.8559432303607,210.78563178790915,25.125371261554445,70.17776110985876
609.8559432303607,210.42065558305083,25.125371261554445,70.17776110985876
609.8559432303607,209.6907031733342,25.125371261554445,70.17776110985876
609.8559432303607,210.05567937819254,25.125371261554445,70.17776110985876
609.8559432303607,210.42065558305086,25.125371261554445,70.17776110985876
609.4909670255024,209.69070317333424,25.125371261554445,70.17776110985876
609.4909670255024,209.32572696847592,25.125371261554445,70.17776110985876
609.4909670255024,209.69070317333424,25.125371261554445,70.17776110985876
609.4909670255024,208.5957745587593,25.125371261554445,70.17776110985876
609.8559432303607,208.5957745587593,25.125371261554445,70.17776110985876
610.220919435219,207.50084594418436,25.125371261554445,70.17776110985876
610.220919435219,206.04094112475113,25.125371261554445,70.17776110985876
610.5858956400773,206.77089353446775,25.125371261554445,70.17776110985876
610.9508718449356,206.77089353446775,25.125371261554445,70.17776110985876
611.3158480497939,206.40591732960942,25.125371261554445,70.17776110985876
611.6808242546522,207.13586973932604,25.125371261554445,70.17776110985876
610.5858956400773,208.23079835390098,25.125371261554445,70.17776110985876
610.8215838215705,212.17388567007225,24.653994898568065,68.86115816496577
609.3890682341978,209.3088544953269,24.653994898568065,68.86115816496577
610.3365924702263,213.17796566449184,24.191462013883726,67.56925596981297
609.9851824192508,211.06950535863882,24.191462013883726,67.56925596981297
608.8064698746601,214.5146181941746,23.737606695260975,66.30159111434943
609.4961043890215,212.7905319082712,23.737606695260975,66.30159111434943
609.9472590377189,208.67626040133402,24.214566426588856,67.63378898461006
610.2990047080482,207.26927772001716,24.21456642658886,67.63378898461006
610.6507503783774,205.15880369804185,24.21456642658886,67.63378898461006
610.6507503783774,203.751821016725,24.21456642658886,67.63378898461006
610.2990047080482,202.34483833540813,24.21456642658886,67.63378898461006
608.8920220267313,201.2896013244205,24.21456642658886,67.63378898461006
608.8920220267313,201.99309266507893,24.21456642658886,67.63378898461006
608.540276356402,202.69658400573738,24.21456642658886,67.63378898461006
607.4850393454144,202.69658400573738,24.21456642658886,67.63378898461006
607.1332936750852,203.40007534639582,24.21456642658886,67.63378898461006
605.8347850224927,202.0171011447035,24.70110970979831,68.99275470667783
606.0664934246398,204.0995398660675,24.23769290550421,67.698383632615
605.3623302041975,204.09953986606746,24.237692905504215,67.69838363261502
605.0102485939764,204.4516214762886,24.237692905504215,67.69838363261502
604.3060853735341,203.7474582558463,24.237692905504215,67.69838363261502
604.3060853735341,204.09953986606746,24.237692905504215,67.69838363261502
604.3060853735341,204.4516214762886,24.237692905504215,67.69838363261502
604.3060853735341,203.39537664562516,24.237692905504215,67.69838363261502
604.3060853735341,203.39537664562516,24.237692905504215,67.69838363261502
603.9540037633129,203.04329503540401,24.237692905504215,67.69838363261502
603.6019221530918,203.39537664562516,24.237692905504215,67.69838363261502
603.9540037633129,201.28288698429833,24.237692905504215,67.69838363261502
603.6019221530918,201.63496859451948,24.237692905504215,67.69838363261502
604.3060853735341,201.98705020474063,24.237692905504215,67.69838363261502
603.9540037633129,202.33913181496177,24.237692905504215,67.69838363261502
603.6019221530918,202.33913181496177,24.237692905504215,67.69838363261502
603.6019221530918,203.04329503540407,24.237692905504215,67.69838363261502
602.5456773224283,204.4516214762886,24.237692905504215,67.69838363261502
601.0126305988438,207.90331806596168,23.782970250461922,66.42829621680724
600.7736949882225,205.16308888408298,24.260841471704452,67.76303997269156
600.421277117265,207.63001398078495,24.260841471704452,67.76303997269156
599.1202869605473,204.48230750299734,24.74831455939541,69.12460273486286
599.3524381671028,208.72571987093465,24.284012146284365,67.8277580637596
599.1084688390752,204.5167437711023,24.771950802339656,69.19062120653473
599.2194397834049,202.74209315095442,25.269693609811068,70.58086835843764
598.8523671230398,200.53965718876344,25.269693609811068,70.58086835843764
596.6499311608488,199.43843920766795,25.269693609811068,70.58086835843764
597.6211184767716,199.36637670109545,24.795609619426443,69.25670273012196
596.5405604143448,197.9256326178597,24.795609619426447,69.25670273012196
595.8201883727269,198.28581863866862,24.795609619426447,69.25670273012196
595.460002351918,199.0061906802865,24.795609619426447,69.25670273012196
594.9722251674817,200.01603819874077,24.33041990506311,67.95737973483125
594.2653680048855,200.72289536133695,24.330419905063113,67.95737973483125
593.5585108422894,201.42975252393313,24.330419905063113,67.95737973483125
591.7913679357989,202.4900382678274,24.330419905063113,67.95737973483125
591.4379393545008,202.4900382678274,24.330419905063113,67.95737973483125
590.7310821919046,202.8434668491255,24.330419905063113,67.95737973483125
590.3776536106066,202.1366096865293,24.330419905063113,67.95737973483125
589.3173678667123,203.19689543042358,24.330419905063113,67.95737973483125
589.6707964480104,203.19689543042358,24.330419905063113,67.95737973483125
588.9639392854142,203.55032401172167,24.330419905063113,67.95737973483125
588.6105107041161,202.1366096865293,24.330419905063113,67.95737973483125
587.9036535415199,203.55032401172167,24.330419905063113,67.95737973483125
587.9036535415199,201.7831811052312,24.330419905063113,67.95737973483125
587.5502249602218,202.13660968652928,24.330419905063113,67.95737973483125
587.1967963789238,201.076323942635,24.330419905063113,67.95737973483125
587.1967963789238,202.13660968652928,24.330419905063113,67.95737973483125
587.1967963789238,202.49003826782737,24.330419905063113,67.95737973483125
587.1967963789238,202.49003826782737,24.330419905063113,67.95737973483125
585.0762248911352,203.90375259301973,24.330419905063113,67.95737973483125
583.6625105659429,205.3174669182121,24.330419905063113,67.95737973483125
582.1235988112509,208.78236878568924,23.87395760146607,66.68243330064641
582.1235988112509,207.39517711403198,23.873957601466074,66.68243330064641
580.042811303765,207.39517711403198,23.873957601466074,66.68243330064641
580.042811303765,209.4759646215179,23.873957601466074,66.68243330064641
579.0024175500221,208.08877294986064,23.873957601466074,66.68243330064641
578.3088217141934,210.5163583752609,23.873957601466074,66.68243330064641
579.0024175500221,206.70158127820338,23.873957601466074,66.68243330064641
579.0024175500221,204.96759168863179,23.873957601466074,66.68243330064641
577.6152258783648,203.58040001697452,23.873957601466074,66.68243330064641
578.1859731100449,202.12512611000676,23.426058973934552,65.4314060996101
577.5053898056161,201.44454280557804,23.426058973934555,65.4314060996101
574.7830565879012,200.76395950114932,23.426058973934555,65.4314060996101
574.7830565879012,201.7848344577924,23.426058973934555,65.4314060996101
573.7621816312582,202.46541776222114,23.426058973934555,65.4314060996101
573.0815983268294,202.8057094144355,23.426058973934555,65.4314060996101
572.4010150224007,203.8265843710786,23.426058973934555,65.4314060996101
570.3592651091145,202.8057094144355,23.426058973934555,65.4314060996101
570.0189734569002,203.48629271886423,23.426058973934555,65.4314060996101
570.0189734569002,202.8057094144355,23.426058973934555,65.4314060996101
569.6786818046859,203.48629271886423,23.426058973934555,65.4314060996101
568.7627485987755,203.16922774969888,23.896758776897823,66.74611934236957
568.7627485987755,203.16922774969888,23.896758776897826,66.74611934236957
568.4156194663932,203.16922774969888,23.89675877689783,66.74611934236957
567.7213612016286,202.82209861731658,23.89675877689783,66.74611934236957
567.7213612016286,201.43358208778736,23.89675877689783,66.74611934236957
567.027102936864,203.5163568820812,23.89675877689783,66.74611934236957
567.3742320692463,201.43358208778736,23.89675877689783,66.74611934236957
565.5156204748143,203.79533875620973,23.448432377174015,65.49389732934787
566.7574281137039,202.02538674280902,23.00851701605865,64.26516821726703
567.0916544673175,203.36229215726368,23.008517016058654,64.26516821726703
567.0916544673175,204.03074486449103,23.008517016058654,64.26516821726703
564.1866885722063,206.39314203451926,23.47082714846232,65.55644824225658
563.5048046447326,207.41596792572975,23.47082714846232,65.55644824225658
563.1638626809959,206.05220007078245,23.47082714846232,65.55644824225658
563.1638626809959,205.3703161433088,23.47082714846232,65.55644824225658
563.1638626809959,204.68843221583515,23.47082714846232,65.55644824225658
562.1410367897854,205.3703161433088,23.47082714846232,65.55644824225658
562.1410367897854,205.71125810704564,23.47082714846232,65.55644824225658
561.4591528623117,207.07502596199294,23.47082714846232,65.55644824225658
560.0953850073644,209.46161970815072,23.47082714846232,65.55644824225658
560.777268934838,208.09785185320342,23.47082714846232,65.55644824225658
561.8000948260485,203.32466436088785,23.47082714846232,65.55644824225658
562.4819787535222,200.25618668725642,23.47082714846232,65.55644824225658
562.7021465079079,198.14360229133547,23.03049163969103,64.3265456143092
562.3676009464841,199.14723897560657,23.03049163969103,64.3265456143092
561.0294187007894,199.81633009845393,23.03049163969103,64.3265456143092
560.6948731393657,199.48178453703025,23.03049163969103,64.3265456143092
560.4634973051075,200.1737101422109,23.49324330820734,65.61905889533752
559.4396945489393,200.85624531298964,23.49324330820734,65.61905889533752
559.09842696355,200.85624531298964,23.49324330820734,65.61905889533752
559.09842696355,200.85624531298964,23.49324330820734,65.61905889533752
559.09842696355,201.19751289837902,23.49324330820734,65.61905889533752
558.862402094654,200.538271023187,23.96529304599915,66.93754264572154
558.862402094654,200.88639569816962,23.965293045999154,66.93754264572155
558.862402094654,201.58264504813485,23.965293045999154,66.93754264572155
558.9697594530501,200.91015702594459,24.446827679172415,68.28251869010204
558.614639908973,200.91015702594459,24.446827679172415,68.28251869010204
558.9697594530501,201.62039611409867,24.446827679172415,68.28251869010204
558.614639908973,203.0408742904068,24.446827679172415,68.28251869010204
559.5542021103658,201.5506802043014,23.98818145269472,67.00147233338848
559.779222899315,203.92147232879643,23.5381398747965,65.74445965029346
560.1211426612757,204.94723161467886,23.5381398747965,65.74445965029346
561.3677011275989,202.82858847125829,23.096541513914815,64.51102974576187
561.8066717536864,203.85800348693493,23.56062032255391,65.80724986644347
559.0687012138947,207.62271297914862,23.560620322553913,65.80724986644347
559.6319575893243,210.63574115644607,23.118600206642544,64.57264195648413
559.9677830335424,209.62826482379168,23.118600206642547,64.57264195648413
559.2961321451062,208.95661393535542,23.11860020664255,64.57264195648413
559.2961321451062,210.29991571222794,23.11860020664255,64.57264195648413
559.2961321451062,209.62826482379168,23.11860020664255,64.57264195648413
559.5129958397616,213.5922419993211,22.684872817331563,63.36119648978793
559.8425208725412,212.60366690098232,22.684872817331563,63.36119648978793
558.1948957086432,215.23986716321906,22.684872817331563,63.36119648978793
559.8425208725412,210.62651670430478,22.684872817331563,63.36119648978793
560.5015709381004,208.64936650762724,22.684872817331563,63.36119648978793
561.7029411575962,206.60752503207084,22.259282575017238,62.17247891642723
561.588401212467,207.19073307075794,21.8416768189203,61.00606283905303
560.5241803544395,208.0802761581433,21.43190575232593,59.86152985994464
560.3088647132988,208.4128498406938,21.86253703460742,61.064327579420514
560.6264443308257,208.7304294582207,21.86253703460742,61.06432757942052
559.6737054782451,210.00074792832822,21.86253703460742,61.06432757942052
559.6737054782451,211.27106639843575,21.86253703460742,61.06432757942052
559.3561258607182,212.2238052510164,21.86253703460742,61.06432757942052
559.6737054782451,212.2238052510164,21.86253703460742,61.06432757942052
559.0385462431914,213.17654410359702,21.86253703460742,61.06432757942052
559.1364838824001,212.5630613365704,22.301820991243787,62.29129311347381
559.2363893825934,212.58517334986956,22.749931480420848,63.54291206600284
558.9059192945666,214.2375237900033,22.749931480420848,63.54291206600284
559.5668594706201,213.57658361394982,22.749931480420848,63.54291206600284
559.5668594706201,214.56799387803008,22.749931480420848,63.54291206600284
559.8973295586469,214.56799387803008,22.749931480420848,63.54291206600284
559.8973295586469,216.22034431816382,22.749931480420848,63.54291206600284
560.5582697347004,213.9070537019766,22.749931480420848,63.54291206600284
560.7716751377051,214.50311706898975,22.32312067441142,62.350785331976525
561.4202154342465,216.12446781034328,22.32312067441142,62.350785331976525
562.068755730788,216.44873795861398,22.32312067441142,62.350785331976525
562.493026795474,216.47087109031767,22.77165913812237,63.60359966165193
559.8467411285947,220.10951388227667,22.77165913812237,63.603599661651934
560.1775268369546,220.7710852989965,22.77165913812237,63.603599661651934
560.1775268369546,219.77872817391676,22.77165913812237,63.603599661651934
559.8467411285947,219.44794246555685,22.77165913812237,63.603599661651934
560.1775268369546,221.4326567157163,22.77165913812237,63.603599661651934
559.5159554202348,222.09422813243611,22.77165913812237,63.603599661651934
559.8467411285948,222.09422813243611,22.77165913812237,63.603599661651934
560.1775268369547,223.74815667423567,22.77165913812237,63.603599661651934
560.3911360559381,226.9910749872408,22.34444070015571,62.41033436940023
561.040295750458,223.42069666738155,22.34444070015571,62.41033436940023
562.0140352922377,219.20115865300244,22.34444070015571,62.41033436940023
562.6631949867576,216.60451987492297,22.34444070015571,62.41033436940023
562.6631949867576,215.95536018040312,22.34444070015571,62.41033436940023
562.0140352922377,216.9290997221829,22.34444070015571,62.41033436940023
562.0140352922377,217.25367956944285,22.34444070015571,62.41033436940023
561.6894554449779,217.9028392639627,22.34444070015571,62.41033436940023
560.8158123269639,218.57415322876025,22.793407547143943,63.66434521788459
560.484710696833,218.24305159862934,22.793407547143943,63.66434521788459
559.8225074365711,218.24305159862934,22.793407547143943,63.66434521788459
559.8225074365711,218.24305159862934,22.793407547143943,63.66434521788459
559.4914058064402,218.57415322876025,22.793407547143943,63.66434521788459
559.2624118375178,218.92785427492157,23.251395484988706,64.94355290634755
559.2624118375178,217.9145909093661,23.251395484988706,64.94355290634755
559.366571147963,217.59988996027764,23.718585774468586,66.2484637148948
559.0220301925098,218.288971871184,23.718585774468586,66.2484637148948
559.366571147963,217.25534900482447,23.718585774468586,66.2484637148948
559.366571147963,217.94443091573083,23.718585774468586,66.2484637148948
559.7111121034162,215.87718518301173,23.718585774468586,66.2484637148948
559.9336039540075,218.22133271537726,23.273602073286142,65.00557820469557
560.1519216414298,216.80265440557224,22.83696669844157,63.78601043357797
560.1519216414298,218.12959192212574,22.83696669844157,63.78601043357797
561.147124778845,216.47092002643387,22.83696669844157,63.78601043357797
561.4788591579834,217.46612316384898,22.83696669844157,63.78601043357797
560.8153903997066,219.78826381781758,22.83696669844157,63.78601043357797
559.1567185040147,223.1056076092013,22.83696669844157,63.78601043357797
559.1567185040147,222.11040447178618,22.83696669844157,63.78601043357797
559.7026747187609,223.3722169777949,22.40852302722609,62.58932293811403
560.0281854388143,222.72119553768815,22.40852302722609,62.58932293811403
558.7261425586007,224.34874913795505,22.40852302722609,62.58932293811403
559.3771639987075,224.34874913795505,22.40852302722609,62.58932293811403
558.7261425586007,226.9528348983821,22.40852302722609,62.58932293811403
559.3771639987075,226.30181345827532,22.40852302722609,62.58932293811403
560.3536961588676,221.744663377528,22.40852302722609,62.58932293811403
560.6792068789209,218.16404545694084,22.40852302722609,62.58932293811403
561.2149204249248,216.47258865456698,21.98811737532501,61.41508646211447
559.5047567046039,217.6874996300104,21.575598941690647,60.262879802652975
559.191345207623,218.00091112699124,21.57559894169065,60.262879802652975
558.766911807282,218.879617695809,21.17081975444939,59.13228965897912
557.5367854354514,220.1097440676396,21.17081975444939,59.132289658979126
557.3240927947884,220.74579789141129,21.596205035775544,60.320434755097
557.1071265208965,219.82607781838925,22.03013758355938,61.532453250631164
557.1071265208965,220.14609203525606,22.03013758355938,61.532453250631164
556.5657865267965,219.52790624367358,22.47278913802584,62.768824833796096
556.3400136507213,219.22374350750715,22.92433489017619,64.03003883118156
556.1097043202471,218.24746221529642,23.384953551124504,65.3165944014165
556.1097043202471,219.26654585498022,23.384953551124504,65.3165944014165
556.1097043202471,219.60624040154153,23.384953551124504,65.3165944014165
556.1097043202471,218.24746221529642,23.384953551124504,65.3165944014165
555.8747673843958,217.9309535962039,23.85482742282725,66.62900073272417
555.2885898316069,215.52896519491594,24.334142470234116,67.9677772444468
554.9351071755772,216.9428958190349,24.33414247023412,67.9677772444468
555.6420724876366,213.40806925873753,24.33414247023412,67.9677772444468
555.3975995253094,214.13916160877014,24.823088394888536,69.33345379261947
555.3975995253094,214.86033197484483,24.823088394888536,69.33345379261947
556.1187698913841,211.97565051054607,24.823088394888536,69.33345379261947
556.3516225128213,214.78954306864648,24.357383152014123,68.03269087286681
552.459599709411,219.3892063817678,24.357383152014123,68.03269087286681
553.1672402191219,219.3892063817678,24.357383152014123,68.03269087286681
553.5210604739774,218.6815658720568,24.357383152014123,68.03269087286681
553.7495445541238,218.96592528933414,23.90041499172148,66.75633152860115
553.6265598077604,220.63367882099644,23.452019997857185,65.50391792504917
552.9452222732041,219.95234128644017,23.452019997857185,65.50391792504917
553.5058823746638,223.63281874603672,23.012037329494024,64.27500081686242
553.1716048842679,221.96143129405746,23.012037329494028,64.27500081686242
553.8401598650596,218.61865639009892,23.012037329494028,64.27500081686242
554.5087148458513,215.27588148614038,23.012037329494028,64.27500081686242
554.8429923362471,212.9359390533694,23.012037329494028,64.27500081686242
554.8429923362471,210.93027411099428,23.012037329494028,64.27500081686242
554.0560239481881,211.53320482593975,22.58030916323677,63.06913938697146
554.2678382115013,212.12482397519392,22.156680636610332,61.88590108846313
553.3022809912526,212.12482397519392,22.156680636610332,61.88590108846313
552.980428584503,212.4466763819435,22.156680636610332,61.88590108846313
552.6585761777534,213.73408600894174,22.156680636610332,61.88590108846313
552.6585761777534,215.02149563594,22.156680636610332,61.88590108846313
552.4359790857377,214.39975893065474,22.601874820641747,63.12937449903362
552.1076596985794,214.72807831781313,22.601874820641747,63.129374499033624
552.1076596985794,214.72807831781313,22.601874820641747,63.129374499033624
552.1076596985794,215.3847170921299,22.601874820641747,63.129374499033624
552.1076596985794,215.3847170921299,22.601874820641747,63.129374499033624
552.4359790857377,215.05639770497152,22.601874820641747,63.129374499033624
551.7793403114209,216.04135586644668,22.601874820641747,63.129374499033624
551.7793403114209,214.39975893065474,22.601874820641747,63.129374499033624
551.1227015371041,217.0263140279218,22.601874820641747,63.129374499033624
551.4510209242625,215.0563977049715,22.601874820641747,63.129374499033624
551.0063987095962,217.9468175989313,22.17784170134095,61.9450061313314
551.6507183028743,220.20193617540485,22.177841701340952,61.9450061313314
553.3608673960563,210.55913136541213,22.623461074645995,63.18966713952824
553.7908467012358,209.92429637449487,23.078034278018855,64.45933712136278
550.1032487722067,219.98138163548327,23.078034278018855,64.45933712136278
551.1089572983055,218.97567310938445,23.078034278018855,64.45933712136278
551.8828123530302,214.97572062533186,23.541741220767086,65.75451858214232
552.2247844288681,213.6078323219802,23.541741220767086,65.75451858214232
552.5667565047061,215.31769270116976,23.541741220767086,65.75451858214232
552.6722164773696,212.9472295510447,24.01476542711596,67.0757241240133
551.9745298358541,213.9937595133179,24.014765427115965,67.0757241240133
552.6722164773696,211.90069958877154,24.014765427115965,67.0757241240133
552.7797954572637,211.92450996787508,24.497294108843004,68.42347664883711
552.7797954572637,210.14524681986654,24.497294108843008,68.42347664883711
553.1356480868654,209.0776889310614,24.497294108843008,68.42347664883711
553.6012412808044,207.67856721370543,24.98951823937199,69.7983095651422
553.2382385043161,207.31556443721712,24.98951823937199,69.7983095651422
553.2382385043161,205.86355333126392,24.98951823937199,69.7983095651422
552.8752357278278,207.31556443721712,24.98951823937199,69.7983095651422
552.6241785328359,206.6143357201709,25.491632629355692,71.20076699923462
551.5132887590071,206.6143357201709,25.491632629355692,71.20076699923462
551.5132887590071,206.6143357201709,25.491632629355692,71.20076699923462
551.5132887590071,206.6143357201709,25.491632629355692,71.20076699923462
551.6274836630726,205.89901721451312,26.003836003777337,72.63140401055024
552.1217100460302,205.16932581412112,26.526331080601235,74.09078681133423
552.507036875466,205.55465264355695,26.526331080601235,74.09078681133423
552.8923637049019,205.55465264355695,26.526331080601235,74.09078681133423
552.8923637049019,205.55465264355695,26.526331080601235,74.09078681133423
553.0111937491364,204.81029955385688,27.059324651003756,75.57949299073437
553.0111937491364,204.4172303524372,27.059324651003756,75.57949299073437
553.4042629505561,204.81029955385688,27.059324651003756,75.57949299073437
553.7973321519759,204.4172303524372,27.059324651003756,75.57949299073437
554.976539756235,204.81029955385688,27.059324651003756,75.57949299073437
555.6234385609287,204.7331334911962,26.551665444456027,74.16154831037692
557.0295905988901,206.5858893463496,26.053530417588192,72.77020564912537
557.4080494306417,206.5858893463496,26.053530417588192,72.77020564912537
558.1649670941448,207.34280700985272,26.053530417588192,72.77020564912537
554.875549646792,207.36863880230192,26.577024004268793,74.23237739123326
556.8058656720817,208.5268284174757,26.577024004268793,74.23237739123326
557.1919288771396,207.36863880230192,26.577024004268793,74.23237739123326
557.5779920821975,209.29895482759156,26.577024004268793,74.23237739123326
557.5779920821975,208.91289162253366,26.577024004268793,74.23237739123326
557.5779920821975,209.29895482759156,26.577024004268793,74.23237739123326
557.9640552872554,209.6850180326495,26.577024004268793,74.23237739123326
558.7361816973713,206.98257559724397,26.577024004268793,74.23237739123326
558.8552388307703,206.62286322284086,27.111036147586567,75.7239285501553
559.2490592038075,204.65376135765501,27.11103614758657,75.7239285501553
559.897194259064,203.39498670832273,26.602406783148236,74.30327411844824
559.5107623386463,201.4628271062342,26.602406783148236,74.30327411844824
559.5107623386463,201.8492590266519,26.602406783148236,74.30327411844824
559.5107623386463,202.23569094706963,26.602406783148236,74.30327411844824
559.5107623386463,203.00855478790504,26.602406783148236,74.30327411844824
559.2435012588993,202.6484988648918,27.136928942642033,75.79624980531023
558.9708701022771,201.49281534422806,27.68219125588654,77.31922385264832
559.3729871894859,201.49281534422806,27.682191255886544,77.31922385264832
