952.0,245.0,130.0,282.0
950.4055118110236,245.0,130.0,282.0
948.8110236220473,246.59448818897636,130.0,282.0
945.6220472440946,249.78346456692913,130.0,282.0
944.0275590551182,252.9724409448819,130.0,282.0
937.938049488189,251.73381613385826,132.61209,287.666226
933.3527096456891,248.84377739434925,135.27666472437,293.446303479018
930.0342935818871,247.18456936244826,135.27666472437,293.44630347901807
928.3750855499861,247.18456936244826,135.27666472437,293.44630347901807
925.0566694861842,248.84377739434922,135.27666472437,293.44630347901807
923.3974614542832,248.84377739434922,135.27666472437,293.44630347901807
921.7382534223822,250.50298542625018,135.27666472437,293.44630347901807
920.0790453904812,250.50298542625018,135.27666472437,293.44630347901807
918.4198373585801,252.16219345815114,135.27666472437,293.44630347901807
916.7606293266791,252.16219345815114,135.27666472437,293.44630347901807
916.7606293266791,253.8214014900521,135.27666472437,293.44630347901807
915.1014212947781,253.8214014900521,135.27666472437,293.44630347901807
916.7606293266791,250.50298542625018,135.27666472437,293.44630347901807
915.1014212947781,247.18456936244826,135.27666472437,293.44630347901807
915.1014212947781,247.18456936244826,135.27666472437,293.44630347901807
913.4422132628771,245.5253613305473,135.27666472437,293.44630347901807
911.7830052309761,245.5253613305473,135.27666472437,293.44630347901807
911.7830052309761,247.18456936244826,135.27666472437,293.44630347901807
911.7830052309761,247.18456936244826,135.27666472437,293.44630347901807
911.7830052309761,247.18456936244826,135.27666472437,293.44630347901807
911.7830052309761,245.5253613305473,135.27666472437,293.44630347901807
910.123797199075,245.5253613305473,135.27666472437,293.44630347901807
910.123797199075,243.86615329864634,135.27666472437,293.44630347901807
910.123797199075,242.20694526674538,135.27666472437,293.44630347901807
910.123797199075,242.20694526674538,135.27666472437,293.44630347901807
908.464589167174,242.20694526674538,135.27666472437,293.44630347901807
906.805381135273,243.86615329864634,135.27666472437,293.44630347901807
905.146173103372,245.5253613305473,135.27666472437,293.44630347901807
903.486965071471,247.18456936244826,135.27666472437,293.44630347901807
904.7559258671324,254.91486226104746,132.73874313304717,287.9409658732254
903.1278461890923,258.1710216171277,132.7387431330472,287.9409658732254
903.1278461890923,259.79910129516776,132.7387431330472,287.9409658732254
901.4997665110523,259.79910129516776,132.7387431330472,287.9409658732254
899.8716868330122,259.79910129516776,132.7387431330472,287.9409658732254
899.8716868330122,261.42718097320784,132.7387431330472,287.9409658732254
898.2436071549721,263.0552606512479,132.7387431330472,287.9409658732254
896.615527476932,263.0552606512479,132.7387431330472,287.9409658732254
894.9874477988919,264.683340329288,132.7387431330472,287.9409658732254
893.3593681208519,266.3114200073281,132.7387431330472,287.9409658732254
891.7312884428118,267.93949968536816,132.7387431330472,287.9409658732254
890.1032087647717,269.56757936340824,132.7387431330472,287.9409658732254
888.4751290867316,271.1956590414483,132.7387431330472,287.9409658732254
886.8470494086915,274.45181839752854,132.7387431330472,287.9409658732254
885.2189697306515,274.45181839752854,132.7387431330472,287.9409658732254
883.5908900526114,274.45181839752854,132.7387431330472,287.9409658732254
883.5908900526114,277.70797775360876,132.7387431330472,287.9409658732254
883.5908900526114,279.33605743164884,132.7387431330472,287.9409658732254
885.2189697306515,280.9641371096889,132.7387431330472,287.9409658732254
885.2189697306515,280.9641371096889,132.7387431330472,287.9409658732254
886.8470494086915,282.592216787729,132.7387431330472,287.9409658732254
888.4751290867316,284.2202964657691,132.7387431330472,287.9409658732254
887.1415693038455,282.9555772301638,135.40586269881953,293.7265637005162
885.7812143042418,280.00465330794657,138.12657269802693,299.62841154495067
887.4753772946325,274.9221643367744,138.12657269802693,299.6284115449507
887.4753772946325,273.22800134638373,138.12657269802693,299.6284115449507
889.1695402850232,271.53383835599305,138.12657269802693,299.6284115449507
892.5578662658046,269.8396753656024,138.12657269802693,299.6284115449507
892.5578662658046,269.8396753656024,138.12657269802693,299.6284115449507
894.2520292561953,269.8396753656024,138.12657269802693,299.6284115449507
900.6302125435305,272.6503353437409,135.53518406570063,294.0070915886737
900.6302125435305,270.9879564961755,135.53518406570063,294.0070915886737
902.2925913910959,270.9879564961755,135.53518406570063,294.0070915886737
903.9549702386613,270.9879564961755,135.53518406570063,294.0070915886737
905.6173490862267,270.9879564961755,135.53518406570063,294.0070915886737
905.6173490862267,270.9879564961755,135.53518406570063,294.0070915886737
905.6173490862267,274.31271419130627,135.53518406570063,294.0070915886737
905.6173490862267,275.97509303887165,135.53518406570063,294.0070915886737
908.5511137663934,283.72015884921075,132.99241240049793,288.49123305338776
909.7986471661895,288.0575376918151,130.49734560090576,283.0788573804263
911.0227756279817,292.3135430954984,128.04908867732127,277.7680231308046
912.2239382511345,294.9191420164915,125.64676343101556,272.55682528881835
910.6828437874894,294.9191420164915,125.64676343101556,272.55682528881835
910.6828437874894,296.4602364801366,125.64676343101556,272.55682528881835
910.6828437874894,298.0013309437817,125.64676343101556,272.55682528881835
910.6828437874894,299.5424254074268,125.64676343101556,272.55682528881835
910.6828437874894,301.08351987107187,125.64676343101556,272.55682528881835
910.6828437874894,301.08351987107187,125.64676343101556,272.55682528881835
910.6828437874894,302.62461433471697,125.64676343101556,272.55682528881835
910.6828437874894,304.16570879836206,125.64676343101556,272.55682528881835
910.6828437874894,305.70680326200716,125.64676343101556,272.55682528881835
910.6828437874894,307.24789772565225,125.64676343101556,272.55682528881835
912.2239382511345,308.78899218929735,125.64676343101556,272.55682528881835
912.2239382511345,310.33008665294244,125.64676343101556,272.55682528881835
913.7650327147796,311.87118111658754,125.64676343101556,272.55682528881835
915.3061271784247,313.41227558023263,125.64676343101556,272.55682528881835
916.8472216420698,314.9533700438777,125.64676343101556,272.55682528881835
918.3883161057149,316.4944645075228,125.64676343101556,272.55682528881835
921.4705050330051,316.4944645075228,125.64676343101556,272.55682528881835
923.0115994966502,318.0355589711679,125.64676343101556,272.55682528881835
926.0937884239404,316.4944645075228,125.64676343101556,272.55682528881835
926.3725726787759,315.2973168259038,128.17138384863495,278.03330957934656
926.3725726787759,313.7252571512007,128.17138384863495,278.03330957934656
927.9446323534789,313.7252571512007,128.17138384863495,278.03330957934656
929.5166920281822,313.7252571512007,128.17138384863495,278.03330957934656
931.0887517028852,315.2973168259038,128.17138384863495,278.03330957934656
934.2328710522916,316.8693765006069,128.17138384863495,278.03330957934656
935.8049307269946,318.44143617531,128.17138384863495,278.03330957934656
937.3769904016979,318.44143617531,128.17138384863495,278.03330957934656
938.9490500764009,318.44143617531,128.17138384863495,278.03330957934656
940.5211097511042,318.44143617531,128.17138384863495,278.03330957934656
942.0931694258072,316.8693765006069,128.17138384863495,278.03330957934656
943.6652291005105,316.8693765006069,128.17138384863495,278.03330957934656
943.6652291005105,318.44143617531,128.17138384863495,278.03330957934656
943.6652291005105,320.0134958500131,128.17138384863495,278.03330957934656
943.6652291005105,321.5855555247162,128.17138384863495,278.03330957934656
942.3775552926751,323.5084729041366,130.74673146430558,283.6198328687244
940.7739082229282,323.5084729041366,130.74673146430558,283.6198328687244
939.1702611531813,323.5084729041366,130.74673146430558,283.6198328687244
937.5666140834344,325.1121199738836,130.74673146430558,283.6198328687244
937.5666140834344,326.71576704363054,130.74673146430558,283.6198328687244
937.5666140834344,328.3194141133775,130.74673146430558,283.6198328687244
937.5666140834344,329.92306118312445,130.74673146430558,283.6198328687244
937.5666140834344,331.5267082528714,130.74673146430558,283.6198328687244
937.5666140834344,333.13035532261836,130.74673146430558,283.6198328687244
935.9629670136875,334.7340023923653,130.74673146430558,283.6198328687244
934.3593199439406,334.7340023923653,130.74673146430558,283.6198328687244
932.7556728741937,334.7340023923653,130.74673146430558,283.6198328687244
931.1520258044468,334.7340023923653,130.74673146430558,283.6198328687244
931.1520258044468,334.7340023923653,130.74673146430558,283.6198328687244
929.5483787346999,334.7340023923653,130.74673146430558,283.6198328687244
929.5483787346999,333.13035532261836,130.74673146430558,283.6198328687244
929.5483787346999,333.13035532261836,130.74673146430558,283.6198328687244
927.944731664953,333.13035532261836,130.74673146430558,283.6198328687244
927.944731664953,333.13035532261836,130.74673146430558,283.6198328687244
927.944731664953,333.13035532261836,130.74673146430558,283.6198328687244
927.944731664953,333.13035532261836,130.74673146430558,283.6198328687244
927.944731664953,329.9230611831245,130.74673146430558,283.6198328687244
926.3410845952061,329.9230611831245,130.74673146430558,283.6198328687244
926.3410845952061,326.71576704363065,130.74673146430558,283.6198328687244
926.3410845952061,323.5084729041368,130.74673146430558,283.6198328687244
924.7374375254592,321.90482583438984,130.74673146430558,283.6198328687244
923.1337904557123,320.3011787646429,130.74673146430558,283.6198328687244
921.5301433859654,320.3011787646429,130.74673146430558,283.6198328687244
921.5301433859654,320.3011787646429,130.74673146430558,283.6198328687244
919.9264963162185,318.69753169489593,130.74673146430558,283.6198328687244
916.7192021767246,318.69753169489593,130.74673146430558,283.6198328687244
915.1155551069777,317.093884625149,130.74673146430558,283.6198328687244
915.1155551069777,315.490237555402,130.74673146430558,283.6198328687244
913.5119080372308,312.28294341590816,130.74673146430558,283.6198328687244
916.3420229292524,313.3397880837108,128.2937958197563,278.29884939362523
911.6213396487859,311.766226990222,128.2937958197563,278.29884939362523
908.4742174618083,310.19266589673316,128.2937958197563,278.29884939362523
906.9006563683195,310.19266589673316,128.2937958197563,278.29884939362523
905.3270952748306,310.19266589673316,128.2937958197563,278.29884939362523
904.9569922763028,312.8032442258023,125.8868796298344,273.07769273548695
903.0497932100571,313.82080601104224,123.52511952488365,267.9544900462861
900.0196494542984,312.30573413316284,123.52511952488365,267.9544900462861
898.5045775764189,309.27559037740406,123.52511952488365,267.9544900462861
896.9895056985395,309.27559037740406,123.52511952488365,267.9544900462861
895.47443382066,307.76051849952466,123.52511952488365,267.9544900462861
892.4442900649012,307.76051849952466,123.52511952488365,267.9544900462861
889.4141463091424,306.24544662164527,123.52511952488365,267.9544900462861
887.899074431263,304.7303747437659,123.52511952488365,267.9544900462861
886.3840025533835,304.7303747437659,123.52511952488365,267.9544900462861
883.3538587976248,304.7303747437659,123.52511952488365,267.9544900462861
880.323715041866,303.2153028658865,123.52511952488365,267.9544900462861
877.2935712861072,301.7002309880071,123.52511952488365,267.9544900462861
875.7784994082277,301.7002309880071,123.52511952488365,267.9544900462861
874.2634275303483,300.1851591101277,123.52511952488365,267.9544900462861
872.7483556524688,298.6700872322483,123.52511952488365,267.9544900462861
871.2332837745894,298.6700872322483,123.52511952488365,267.9544900462861
871.2332837745894,295.6399434764895,123.52511952488365,267.9544900462861
871.2332837745894,294.1248715986101,123.52511952488365,267.9544900462861
871.2332837745894,291.09472784285134,123.52511952488365,267.9544900462861
871.2332837745894,289.57965596497195,123.52511952488365,267.9544900462861
871.2332837745894,286.54951220921316,123.52511952488365,267.9544900462861
869.7182118967099,285.03444033133377,123.52511952488365,267.9544900462861
868.2031400188305,282.004296575575,123.52511952488365,267.9544900462861
868.2031400188305,280.4892246976956,123.52511952488365,267.9544900462861
866.688068140951,277.4590809419368,123.52511952488365,267.9544900462861
865.1729962630716,275.9440090640574,123.52511952488365,267.9544900462861
865.1729962630716,275.9440090640574,123.52511952488365,267.9544900462861
863.6579243851921,272.9138653082986,123.52511952488365,267.9544900462861
862.1428525073127,272.9138653082986,123.52511952488365,267.9544900462861
862.1428525073127,271.39879343041923,123.52511952488365,267.9544900462861
860.6277806294332,266.853577796781,123.52511952488365,267.9544900462861
860.2714343475451,266.3369772569419,121.20766833290094,262.9274036144467
861.4084211261693,267.3167163031099,118.9336947756526,257.99463020564644
861.0653202242028,265.36056108429733,116.70238317049183,253.15440041599
859.2972672160905,267.7352722736337,114.51293313777037,248.40497803731728
855.0836629228625,263.52166798040565,114.51293313777037,248.40497803731728
853.6791281584531,260.7125984515869,114.51293313777037,248.40497803731728
850.8700586296344,259.3080636871776,114.51293313777037,248.40497803731728
849.465523865225,255.09445939394953,114.51293313777037,248.40497803731728
848.0609891008156,252.2853898651308,114.51293313777037,248.40497803731728
845.251919571997,246.66725080749336,114.51293313777037,248.40497803731728
843.8473848075876,242.4536465142653,114.51293313777037,248.40497803731728
842.4428500431782,239.64457698544658,114.51293313777037,248.40497803731728
841.0383152787688,235.43097269221852,114.51293313777037,248.40497803731728
839.6337805143594,232.6219031633998,114.51293313777037,248.40497803731728
838.22924574995,228.40829887017173,114.51293313777037,248.40497803731728
836.8247109855406,225.599229341353,114.51293313777037,248.40497803731728
835.4201762211312,224.19469457694368,114.51293313777037,248.40497803731728
834.0156414567218,222.79015981253434,114.51293313777037,248.40497803731728
832.6111066923124,218.57655551930628,114.51293313777037,248.40497803731728
831.206571927903,215.76748599048756,114.51293313777037,248.40497803731728
831.206571927903,215.76748599048756,114.51293313777037,248.40497803731728
829.8020371634937,210.1493469328501,114.51293313777037,248.40497803731728
829.8020371634937,211.55388169725944,114.51293313777037,248.40497803731728
828.3975023990843,208.74481216844072,114.51293313777037,248.40497803731728
828.3975023990843,205.935742639622,114.51293313777037,248.40497803731728
829.8020371634937,204.53120787521266,114.51293313777037,248.40497803731728
829.8020371634937,203.12667311080332,114.51293313777037,248.40497803731728
829.8020371634937,201.722138346394,114.51293313777037,248.40497803731728
831.206571927903,198.91306881757527,114.51293313777037,248.40497803731728
831.206571927903,194.6994645243472,114.51293313777037,248.40497803731728
831.206571927903,193.29492975993787,114.51293313777037,248.40497803731728
831.206571927903,190.48586023111915,114.51293313777037,248.40497803731728
831.206571927903,189.0813254667098,114.51293313777037,248.40497803731728
832.6111066923124,187.67679070230048,114.51293313777037,248.40497803731728
836.4943631331466,190.0069500037495,112.36455931373936,243.74465943441925
833.7379944764498,187.2505813470527,112.36455931373936,243.74465943441925
833.7379944764498,187.2505813470527,112.36455931373936,243.74465943441925
833.7379944764498,185.87239701870428,112.36455931373936,243.74465943441925
832.3598101481014,184.49421269035585,112.36455931373936,243.74465943441925
830.9816258197529,184.49421269035585,112.36455931373936,243.74465943441925
830.9816258197529,183.11602836200743,112.36455931373936,243.74465943441925
829.6034414914045,183.11602836200743,112.36455931373936,243.74465943441925
828.2252571630561,181.737844033659,112.36455931373936,243.74465943441925
828.2252571630561,178.9814753769622,112.36455931373936,243.74465943441925
826.8470728347077,176.22510672026542,112.36455931373936,243.74465943441925
825.4688885063592,173.46873806356862,112.36455931373936,243.74465943441925
823.7665539721138,170.2424440004158,110.25649106883651,239.17177293393766
823.7665539721138,170.24244400041576,110.25649106883652,239.1717729339377
822.4142257200581,168.89011574836005,110.25649106883652,239.1717729339377
821.0618974680024,167.53778749630433,110.25649106883652,239.1717729339377
819.7095692159467,166.18545924424862,110.25649106883652,239.1717729339377
818.357240963891,164.8331309921929,110.25649106883652,239.1717729339377
817.0049127118352,164.8331309921929,110.25649106883652,239.1717729339377
815.6525844597795,164.8331309921929,110.25649106883652,239.1717729339377
814.3002562077238,160.77614623602582,110.25649106883652,239.1717729339377
815.3345156265128,158.96270883446266,108.18797223125844,234.68467822472985
815.0224140734206,159.83720780122425,106.15826081571907,230.2817657694829
817.3202923567312,161.99736257228224,104.16662875729682,225.9614562273669
814.7650237530544,160.71972827044382,104.16662875729682,225.9614562273669
815.7421573065653,156.45118493117528,102.21236165027501,221.7221998875196
816.7009588857618,159.78471146003807,100.29475849188195,217.56247611315925
816.7009588857618,159.78471146003807,100.29475849188195,217.56247611315925
816.7009588857618,157.32442210878355,100.29475849188195,217.56247611315925
817.931103561389,154.86413275752903,100.29475849188195,217.56247611315925
817.931103561389,153.63398808190175,100.29475849188195,217.56247611315925
817.931103561389,148.71340937939271,100.29475849188195,217.56247611315925
817.931103561389,147.48326470376543,100.29475849188195,217.56247611315925
817.931103561389,145.0229753525109,100.29475849188195,217.56247611315925
817.931103561389,145.0229753525109,100.29475849188195,217.56247611315925
816.7009588857618,142.5626860012564,100.29475849188195,217.56247611315925
817.931103561389,140.10239665000188,100.29475849188195,217.56247611315925
817.931103561389,138.87225197437465,100.29475849188195,217.56247611315925
816.7009588857618,137.64210729874736,100.29475849188195,217.56247611315925
816.7009588857618,137.64210729874736,100.29475849188195,217.56247611315925
816.7009588857618,133.95167327186556,100.29475849188195,217.56247611315925
815.4708142101346,133.95167327186556,100.29475849188195,217.56247611315925
814.2406695345073,131.49138392061104,100.29475849188195,217.56247611315925
813.0105248588801,130.2612392449838,100.29475849188195,217.56247611315925
811.7803801832529,129.03109456935653,100.29475849188195,217.56247611315925
811.7803801832529,126.57080521810202,100.29475849188195,217.56247611315925
810.5502355076256,121.65022651559296,100.29475849188195,217.56247611315925
809.3200908319984,121.65022651559296,100.29475849188195,217.56247611315925
806.8598014807438,115.49950313745664,100.29475849188195,217.56247611315925
805.6296568051166,115.49950313745664,100.29475849188195,217.56247611315925
803.169367453862,108.11863508369306,100.29475849188195,217.56247611315925
801.9392227782348,108.11863508369306,100.29475849188195,217.56247611315925
800.7090781026076,105.65834573243855,100.29475849188195,217.56247611315925
799.4789334269803,103.19805638118403,100.29475849188195,217.56247611315925
798.2487887513531,101.96791170555677,100.29475849188195,217.56247611315925
795.7884994000985,99.50762235430226,100.29475849188195,217.56247611315925
795.7884994000985,98.277477678675,100.29475849188195,217.56247611315925
793.328210048844,98.277477678675,100.29475849188195,217.56247611315925
794.2690235793657,104.008753364073,98.41313143083865,213.48079279612685
790.6478256784429,105.21581933104724,98.41313143083866,213.48079279612688
789.4407597114687,110.04408319894422,98.41313143083866,213.4807927961269
788.2336937444944,114.87234706684121,98.41313143083866,213.4807927961269
787.0266277775202,120.90767690171246,98.41313143083866,213.4807927961269
785.8195618105459,128.15007270355795,98.41313143083866,213.4807927961269
784.6124958435717,136.59953447237768,98.41313143083866,213.4807927961269
783.4054298765974,146.25606220817167,98.41313143083866,213.4807927961269
783.4054298765974,153.49845801001715,98.41313143083866,213.4807927961269
783.4054298765974,159.53378784488837,98.41313143083866,213.4807927961269
782.1983639096231,165.5691176797596,98.41313143083866,213.4807927961269
782.1983639096231,171.6044475146308,98.41313143083866,213.4807927961269
782.1983639096231,177.63977734950203,98.41313143083866,213.4807927961269
780.9912979426489,183.67510718437325,98.41313143083866,213.4807927961269
779.7842319756746,189.71043701924447,98.41313143083866,213.4807927961269
781.9144608977562,200.16245227529697,96.56680552062406,209.4756858216614
781.9144608977562,204.900133224522,96.56680552062406,209.47568582166141
780.7300406604498,209.63781417374702,96.56680552062406,209.47568582166141
780.7300406604498,215.55991536027835,96.56680552062406,209.47568582166141
779.5456204231435,221.4820165468097,96.56680552062406,209.47568582166141
779.5456204231435,228.58853797064728,96.56680552062406,209.47568582166141
778.3612001858372,234.51063915717862,96.56680552062406,209.47568582166141
775.9923597112247,240.43274034370995,96.56680552062406,209.47568582166141
778.0826234701584,248.3198251694638,94.75511847736925,205.54571854321637
776.9204241066413,252.9686226235322,94.75511847736927,205.54571854321637
774.5960253796071,247.15762580594674,94.75511847736927,205.54571854321637
775.7582247431242,254.13082198704933,94.75511847736927,205.54571854321637
773.4338260160899,256.4552207140835,94.75511847736927,205.54571854321637
770.8360769430764,259.54553871564394,92.97742044229383,201.68948126712968
770.8360769430764,261.8263294654398,92.97742044229383,201.68948126712968
770.5678549150258,265.99906547531987,91.23307374859915,197.9055907469612
768.3298540144694,265.99906547531987,91.23307374859917,197.9055907469612
767.2108535641914,272.7130681769884,91.23307374859917,197.9055907469612
766.0918531139132,277.18906997810075,91.23307374859917,197.9055907469612
764.9728526636352,280.5460713289351,91.23307374859917,197.9055907469612
763.853852213357,286.1410735803256,91.23307374859917,197.9055907469612
762.734851763079,289.49807493115986,91.23307374859917,197.9055907469612
762.734851763079,296.2120776328285,91.23307374859917,197.9055907469612
761.6158513128007,300.68807943394086,91.23307374859917,197.9055907469612
761.6158513128007,305.16408123505323,91.23307374859917,197.9055907469612
762.734851763079,310.7590834864437,91.23307374859917,197.9055907469612
762.734851763079,315.2350852875561,91.23307374859917,197.9055907469612
762.734851763079,321.9490879892246,91.23307374859917,197.9055907469612
762.734851763079,326.425089790337,91.23307374859917,197.9055907469612
763.853852213357,332.0200920417275,91.23307374859917,197.9055907469612
764.9728526636352,337.615094293118,91.23307374859917,197.9055907469612
768.0666640921235,346.1855475246085,89.52145269273493,194.19268968731723
768.9064187835124,355.69321764631394,87.84194330995703,190.54944625698366
769.9838260227775,358.92543936410914,87.84194330995703,190.54944625698366
769.9838260227775,362.15766108190434,87.84194330995703,190.54944625698366
769.9838260227775,366.4672900389646,87.84194330995703,190.54944625698366
771.0612332620426,371.85432623529,87.84194330995703,190.54944625698366
772.9626405792382,381.1836232330407,86.19394315409619,186.97455361119322
772.9626405792382,385.4123993659794,86.19394315409619,186.97455361119322
772.9626405792382,390.6983695321528,86.19394315409619,186.97455361119322
773.7711816155571,398.79544582572976,84.57686108145823,183.4667294228555
774.8085416621346,403.9822460586174,84.57686108145823,183.4667294228555
775.6019136834743,411.92741333821976,82.99011703877875,180.02471542258152
774.5840155187043,418.0348023268398,82.99011703877875,180.02471542258155
774.5840155187043,424.14219131545974,82.99011703877875,180.02471542258155
775.6019136834743,428.21378397453975,82.99011703877875,180.02471542258155
774.5840155187043,432.28537663361976,82.99011703877875,180.02471542258155
775.3625031105158,438.04568853032157,81.43314185515581,176.6472769473379
773.3649002969884,441.04209275061277,81.43314185515581,176.6472769473379
774.3637017037521,447.03490119119516,81.43314185515581,176.6472769473379
772.3660988902246,453.02770963177755,81.43314185515581,176.6472769473379
773.3649002969884,458.0217166655962,81.43314185515581,176.6472769473379
772.3660988902246,464.0145251061786,81.43314185515581,176.6472769473379
773.3649002969884,468.00973073323354,81.43314185515581,176.6472769473379
772.3660988902246,472.00493636028847,81.43314185515581,176.6472769473379
773.3649002969884,476.0001419873434,81.43314185515581,176.6472769473379
772.3660988902246,479.9953476143983,81.43314185515581,176.6472769473379
771.3672974834609,480.99414902116206,81.43314185515581,176.6472769473379
770.3684960766972,481.9929504279258,81.43314185515581,176.6472769473379
769.3696946699334,483.99055324145326,81.43314185515581,176.6472769473379
770.1335770785681,481.65238483928294,79.90537703788631,173.33320249756866
772.8432541564083,485.23846028171755,78.40627457213257,170.08130330262597
771.8815781660475,486.2001362720784,78.40627457213257,170.08130330262597
771.8815781660475,483.315108300996,78.40627457213257,170.08130330262597
773.804930146769,487.16181226243924,78.40627457213257,170.08130330262597
775.9022494803626,486.41476643917025,79.98169184711043,173.49874692988564
776.0797123592557,483.690712332104,81.58876398139442,176.98485725194786
776.2607409997744,481.9126339637223,83.22812701607259,180.54101398871126
777.4662244758267,479.0780112396251,84.90042977220654,184.16862458278644
776.4248957642052,479.0780112396251,84.90042977220654,184.16862458278644
775.5719435964987,476.1864324411326,86.60633410761949,187.86912475652835
775.7641051903106,473.236753149842,88.34651517884389,191.6439790802613
774.6805092288499,471.06956122692065,88.34651517884389,191.6439790802613
774.6805092288499,471.06956122692065,88.34651517884389,191.6439790802613
775.7641051903106,471.06956122692065,88.34651517884389,191.6439790802613
776.8477011517713,468.9023693039993,88.34651517884389,191.6439790802613
775.7641051903106,467.81877334253863,88.34651517884389,191.6439790802613
779.0148930746926,469.98596526546,88.34651517884389,191.6439790802613
776.8477011517713,466.73517738107796,88.34651517884389,191.6439790802613
777.6764343588154,471.7836788376634,86.68904876475565,188.0485519358545
777.6764343588154,465.4040789437096,86.68904876475565,188.0485519358545
778.4896197261497,472.48439890858106,85.0626780300869,184.5205784960346
776.157592743845,465.8687416513635,83.46681958969612,181.0587932638023
779.2288279286264,468.93997683614487,83.46681958969612,181.05879326380233
775.9168069754426,463.47218079483406,81.90090100331352,177.66195448411088
778.9304228058189,464.4767194049595,81.90090100331352,177.66195448411088
775.9168069754426,461.46310357458316,81.90090100331352,177.66195448411088
776.921345585568,459.45402635433226,81.90090100331352,177.66195448411088
775.9168069754426,458.4494877442068,81.90090100331352,177.66195448411088
777.9258841956935,457.44494913408136,81.90090100331352,177.66195448411088
775.9168069754426,455.43587191383045,81.90090100331352,177.66195448411088
777.9258841956935,454.431333303705,81.90090100331352,177.66195448411088
775.9168069754426,453.42679469357955,81.90090100331352,177.66195448411088
777.9258841956935,451.41771747332865,81.90090100331352,177.66195448411088
776.921345585568,451.41771747332865,81.90090100331352,177.66195448411088
777.9258841956935,450.4131788632032,81.90090100331352,177.66195448411088
776.921345585568,451.41771747332865,81.90090100331352,177.66195448411088
779.9349614159444,452.4222560834541,81.90090100331352,177.66195448411088
778.9304228058189,451.41771747332865,81.90090100331352,177.66195448411088
779.6986930223733,456.09788869653846,80.36436057020468,174.328843698444
782.6557704933847,453.14081122552705,80.36436057020468,174.32884369844402
782.6557704933847,455.11219620620136,80.36436057020468,174.32884369844402
784.627155474059,454.12650371586426,80.36436057020468,174.32884369844402
785.6128479643961,454.12650371586426,80.36436057020468,174.32884369844402
786.5985404547332,454.12650371586426,80.36436057020468,174.32884369844402
788.5699254354075,454.12650371586426,80.36436057020468,174.32884369844402
789.5556179257446,454.12650371586426,80.36436057020468,174.32884369844402
790.5413104160817,454.12650371586426,80.36436057020468,174.32884369844402
791.5270029064188,453.14081122552716,80.36436057020468,174.32884369844402
791.5270029064188,453.14081122552716,80.36436057020468,174.32884369844402
793.4983878870931,452.15511873519006,80.36436057020468,174.32884369844402
793.4983878870931,452.15511873519006,80.36436057020468,174.32884369844402
794.4840803774302,451.16942624485296,80.36436057020468,174.32884369844402
795.4697728677673,452.15511873519006,80.36436057020468,174.32884369844402
796.4554653581044,451.16942624485296,80.36436057020468,174.32884369844402
797.4411578484415,450.18373375451586,80.36436057020468,174.32884369844402
798.4268503387786,450.18373375451586,80.36436057020468,174.32884369844402
799.4125428291158,449.19804126417876,80.36436057020468,174.32884369844402
800.3982353194529,448.21234877384165,80.36436057020468,174.32884369844402
801.1520920407121,448.86194547885134,78.85664712768636,171.05826530775045
801.1520920407121,448.86194547885134,78.85664712768636,171.05826530775045
801.1520920407121,447.89474553679463,78.85664712768636,171.05826530775045
802.1192919827688,446.9275455947379,78.85664712768636,171.05826530775045
802.1192919827688,444.9931457106245,78.85664712768636,171.05826530775045
803.0864919248255,444.0259457685678,78.85664712768636,171.05826530775045
802.1192919827688,442.0915458844544,78.85664712768636,171.05826530775045
803.0864919248255,441.12434594239767,78.85664712768636,171.05826530775045
804.0536918668822,440.15714600034096,78.85664712768636,171.05826530775045
805.0208918089389,440.15714600034096,78.85664712768636,171.05826530775045
805.0208918089389,440.15714600034096,78.85664712768636,171.05826530775045
805.0208918089389,440.15714600034096,78.85664712768636,171.05826530775045
805.9880917509956,440.15714600034096,78.85664712768636,171.05826530775045
806.9552916930523,439.18994605828425,78.85664712768636,171.05826530775045
806.9552916930523,439.18994605828425,78.85664712768636,171.05826530775045
807.922491635109,441.12434594239767,78.85664712768636,171.05826530775045
806.9552916930523,440.15714600034096,78.85664712768636,171.05826530775045
808.8896915771658,442.0915458844544,78.85664712768636,171.05826530775045
809.8568915192225,442.0915458844544,78.85664712768636,171.05826530775045
809.8568915192225,441.12434594239767,78.85664712768636,171.05826530775045
812.5310050404678,449.4993551188809,77.3772198534225,167.84904614357808
811.5819507085284,444.75408345918436,77.3772198534225,167.84904614357808
812.5310050404678,444.75408345918436,77.3772198534225,167.84904614357808
814.4291137043464,447.6012464550023,77.3772198534225,167.84904614357808
815.3781680362857,445.7031377911237,77.3772198534225,167.84904614357808
817.2762767001643,446.65219212306306,77.3772198534225,167.84904614357808
819.1743853640429,447.6012464550024,77.3772198534225,167.84904614357808
820.1234396959823,447.6012464550024,77.3772198534225,167.84904614357808
821.0724940279216,447.6012464550024,77.3772198534225,167.84904614357808
822.021548359861,446.65219212306306,77.3772198534225,167.84904614357808
822.9706026918003,447.6012464550024,77.3772198534225,167.84904614357808
825.0403954483609,445.91495101292094,78.93196033193733,171.221637027741
824.07227176773,443.978703651659,78.93196033193733,171.221637027741
826.0085191289919,445.91495101292094,78.93196033193733,171.221637027741
827.9447664902539,445.91495101292094,78.93196033193733,171.221637027741
828.9128901708848,447.8511983741829,78.93196033193733,171.221637027741
829.8810138515157,449.78744573544486,78.93196033193733,171.221637027741
830.0561475926718,446.13102019778376,80.51794021088695,174.6619933805394
830.0561475926718,447.1185963875297,80.51794021088695,174.6619933805394
830.0561475926718,446.13102019778376,80.51794021088695,174.6619933805394
830.0561475926718,447.1185963875297,80.51794021088695,174.6619933805394
830.0561475926718,445.14344400803793,80.51794021088695,174.6619933805394
830.0561475926718,444.155867818292,80.51794021088695,174.6619933805394
830.0561475926718,442.18071543880023,80.51794021088695,174.6619933805394
830.0561475926718,440.2055630593085,80.51794021088695,174.6619933805394
830.0561475926718,438.2304106798167,80.51794021088695,174.6619933805394
832.7865973450195,441.8439773604266,79.00734546517513,171.38516477830302
831.8175490435841,438.93683245612044,79.00734546517513,171.38516477830302
832.7865973450195,437.9677841546851,79.00734546517513,171.38516477830302
832.7865973450195,436.99873585324974,79.00734546517513,171.38516477830302
832.7865973450195,436.99873585324974,79.00734546517513,171.38516477830302
832.7865973450195,436.99873585324974,79.00734546517513,171.38516477830302
832.7865973450195,436.99873585324974,79.00734546517513,171.38516477830302
832.7865973450195,437.9677841546851,79.00734546517513,171.38516477830302
832.7865973450195,438.93683245612044,79.00734546517513,171.38516477830302
832.7865973450195,438.93683245612044,79.00734546517513,171.38516477830302
833.5277246057252,444.4207017197007,77.52509094376359,168.1698126626257
833.5277246057252,441.56809767679715,77.52509094376359,168.1698126626257
834.4785926200263,442.5189656910983,77.52509094376359,168.1698126626257
835.4294606343275,441.56809767679715,77.52509094376359,168.1698126626257
836.3803286486286,442.5189656910983,77.52509094376359,168.1698126626257
837.3311966629298,443.4698337053994,77.52509094376359,168.1698126626257
838.2820646772309,443.4698337053994,77.52509094376359,168.1698126626257
839.232932691532,444.42070171970056,77.52509094376359,168.1698126626257
840.1838007058332,444.42070171970056,77.52509094376359,168.1698126626257
841.1346687201343,445.3715697340017,77.52509094376359,168.1698126626257
841.1346687201343,445.3715697340017,77.52509094376359,168.1698126626257
842.0855367344354,445.3715697340017,77.52509094376359,168.1698126626257
843.0364047487366,446.32243774830283,77.52509094376359,168.1698126626257
843.9872727630377,446.32243774830283,77.52509094376359,168.1698126626257
844.9381407773388,446.32243774830283,77.52509094376359,168.1698126626257
845.88900879164,447.27330576260397,77.52509094376359,168.1698126626257
846.8398768059411,448.2241737769051,77.52509094376359,168.1698126626257
848.7416128345434,449.17504179120624,77.52509094376359,168.1698126626257
849.6924808488445,448.2241737769051,77.52509094376359,168.1698126626257
851.5942168774468,450.1259098055074,77.52509094376359,168.1698126626257
850.6433488631457,448.2241737769051,77.52509094376359,168.1698126626257
852.5450848917479,451.0767778198086,77.52509094376359,168.1698126626257
850.6433488631457,445.3715697340017,77.52509094376359,168.1698126626257
851.5942168774468,446.32243774830283,77.52509094376359,168.1698126626257
849.6924808488445,444.42070171970056,77.52509094376359,168.1698126626257
848.7416128345434,442.5189656910983,77.52509094376359,168.1698126626257
846.8398768059411,441.56809767679715,77.52509094376359,168.1698126626257
849.4688358281629,446.9490842278534,76.07064495652453,165.0147836749225
848.5358070211553,443.2169689998228,76.07064495652453,165.0147836749225
849.4688358281629,444.14999780683047,76.07064495652453,165.0147836749225
847.6027782141476,443.2169689998228,76.07064495652453,165.0147836749225
847.6027782141476,444.14999780683047,76.07064495652453,165.0147836749225
845.7367206001323,442.2839401928152,76.07064495652453,165.0147836749225
846.66974940714,444.14999780683047,76.07064495652453,165.0147836749225
844.8036917931247,444.14999780683047,76.07064495652453,165.0147836749225
845.5172713772104,450.3630606319621,74.64348578835325,161.9189460947356
844.6017470966445,446.70096350969885,74.64348578835325,161.9189460947356
845.5172713772104,451.27858491252795,74.64348578835325,161.9189460947356
845.5172713772104,449.4475363513963,74.64348578835325,161.9189460947356
845.5172713772104,451.27858491252795,74.64348578835325,161.9189460947356
845.5172713772104,450.3630606319621,74.64348578835325,161.9189460947356
845.5172713772104,451.27858491252795,74.64348578835325,161.9189460947356
846.4327956577762,451.27858491252795,74.64348578835325,161.9189460947356
847.348319938342,453.1096334736596,74.64348578835325,161.9189460947356
848.429462719501,453.31396334285046,76.14329734829863,165.17238347861712
847.4955428095658,452.3800434329153,76.14329734829863,165.17238347861712
848.429462719501,454.24788325278575,76.14329734829863,165.17238347861712
848.429462719501,452.3800434329153,76.14329734829863,165.17238347861712
848.429462719501,454.24788325278575,76.14329734829863,165.17238347861712
848.5984089926264,452.5884789021678,77.673244621918,168.491192179853
848.5984089926264,452.5884789021678,77.673244621918,168.491192179853
848.5984089926264,453.5411640648533,77.673244621918,168.491192179853
849.551094155312,454.4938492275388,77.673244621918,168.491192179853
849.551094155312,454.4938492275388,77.673244621918,168.491192179853
850.5037793179974,455.4465343902243,77.673244621918,168.491192179853
850.6761202285888,453.7537876279894,79.23393312610621,171.87668570432277
849.7042927629294,451.8101326966707,79.23393312610621,171.87668570432277
849.7042927629294,454.72561509364886,79.23393312610621,171.87668570432277
848.73246529727,451.8101326966707,79.23393312610621,171.87668570432277
847.7606378316106,451.8101326966707,79.23393312610621,171.87668570432277
846.7888103659511,449.86647776535193,79.23393312610621,171.87668570432277
845.8169829002917,447.9228228340332,79.23393312610621,171.87668570432277
845.8169829002917,446.95099536837375,79.23393312610621,171.87668570432277
845.8169829002917,446.95099536837375,79.23393312610621,171.87668570432277
845.8169829002917,446.95099536837375,79.23393312610621,171.87668570432277
844.8451554346323,447.9228228340332,79.23393312610621,171.87668570432277
843.8733279689728,446.95099536837375,79.23393312610621,171.87668570432277
843.8733279689728,449.86647776535193,79.23393312610621,171.87668570432277
843.8733279689728,448.8946502996925,79.23393312610621,171.87668570432277
843.8733279689728,448.8946502996925,79.23393312610621,171.87668570432277
842.9015005033134,447.92282283403307,79.23393312610621,171.87668570432277
841.929673037654,448.8946502996925,79.23393312610621,171.87668570432277
841.929673037654,450.83830523101125,79.23393312610621,171.87668570432277
840.9578455719945,448.8946502996925,79.23393312610621,171.87668570432277
841.929673037654,450.83830523101125,79.23393312610621,171.87668570432277
840.9578455719945,449.8664777653518,79.23393312610621,171.87668570432277
843.6447532662932,451.4787645281235,77.7474276001465,168.6521121787794
842.4668718082889,452.10720818690066,76.28881036133254,165.48803478381376
845.0539072293693,456.4666803115305,74.85755819831643,162.38331855327112
845.7561074706759,456.1536147980137,73.45315771570318,159.33684981406395
848.2469828677453,460.3510454829461,72.07510514989401,156.3475357866933
849.1310052052894,463.00311249557853,72.07510514989401,156.3475357866933
850.1749473364893,464.96845632747403,73.52331023767084,159.48902682325533
848.5345104018141,462.4643648211219,75.00061411027636,162.693639839215
847.7810167321552,462.6696722971665,76.50760144959415,165.96264314450434
847.7810167321552,463.60806050392256,76.50760144959415,165.96264314450434
847.0123831141918,461.0023286028153,78.04486868552085,169.29733053320686
847.0123831141918,460.04508536182084,78.04486868552087,169.2973305332069
847.9696263551863,461.0023286028153,78.04486868552087,169.2973305332069
847.9696263551863,461.9595718438097,78.04486868552087,169.2973305332069
847.9696263551863,461.9595718438097,78.04486868552087,169.2973305332069
848.9268695961807,462.91681508480417,78.04486868552087,169.2973305332069
847.9696263551863,460.04508536182084,78.04486868552087,169.2973305332069
848.9268695961807,462.91681508480417,78.04486868552087,169.2973305332069
847.0123831141918,461.0023286028153,78.04486868552087,169.2973305332069
847.0123831141918,461.0023286028153,78.04486868552087,169.2973305332069
847.0123831141918,461.9595718438097,78.04486868552087,169.2973305332069
846.0551398731974,461.9595718438097,78.04486868552087,169.2973305332069
845.097896632203,459.0878421208264,78.04486868552087,169.2973305332069
844.1406533912085,458.13059887983195,78.04486868552087,169.2973305332069
843.1834101502141,457.1733556388375,78.04486868552087,169.2973305332069
842.2261669092196,456.21611239784306,78.04486868552087,169.2973305332069
842.2261669092196,457.1733556388375,78.04486868552087,169.2973305332069
840.3116804272307,456.21611239784306,78.04486868552087,169.2973305332069
842.0010224294288,461.6331765207393,76.5806711631136,166.12114821536963
841.0617380011713,459.7546076642244,76.5806711631136,166.12114821536966
840.1224535729139,459.7546076642244,76.5806711631136,166.12114821536966
838.9622485939342,460.3736202626203,75.14394340804317,163.00455416206302
840.5887978078424,466.5109948252934,73.73417006079966,159.94643043958092
839.6844265517968,463.79788105715676,73.73417006079967,159.94643043958092
839.6844265517968,463.79788105715676,73.73417006079967,159.94643043958092
841.2804601229832,468.01137000121423,72.35084543051802,156.94568008773922
840.3930557498953,465.34915688195076,72.35084543051802,156.94568008773922
841.9591461814498,469.4835966818879,70.99347331358487,154.00122672639196
841.9591461814498,467.7420850712276,70.99347331358487,154.00122672639196
843.7006577921101,471.22510829254827,70.99347331358487,154.00122672639196
842.8299019867799,468.6128408765578,70.99347331358487,154.00122672639196
844.5714135974401,473.83737570853873,70.99347331358487,154.00122672639196
843.8581776677952,474.90246980022243,72.41994517287473,157.09557337500536
843.1306106886159,472.43595722058376,73.8750791312333,160.25209473082936
841.482325158936,469.91988500368245,75.35945109621719,163.4720400702559
839.800920628108,469.20186895850634,76.87364854709348,166.75668377138757
838.0857316360423,468.4694258169345,78.41827076735024,170.10732581840608
835.2002622543848,466.54577956249614,78.41827076735024,170.10732581840608
834.2384391271655,467.5076026897153,78.41827076735024,170.10732581840608
833.2766159999464,468.4694258169345,78.41827076735024,170.10732581840608
832.3147928727271,469.4312489441537,78.41827076735024,170.10732581840608
829.4293234910697,469.4312489441537,78.41827076735024,170.10732581840608
827.5056772366313,468.4694258169345,78.41827076735024,170.10732581840608
825.5820309821929,467.5076026897153,78.41827076735024,170.10732581840608
823.6583847277545,467.5076026897153,78.41827076735024,170.10732581840608
823.4321630545636,470.0651151249033,76.94706785929388,166.91594720246843
820.6008278804558,470.0651151249033,76.94706785929388,166.91594720246843
817.7694927063479,470.0651151249033,76.94706785929388,166.91594720246843
814.9381575322401,470.0651151249033,76.94706785929388,166.91594720246843
812.1068223581323,469.121336733534,76.94706785929388,166.91594720246843
809.2754871840244,470.0651151249033,76.94706785929388,166.91594720246843
804.5565952271779,468.17755834216473,76.94706785929388,166.91594720246843
800.7814816617007,469.121336733534,76.94706785929388,166.91594720246843
796.0625897048542,467.23377995079545,76.94706785929388,166.91594720246843
792.287476139377,466.2900015594262,76.94706785929388,166.91594720246843
788.5123625738997,465.3462231680569,76.94706785929388,166.91594720246843
783.7934706170532,466.2900015594262,76.94706785929388,166.91594720246843
778.1308002688374,465.3462231680569,76.94706785929388,166.91594720246843
774.3556867033602,468.17755834216473,76.94706785929388,166.91594720246843
769.6367947465137,466.2900015594262,76.94706785929388,166.91594720246843
763.9741243982979,466.2900015594262,76.94706785929388,166.91594720246843
758.3114540500821,465.3462231680569,76.94706785929388,166.91594720246843
752.6487837018664,467.23377995079545,76.94706785929388,166.91594720246843
746.9861133536506,467.23377995079545,76.94706785929388,166.91594720246843
743.2109997881734,470.0651151249033,76.94706785929388,166.91594720246843
739.4358862226961,469.121336733534,76.94706785929388,166.91594720246843
735.6607726572189,470.0651151249033,76.94706785929388,166.91594720246843
731.8856590917417,471.95267190764184,76.94706785929388,166.91594720246843
729.9981023090031,471.95267190764184,76.94706785929388,166.91594720246843
727.1667671348953,471.95267190764184,76.94706785929388,166.91594720246843
724.3354319607874,471.95267190764184,76.94706785929388,166.91594720246843
721.5040967866796,471.95267190764184,76.94706785929388,166.91594720246843
718.6727616125718,471.95267190764184,76.94706785929388,166.91594720246843
713.9538696557253,471.95267190764184,76.94706785929388,166.91594720246843
711.1225344816174,471.95267190764184,76.94706785929388,166.91594720246843
708.2911993075096,471.00889351627256,76.94706785929388,166.91594720246843
703.5723073506631,470.0651151249033,76.94706785929388,166.91594720246843
698.6314378588884,469.7433109692139,75.50346614641172,163.78444194837022
696.7792934743156,468.8172387769275,75.50346614641172,163.78444194837022
692.8571916843496,470.35361636426114,74.08694780348003,160.71168677370298
692.6434650473079,471.86117001614906,72.69700472017908,157.69657946992706
686.4019142180617,470.07786977922154,72.69700472017908,157.6965794699271
682.8353137442068,470.9695198976853,72.69700472017908,157.6965794699271
679.2687132703519,470.9695198976853,72.69700472017908,157.6965794699271
674.8104626780332,469.1862196607578,72.69700472017908,157.6965794699271
673.0271624411057,468.294569542294,72.69700472017908,157.6965794699271
670.3522120857145,467.40291942383027,72.69700472017908,157.6965794699271
666.7856116118596,469.1862196607578,72.69700472017908,157.6965794699271
665.0023113749321,468.294569542294,72.69700472017908,157.6965794699271
663.2190111380046,471.86117001614895,72.69700472017908,157.6965794699271
660.7053604431559,468.4935710935768,74.15770563602165,160.86517684121634
656.1575302216858,466.67443900498876,74.15770563602165,160.86517684121634
652.5192660445097,468.4935710935768,74.15770563602165,160.86517684121634
647.0618697787455,466.67443900498876,74.15770563602165,160.86517684121634
642.5140395572754,465.76487296069473,74.15770563602165,160.86517684121634
637.0566432915113,467.5840050492828,74.15770563602165,160.86517684121634
631.5992470257471,467.5840050492828,74.15770563602165,160.86517684121634
627.051416804277,467.5840050492828,74.15770563602165,160.86517684121634
626.141850759983,469.40313713787083,74.15770563602165,160.86517684121634
622.5035865828069,466.67443900498876,74.15770563602165,160.86517684121634
619.7748884499248,468.4935710935768,74.15770563602165,160.86517684121634
617.9557563613367,467.5840050492828,74.15770563602165,160.86517684121634
616.1366242727487,469.40313713787083,74.15770563602165,160.86517684121634
614.3174921841606,468.4935710935768,74.15770563602165,160.86517684121634
613.4079261398666,472.1318352707529,74.15770563602165,160.86517684121634
610.8437686616062,470.5157032716176,75.64775641536623,164.0974408394869
607.3002476123131,468.8670983322237,77.16774678502019,167.3946507182747
602.5678221962118,468.8670983322237,77.16774678502019,167.3946507182747
599.728366946551,468.8670983322237,77.16774678502019,167.3946507182747
596.8889116968902,468.8670983322237,77.16774678502019,167.3946507182747
594.9959415304496,468.8670983322237,77.16774678502019,167.3946507182747
591.2100011975685,467.9206132490034,77.16774678502019,167.3946507182747
588.3705459479078,468.8670983322237,77.16774678502019,167.3946507182747
586.4775757814672,467.9206132490034,77.16774678502019,167.3946507182747
584.5846056150266,468.8670983322237,77.16774678502019,167.3946507182747
581.7451503653658,466.9741281657831,77.16774678502019,167.3946507182747
580.5760511308354,472.3303115971153,75.72000492120002,164.25416452137247
575.9324106109859,466.7579429732959,75.72000492120002,164.25416452137247
574.0749544030461,469.54412728520555,75.72000492120002,164.25416452137247
574.0749544030461,468.61539918123566,75.72000492120002,164.25416452137247
572.2174981951064,468.61539918123566,75.72000492120002,164.25416452137247
571.2887700911365,465.829214869326,75.72000492120002,164.25416452137247
570.3600419871666,464.9004867653561,75.72000492120002,164.25416452137247
569.4313138831967,464.9004867653561,75.72000492120002,164.25416452137247
570.3600419871666,464.9004867653561,75.72000492120002,164.25416452137247
570.5280490616956,465.1077635094319,77.24144698008169,167.55452344910043
567.6858819484066,462.26559639614294,77.24144698008169,167.55452344910043
566.7384929106437,463.2129854339059,77.24144698008169,167.55452344910043
566.9098757513212,462.4770379518375,78.79345937425248,170.9211964887632
564.010600974225,461.5106130261387,78.79345937425248,170.9211964887632
564.010600974225,463.44346287753615,78.79345937425248,170.9211964887632
562.0777511228275,461.5106130261387,78.79345937425248,170.9211964887632
562.0777511228275,462.4770379518375,78.79345937425248,170.9211964887632
562.0777511228275,462.4770379518375,78.79345937425248,170.9211964887632
561.1113261971287,462.4770379518375,78.79345937425248,170.9211964887632
561.1113261971287,462.4770379518375,78.79345937425248,170.9211964887632
561.1113261971287,464.40988780323494,78.79345937425248,170.9211964887632
560.14490127143,463.44346287753615,78.79345937425248,170.9211964887632
561.286152633224,464.62557785410803,80.37665635345934,174.3555160898119
559.3144660297623,463.6397345523772,80.37665635345934,174.3555160898119
559.3144660297623,464.62557785410803,80.37665635345934,174.3555160898119
560.3003093314932,466.5972644575697,80.37665635345934,174.3555160898119
561.286152633224,468.5689510610313,80.37665635345934,174.3555160898119
562.2719959349548,467.5831077593005,80.37665635345934,174.3555160898119
561.286152633224,468.5689510610313,80.37665635345934,174.3555160898119
561.286152633224,467.5831077593005,80.37665635345934,174.3555160898119
560.3003093314932,466.5972644575697,80.37665635345934,174.3555160898119
560.3003093314932,464.62557785410803,80.37665635345934,174.3555160898119
560.0684380914383,473.1620203615517,78.86871223010728,171.0844372991559
560.2434314981008,467.5738288658969,80.45342126494683,174.52203689780785
558.2698618062593,464.6134743281346,80.45342126494683,174.52203689780785
559.0245539600766,471.18449999909586,78.9440369573123,171.24783401509296
558.0562821560877,468.27968458712934,78.9440369573123,171.24783401509296
556.11973854811,466.34314097915166,78.9440369573123,171.24783401509296
554.9237283362963,466.9812570037647,77.46297016498433,168.03505835788917
554.7002625221488,467.6074013521102,76.00968962387786,164.88255749179666
552.835700178256,466.67512018016373,76.00968962387786,164.88255749179666
553.548707971726,472.8832044841921,74.58367403693802,161.78920060320408
551.7191266279974,469.2240417967348,74.58367403693802,161.7892006032041
551.5039670310276,472.5712843952347,73.18441188714885,158.75387809366146
548.8110820993836,468.0831428424946,73.18441188714885,158.75387809366146
545.9070741737407,462.39130481400963,71.81140125405037,155.7755011818632
544.8191241203259,460.3294029212097,70.46414963369777,152.85300151309835
545.4801120561756,465.22029226935103,69.14217376199854,149.9853307760277
544.4326010715135,464.0830802765705,67.84499944136377,147.17146032665073
547.0795516781756,466.76521644233594,69.20820901513909,150.12857647899415
540.9378861670849,464.7780593241956,67.90979580903155,147.3120186011301
543.5873647829756,467.462757103677,69.27430733622242,150.2719589908826
543.7410701839154,470.2013985156415,70.66623599352914,153.29137346288644
542.0075858969755,471.06814065911146,70.66623599352914,153.29137346288644
541.1408437535055,471.93488280258146,70.66623599352914,153.29137346288644
541.1408437535055,474.53510923299143,70.66623599352914,153.29137346288644
538.5406173230955,472.80162494605145,70.66623599352914,153.29137346288644
538.5406173230955,475.4018513764614,70.66623599352914,153.29137346288644
537.6738751796255,473.66836708952144,70.66623599352914,153.29137346288644
537.6738751796255,474.53510923299143,70.66623599352914,153.29137346288644
536.8071330361555,473.66836708952144,70.66623599352914,153.29137346288644
536.8071330361555,474.53510923299143,70.66623599352914,153.29137346288644
537.6738751796255,476.2685935199314,70.66623599352914,153.29137346288644
537.6738751796255,478.0020778068714,70.66623599352914,153.29137346288644
539.5641532701266,479.9290045972565,72.08613267334712,156.37145702987624
539.7240975315825,479.2421763475645,73.53455933715269,159.51342871597757
539.8872555530838,478.54154765785154,75.0120892379141,162.7185320391677
539.1336465985552,475.98675061556395,76.51930714697151,165.98803550343072
538.1951148179821,475.0482188349909,76.51930714697151,165.98803550343075
537.2565830374091,475.0482188349909,76.51930714697151,165.98803550343075
536.318051256836,475.98675061556395,76.51930714697151,165.98803550343075
535.379519476263,474.10968705441775,76.51930714697151,165.98803550343075
535.379519476263,474.10968705441775,76.51930714697151,165.98803550343075
535.379519476263,475.98675061556395,76.51930714697151,165.98803550343075
535.379519476263,475.98675061556395,76.51930714697151,165.98803550343075
534.44098769569,475.0482188349909,76.51930714697151,165.98803550343075
534.44098769569,475.0482188349909,76.51930714697151,165.98803550343075
533.5024559151169,474.10968705441786,76.51930714697151,165.98803550343075
533.5024559151169,475.0482188349909,76.51930714697151,165.98803550343075
532.5639241345439,475.98675061556395,76.51930714697151,165.98803550343075
532.5639241345439,475.98675061556395,76.51930714697151,165.98803550343075
530.6868605733977,475.98675061556395,76.51930714697151,165.98803550343075
529.7483287928246,475.0482188349909,76.51930714697151,165.98803550343075
530.6868605733977,476.9252823961371,76.51930714697151,165.98803550343075
528.8097970122515,473.1711552738447,76.51930714697151,165.98803550343075
530.6868605733977,476.9252823961371,76.51930714697151,165.98803550343075
529.9181093541456,474.31915181687884,78.05680958547562,169.3232331008012
529.133911616645,473.5754356551719,79.62520506047659,172.7254448234956
527.35733046313,471.8401494737526,81.22511430575675,176.1960171863341
527.35733046313,472.83639936151246,81.22511430575676,176.1960171863341
526.3610805753701,471.8401494737526,81.22511430575676,176.1960171863341
526.3610805753701,470.84389958599274,81.22511430575676,176.1960171863341
526.5413023522572,469.0737462993302,82.85717052750233,179.73632375965911
523.4924997419932,468.05747876257556,82.85717052750235,179.73632375965911
522.4762322052386,467.0412112258209,82.85717052750235,179.73632375965911
523.4924997419932,468.05747876257556,82.85717052750235,179.73632375965911
523.4924997419932,469.0737462993302,82.85717052750235,179.73632375965911
523.4924997419932,471.1062813728395,82.85717052750235,179.73632375965911
523.4924997419932,472.1225489095941,82.85717052750235,179.73632375965911
524.5087672787479,473.13881644634876,82.85717052750235,179.73632375965911
525.5250348155025,474.1550839831034,82.85717052750235,179.73632375965911
526.5413023522572,475.17135151985804,82.85717052750235,179.73632375965911
527.5575698890118,475.17135151985804,82.85717052750235,179.73632375965911
528.5738374257664,476.1876190566127,82.85717052750235,179.73632375965911
528.5738374257664,474.1550839831034,82.85717052750235,179.73632375965911
529.5901049625211,474.1550839831034,82.85717052750235,179.73632375965911
529.5901049625211,473.13881644634876,82.85717052750235,179.73632375965911
529.5901049625211,474.1550839831034,82.85717052750235,179.73632375965911
529.5901049625211,472.1225489095941,82.85717052750235,179.73632375965911
528.5738374257664,471.1062813728395,82.85717052750235,179.73632375965911
528.5738374257664,470.09001383608484,82.85717052750235,179.73632375965911
528.5738374257664,469.0737462993302,82.85717052750235,179.73632375965911
528.5738374257664,468.05747876257556,82.85717052750235,179.73632375965911
528.5738374257664,467.0412112258209,82.85717052750235,179.73632375965911
527.5575698890118,466.0249436890663,82.85717052750235,179.73632375965911
527.5575698890118,465.00867615231164,82.85717052750235,179.73632375965911
527.5575698890118,463.992408615557,82.85717052750235,179.73632375965911
527.5575698890118,462.97614107880236,82.85717052750235,179.73632375965911
526.5413023522572,461.9598735420477,82.85717052750235,179.73632375965911
527.5575698890118,460.9436060052931,82.85717052750235,179.73632375965911
528.5738374257664,459.92733846853844,82.85717052750235,179.73632375965911
527.5575698890118,457.89480339502916,82.85717052750235,179.73632375965911
530.6063724992757,456.8785358582745,82.85717052750235,179.73632375965911
528.3348103779983,455.51574723181216,81.30268954952933,176.3642957920561
532.3236158616518,461.49895545729237,81.30268954952933,176.3642957920561
529.0974690806681,459.16453269789184,79.77737214418975,173.05553034355026
532.7812982800649,458.8308917860259,78.28067117454157,169.8088405478519
530.8610274244811,456.9106209304421,78.28067117454157,169.8088405478519
531.821162852273,463.63156892498563,78.28067117454157,169.8088405478519
533.7414337078568,462.67143349719373,78.28067117454157,169.8088405478519
533.7414337078568,466.51197520836143,78.28067117454157,169.8088405478519
534.7015691356487,466.51197520836143,78.28067117454157,169.8088405478519
535.6617045634406,467.47211063615333,78.28067117454157,169.8088405478519
536.6218399912325,468.43224606394523,78.28067117454157,169.8088405478519
536.6218399912325,469.3923814917371,78.28067117454157,169.8088405478519
538.3162861220636,471.9454062907372,76.81204976846308,166.6230618054355
539.9789427980799,473.50841151055823,75.37098112607492,163.49705136579348
540.6859591957298,474.1176460100982,73.956948330775,160.4296879175275
542.5001665896707,475.0247497070687,73.956948330775,160.42968791752753
545.0081260670898,471.9941395879153,72.56944416381864,157.41987118612988
545.6888626878105,469.9104722082542,71.20797092237737,154.46652153931112
547.2302147100067,467.8658964519914,69.87204024101105,151.5685795997319
547.0286472730063,469.28768331935714,68.56117291648945,148.7250058650004
547.6717843633008,468.160027305126,67.27489873590027,145.93478033479926
548.30285557726,471.17925919154465,66.01275630798202,143.19690214500736
549.7317531305546,473.3321815078193,64.77429289762135,140.51038920868652
549.5448917170642,473.8557614496875,63.55906426345524,137.87427786380312
551.1040329058407,474.63533204407577,63.55906426345525,137.87427786380312
551.8836035002289,473.0761908552993,63.55906426345525,137.87427786380312
552.6631740946171,475.414902638464,63.55906426345525,137.87427786380312
553.4427446890054,476.9740438272405,63.55906426345525,137.87427786380312
553.4427446890054,478.533185016017,63.55906426345525,137.87427786380312
553.4427446890054,477.75361442162875,63.55906426345525,137.87427786380312
553.4427446890054,479.31275561040525,63.55906426345525,137.87427786380312
553.4427446890054,477.75361442162875,63.55906426345525,137.87427786380312
553.4427446890054,480.0923262047935,63.55906426345525,137.87427786380312
552.6631740946171,478.533185016017,63.55906426345525,137.87427786380312
551.8836035002289,476.9740438272405,63.55906426345525,137.87427786380312
551.8836035002289,476.19447323285226,63.55906426345525,137.87427786380312
551.1040329058407,474.63533204407577,63.55906426345525,137.87427786380312
549.3615360051435,471.25123614586846,62.36663449852004,135.28762252755905
551.0298048907487,475.24668469736594,63.61976728549881,138.0059567270053
550.2494897559628,471.345109023437,63.61976728549882,138.0059567270053
551.9512791682864,476.2011532574654,64.89807926956635,140.778910415521
552.7472731750755,473.81317123709823,64.89807926956635,140.778910415521
554.483256642061,480.3587759814992,66.20207637632976,143.60758106250006
555.4421333104812,481.3519861614572,67.53227469695935,146.49308818878887
556.4202766877997,484.0217592886228,68.88920069244536,149.43657380976623
558.2630201834769,485.05528360027677,70.27339140195866,152.43920288732585
559.2808661350607,486.9714983050765,71.68539465539823,155.5021637909409
559.4399212415026,485.4092458165509,73.12576929020915,158.62666876799227
559.6021722421981,483.8156029887732,74.59508537255732,161.81395442354756
561.5975446227465,485.84966163664865,76.09392442294812,165.06528220977992
563.6330100205371,486.99127628843394,77.62287964637842,168.38193892522105
563.805239181635,484.34755971755646,79.1825561671131,171.7652372240455
565.9233235675963,484.5643148861146,80.77357126817891,175.21651613558825
567.0932550433668,481.81329057700026,82.39655463567044,178.73714159430062
567.2760760047497,477.99637198891276,84.05214860796497,182.32850698035492
568.4934946816596,478.22645723143444,85.74100842994481,185.9920336711112
568.6837362962564,475.3062496093694,87.4638025123277,189.72917160366484
569.9505696669142,473.4001354868532,89.22121269620791,193.54139984869727
569.9505696669142,474.49445987031663,89.22121269620791,193.54139984869727
572.1392184338412,475.5887842537801,89.22121269620791,193.54139984869727
573.2335428173046,474.49445987031663,89.22121269620791,193.54139984869727
574.3278672007681,474.49445987031663,89.22121269620791,193.54139984869727
576.516515967695,475.5887842537801,89.22121269620791,193.54139984869727
575.4221915842315,472.3058111033896,89.22121269620791,193.54139984869727
576.516515967695,473.40013548685306,89.22121269620791,193.54139984869727
576.516515967695,471.21148671992614,89.22121269620791,193.54139984869727
576.2591298786782,473.0269990201875,87.54733610731445,189.91037524817452
578.4067174694391,471.95320522480705,87.54733610731445,189.91037524817455
578.4067174694391,471.95320522480705,87.54733610731445,189.91037524817457
578.4067174694391,470.8794114294266,87.54733610731445,189.91037524817457
579.4805112648195,469.8056176340462,87.54733610731445,189.91037524817457
580.5543050601999,469.8056176340462,87.54733610731445,189.91037524817457
581.6280988555803,470.8794114294266,87.54733610731445,189.91037524817457
582.7018926509608,473.0269990201875,87.54733610731445,189.91037524817457
583.7756864463412,474.1007928155679,87.54733610731445,189.91037524817457
582.7018926509608,475.1745866109483,87.54733610731445,189.91037524817457
583.7756864463412,476.24838040632875,87.54733610731445,189.91037524817457
583.7756864463412,477.3221742017092,87.54733610731445,189.91037524817457
584.8494802417216,479.46976179247,87.54733610731445,189.91037524817457
585.923274037102,479.46976179247,87.54733610731445,189.91037524817457
585.923274037102,481.6173493832309,87.54733610731445,189.91037524817457
585.923274037102,479.46976179247,87.54733610731445,189.91037524817457
587.8183043518122,487.6939760912987,85.904863068655,186.34747219508256
588.8719527328784,485.5866793291663,85.904863068655,186.3474721950826
589.9256011139446,487.6939760912987,85.904863068655,186.3474721950826
590.9792494950108,488.74762447236486,85.904863068655,186.3474721950826
592.032897876077,488.74762447236486,85.904863068655,186.3474721950826
594.1401946382093,492.9622179966296,85.904863068655,186.3474721950826
595.3844481935224,490.03642973615547,87.63094948229349,190.09175195389838
597.7285218735094,490.2763116261245,89.39171815024122,193.91126552590808
598.8249375564546,494.66197435790497,89.39171815024122,193.9112655259081
600.1196950259484,490.5210134629087,91.18786594303401,197.8075245841202
600.1196950259484,496.1132432792213,91.18786594303403,197.8075245841202
602.5589140205393,490.7706320936993,93.0201037334274,201.78207117558892
603.6998329185417,495.3343076857087,93.02010373342742,201.78207117558892
603.9062253443863,492.1661852096408,94.88915667774317,205.83647833172003
603.9062253443863,494.4938719724807,94.88915667774317,205.83647833172003
606.2339121072262,495.65771535390064,94.88915667774317,205.83647833172003
607.3977554886461,495.65771535390064,94.88915667774317,205.83647833172003
608.5615988700661,496.8215587353206,94.88915667774317,205.83647833172003
608.5615988700661,499.1492454981605,94.88915667774317,205.83647833172003
608.5615988700661,497.98540211674054,94.88915667774317,205.83647833172003
609.4517052310025,501.0800916041919,93.10894395587026,201.97478611965724
609.4517052310025,501.0800916041919,93.10894395587026,201.97478611965724
611.4671208816939,502.9747131623162,91.3621297533443,198.18554300340864
610.3465375216059,502.9747131623162,91.3621297533443,198.18554300340867
611.4671208816939,504.09529652240417,91.3621297533443,198.18554300340867
611.4671208816939,504.09529652240417,91.3621297533443,198.18554300340867
610.3465375216059,502.9747131623162,91.3621297533443,198.18554300340867
611.4671208816939,502.9747131623162,91.3621297533443,198.18554300340867
611.4671208816939,505.2158798824921,91.3621297533443,198.18554300340867
612.5877042417818,506.33646324258007,91.3621297533443,198.18554300340867
613.7082876018698,508.57762996275596,91.3621297533443,198.18554300340867
612.5877042417818,509.6982133228439,91.3621297533443,198.18554300340867
612.5877042417818,510.81879668293186,91.3621297533443,198.18554300340867
613.7082876018698,513.0599634031078,91.3621297533443,198.18554300340867
612.5877042417818,510.81879668293186,91.3621297533443,198.18554300340867
613.7082876018698,515.3011301232837,91.3621297533443,198.18554300340867
614.8288709619577,516.4217134833716,91.3621297533443,198.18554300340867
615.9494543220457,518.6628802035475,91.3621297533443,198.18554300340867
615.9494543220457,517.5422968434596,91.3621297533443,198.18554300340867
617.0700376821336,524.2657970039874,91.3621297533443,198.18554300340867
618.1906210422216,523.1452136438994,91.3621297533443,198.18554300340867
619.3112044023095,524.2657970039874,91.3621297533443,198.18554300340867
621.5523711224854,525.3863803640753,91.3621297533443,198.18554300340867
621.5523711224854,526.5069637241633,91.3621297533443,198.18554300340867
623.7935378426613,526.5069637241633,91.3621297533443,198.18554300340867
626.0347045628372,528.7481304443392,91.3621297533443,198.18554300340867
628.2758712830131,530.989297164515,91.3621297533443,198.18554300340867
629.396454643101,532.109880524603,91.3621297533443,198.18554300340867
630.517038003189,534.3510472447789,91.3621297533443,198.18554300340867
631.6376213632769,535.4716306048668,91.3621297533443,198.18554300340867
633.8787880834528,536.5922139649548,91.3621297533443,198.18554300340867
634.9993714435408,537.7127973250427,91.3621297533443,198.18554300340867
637.2405381637167,537.7127973250427,91.3621297533443,198.18554300340867
639.4817048838926,537.7127973250427,91.3621297533443,198.18554300340867
639.4817048838926,535.4716306048668,91.3621297533443,198.18554300340867
640.6022882439805,535.4716306048668,91.3621297533443,198.18554300340867
641.7228716040685,534.3510472447789,91.3621297533443,198.18554300340867
642.8434549641564,533.230463884691,91.3621297533443,198.18554300340867
643.9640383242444,532.109880524603,91.3621297533443,198.18554300340867
645.0846216843323,532.109880524603,91.3621297533443,198.18554300340867
646.2052050444203,534.3510472447789,91.3621297533443,198.18554300340867
648.1828095404251,538.4512905828667,89.64808748151056,194.46738976758468
649.0237521276174,541.3750492462655,87.96620230712588,190.81899269699636
649.8489178152724,543.1650240456402,86.31587093181582,187.23904309824684
648.7902283020263,542.106334532394,86.31587093181582,187.23904309824684
650.9076073285185,542.106334532394,86.31587093181582,187.23904309824684
650.9076073285185,542.106334532394,86.31587093181582,187.23904309824684
651.9662968417646,543.1650240456402,86.31587093181582,187.23904309824684
653.0249863550107,544.2237135588863,86.31587093181582,187.23904309824684
654.0836758682568,545.2824030721324,86.31587093181582,187.23904309824684
655.1423653815029,546.3410925853785,86.31587093181582,187.23904309824684
656.2010548947491,547.3997820986247,86.31587093181582,187.23904309824684
657.0107396728224,550.2148647458451,84.69650137566926,183.72625683029815
658.0495671427542,550.2148647458451,84.69650137566926,183.72625683029815
659.088394612686,552.2925196857086,84.69650137566926,183.72625683029815
659.8828889180741,556.0936161187985,83.10751276489304,180.27937384384515
660.6624777387954,556.7653861182184,81.54833512345047,176.89715772933124
662.4276550022549,558.4247673461621,80.01840916860874,173.57839527344382
663.4091042970243,561.3691152304704,80.01840916860874,173.57839527344382
665.141165120937,562.0159155604579,78.51718611032223,170.32189602393
667.0672378268534,563.9419882663743,78.51718611032223,170.32189602393
668.9933105327699,563.9419882663743,78.51718611032223,170.32189602393
670.9193832386864,564.9050246193325,78.51718611032223,170.32189602393
672.8454559446028,563.9419882663743,78.51718611032223,170.32189602393
677.8348511520948,568.9721038086775,80.09483193083693,173.74417388073886
677.6037929214549,566.672361947668,78.59217510732032,170.48456446357204
678.3410256826273,566.3436777072177,77.11770958497542,167.28610848433158
680.956169965832,567.9129026268142,75.67090646761696,164.14765864513862
683.5222516028347,571.3089391571423,74.25124678166567,161.0680891725366
685.1294777025964,571.9091226826503,72.8582212899906,158.0462954136722
687.8103601637514,575.483632630857,72.85822128999061,158.0462954136722
689.5976151378547,577.2708876049603,72.85822128999061,158.0462954136722
692.0683156023314,578.7534385917702,71.49133030924385,155.0811934400523
693.8220399375975,581.3840250946694,71.49133030924386,155.0811934400523
695.5757642728637,583.1377494299356,71.49133030924386,155.0811934400523
698.2063507757629,584.8914737652017,71.49133030924386,155.0811934400523
700.6306985003398,588.0999349911266,70.15008353062235,152.17171965873484
701.2887403436548,588.6669682232001,68.8339998439923,149.31683043081426
701.9344366829944,590.9119018189309,67.54260716531319,146.51550169706417
701.7395892137108,589.8009986072896,66.27544226729952,143.76672861060376
701.5483972721585,591.1496003243637,65.03205061325951,141.06952517645544
700.5631550724127,590.877626554309,63.81198619405109,138.42292389786488
701.3458278285783,592.4429720666403,63.81198619405109,138.42292389786488
700.3790697292242,591.3934280324476,62.614811368096774,135.8259754292563
699.6110806739825,592.9294061429308,62.61481136809678,135.8259754292563
700.1984380058309,591.8995525739845,61.440096704400084,133.27774823569882
700.1984380058309,593.4067142435958,61.440096704400084,133.27774823569882
700.9520188406366,593.4067142435958,61.440096704400084,133.27774823569882
700.7747759437774,594.6569242320645,60.28742082850698,130.7773282587615
701.5142188703536,595.3963671586407,60.28742082850699,130.7773282587615
702.8191870755046,598.1020078468553,59.15637027135742,128.32381858863704
702.8191870755046,599.5531483653228,59.156370271357424,128.32381858863704
704.2703275939722,601.0042888837904,59.156370271357424,128.32381858863704
706.2763835876323,603.659169125368,58.04653932097238,125.91633914241717
707.5328461662587,605.5522833789767,56.957529876923545,123.55402634840357
709.4643371226772,608.8070826425928,55.88895130753324,121.23603283634151
712.7305802447713,612.0008187114342,54.84042030975335,118.96152713346513
715.9355454741931,615.1346371903304,53.81156077167317,116.72969336624504
717.100338641848,616.8896329902088,52.802003637606674,114.53973096773154
720.1861754160099,616.0211750214701,51.81138677571085,112.3908543903883
721.4571391739846,617.9276206584321,51.81138677571085,112.3908543903883
725.7560464117205,620.8883470784316,50.83935484808774,110.28229282431354
725.1324867898709,617.7705489691833,50.83935484808774,110.28229282431356
726.3796060335701,620.8883470784316,50.83935484808774,110.28229282431356
729.350742353351,623.1699677739139,49.88555918332338,108.2132899207478
730.574464429017,624.3936898495798,49.88555918332339,108.21328992074781
732.410047542516,626.2292729630789,49.88555918332339,108.21328992074781
732.2661372706357,623.5731999360704,48.94965765141814,106.18310352076875
734.0672830624732,627.1754915197454,48.94965765141814,106.18310352076875
734.6676649930856,630.1774011728078,48.94965765141814,106.18310352076875
735.2680469236981,632.5789288952577,48.94965765141814,106.18310352076875
737.0691927155356,634.3800746870952,48.94965765141814,106.18310352076875
736.4688107849231,635.5808385483202,48.94965765141814,106.18310352076875
737.0691927155356,636.1812204789327,48.94965765141814,106.18310352076875
738.1287462013254,638.9784153366165,48.03131454106338,104.19100538907612
736.9505098361449,639.5675335192068,48.03131454106338,104.19100538907614
740.3466578000177,642.3122502851301,47.13020043922063,102.2362809527711
738.6124605397616,641.1561187782927,47.13020043922064,102.23628095277111
736.8782632795056,641.7341845317113,47.13020043922064,102.23628095277111
739.0545647028921,643.849341992416,46.24599211295989,100.31822904503626
737.9201233457904,643.849341992416,46.24599211295989,100.31822904503628
737.7867125269621,644.7903756881219,45.37837239351479,98.4361616536246
738.7689627602817,646.8269128135381,44.52703006251302,96.58940367406692
739.1866479213677,648.8252425248918,43.69165974034115,94.77729266750947
739.7225389630041,649.8970246081649,43.69165974034115,94.77729266750947
738.5247148199632,651.8578637136454,42.87196177660383,92.99917862309466
740.5043862528931,654.30775277874,42.0676421426381,91.25442372479978
741.9309451386442,656.1957075572691,41.27841232604424,89.54240212265002
741.3055729817061,657.0356587644822,40.50398922719531,87.86249970822387
742.6791067192163,658.8534383241658,39.74409505768828,86.21411389437014
743.5393986288722,662.0995335776312,38.9984572407003,84.59665339905774
745.3402056955058,664.3280738634104,38.26680831321441,83.00953803328065
744.760459646531,666.9841582146641,37.54888583007957,81.45219849294199
746.4943307719882,668.669315614049,36.84443226987062,79.92407615464256
747.7437650061871,670.7747656095011,36.1531949425144,78.42462287530061
750.3000473100275,673.7275744312936,35.47492589864891,76.95330079553085
751.0679297263197,676.1898753049401,34.809381840682946,75.50958214671236
752.7757189020285,678.3246117745762,34.809381840682946,75.50958214671236
754.8100369803167,681.1676647867304,34.156324035524364,74.09294906167605
755.5493772317099,683.6485533055281,33.515518228945666,72.70289338894379
758.3302351252574,684.3305417447737,32.886734561556125,71.33891651045262
760.2521905038574,684.9997354186507,32.26974748635038,70.00052916269863
782.0926767071296,664.506578476173,32.918143522593624,71.40704979516474
785.7264330105777,662.0840742738743,32.918143522593624,71.40704979516474
783.2089662768032,658.7164000672113,32.30056718477899,70.06738420082837
786.6813688412495,662.939249657278,31.694577178762408,68.75285203393085
785.515138942031,665.271709455715,31.694577178762408,68.75285203393085
787.4588554407285,667.9929125538916,31.694577178762408,68.75285203393085
785.1263956422914,668.7703991533707,31.694577178762408,68.75285203393085
787.070112140989,669.9366290525893,31.694577178762408,68.75285203393085
783.4799896661207,674.4689971834662,31.099956133708375,67.46298176696749
784.5346225504306,675.1018327075761,30.516490756869345,66.19731071874743
784.9089162741294,675.1018327075761,30.516490756869345,66.19731071874745
782.5751197081345,676.8456767938319,29.943971757076838,64.95538488842831
783.2232803118213,678.1895330616785,29.38219376966793,63.73675879266437
783.9440427876975,675.3064831581738,29.382193769667932,63.736758792664375
785.6611869828737,677.3458898533534,28.830955282820184,62.54099530581003
781.6881937100775,678.9934151625906,28.29005856526864,61.36766550312129
782.7291513465645,678.9934151625906,28.290058565268644,61.36766550312129
783.6884975891675,680.2630454183599,27.759309595378877,60.21634850689887
784.6298455646811,681.8493322644497,27.23851799155073,59.08663133551781
781.6230497415678,682.18342068924,27.238517991550733,59.08663133551781
782.2912265911485,682.8515975388208,27.238517991550733,59.08663133551781
782.9594034407293,683.1856859636111,27.238517991550733,59.08663133551781
782.9594034407293,684.1879512379822,27.238517991550733,59.08663133551781
782.9594034407293,684.856128087563,27.238517991550733,59.08663133551781
782.9594034407293,685.5243049371437,27.238517991550733,59.08663133551781
782.6253150159389,685.8583933619341,27.238517991550733,59.08663133551781
783.2934918655196,687.1947470610955,27.238517991550733,59.08663133551781
786.221709787654,689.0853620503711,26.727496943927736,57.97810875528947
785.9531919896068,684.2412171609616,27.264532540022078,59.1430628945095
786.2089465425138,685.464822808237,26.753023434208203,58.033481603436314
786.2089465425138,690.9832591982819,26.753023434208203,58.03348160343632
788.505882382489,690.9832591982819,26.753023434208203,58.03348160343632
789.162149765339,690.9832591982819,26.753023434208203,58.03348160343632
790.3975071887567,691.5276414325759,26.251110735922914,56.94471713484823
790.1337754047482,687.0918153150246,26.778574303939813,58.088907336238734
790.1337754047482,684.1357915918913,26.778574303939813,58.08890733623874
790.1931915383519,683.8806484646859,27.316636197428878,59.25608775134579
789.8581449708183,681.5353224919509,27.31663619742888,59.256087751345795
789.1092485787287,682.0911733655213,26.80414957640653,58.144386004205
789.4974822271653,680.8495042543741,27.342725353845267,59.312681152187494
790.0893368253317,681.070519442821,26.829749274914537,58.1999176578916
791.3282371693138,681.9455376845154,26.326397125352578,57.108030687303355
791.0053361748932,681.6226366900949,26.326397125352578,57.108030687303355
787.7003796234934,670.856802940743,25.83248835089907,56.03662857656575
789.8560867333811,672.3391466375037,25.34784578466694,54.98532700981604
790.0938618339186,673.1738333395419,24.872295583591956,53.9537488813303
789.4560665583281,672.2171404261561,24.872295583591956,53.9537488813303
787.7759949403151,676.2311268024422,24.40566716607458,52.94152416025414
788.9616248613423,676.4088463658383,23.947793150791725,51.948289757871336
786.6350856860478,677.5339418216832,23.498509296656472,50.97368939736256
785.4423149990131,671.6005748086329,23.97066484395419,51.99790373842377
784.8761884666269,671.0781778687248,24.452307412663764,53.04269761823993
784.2125052538665,671.0781778687248,24.452307412663764,53.042697618239934
785.6260531793462,671.2089676198635,24.943627625506416,54.10848454148323
784.9490345797918,671.5474769196408,24.943627625506416,54.108484541483236
785.6260531793462,671.5474769196408,24.943627625506416,54.10848454148324
784.9490345797918,672.2244955191951,24.943627625506416,54.10848454148324
785.2875438795691,672.9015141187494,24.943627625506416,54.10848454148324
784.6105252800147,673.2400234185267,24.943627625506416,54.10848454148324
784.9490345797919,673.917042018081,24.943627625506416,54.10848454148324
785.5215272175147,675.7786430733486,24.47566094961538,53.093356829165764
785.0868037276252,676.6088430752955,24.016473782985482,52.09727389847629
786.7164383271818,676.2829161553841,24.016473782985482,52.09727389847629
784.9861629924579,677.0975407991247,23.565901413497595,51.11987845081795
787.2248484932633,677.7371652279262,23.5659014134976,51.11987845081796
785.5270348040115,678.5365067223046,23.123782219191895,50.16081989086251
788.2951282108229,681.5582206697028,22.68995761029346,49.21975420079053
791.0591521321691,681.7010282238573,22.264271972325556,48.296343816890925
791.9057970887773,682.7918666536555,21.846572610290135,47.39025750847563
792.4296261847699,683.8742055539508,21.43670969389559,46.50117025906592
793.5874058431975,684.9482043841704,21.034536203812078,45.62876314980784
793.9063034809928,682.7159209196035,21.034536203812078,45.62876314980784
795.0603105568171,685.0573266987417,20.639907878935144,44.7727232450748
795.5728205517606,687.3907024079425,20.252683164638746,43.93274348021646
796.7194934664662,685.2516317699818,19.87272316199908,43.108522551413486
797.9950840176474,689.3973010613204,19.87272316199908,43.108522551413486
799.7759879986378,687.2504988308655,19.499891577971024,42.29976480759878
797.0888277092162,689.241779351438,19.134054676499343,41.50618014440636
804.2840624636883,695.052387316106,18.775081230547055,40.72748390010986
806.0546700304263,695.7533285271996,18.422842475023824,39.96339675351331
807.8219734266158,700.3931776881212,18.077212060597446,39.21364462375762
807.5030757888205,700.3931776881212,18.077212060597446,39.21364462375762
809.4164616155922,700.3931776881212,18.077212060597446,39.21364462375762
812.1372157440672,700.7610207139966,17.73806600837188,38.47795857200677
812.4561133818626,700.7610207139966,17.73806600837188,38.47795857200677
813.8980956045218,701.1219626475108,17.405282665415562,37.75607470497845
813.423570331077,701.4761329598578,17.078742661124068,37.04773408028459
812.3081866782572,701.8236586932261,16.758328864401413,36.35268261354775
808.9575139238875,702.16466450637,16.443926341644723,35.67067098726015
810.0684588503372,702.4992727193237,16.13542231551712,35.001454561352574
811.4954074970299,702.8276033572795,15.83270612449407,34.344793285441035
809.7305401409209,703.14977419364,15.535669183168713,33.700451612719874
805.7306029695158,703.4659007922648,15.244204943301852,33.06819841547022
802.541626591563,703.4659007922648,15.244204943301852,33.06819841547022
799.5183969464426,703.1336811368839,15.550506753227616,33.73263772623226
798.2171759543166,703.1336811368839,15.550506753227616,33.73263772623226
797.4103372921574,702.7947861919673,15.862963085420219,34.41042761606545
796.746654079397,702.7947861919673,15.86296308542022,34.41042761606545
794.9280787888583,702.4490818309225,16.18169760269557,35.10183633815505
792.0332872710368,702.7783540986827,15.878113242349201,34.44329180263447
789.3760189782192,702.7783540986827,15.878113242349201,34.44329180263448
790.8535975361025,703.1014488989583,15.580224419400068,33.79710220208328
790.347893765962,703.4184821270379,15.287924280035917,33.16303574592412
791.9469548379658,703.4184821270379,15.287924280035917,33.16303574592412
792.906391481168,703.4184821270379,15.287924280035917,33.16303574592412
793.7122379930909,703.0853096884165,15.595104542594678,33.829380623166976
791.4285705845178,703.0853096884165,15.59510454259468,33.829380623166976
793.8585276455533,703.4026457037579,15.302525237669979,33.19470859248416
792.8981746782299,703.4026457037579,15.302525237669979,33.19470859248416
793.064555514204,703.0691550638835,15.609998877270483,33.86168987223295
793.5375346625891,703.3867941556682,15.317140140164046,33.2264116886636
792.1019574587131,703.052985010638,15.624907437000362,33.89402997872392
791.2912585141133,702.7124686384568,15.938858702132011,34.57506272308642
796.7994266537743,702.3651102708093,16.259118190033952,35.2697794583814
798.3367238325802,702.0107724314806,16.585812651826302,35.97845513703866
812.3955812199492,655.1562606122018,16.919071385439448,36.701370236107174
811.8716691483113,650.5403248445557,17.259026286787083,37.43881086826128
810.6151376528118,649.0810571432584,17.605811901967495,38.191068895037255
812.2797645194811,650.5388742255468,17.95956548051373,38.95844204234524
812.4750347426614,652.0259832264697,18.320427029713695,39.74123401830208
810.9420349109467,651.2594833106124,18.3204270297137,39.74123401830208
811.5244786566501,653.1597227506195,18.688539370021736,40.539754633431826
811.5244786566501,653.9416239492862,18.688539370021736,40.539754633431826
811.5244786566501,655.5054263466195,18.688539370021736,40.539754633431826
812.9005266432025,658.2257484963613,19.064048191583584,41.35431992328137
813.905417592223,660.2031181396064,19.447102111897074,42.18525227349987
813.905417592223,661.8303948519082,19.447102111897074,42.18525227349987
813.905417592223,663.4576715642099,19.447102111897074,42.18525227349987
813.4985984141475,663.8644907422854,19.447102111897074,42.18525227349987
814.930499815082,665.4747724956969,19.837852734631422,43.032880547431304
814.5155064192616,663.814798912415,19.837852734631422,43.032880547431304
814.1005130234411,661.7398319333124,19.837852734631422,43.032880547431304
814.1005130234411,660.494851745851,19.837852734631422,43.032880547431304
816.8061658066862,658.4025483281491,20.236454709628372,43.89754021627084
816.9959935772187,654.5810099876155,19.856799168563423,43.07397973488379
818.4580612099148,650.4097595777368,20.25578183425737,43.93946520969681
817.610588874996,641.5113000610884,20.25578183425737,43.93946520969682
818.0343250424554,633.0365767118993,20.25578183425737,43.93946520969682
819.5257700000953,618.1881091810488,20.662781258653105,44.82234088415526
818.885931069908,602.6090410938286,21.07795852248322,45.72295617954059
773.6987500010414,660.7941073821187,21.50147794307548,46.6416675380561
763.1053590096064,651.3361340165142,21.098089337743815,45.76662456341356
762.664002384133,629.709659368319,21.098089337743815,45.76662456341356
788.2626866615885,651.3361340165142,21.098089337743815,45.76662456341356
787.8213300361151,635.8886521249461,21.098089337743815,45.76662456341356
787.8213300361151,613.3794642258042,21.098089337743815,45.76662456341356
786.0559035342217,589.5462064502422,21.098089337743815,45.76662456341356
785.6145469087483,559.9753125435262,21.098089337743815,45.76662456341356
788.0192403578067,516.710319781024,20.70226869436073,44.90799824469025
785.2127969357815,494.6053342467642,21.11823937923652,45.81033465342081
785.2127969357815,465.4479763711785,21.11823937923652,45.81033465342081
787.178008873166,441.1381231731221,20.72204070150823,44.95088829096406
784.3688851159457,417.27806609609326,21.138408665323638,45.854086489394405
780.1767174059626,392.05418873947633,21.563142710635987,46.775432649225806
776.802486875191,368.5789140276537,21.996410937120796,47.7152914174467
778.8822442201015,351.5341834832176,22.438384822080366,48.67403476789745
778.6568169869865,338.3715248241945,22.889239288310428,49.65204214848882
779.8633387687003,334.04208618481965,23.34915277333045,50.64970063137841
778.163419818152,331.57944505114517,23.818307300004978,51.6674050661647
780.4154371900827,328.0707988706837,24.29688854858398,52.70555823615915
775.5968799732605,318.3923754278263,24.78508593019068,53.764571017798296
777.9403061192307,311.11191293449946,25.283092661786,54.84486254325893
771.3394534537292,300.51174107075684,25.79110584263927,55.94686036634063
773.238467526635,269.19639798509525,26.30932653233542,57.071000631681514
771.323035168868,261.46819943929006,26.837959830349632,58.2177282473739
770.4919770798673,261.4447455580181,27.37721495722085,59.387497061048386
769.644220540684,261.9935317670253,27.927305337356287,60.58077003949603
767.6109923528525,263.13756357558316,28.48844868349979,61.79801945189962
767.3247831531537,264.3045824152705,29.060867082897353,63.03972705674664
766.4248910296359,265.4950501645036,29.64478708519401,64.30638429249785
765.50691737368,267.3295852847265,30.240439792096815,65.59849247208702
763.9378909508016,269.8335896413736,30.848060948839418,66.91656298132867
762.9826569932437,272.3879069575587,31.46789103748445,68.26111748131251
762.0082295197765,274.993548171578,32.10017537210062,69.63268811486452
760.3427106422693,278.3230567673263,32.74516419585224,71.0318177171565
760.0137363501757,285.8294947479471,33.4031127800395,72.45906003054733
759.678151977631,288.5953784620011,34.07428152512883,73.91497992374113
758.6230156160238,292.1296461697865,34.758936063813245,75.40015361534887
758.2738099648587,297.9163226146917,35.457347366143445,76.91516890194208
757.9175877245448,302.3357871096075,36.16979184677137,78.46062539068882
757.9175877245448,305.3623696627502,36.16979184677137,78.46062539068882
757.9175877245448,308.3889522158929,36.16979184677137,78.46062539068882
757.9175877245448,310.6588891307499,36.16979184677137,78.46062539068882
757.5542079107562,312.8972170109051,36.89655147434854,80.03713473666393
756.4116777872734,313.6368217749647,37.63791388312263,81.64532088492773
755.2461908060195,311.24185669983996,38.39417248677621,83.28582031746859
755.2461908060195,308.0291444707205,38.39417248677621,83.28582031746859
755.2461908060195,305.6196102988809,38.39417248677621,83.28582031746859
755.6063467853737,306.4008717310186,37.67386052806772,81.72329745319325
756.7478555458191,307.16747594004147,36.9670623211672,80.1900890351475
757.0946245389187,307.9196979096881,36.27352433496812,78.68564509585411
754.8181776003041,307.9196979096881,36.27352433496813,78.68564509585411
754.8181776003041,309.4373292020979,36.27352433496813,78.68564509585411
754.0593619540992,309.4373292020979,36.27352433496813,78.68564509585411
755.9172565165662,308.6578074647353,35.59299779485374,77.20942598575982
753.6835179330754,307.16864840907476,35.59299779485374,77.20942598575982
755.5065565894325,307.8929103121242,34.925238593460655,75.76090217966097
752.5841146179908,307.16229981926375,34.92523859346066,75.76090217966097
752.5841146179908,308.6235208049846,34.92523859346066,75.76090217966097
751.12289363227,308.6235208049846,34.92523859346066,75.76090217966097
749.6616726465492,310.08474179070544,34.92523859346066,75.76090217966097
749.6616726465492,312.2765732692867,34.92523859346066,75.76090217966097
748.2004516608283,315.1990152407284,34.92523859346066,75.76090217966097
746.7392306751075,318.12145721217007,34.92523859346066,75.76090217966097
746.3883542655782,321.7439882655847,35.62699141251907,77.2831659871569
744.8977729665912,324.7251508635585,35.62699141251907,77.2831659871569
743.4071916676043,329.9421854100128,35.62699141251907,77.2831659871569
743.4071916676043,335.15921995646704,35.62699141251907,77.2831659871569
741.9166103686173,341.8668358019082,35.62699141251907,77.2831659871569
740.813393149898,343.32628242329866,36.34284455097082,78.83601664133684
739.688008987603,343.29452215662525,37.073081326533476,80.42006872371122
