443.0,323.0,620.0,316.0
439.3622047244095,323.0,620.0,316.0
435.72440944881896,323.0,620.0,316.0
424.8110236220473,326.6377952755906,620.0,316.0
417.53543307086613,330.27559055118115,620.0,316.0
407.6688077952756,330.73869182677174,632.45766,322.34938800000003
396.5361393070866,334.44958132283466,632.45766,322.34938800000003
386.4712639298336,334.92198769235563,645.16563176238,328.82635425308405
359.9730971388819,338.707440091063,645.16563176238,328.8263542530841
352.4021923414671,342.4928924897704,645.16563176238,328.8263542530841
342.13508342325895,342.97479092047416,658.1289448013815,335.4334621890913
323.938650498048,343.4663721363461,671.3527296892757,342.1733267448567
293.55928799291695,343.9678306935885,684.8422200869223,349.0486153991411
270.60601551425134,340.46111377898103,698.602754815129,356.06204922835605
243.09255293008965,332.7849463998261,712.6397799676294,363.21640398350144
222.1857978916692,328.603595392142,712.6397799676294,363.21640398350144
198.30085831148813,320.7731907818376,726.958851066519,370.51451118874195
189.77012452452516,320.7731907818376,726.958851066519,370.51451118874195
176.97402384408076,320.7731907818376,726.958851066519,370.51451118874195
156.87453106639657,312.78544985169844,741.5656352609985,377.95925926205734
140.72225009080245,313.3393530639944,756.4659135702979,385.5535946584099
119.80692435528942,318.3428828318113,771.665583171666,393.3005230358814
101.69620556304608,322.87056252987213,771.665583171666,393.30052303588144
88.1131664688636,322.87056252987213,771.665583171666,393.30052303588144
74.53012737468111,327.398242227933,771.665583171666,393.30052303588144
47.36404918631615,331.92592192599386,771.665583171666,393.30052303588144
45.54728762524036,340.14295148836845,757.1883875015742,385.92182330725404
39.32187424492713,348.2058215969644,742.9827980804079,378.6815551506596
31.857497564012306,340.0420113649144,757.9115514422375,386.2904036383018
21.179159379913074,348.11258203656314,743.6923947633123,379.0432205567851
12.452060411646642,343.74903255242987,743.6923947633123,379.0432205567852
4.980554767657054,339.9409748371061,758.6354060512915,386.65933598743266
0.5293284837391639,339.9409748371061,758.6354060512915,386.65933598743266
0.0,339.9409748371061,758.6354060512915,386.65933598743266
0.0,335.48974855318824,758.6354060512915,386.65933598743266
0.0,331.03852226927035,758.6354060512915,386.65933598743266
0.0,322.7027229663547,773.8786672650801,394.42848202542814
0.0,314.1994324480456,789.4282113264375,402.35373351476505
0.0,310.15718566428956,805.2901923766195,410.4382270822772
0.0,314.00729551338577,790.1821663864949,402.7380073840847
0.0,282.14324342797545,806.0592966556989,410.83022216645315
0.0,244.90946516785178,822.2554461034019,419.0850338204437
0.0,269.0320214352998,822.2554461034019,419.08503382044375
0.0,235.26044266087249,822.2554461034019,419.0850338204438
0.0,235.26044266087249,822.2554461034019,419.0850338204438
0.0,235.26044266087249,822.2554461034019,419.0850338204438
0.0,269.0320214352997,822.2554461034019,419.0850338204438
0.0,230.43593140738287,822.2554461034019,419.0850338204438
0.0,230.43593140738287,822.2554461034019,419.0850338204438
0.0,231.05010486859538,838.7770247819576,427.505709404998
0.0,290.1075067658671,838.7770247819576,427.505709404998
0.0,280.2646064496551,838.7770247819576,427.505709404998
0.0,279.3533674115653,823.04075329835,419.4852871649657
0.0,298.669843308128,823.04075329835,419.4852871649657
0.0,302.60481897339673,807.5997095485612,411.61533583442827
0.0,306.46597067410687,792.4483547736227,403.893032433008
0.0,301.81634989806656,792.4483547736227,403.893032433008
0.0,305.6050626434804,777.5812541270622,396.31560694218035
1.3026026100079662,309.32269545874146,762.9930747254048,388.8803413116582
12.936642625319053,312.970581872362,748.6785837352484,381.58456848441716
50.70924979956436,329.7284469180219,734.6326464962267,374.4256714400125
53.29006849724743,333.24074151010603,720.8502246791878,367.40108225584424
55.82246853004483,323.9985668430127,707.3263744789274,360.5082811860341
59.972643600012645,315.69821670307715,707.3263744789274,360.5082811860341
72.42316880991604,311.54804163310934,707.3263744789274,360.5082811860341
84.87369401981942,311.54804163310934,707.3263744789274,360.5082811860341
632.6968032555692,332.2989169829483,707.3263744789274,360.5082811860341
593.6799423049733,335.6806596971738,694.0562448408275,353.7447957575831
587.9735855981847,347.14358514543505,681.0350757207652,347.10819988348686
575.9858460128535,347.14358514543505,681.0350757207652,347.10819988348686
560.0021932324119,351.1394983405455,681.0350757207652,347.10819988348686
550.4069801235189,326.42414942027165,668.2581963776679,340.5961129924888
544.9127285133476,341.3819442788904,655.7210236981007,334.20619917516103
543.3689396278207,356.05911638111866,643.4190605522875,327.93616634600465
520.7177123500592,325.85748001076996,643.4190605522876,327.9361663460047
492.77645461907383,340.2592941120178,631.3478941809739,321.7837654212706
498.69880440328404,350.68653815269784,619.5031946125534,315.7467895122047
486.3356435854629,335.4739947729341,607.8807131098924,309.82307313342903
477.7711140993682,345.51365848550915,596.4762806462911,304.01049142617416
472.8670354316705,351.865196429162,585.2858064100392,298.30695939608444
452.26235857913525,358.7334220466737,585.2858064100392,298.3069593960845
444.0161723806182,337.49289650076327,574.3052763370263,292.71043116532303
442.6640636781882,350.3477190173235,563.5307516708826,287.2188992387079
431.417921012125,359.6549056354447,552.9583675501328,281.83039378361605
413.8938980738362,333.09870183386175,542.5843316218557,276.5429819233974
387.1479457991931,342.05994062251693,532.4049226813535,271.35476704404465
392.1421624711989,347.72921897862216,522.4164893373419,266.26388811387096
390.9122175087719,353.2921361675852,512.615448702183,261.26851901595126
380.68216981068343,337.69660633401537,502.9982851066901,256.36686789308715
368.8769776481591,343.59920241527755,502.9982851066901,256.36686789308715
344.0823653756713,346.0040481092905,493.56154883904424,251.5571765050612
345.8162835179925,345.4678477393303,484.3018549073702,246.83771959794993
341.83447489887305,344.9417070089906,475.2158818255273,242.2068042852687
335.13908163440635,350.0020116728589,466.30037042168016,237.66276944072723
326.93115283831224,352.73798793822357,466.3003704216802,237.66276944072726
303.9455140608944,327.60761745375146,457.55212266922194,233.20398510237757
297.4989883503191,335.16447744865553,448.9680005396303,228.82885188794054
291.17340572200584,339.9452832970014,440.54492487684524,224.53580042110173
284.96649716628895,342.05153812326716,432.27987429276453,220.32329076857025
274.82104113767537,329.36971808750025,432.27987429276453,220.32329076857027
262.869049359133,322.083512132487,440.96567380692903,224.75024664998315
252.5197406825365,322.083512132487,440.9656738069291,224.75024664998315
241.13224978893157,324.1917785684992,432.69272956434963,220.53371377795878
227.41961288335295,321.18291908089157,424.5749937892456,216.3962871570993
216.4553946627205,320.7216650199114,416.6095546200511,212.3364826773163
199.34445613539964,315.8328254406769,416.6095546200511,212.3364826773163
213.0301351916188,317.82464474340117,408.79355482455094,208.35284407186782
201.03733468812993,320.2232048440989,408.79355482455094,208.35284407186782
180.8864157059373,324.5762157832355,401.1241907749807,204.44394239499013
187.9470980581614,324.5762157832355,401.1241907749807,204.44394239499013
162.0579294333398,326.9297765673102,401.1241907749807,204.44394239499013
168.17422988372715,331.2011207942153,393.59871144235547,200.6083755093295
167.24756550341573,333.0829247573847,386.2144174096652,196.8447675829906
162.71540749368074,333.0829247573847,386.2144174096652,196.84476758299064
158.18324948394576,335.3490037622522,386.2144174096652,196.84476758299064
145.23883031996962,333.37140280472966,393.97462369867765,200.79996949803567
141.99966958485794,339.87822667316186,386.5832771870273,197.03276708242035
134.2847921364331,348.53121946439154,379.3305995133402,193.33624104228304
128.94034209147392,336.9906744096653,372.213989115561,189.70906542018912
123.69615911911359,349.6899011902939,365.2308932394649,186.14993913495303
112.12148202496542,334.2923977689962,358.37880702297514,182.65758551493568
116.32699406064268,342.70342184035076,358.37880702297514,182.6575855149357
109.17498118410711,354.930618766963,351.6552725976599,179.23075184009764
109.17498118410711,336.36086230949445,351.6552725976599,179.23075184009767
102.98506236495095,342.5507811286506,351.6552725976599,179.23075184009767
93.90392192192562,356.6118902406899,345.05787820708593,175.86820889264382
95.92851856571119,340.41511709040554,345.05787820708593,175.86820889264382
82.96855584811357,358.2616194289625,338.5842573417125,172.56875051609865
98.86146180613957,352.30177969470276,338.5842573417125,172.56875051609865
90.11786706346834,355.9071716061786,332.2320878900159,169.33119318265332
68.67510010058976,369.5525687643741,332.2320878900159,169.33119318265332
62.044886136973986,369.19163512021504,325.99909130553965,166.15437556862994
65.87042792470982,374.9299478018188,325.99909130553965,166.15437556862994
55.539061425618655,366.92470204783893,319.88303178957125,163.03715813791055
57.415946880111704,365.0478165933459,319.88303178957125,163.03715813791055
60.416605030320795,366.5771842957105,313.88171548915307,159.9784227331813
60.416605030320795,372.10220407813324,313.88171548915307,159.9784227331813
54.152601615789706,368.07785957487846,307.99298971013945,156.97707217484535
57.76684497992699,371.69210293901574,307.99298971013945,156.97707217484538
60.65596876248807,371.35750241063954,302.2147421450173,154.03202986746055
73.57873327601305,341.4385264306029,308.2871429589371,157.12699544358745
77.19642847659799,330.5854408288481,308.2871429589371,157.12699544358748
74.099221694861,329.0068644691241,314.4815565224111,160.2841481630355
96.24153499636273,303.17416561737207,314.4815565224111,160.2841481630355
107.31269164711358,303.17416561737207,314.4815565224111,160.2841481630355
105.46749887198843,297.63858729199666,314.4815565224111,160.2841481630355
108.4174885616265,299.1421304241348,308.58157714313495,157.27706189875926
111.31213358008446,300.6174656270908,302.792287106219,154.32639149284725
113.08874059866548,300.6174656270908,302.7922871062191,154.32639149284725
114.86534761724653,298.84085860850973,302.7922871062191,154.32639149284725
121.2589003214606,302.0651221090076,297.11160977211523,151.43107852901366
125.78922762272256,305.2288952952987,291.53750746104976,148.59008444788998
131.9451321770336,306.6227424319987,286.0679807221003,145.80239017448994
122.87923834076835,304.63348238881963,280.7010676159853,143.0669957526636
112.33644073824627,304.3285315338393,275.43484301130934,140.38291998640938
117.1847096284377,301.09635227371166,275.43484301130934,140.38291998640938
121.38451181715055,302.4132122229586,270.26741789401126,137.74920008791554
123.9197514192721,302.1195963815223,265.19693868976816,135.16489133220455
123.9197514192721,300.5635767514147,265.19693868976816,135.16489133220455
123.9197514192721,297.4515374911995,265.19693868976816,135.16489133220455
123.9197514192721,292.78347860087666,265.19693868976816,135.16489133220455
122.36373178916449,291.2274589707691,265.19693868976816,135.16489133220455
119.69943074461773,288.3135052598925,270.5255407788617,137.88075949374254
116.9815958991829,283.7537167445679,275.9612104697313,140.65119759425033
126.0469582188226,283.4539152233664,270.7839101877815,138.01244454732105
138.11984692285398,284.74853896206355,265.70374108656483,135.42319706992674
138.11984692285398,286.30753221050134,265.70374108656483,135.42319706992674
145.2892567660443,287.5778675507095,260.718880890811,132.88252638951028
152.3241615186845,288.8243701663699,255.82754151290342,130.3895211581896
160.72813014604893,293.04957822086544,251.02796841148535,127.94328712585394
173.39308550412682,295.72263282172236,246.31843996209975,125.54294681939291
164.7215752733046,291.3868777063113,246.31843996209975,125.54294681939291
170.50258209385277,291.3868777063113,246.31843996209975,125.54294681939291
187.26568570645486,294.00978320717286,241.6972668396362,123.18763922794375
200.87802245792824,295.165343074123,237.16279141236376,120.87651949404359
218.40957378980426,297.6907552612532,232.71338714733238,118.60875861057598
219.22711309140686,298.80336300483964,228.34745802692964,116.38354312340296
233.42740011027885,301.23490570159737,224.06343797638334,114.20007483957613
243.41725861943326,303.62083029620203,219.85979030200477,112.0575705410219
250.63968185498538,304.67198471491383,215.735007139971,109.95526170359824
262.78982986728886,306.96922456850706,211.68760891544866,107.89239422142234
263.5335040584135,307.98130761103323,207.716143811865,105.86822813637002
262.3147479186995,298.2312584933211,207.716143811865,105.86822813637002
267.18977247755555,300.6687707727491,207.716143811865,105.86822813637002
262.66543995932165,300.82392175849105,211.8897842894768,107.9954384443141
280.81524890306434,299.3504821922002,207.91452617955295,105.96933914957872
278.375408641572,298.13056206145404,207.91452617955298,105.96933914957873
275.0666752235629,295.8460209649416,212.09215275407874,108.09858108111123
286.26656309696216,295.8460209649416,212.09215275407877,108.09858108111123
286.26656309696216,294.60158897900834,212.09215275407877,108.09858108111123
306.92257025537634,296.860038140321,208.11309801524806,106.07054673035236
308.8747721594008,297.8550313688238,204.20869420719916,104.0805602733468
310.0729486481451,295.4586783913352,204.2086942071992,104.0805602733468
326.36664321368596,300.0295340469109,200.3775408059805,102.12790789466113
324.0152481450458,298.8538365125908,200.37754080598052,102.12790789466115
327.88064285293893,297.8278084859271,204.40372673339508,104.17996394798858
327.8806428529389,297.8278084859271,204.4037267333951,104.17996394798858
324.6277799874347,295.58184365324644,208.51081081464923,106.27325196359553
342.48815674736653,297.80215713346746,204.59894552828254,104.27946255957637
336.8312546793412,296.7545135128627,208.70995214078235,106.37474980078593
350.3017141253592,296.7545135128627,208.70995214078235,106.37474980078593
343.30656070171574,295.6858195889891,212.90356120914709,108.51213764853313
359.04482086406756,297.9529089791883,208.90928365977697,106.4763445749832
350.81722983348493,293.2059240360389,213.10689789635288,108.61577376652835
363.3210889683738,295.70669586301665,213.10689789635288,108.61577376652836
379.0743801882881,291.72402090294105,209.10880555327967,106.57803637876846
378.5820673933463,293.95070209030445,205.18572130493044,104.5785289231582
373.7664309573352,290.33897476329616,205.18572130493047,104.57852892315822
387.0094311563656,291.54288387229894,205.18572130493047,104.57852892315822
400.97326393555295,293.72779035835725,201.33623792661118,102.61653416904709
414.67512165215186,289.96509285179354,197.5589745945296,100.69134834172809
414.21000106246106,290.90962658766205,193.85257639048862,98.80228086999108
411.9351752993824,288.6348008245834,193.85257639048865,98.80228086999108
427.4025611651623,289.5616141903727,190.21571381587233,96.94865413841244
422.1433372621379,285.23939780239795,194.03771815357467,98.89664344601556
436.94382666054236,284.1008986179053,194.03771815357467,98.89664344601556
432.71742835612713,281.9688343050322,197.93651802443446,100.88377370277635
435.37435932222127,280.95530547252724,201.91365648109942,102.91083136778624
441.2979121095128,282.14001602998553,201.91365648109945,102.91083136778626
437.74378043713784,282.14001602998553,201.91365648109948,102.91083136778626
456.6991493564709,270.29291045540236,201.91365648109948,102.91083136778626
460.2532810288459,272.662331570319,201.91365648109948,102.91083136778626
473.9944347358635,274.81239569205036,198.12556021623044,100.98012423924011
477.01543292308963,275.7596382860462,194.4085323157405,99.08563905124848
479.296782730808,275.7596382860462,194.4085323157405,99.08563905124848
487.2815070578223,276.9003131899054,194.4085323157405,99.08563905124848
488.42218196168153,278.04098809376455,194.4085323157405,99.08563905124848
492.98488157711824,278.04098809376455,194.4085323157405,99.08563905124848
495.2662313848366,278.04098809376455,194.4085323157405,99.08563905124848
496.40690628869584,278.04098809376455,194.4085323157405,99.08563905124848
499.8289310002734,276.9003131899054,194.4085323157405,99.08563905124848
499.8289310002734,276.9003131899054,194.4085323157405,99.08563905124848
500.96960590413266,278.04098809376455,194.4085323157405,99.08563905124848
504.39163061571026,275.7596382860462,194.4085323157405,99.08563905124848
507.81365532728785,270.0562637667503,194.4085323157405,99.08563905124848
516.9390545581613,262.07153943973606,194.4085323157405,99.08563905124848
511.2356800388653,265.4935641513136,194.4085323157405,99.08563905124848
518.0797294620204,264.3528892474544,194.4085323157405,99.08563905124848
521.501754173598,263.21221434359524,194.4085323157405,99.08563905124848
519.2204043658796,263.21221434359524,194.4085323157405,99.08563905124848
523.7831039813163,262.07153943973606,194.4085323157405,99.08563905124848
529.028775116713,264.14168574670293,190.76123946810264,97.22669624503304
538.6531313077921,266.17299409872504,187.18237337600874,95.40262901099808
535.3583031454966,262.8781659364295,187.18237337600874,95.40262901099808
550.2934773391437,267.0679170794524,183.67065028707864,93.61278304954338
554.1717398736705,265.7907077783677,180.22481053337344,91.8565163363646
556.919789268813,270.882179173391,176.84361807954798,90.1331988921568
556.919789268813,266.7317218935967,176.84361807954798,90.1331988921568
556.919789268813,263.618878933751,176.84361807954798,90.1331988921568
555.8821749488644,261.54365029385383,176.84361807954798,90.1331988921568
555.8821749488644,260.5060359739052,176.84361807954798,90.1331988921568
557.9574035887616,259.4684216539566,176.84361807954798,90.1331988921568
554.8445606289159,263.6188789337509,176.84361807954798,90.1331988921568
557.9574035887616,260.50603597390517,176.84361807954798,90.1331988921568
560.0326322286588,261.5436502938538,176.84361807954798,90.1331988921568
552.7693319890187,258.430807334008,176.84361807954798,90.1331988921568
556.5034396289496,267.5772150613558,173.52586007948042,88.4422125566385
559.1493441158055,263.316107617639,170.27034644121994,86.7829507668154
561.7456088651691,256.13780400093134,167.0759094000963,85.154818339404
563.70621516801,262.9999260608743,167.0759094000963,85.154818339404
564.2931651667184,271.6411448132712,163.94140309983848,83.55723125733711
567.7548385506045,267.6153936499452,160.8657031815518,81.98961646027486
598.2301219592453,261.12849308070867,164.09797775557874,83.63703382381117
619.4123907668106,264.97981468208417,164.09797775557874,83.63703382381117
621.3380515674984,265.94264508242804,164.09797775557874,83.63703382381117
622.3008819678423,265.94264508242804,164.09797775557874,83.63703382381117
623.2637123681862,266.9054754827719,164.09797775557874,83.63703382381117
626.7286918743096,269.6156922688107,161.01934034470776,82.06792185310917
625.4048311648515,271.33029598910144,157.99846116119124,80.52824794667171
627.8139754682495,272.0856900535237,155.0342566045976,79.0174598178272
626.9043256517481,270.2663904205208,155.0342566045976,79.01745981782722
628.3586222521011,269.1883129257623,152.12566340389156,77.53501554133832
627.4660383494773,267.40314512051475,152.12566340389156,77.53501554133832
626.5734544468536,264.72539341264337,152.12566340389156,77.53501554133832
626.5734544468536,264.72539341264337,152.12566340389156,77.53501554133832
626.5734544468536,264.72539341264337,152.12566340389156,77.53501554133832
625.0451239694664,263.9464378790073,155.18232435866597,79.09292660861044
624.3966033387763,264.0623493828131,158.30040280200464,80.68214078295725
622.806238342026,263.25177625543716,161.48113279550532,82.30328703770921
625.6486672225767,264.1992525489541,161.48113279550532,82.30328703770921
623.7537146355428,262.30429996192026,161.48113279550532,82.30328703770921
626.5961435160935,263.2517762554372,161.48113279550532,82.30328703770921
627.5436198096105,263.2517762554372,161.48113279550532,82.30328703770921
628.4910961031275,264.1992525489542,161.48113279550532,82.30328703770921
630.3860486901614,264.1992525489542,161.48113279550532,82.30328703770921
633.795772706355,264.9712973418807,158.45158993718593,80.7591974518561
637.1415269889749,265.728857824794,155.4788842447416,79.24407648602963
642.2490289322109,264.6476884775451,152.56194939774855,77.75738066078799
636.8781662991075,263.7525447053612,152.56194939774855,77.75738066078799
640.4587413878431,263.7525447053612,152.56194939774855,77.75738066078799
640.4587413878431,262.85740093317736,152.56194939774855,77.75738066078799
644.0393164765787,263.7525447053612,152.56194939774855,77.75738066078799
643.1441727043948,261.0671133888095,152.56194939774855,77.75738066078799
639.8211715354025,260.2859238640009,155.62737664699753,79.31975971040521
642.5605612233977,261.1990537599993,155.62737664699753,79.31975971040521
644.3868210153945,262.1121836559977,155.62737664699753,79.31975971040521
638.2576610959185,256.7496482100752,158.75439752596566,80.91353164226638
638.5256898711712,255.00527299943252,161.9442496354549,82.53932723355445
642.3264642339642,255.95546659013075,161.94424963545492,82.53932723355445
643.2766578246625,255.95546659013075,161.94424963545492,82.53932723355445
641.376270643266,255.95546659013075,161.94424963545492,82.53932723355445
646.1272385967573,256.905660180829,161.94424963545492,82.53932723355445
645.177045006059,256.905660180829,161.94424963545492,82.53932723355445
648.977819368852,257.8558537715272,161.94424963545492,82.53932723355445
645.177045006059,253.104885818036,161.94424963545492,82.53932723355445
649.9280129595502,255.00527299943252,161.94424963545492,82.53932723355445
647.0774321874554,255.00527299943252,161.94424963545492,82.53932723355445
648.0276257781537,256.90566018082905,161.94424963545492,82.53932723355445
645.177045006059,257.8558537715273,161.94424963545492,82.53932723355445
652.3973222402229,259.5803063267931,158.9060182555061,80.99080930441924
653.8879378447084,260.3400394413373,155.92478704653516,79.47134307533084
650.2284381436416,253.93591496447047,155.92478704653516,79.47134307533084
648.3986882931082,256.6805397402705,155.92478704653516,79.47134307533084
646.5689384425748,257.5954146655372,155.92478704653516,79.47134307533084
651.6910883519171,255.59626967330982,152.99948662998426,77.98038350818554
649.8956663853676,256.49398065658454,152.99948662998426,77.98038350818554
647.2025334355434,255.59626967330982,152.99948662998426,77.98038350818554
646.3048224522687,254.69855869003507,152.99948662998426,77.98038350818554
644.5094004857192,254.69855869003507,152.99948662998426,77.98038350818554
641.816267535895,254.69855869003507,152.99948662998426,77.98038350818554
641.816267535895,252.90313672348557,152.99948662998426,77.98038350818554
637.3277126195213,253.80084770676032,152.99948662998426,77.98038350818554
635.5322906529718,253.80084770676032,152.99948662998426,77.98038350818554
633.7368686864223,253.80084770676032,152.99948662998426,77.98038350818554
631.0437357365981,253.80084770676032,152.99948662998426,77.98038350818554
629.2483137700486,253.80084770676032,152.99948662998426,77.98038350818554
626.5551808202245,252.90313672348557,152.99948662998426,77.98038350818554
622.9643368871255,252.90313672348557,152.99948662998426,77.98038350818554
620.2712039373013,252.90313672348557,152.99948662998426,77.98038350818554
616.0409616450489,253.91512876712008,156.07370531484054,79.5472433540155
614.2094642649256,253.91512876712008,156.07370531484054,79.5472433540155
610.546469504679,253.91512876712008,156.07370531484054,79.5472433540155
607.7992234344939,253.91512876712008,156.07370531484054,79.5472433540155
605.0519773643089,253.91512876712008,156.07370531484054,79.5472433540155
601.3889826040622,253.91512876712008,156.07370531484054,79.5472433540155
601.3889826040622,253.91512876712008,156.07370531484054,79.5472433540155
595.8944904636921,254.83087745718174,156.07370531484054,79.5472433540155
594.0629930835688,253.91512876712008,156.07370531484054,79.5472433540155
591.3157470133838,253.91512876712008,156.07370531484054,79.5472433540155
589.4842496332604,252.99938007705842,156.07370531484054,79.5472433540155
588.5685009431987,252.99938007705842,156.07370531484054,79.5472433540155
586.7370035630754,252.99938007705842,156.07370531484054,79.5472433540155
584.9055061829521,252.08363138699676,156.07370531484054,79.5472433540155
583.0740088028288,252.08363138699676,156.07370531484054,79.5472433540155
580.3267627326437,251.1678826969351,156.07370531484054,79.5472433540155
579.411014042582,250.25213400687343,156.07370531484054,79.5472433540155
575.7480192823353,250.25213400687343,156.07370531484054,79.5472433540155
572.0850245220887,250.25213400687343,156.07370531484054,79.5472433540155
568.422029761842,251.1678826969351,156.07370531484054,79.5472433540155
565.674783691657,252.08363138699676,156.07370531484054,79.5472433540155
563.8432863115337,252.08363138699676,156.07370531484054,79.5472433540155
560.180291551287,252.99938007705842,156.07370531484054,79.5472433540155
556.5172967910404,253.91512876712008,156.07370531484054,79.5472433540155
552.8543020307937,252.99938007705842,156.07370531484054,79.5472433540155
549.1913072705471,252.99938007705842,156.07370531484054,79.5472433540155
547.3598098904238,252.99938007705842,156.07370531484054,79.5472433540155
544.6125638202387,252.99938007705842,156.07370531484054,79.5472433540155
541.8653177500537,253.91512876712008,156.07370531484054,79.5472433540155
542.413616193928,255.57706922222013,153.14561104696838,78.05485982393873
538.8193427723534,254.67850086682643,153.14561104696838,78.05485982393873
537.9207744169596,253.77993251143272,153.14561104696838,78.05485982393873
534.326500995385,253.77993251143272,153.14561104696838,78.05485982393873
529.1936501924268,252.99575436221153,156.22276580973514,79.62321612238114
526.443780324351,251.16250778349428,156.22276580973514,79.62321612238114
523.6939104562751,251.16250778349428,156.22276580973514,79.62321612238114
521.860663877558,250.24588449413568,156.22276580973514,79.62321612238114
515.7080554140574,248.52932656400355,159.36174984315016,81.22308540392814
510.3668635898114,246.7782778353813,162.5638054827486,82.85510085894927
506.82600875813483,244.9920452846548,165.83020002631346,84.51990840050814
503.2140075303255,244.14291602490908,169.16222623544218,86.21816691999956
501.2289186677201,242.1578271623037,169.16222623544218,86.21816691999956
497.25874094250935,240.17273829969832,169.16222623544218,86.21816691999956
493.2885632172986,242.1578271623037,169.16222623544218,86.21816691999956
489.3183854920878,243.1503715936064,169.16222623544218,86.21816691999956
484.3556633355744,245.13546045621177,169.16222623544218,86.21816691999956
482.370574472969,240.17273829969832,169.16222623544218,86.21816691999956
490.9052093070966,243.95913986061086,165.9885786054247,84.60063038599066
489.540492764574,244.7527348495678,162.87447168673302,83.01344040807683
487.2457280431263,246.48709281238533,159.81878843780535,81.45602765539758
484.9940153361958,249.1266351703885,156.82043277386435,79.92783347829217
486.4650671362543,250.7965271030971,153.8783291737474,78.42830970790999
479.78271294710964,252.43509024159096,150.99142229411333,76.95691845958036
473.83613340790106,245.4604406591036,154.02529294226895,78.50321382218871
470.4812586798183,242.86429849890078,157.12012315335798,80.08057889751795
467.05897445382425,241.13788050863997,160.27713778787842,81.68963796930578
465.4487501890384,237.4959496835398,163.49758631745027,83.33102786502305
460.6522119061668,236.5366420269655,163.49758631745027,83.33102786502305
456.8149812798696,235.57733437039118,163.49758631745027,83.33102786502305
451.3351721526341,233.78084154237092,166.7827433193268,85.00539820791496
445.7452572206049,235.86258388522867,170.13390898084205,86.71341167410661
440.0430241278466,229.0019434305713,173.55240961399412,88.45574425487443
542.8916720502264,246.3131019917639,173.55240961399412,88.45574425487445
541.8733686054503,244.27649510221184,173.55240961399412,88.45574425487445
538.4098572482246,245.10625293102285,170.29639788068508,86.79622859725242
536.0105238106441,244.92124461390154,167.1014720892597,85.1678470648485
533.6562041982376,244.73970723246265,163.9664862081304,83.57001555124066
530.3839950226385,245.5236345538777,160.89031570637508,82.00216090841053
527.173175668669,245.34884491111137,157.8718571503637,80.46372074115313
523.09629521642,245.1773344917737,154.91002780795264,78.95414320534361
519.4606115564112,243.3594926617693,154.91002780795264,78.95414320534361
519.4606115564112,243.3594926617693,154.91002780795264,78.95414320534361
514.007086066398,243.3594926617693,154.91002780795264,78.95414320534361
511.2803233213913,243.3594926617693,154.91002780795264,78.95414320534361
521.8226637453373,245.9179626894511,152.00376526010467,77.47288680998884
519.1470577172638,245.9179626894511,152.00376526010467,77.47288680998884
518.2551890412393,245.9179626894511,152.00376526010467,77.47288680998884
516.4714516891903,246.8098313654756,152.00376526010467,77.47288680998884
445.37858913159454,262.0851361765798,155.05797691547596,79.02954952466195
435.3709102049442,255.71661322325687,155.05797691547596,79.02954952466195
430.1739642665355,255.83243184728923,158.17355684563861,80.61749026326098
428.3178254993858,253.0482236965646,158.17355684563861,80.61749026326098
423.94452670981144,253.16636946420962,161.35173812333804,82.23733749512068
418.53663814595916,252.34017205306492,164.59377859745027,83.88973231741014
415.6394197418943,250.4086931170217,164.59377859745027,83.88973231741014
412.0543494091718,249.5658949212948,167.90096139080885,85.57532870886386
412.6441978764065,250.36863305376318,164.75097631403432,83.96985244392717
416.1229656488663,252.12297285111202,161.66008801610914,82.39449647272659
419.53646835983955,254.79292582778035,158.62718778407583,80.84869570930316
418.60573733677325,254.79292582778035,158.62718778407583,80.84869570930317
419.16300635299046,255.5513258478023,155.65118770550868,79.33189566925927
418.24973674770797,256.4645954530848,155.65118770550868,79.33189566925927
417.8832812507595,257.2087671522829,152.73102027827545,77.84355227086299
417.52370081478233,257.9389774677724,149.86563802762055,76.38313163988404
415.7650540083622,255.3010072581422,149.86563802762055,76.38313163988404
415.4122196505364,257.7761649254588,147.05401313043197,74.95010991809114
415.9288312501793,255.89075401995012,144.2951370465573,73.54397307534212
415.5891117341697,258.2739101557914,141.5880201570368,72.16421672519941
416.0865208971466,254.7970694914896,138.93169140912332,70.8103459440048
421.46561480029095,259.5371520993815,136.32519796796225,69.4818750933485
422.744411346869,260.9888018894307,133.76760487480607,68.1783276458689
424.7840860430331,260.84347809062325,131.2579947116413,66.89923601432041
422.47365194765166,257.7628992967813,131.2579947116413,66.89923601432041
418.8445344083998,255.55050672524249,133.89536159938228,68.24344236355614
416.71373544220495,253.29366054976373,136.58572109999866,69.61465785096708
413.50811679103913,250.88944656138938,136.58572109999866,69.61465785096709
412.93731300679946,250.99146756408112,139.33013799406095,71.01342517116657
410.72002548876117,252.73055304814176,142.12969845677563,72.44029792313083
410.72002548876117,254.39841996932614,142.12969845677563,72.44029792313083
411.5539589493534,256.0662868905105,142.12969845677563,72.44029792313083
410.9599863943996,256.17244889801805,144.98551048786763,73.8958408293003
409.5033894632832,255.43005433312646,147.89870435010036,75.38062995908342
408.63560686981424,255.43005433312646,147.8987043501004,75.38062995908342
406.9000416828763,254.5622717396575,147.8987043501004,75.38062995908342
406.0322590894073,253.69448914618852,147.8987043501004,75.38062995908342
405.16447649593835,249.3555761788437,147.8987043501004,75.38062995908342
402.8108295692161,245.99491689955283,150.87043301660697,76.8952529568513
401.92561062009656,245.10969795043331,150.87043301660697,76.8952529568513
402.8108295692161,245.99491689955283,150.87043301660697,76.8952529568513
403.6960485183356,247.76535479779193,150.87043301660697,76.8952529568513
403.0655476621538,246.99282663896093,153.90187262720966,78.44030927451331
403.0655476621538,247.89583229242515,153.90187262720966,78.44030927451331
403.968553315618,246.08982098549677,153.90187262720966,78.44030927451331
403.968553315618,246.992826638961,153.90187262720966,78.44030927451331
403.968553315618,247.8958322924252,153.90187262720966,78.44030927451331
404.87155896908223,249.7018435993536,153.90187262720966,78.44030927451331
407.21823891138797,251.3406574387435,151.01452404952664,76.96869290266196
407.74876407814656,252.0626611485909,148.18134493493548,75.5246854829671
407.39989511545446,250.1627964812767,145.40131901170707,74.10776904467647
406.54676571002636,247.60340826499242,145.40131901170707,74.10776904467647
405.93912076400335,246.005755157857,148.32286771460932,75.59681644809116
404.4489950735085,244.37600040683986,151.30311909559896,77.11578328098267
403.5612373770116,242.60048501384603,151.30311909559896,77.11578328098267
402.92892828751457,240.93798360061672,154.34325266758682,78.66527071444746
