520.0,315.0,21.0,12.0
521.0393700787401,315.5196850393701,21.0,12.0
520.0,315.6496062992126,21.0,12.0
520.9094488188977,315.77952755905517,21.0,12.0
520.6496062992126,316.5590551181103,21.0,12.0
520.259842519685,316.8188976377953,21.0,12.0
519.7401574803149,317.85826771653547,21.0,12.0
519.6591022401574,318.2573947559055,21.421953000000002,12.241116000000002
519.5265704724409,318.3899265236221,21.421953000000002,12.241116000000002
519.3940387047244,318.9200535944882,21.421953000000002,12.241116000000002
519.1289751692913,319.05258536220475,21.421953000000002,12.241116000000002
519.5265704724409,319.58271243307087,21.421953000000002,12.241116000000002
518.9964434015748,320.7754983425197,21.421953000000002,12.241116000000002
519.2615069370079,320.90803011023627,21.421953000000002,12.241116000000002
519.3940387047244,320.6429665748032,21.421953000000002,12.241116000000002
518.2012527952755,321.7032207165355,21.421953000000002,12.241116000000002
519.1289751692913,321.96828425196856,21.421953000000002,12.241116000000002
518.5988480984252,321.835752484252,21.421953000000002,12.241116000000002
518.068721027559,322.6309430905512,21.421953000000002,12.241116000000002
518.8639116338583,322.7634748582678,21.421953000000002,12.241116000000002
518.5988480984252,323.558665464567,21.421953000000002,12.241116000000002
517.9361892598424,323.82372900000007,21.421953000000002,12.241116000000002
517.6711257244093,325.0165149094489,21.421953000000002,12.241116000000002
517.4060621889762,324.35385607086624,21.421953000000002,12.241116000000002
517.1409986535431,324.75145137401586,21.421953000000002,12.241116000000002
517.0084668858266,325.9442372834647,21.421953000000002,12.241116000000002
517.2094152059149,325.5289378240776,21.02005635982353,12.01146077704202
515.9578744652276,325.53831002643955,21.442412352261467,12.252807058435126
515.0791615488477,326.07850392100994,21.87325474365546,12.499002710660264
515.0136956019202,326.3310744832914,21.462891244529157,12.264509282588092
514.3497703946935,327.65892489774484,21.462891244529157,12.264509282588094
514.7481255190295,327.65892489774484,21.462891244529157,12.264509282588094
513.8186302289121,327.92449498063553,21.462891244529157,12.264509282588094
512.8891349387947,328.1900650635262,21.462891244529157,12.264509282588094
513.7543924867199,328.57068219824464,21.06022656313203,12.03441517893259
506.5069422037365,326.23478273900344,21.483389695465043,12.276222683122883
505.4436473256707,326.89934203779455,21.483389695465043,12.276222683122885
505.3107354659125,327.2980776170692,21.483389695465043,12.276222683122887
505.1778236061543,327.6968131963439,21.483389695465043,12.276222683122887
504.91199988663783,327.5639013365857,21.483389695465043,12.276222683122887
505.57655918542895,328.2284606353768,21.483389695465043,12.276222683122887
506.3740303439783,329.6904910927172,21.483389695465043,12.276222683122887
507.17150150252763,329.8234029524754,21.483389695465043,12.276222683122887
506.7084668298574,329.93855988168735,21.080340443223236,12.045908824698994
506.31721191724415,330.72106970691385,21.080340443223236,12.045908824698994
505.9259570046309,330.72106970691385,21.080340443223236,12.045908824698994
507.03662896250523,331.8774126139454,20.68485278633651,11.81991587790658
503.9653122383248,332.6452417949905,20.68485278633651,11.819915877906581
504.54326079104897,332.50017528447165,20.296784861933283,11.598162778247593
502.9580718819258,332.88593698212287,20.70460816016411,11.831204662950922
517.8169470294902,336.60065576901394,20.704608160164113,11.831204662950922
518.2012282833065,337.11303077410236,20.704608160164113,11.831204662950922
518.3293220345786,336.72874952028604,20.704608160164113,11.831204662950922
518.4574157858507,337.62540577919077,20.704608160164113,11.831204662950922
518.4574157858507,338.3939682868234,20.704608160164113,11.831204662950922
518.7797288143227,339.017325736026,20.316169605764323,11.60923977472247
518.7797288143227,340.0228504409232,20.316169605764323,11.60923977472247
517.4444071233689,340.15759938975077,20.724382401652946,11.842504229515969
517.9572714797653,340.2858154788499,20.724382401652946,11.842504229515969
517.9572714797653,340.92689592434533,20.724382401652946,11.842504229515969
517.3161910342698,342.2090568153362,20.724382401652946,11.842504229515969
517.2361996155706,342.09008109659436,21.14079741724936,12.080455666999633
516.8438226106385,343.1364197764132,21.14079741724936,12.080455666999635
517.2361996155706,343.26721211139056,21.14079741724936,12.080455666999635
516.8438226106385,343.65958911632265,21.14079741724936,12.080455666999635
516.7622239243635,343.6690151534415,21.565579459754154,12.32318826271666
516.3619628882714,344.6029575709899,21.565579459754154,12.32318826271666
516.278724639593,344.8794136962007,21.998896647838997,12.570798084479426
516.006522318866,344.8794136962007,21.998896647838997,12.570798084479426
515.6494092433301,345.29752581469876,22.440920478184026,12.823383130390871
516.3435884482233,346.9635559064425,22.440920478184026,12.823383130390873
516.3435884482233,347.1023917474211,22.440920478184026,12.823383130390875
515.9792998996605,347.66774083369484,22.891825893352177,13.08104336762982
516.1209253691919,347.8093663032263,22.89182589335218,13.08104336762982
515.5544234910662,348.80074458994625,22.89182589335218,13.08104336762982
515.4660662317601,349.3774532354105,23.351791351027305,13.343880772015606
515.7550085319416,349.81086668568264,23.351791351027305,13.343880772015606
515.809347060315,350.83257658823237,23.820998894643495,13.611999368367716
515.809347060315,350.83257658823237,23.820998894643495,13.611999368367718
515.4226553860104,350.990571654397,24.299634225433564,13.88550527167633
515.1785291107645,351.75308209490817,24.7878867759252,14.164506729100122
515.0828534862113,352.0708460178774,25.285949784913868,14.449114162807932
514.8288181916971,352.5514320309876,25.794020373942143,14.739440213681233
514.8288181916971,352.5514320309876,25.794020373942146,14.739440213681235
514.9883987451917,352.8705931379767,25.794020373942146,14.739440213681236
515.62672095917,353.9876570124388,25.794020373942146,14.739440213681236
515.62672095917,354.46639867292254,25.794020373942146,14.739440213681236
515.7863015126646,354.62597922641714,25.794020373942146,14.739440213681236
515.9458820661592,354.78555977991175,25.794020373942146,14.739440213681236
516.2650431731485,355.42388199389006,25.794020373942146,14.739440213681236
516.5842042801377,355.58346254738467,25.794020373942146,14.739440213681236
517.222526494116,356.8601069753413,25.794020373942146,14.739440213681236
517.0629459406214,357.33884863582506,25.794020373942146,14.739440213681236
516.7437848336322,357.17926808233045,25.794020373942146,14.739440213681236
516.9033653871268,357.17926808233045,25.794020373942146,14.739440213681236
517.222526494116,357.9771708498034,25.794020373942146,14.739440213681236
517.7012681545997,359.57297638474915,25.794020373942146,14.739440213681236
517.7012681545997,359.73255693824376,25.794020373942146,14.739440213681236
517.7012681545997,359.89213749173837,25.794020373942146,14.739440213681236
517.7012681545997,360.6900402592113,25.794020373942146,14.739440213681236
518.1800098150834,361.16878191969505,25.794020373942146,14.739440213681236
518.4991709220726,361.4879430266842,25.794020373942146,14.739440213681236
518.9779125825563,362.4454263476517,25.794020373942146,14.739440213681236
518.4991709220726,362.4454263476517,25.794020373942146,14.739440213681236
518.9779125825563,362.76458745464083,25.794020373942146,14.739440213681236
518.4991709220726,363.8816513291029,25.794020373942146,14.739440213681236
518.9779125825563,364.5199735430812,25.794020373942146,14.739440213681236
518.4991709220726,364.8391346500704,25.794020373942146,14.739440213681236
519.1374931360509,365.31787631055414,25.794020373942146,14.739440213681236
518.4991709220726,365.31787631055414,25.794020373942146,14.739440213681236
519.1374931360509,365.95619852453245,25.794020373942146,14.739440213681236
519.5390341243605,367.2115255046031,25.310099504312248,14.462914002464153
519.0692741223119,367.2115255046031,25.310099504312248,14.462914002464155
520.0896284811604,367.3471946600893,24.835257460110434,14.191575691491687
519.7823305823289,367.8081415083366,24.835257460110434,14.191575691491689
519.4750326834974,368.88368415424685,24.835257460110434,14.191575691491689
520.0896284811604,369.6519289013256,24.835257460110434,14.191575691491689
519.7079994566748,369.631403822297,24.36932391375563,13.925327950717513
520.5396609306563,369.6112638136819,23.91213173317758,13.664075276101485
520.4680926905697,370.92294205702603,23.46351692186597,13.407723955351994
521.5591660654305,370.4680635549132,23.023318560044263,13.156182034311016
521.0629410783895,370.5914749300838,22.59137874694719,12.90935928396983
521.1350924946114,371.6909377841446,22.167542544181167,12.667167168103532
522.0287574387598,371.398328383161,21.751657920147338,12.429518811512771
521.6945123033372,372.59149579997217,21.343575695507266,12.1963289688613
521.1024441937109,372.96999702486846,20.94314948967176,11.967513994098153
520.195457404788,373.87698381379124,20.94314948967176,11.967513994098155
521.1693315631252,373.60053628178946,20.550235668293634,11.742991810453512
522.1249348965665,374.7278007734072,20.16469329174553,11.522681880997451
521.4408153912233,373.9626150050965,19.786384064564352,11.306505179751063
520.3390988431963,375.0643315531234,19.786384064564352,11.306505179751063
521.259182431241,375.782456810233,19.415172285844193,11.094384163339544
520.1781351554826,375.3019913543403,19.415172285844193,11.094384163339544
519.8629642631397,375.91122980768233,19.805281342583662,11.317303624333526
518.637665642395,375.54364022145893,19.805281342583662,11.317303624333526
518.637665642395,376.52387911805477,19.805281342583662,11.317303624333526
518.3161620213123,376.1651201030439,20.203228860600195,11.54470220605726
517.863206573378,377.0490710890759,20.609172338096236,11.776669907483567
517.4011498916283,377.0582600907778,21.023272437885606,12.013298535934636
531.4971159910663,379.2787428080159,21.44569305098004,12.254681743417171
531.9450550404437,379.686340711572,21.876601361453382,12.500915063687653
532.4019945291403,380.7788512440786,22.316167912609068,12.75209595006233
531.8497384053187,380.64078721312325,22.316167912609068,12.75209595006233
532.0397311172508,380.5126732811609,22.764566674477123,13.008323813986932
532.5152176558026,380.94533776208124,23.221975112667394,13.269700064381372
531.9405456057704,381.6636778246216,23.221975112667394,13.269700064381372
532.1382500703252,381.8176998079409,23.68857425860622,13.536328147774988
532.633036478453,382.56103549050465,24.164548781184394,13.80831358924823
532.3902673391228,382.42231026803023,24.650087059844733,14.085764034196995
532.085260637595,383.48983372337784,24.650087059844733,14.085764034196995
532.4476269410039,382.8908110427165,25.145381259138194,14.368789290936116
532.3505714687749,383.99099580583186,25.650627404778056,14.657501374158896
532.4102592813318,384.3198194794449,26.166025461222265,14.95201454926987
532.4102592813318,384.4817015267303,26.166025461222265,14.952014549269872
532.7340233759027,385.12922971587193,26.166025461222265,14.952014549269872
532.9567925429627,385.1408963489881,26.691779410814604,15.252445377608353
532.688633581112,385.31793214302496,27.2280973345161,15.55891276258064
532.5835392968987,385.1616195259557,27.775191494258536,15.871537996719173
532.7553768145798,385.3334570436367,27.775191494258536,15.871537996719173
533.2708893676229,385.84896959667975,27.775191494258536,15.871537996719173
532.9918459062758,386.5487037786008,28.333278416952673,16.19044480968725
533.3424264041233,387.2498647742959,28.333278416952673,16.19044480968725
533.5836468692788,387.2624977194391,28.902578980184508,16.515759417248297
533.5836468692788,387.62012243122996,28.902578980184508,16.515759417248297
534.120083936965,388.33537185481157,28.902578980184508,16.515759417248297
534.0085265331359,388.527070989617,29.483318499633356,16.847610571219068
535.2853631610727,389.2566919198667,29.48331849963336,16.847610571219068
534.9205526959479,389.6215023849915,29.48331849963336,16.847610571219068
535.1029579285102,389.4390971524291,29.48331849963336,16.847610571219068
536.1973893238847,390.16871808267877,29.48331849963336,16.847610571219068
536.2659956297031,390.3642690281999,30.075726818246494,17.186129610426573
536.4520659306033,390.92247993090075,30.075726818246494,17.186129610426573
536.6381362315036,390.92247993090075,30.075726818246494,17.186129610426573
536.894191344725,390.93588978066987,30.68003839720552,17.531450512688874
536.7757733504237,391.329187097463,31.296492408720574,17.88370994784033
537.5502647261176,391.52280994138647,31.296492408720574,17.88370994784033
538.131133257888,392.1036784731569,31.296492408720574,17.88370994784033
538.518378945735,391.9100556292334,31.296492408720574,17.88370994784033
538.7120017896584,392.87816984885075,31.296492408720574,17.88370994784033
539.2928703214288,393.07179269277424,31.296492408720574,17.88370994784033
540.2609845410461,393.07179269277424,31.296492408720574,17.88370994784033
540.3338100179088,393.2793696886302,31.925332830688994,18.243047331822286
539.7412700947295,393.4768829963566,31.925332830688994,18.24304733182229
540.3338100179088,394.4644495349887,31.925332830688994,18.24304733182229
540.7288366333617,395.056989458168,31.925332830688994,18.24304733182229
541.7164031719938,395.2545027658944,31.925332830688994,18.24304733182229
541.9139164797202,395.8470426890737,31.925332830688994,18.24304733182229
542.1114297874467,396.439582612253,31.925332830688994,18.24304733182229
542.1114297874467,396.6370959199794,31.925332830688994,18.24304733182229
542.3089430951732,397.2296358431587,31.925332830688994,18.24304733182229
543.0989963260788,397.4271491508851,31.925332830688994,18.24304733182229
543.6915362492581,398.4147156895172,31.925332830688994,18.24304733182229
544.2840761724374,398.4147156895172,31.925332830688994,18.24304733182229
544.4815894801638,398.6122289972436,31.925332830688994,18.24304733182229
545.469156018796,399.4022822281493,31.925332830688994,18.24304733182229
545.8641826342488,399.5997955358757,31.925332830688994,18.24304733182229
546.8517491728809,400.3898487667814,31.925332830688994,18.24304733182229
546.8517491728809,400.192335459055,31.925332830688994,18.24304733182229
547.4442890960602,400.3898487667814,31.925332830688994,18.24304733182229
547.839315711513,401.37741530541354,31.925332830688994,18.24304733182229
549.0243955578716,401.9699552285928,31.925332830688994,18.24304733182229
549.8144487887772,401.9699552285928,31.925332830688994,18.24304733182229
549.8144487887772,401.7724419208664,31.925332830688994,18.24304733182229
550.20947540423,403.74757499813063,31.925332830688994,18.24304733182229
550.4069887119565,403.94508830585704,31.925332830688994,18.24304733182229
551.1970419428621,403.74757499813063,31.925332830688994,18.24304733182229
551.7895818660414,405.13016815221556,31.925332830688994,18.24304733182229
552.3821217892207,404.5376282290363,31.925332830688994,18.24304733182229
552.2588972406637,405.3419159926492,32.56680854325603,18.609604881860594
553.745052282201,405.35643653982214,33.22117342731568,18.98352767275182
554.3616432400758,406.5896184555718,33.22117342731568,18.98352767275182
555.5948251558253,406.3840881362802,33.22117342731568,18.98352767275182
554.644477679113,406.6044307640991,33.88868646499073,19.364963694280423
554.5136750305397,406.4098806563445,34.569611842131785,19.7540639097896
555.021862381891,406.6391669316364,35.26421905287574,20.150982315929003
554.8857504893053,406.4367200877994,35.97278300630517,20.555876003602965
556.8887344699714,407.7720427415768,35.97278300630518,20.555876003602965
556.6661806943418,407.10438141468813,35.97278300630518,20.555876003602965
557.1112882456009,407.54948896594726,35.97278300630518,20.555876003602965
557.3338420212305,408.88481161972464,35.97278300630518,20.555876003602965
558.2240571237487,408.6622578440951,35.97278300630518,20.555876003602965
558.8917184506374,410.220134273502,35.97278300630518,20.555876003602965
559.7819335531557,409.7750267222429,35.97278300630518,20.555876003602965
559.865640539942,409.5685121139727,36.69558413525087,20.96890522014336
560.0926660885852,409.79553766261597,36.69558413525087,20.96890522014336
561.0007682831584,411.1576909544757,36.69558413525087,20.96890522014336
561.6818449290882,411.83876760040556,36.69558413525087,20.96890522014336
561.6818449290882,411.6117420517623,36.69558413525087,20.96890522014336
561.9088704777315,412.0657931490489,36.69558413525087,20.96890522014336
563.043998220948,413.2009208922653,36.69558413525087,20.96890522014336
564.9773994573565,414.5327471474277,36.00713934343985,20.575508196251352
565.8684647729422,414.97827980522055,36.00713934343986,20.575508196251352
565.8684647729422,414.75551347632415,36.00713934343986,20.575508196251352
566.5367637596314,414.97827980522055,36.00713934343986,20.575508196251352
566.7595300885279,415.6465787919098,36.00713934343986,20.575508196251352
568.3188943908028,416.7604104363919,36.00713934343986,20.575508196251352
568.5416607196993,416.7604104363919,36.00713934343986,20.575508196251352
568.7644270485957,416.7604104363919,36.00713934343986,20.575508196251352
569.6554923641814,417.42870942308116,36.00713934343986,20.575508196251352
570.5465576797671,418.54254106756326,36.00713934343986,20.575508196251352
570.99209033756,419.2108400542525,36.00713934343986,20.575508196251352
572.1059219820421,419.87913904094177,36.00713934343986,20.575508196251352
571.6603893242493,419.65637271204537,36.00713934343986,20.575508196251352
572.9969872976278,420.5474380276311,36.00713934343986,20.575508196251352
572.9969872976278,421.2157370143203,36.00713934343986,20.575508196251352
573.4425199554206,421.6612696721132,36.00713934343986,20.575508196251352
575.0018842576956,422.5523349876989,36.00713934343986,20.575508196251352
574.4173722033852,422.56838947350167,36.7306307942676,20.98893188243863
575.7808264398428,422.56838947350167,36.7306307942676,20.98893188243863
575.7808264398428,423.02287421898757,36.7306307942676,20.98893188243863
576.6897959308146,423.9318437099593,36.7306307942676,20.98893188243863
576.7752663940258,424.4027055240312,37.468659358816815,21.410662490752472
576.3988375077776,424.65122001079476,38.22151713131352,21.84086693217916
576.7242432728882,424.43179574116067,38.989502075033,22.27971547144744
577.5386221998677,424.9316147554226,39.772918140226636,22.727381794415233
579.261071410665,425.4237431013646,39.772918140226636,22.727381794415237
578.8614927885692,426.17966915205113,40.57207538441821,23.184043076810422
579.3635094693662,425.9286608116526,40.57207538441821,23.184043076810426
579.6145178097648,425.9286608116526,40.57207538441821,23.18404307681043
580.7129604968065,426.19775900367847,41.38729009511733,23.64988005435278
581.0653186398124,426.72831603665895,42.218884914998526,24.12507709428489
582.6324988447561,427.5119061391308,42.218884914998526,24.12507709428489
582.3713021439322,427.5119061391308,42.218884914998526,24.12507709428489
582.9919369199295,427.79192695375093,43.06718896959559,24.60982226834036
583.0921522582137,428.07757422659927,43.93253799756168,25.10430742717812
583.19438122329,428.91255821816975,44.81527448354669,25.60872827631241
584.303420636831,429.46707792494027,44.81527448354669,25.60872827631241
585.2783293773074,430.53907979007084,43.97449641613501,25.128283666362883
586.366562134512,430.53907979007084,43.97449641613501,25.128283666362883
587.1827367024156,431.08319616867317,43.97449641613501,25.128283666362883
588.2709694596202,431.35525435797433,43.97449641613501,25.128283666362883
589.3592022168249,432.1714289258779,43.97449641613501,25.128283666362883
590.5878789119411,432.95126080574454,43.1494921617098,24.656852663834194
590.8548330254274,433.21821491923095,43.1494921617098,24.656852663834194
592.1896035928594,434.0190772596901,43.1494921617098,24.656852663834194
593.5243741602914,434.5529854866629,43.1494921617098,24.656852663834194
594.3252365007505,435.3538478271221,43.1494921617098,24.656852663834194
595.5308620279535,435.8520951901764,42.33996578822219,24.194266164698412
595.7928078230437,435.8520951901764,42.33996578822219,24.194266164698412
597.102536798495,436.37598678035687,42.33996578822219,24.194266164698412
599.1981031592169,437.42376996071783,42.33996578822219,24.194266164698412
599.7219947493974,437.42376996071783,42.33996578822219,24.194266164698412
599.7219947493974,437.42376996071783,42.33996578822219,24.194266164698412
600.2458863395779,437.9476615508983,42.33996578822219,24.194266164698412
602.0795069052095,438.9954447312593,42.33996578822219,24.194266164698412
602.60339849539,439.78128211653,42.33996578822219,24.194266164698412
603.1272900855705,440.3051737067105,42.33996578822219,24.194266164698412
603.651181675751,440.829065296891,42.33996578822219,24.194266164698412
603.9131274708412,441.35295688707146,42.33996578822219,24.194266164698412
604.9609106512022,442.4007400674324,42.33996578822219,24.194266164698412
605.7467480364729,443.18657745270315,42.33996578822219,24.194266164698412
606.2706396266534,443.9724148379739,42.33996578822219,24.194266164698412
606.7945312168339,443.9724148379739,42.33996578822219,24.194266164698412
607.3184228070144,444.2343606330641,42.33996578822219,24.194266164698412
609.1520433726461,444.7582522232446,42.33996578822219,24.194266164698412
608.8900975775558,445.2821438134251,42.33996578822219,24.194266164698412
611.9067249647713,447.3427183426643,41.5456269155959,23.74035823748339
610.7182425111321,446.33311652079976,42.380403197210974,24.21737325554915
610.9804384814186,446.85750846137273,42.38040319721098,24.21737325554915
612.1278395824166,446.8764045912473,43.231952638652544,24.7039729363729
613.8332239615718,446.628216127142,44.10061226302099,25.20034986458344
613.1173287268981,447.46639454652046,44.98672586522187,25.706700494412516
613.2220107379312,447.20813218000336,45.890644148031775,26.223225227446747
614.6415750957162,447.77595792311735,45.89064414803178,26.223225227446747
613.612708996169,447.7964191624268,46.812724860898186,26.750128491941837
615.3504141934801,447.5068016295416,46.812724860898186,26.750128491941837
616.5088843250209,448.6652717610824,46.812724860898186,26.750128491941837
615.4593452189355,448.1069090623029,47.753332941528214,27.287618823730426
617.5274029447497,448.69778269824985,47.753332941528214,27.287618823730426
616.9365293088028,450.17496678811716,47.753332941528214,27.287618823730426
618.7091502166436,450.4704036060906,47.753332941528214,27.287618823730426
617.6385227212996,451.08256899749836,48.71284066032234,27.835908948755645
619.1453878710846,450.47982293758434,48.71284066032234,27.835908948755648
617.7940997881624,452.54917545836616,47.798940466682886,27.31368026667596
619.9753585461505,451.9790495903018,48.75936457747994,27.86249404427428
623.2936280140217,452.2807104510174,48.75936457747994,27.862494044274282
627.3709448563599,454.05037847673884,47.84459154997732,27.339766599987072
626.4829406262422,453.4583756566604,47.84459154997732,27.339766599987072
627.6669462663991,454.05037847673884,47.84459154997732,27.339766599987072
630.4837630453188,455.4908444018134,46.94698055276566,26.826846030151835
631.7954929254156,456.32338951505534,46.066209609491416,26.323548348280838
634.7926077616668,457.7103133676814,45.201962784390105,25.829693019651515
635.4962763075872,457.9526084292331,44.35393006895897,25.345102896548006
636.7355546314783,459.5623860081307,43.5218072707558,24.869604154717628
637.9515828906056,460.60344754587123,42.70529590428401,24.40302623101946
638.4799948759229,461.39606552384726,42.70529590428401,24.40302623101946
639.272612853899,462.1886835018233,42.70529590428401,24.40302623101946
639.5368188465577,462.1886835018233,42.70529590428401,24.40302623101946
640.5936428171924,462.7170954871406,42.70529590428401,24.40302623101946
641.2214280325247,463.2645484620867,43.56337341488879,24.893356237079335
642.2994867672014,463.2645484620867,43.56337341488879,24.893356237079335
643.3775455018781,464.0730925130942,43.56337341488879,24.893356237079335
643.9165748692164,464.0730925130942,43.56337341488879,24.893356237079335
644.4556042365548,464.61212188043254,43.56337341488879,24.893356237079335
645.8031776549007,465.95969529877834,43.56337341488879,24.893356237079335
645.9045475912262,466.2486335626809,44.43869227691415,25.39353844395097
647.0042677600587,467.0734236893053,44.43869227691415,25.393538443950973
646.8327444803068,467.0932375475363,45.33159892083419,25.90377081190528
648.2350155380379,467.0932375475363,45.33159892083419,25.90377081190528
648.3405000525722,467.3939037371669,46.24244673795051,26.42425527882889
648.7341934454759,467.9867005905646,47.17159622025615,26.955197840146404
649.4276350916144,468.883246283029,48.11941510310976,27.49680863034847
650.4744219050671,468.8434780301977,47.21664814917252,26.98094179952719
651.0586548967891,469.71982751778074,47.21664814917253,26.98094179952719
652.2271208802332,470.3040605095028,47.216648149172535,26.98094179952719
653.6877033595383,471.4725264929469,47.216648149172535,26.98094179952719
653.2133413039076,472.077811948741,48.165372260433855,27.523069863105093
653.5113272965199,472.077811948741,48.16537226043386,27.523069863105093
653.8093132891322,472.6737839339657,48.16537226043386,27.523069863105093
654.2193778545549,473.2912313904231,49.13315908526276,28.076090905864465
655.4352715552026,473.595204815585,49.13315908526277,28.076090905864465
656.0432184055264,474.2031516659089,49.13315908526277,28.076090905864465
656.3471918306883,474.2031516659089,49.13315908526277,28.076090905864465
657.563085531336,474.81109851623273,49.13315908526277,28.076090905864465
658.1710323816599,475.72301879171846,49.13315908526277,28.076090905864465
659.6908995074695,476.6349390672042,49.13315908526277,28.076090905864465
660.2988463577933,477.24288591752804,49.13315908526277,28.076090905864465
660.6028197829552,477.24288591752804,49.13315908526277,28.076090905864465
661.210766633279,477.8508327678519,49.13315908526277,28.076090905864465
661.9330440511767,479.3926068715376,50.120391650762954,28.640223800435997
662.553206377564,479.3926068715376,50.120391650762954,28.640223800435997
663.1733687039514,480.012769197925,50.120391650762954,28.640223800435997
663.7935310303387,480.6329315243124,50.120391650762954,28.640223800435997
664.4136933567261,481.2530938506998,50.120391650762954,28.640223800435997
665.4605646579752,481.58552216867616,51.127460680201736,29.215691817258158
666.4094995299924,483.1670802887049,51.127460680201736,29.215691817258158
667.6747460260154,483.7997035367164,51.127460680201736,29.215691817258158
667.6747460260154,484.4323267847279,51.127460680201736,29.215691817258158
668.6236808980327,484.7486384087336,51.127460680201736,29.215691817258158
668.7426521123205,485.087746208903,52.154764747649025,29.802722712942327
671.3239903000556,486.0557480293037,52.154764747649025,29.80272271294233
671.0013230265887,487.02374984970436,52.154764747649025,29.80272271294233
670.6786557531218,487.34641712317125,52.154764747649025,29.80272271294233
675.0399000506324,487.6259811322614,51.176290715833424,29.243594694761985
674.7232863285434,488.89243602061725,51.17629071583343,29.24359469476199
678.3694820038462,489.4833688595138,50.216173807006875,28.694956461146813
677.5543114724809,490.1271062030665,51.22516738731106,29.27152422132064
677.8712275811763,490.1271062030665,51.22516738731106,29.27152422132064
679.4558081246533,490.4440223117619,51.22516738731106,29.27152422132064
679.2580905891922,490.7837781610632,52.2544346756243,29.859676957499634
681.1977940135966,491.1070620651306,52.2544346756243,29.859676957499637
682.8142135339338,492.07691377733283,52.2544346756243,29.859676957499637
681.3193876437628,492.10021243684673,53.30438303156162,30.45964744660668
682.968285881522,492.4299920843986,53.30438303156162,30.45964744660668
686.7661033506226,494.03483695665295,52.304341044397134,29.888194882512686
685.593442466061,494.0581578678954,53.35529216900221,30.488738382287014
685.7175977402245,494.0819473662074,54.42736005455397,31.101348602602307
686.3910521390998,494.418674565645,54.42736005455397,31.101348602602307
686.8544292646245,494.77966926578426,55.52096900013012,31.726268000074395
687.3271170267325,495.14791743243336,56.636551830249736,32.36374390299989
688.378301622007,495.8487071626164,56.63655183024974,32.3637439029999
689.4294862172816,496.1991020277079,56.63655183024974,32.3637439029999
690.1302759474646,496.5494968927994,56.63655183024974,32.3637439029999
691.5318554078308,496.89989175789094,56.63655183024974,32.3637439029999
692.2326451380138,497.600681488074,56.63655183024974,32.3637439029999
692.9334348681969,498.301471218257,56.63655183024974,32.3637439029999
695.0358040587461,499.7030506786232,56.63655183024974,32.3637439029999
695.3861989238376,499.35265581353167,56.63655183024974,32.3637439029999
695.7365937889291,499.7030506786232,56.63655183024974,32.3637439029999
696.7877783842036,501.10463013898936,56.63655183024974,32.3637439029999
698.1893578445698,502.1558147342639,56.63655183024974,32.3637439029999
698.5397527096613,503.20699932953846,56.63655183024974,32.3637439029999
699.2405424398444,503.20699932953846,56.63655183024974,32.3637439029999
700.2917270351189,503.9077890597215,56.63655183024974,32.3637439029999
701.3429116303935,504.95897365499604,56.63655183024974,32.3637439029999
702.7444910907597,505.6597633851791,56.63655183024974,32.3637439029999
704.4964654162173,506.3605531153621,56.63655183024974,32.3637439029999
704.1460705511258,506.7109479804536,56.63655183024974,32.3637439029999
705.329045758621,507.08659535751514,57.77455006617495,33.01402860924288
706.0439164568526,507.80146605574674,57.77455006617495,33.01402860924288
706.8932258360761,509.25696736290314,58.935414100654604,33.6773794860884
708.7163123240041,509.62158466048874,58.93541410065461,33.6773794860884
708.3516950264184,510.3508192556599,58.93541410065461,33.6773794860884
709.4455469191753,510.7154365532455,58.93541410065461,33.6773794860884
709.9473041741697,511.10633135540974,60.119603376179064,34.35405907210237
710.831086790635,511.87702395977976,61.327586566816635,35.04433518103813
713.4870058939224,512.256440974535,61.327586566816635,35.04433518103813
712.7281718644117,512.256440974535,61.327586566816635,35.04433518103813
713.6297123249896,512.6632020906494,62.55984176370368,35.74848100783073
714.4037936066552,513.0502427314822,62.55984176370369,35.74848100783073
714.9364080788745,514.2392581803683,63.81685666426179,36.46677523672108
717.3053127694488,515.0288930772265,63.81685666426179,36.46677523672108
716.5156778725907,515.0288930772265,63.81685666426179,36.46677523672108
716.6641767189714,515.846981965098,65.0991287652168,37.199502151552515
719.0806798114935,516.6524829959387,65.0991287652168,37.199502151552515
719.2321624451945,517.0842592284138,66.4071655594963,37.94695174828366
719.2321624451945,517.0842592284138,66.4071655594963,37.94695174828366
720.8755343713012,517.9059451914671,66.4071655594963,37.94695174828366
721.6972203343546,519.9601600991006,66.4071655594963,37.94695174828366
724.5731212050415,520.3710030806272,66.4071655594963,37.94695174828366
726.2164931311482,520.7818460621539,66.4071655594963,37.94695174828366
725.8056501496216,521.1926890436806,66.4071655594963,37.94695174828366
726.6273361126749,521.6035320252073,66.4071655594963,37.94695174828366
727.1927054684614,523.2765128821017,67.74148473708327,38.70941984976193
728.449999617125,523.2765128821017,67.74148473708327,38.70941984976193
730.5454898648975,524.1147089812107,67.74148473708327,38.70941984976193
730.964587914452,524.5338070307652,67.74148473708327,38.70941984976193
730.7031211375953,524.9831089433535,69.10261438990548,39.4872082228032
732.4131970842521,526.6931848900103,69.10261438990548,39.487208222803204
734.5507920175731,527.5482228633388,69.10261438990548,39.487208222803204
736.90908403843,529.2011890085885,67.80618224150551,38.746389852288935
736.0700874077702,528.3621923779286,67.80618224150551,38.74638985228894
737.3285823537599,529.2011890085885,67.80618224150551,38.74638985228894
737.9058624898603,530.0704183489272,69.16861186128409,39.52492106359099
740.0454989647594,531.7821275288464,69.16861186128409,39.52492106359099
741.7572081446787,532.6379821188061,69.16861186128409,39.52492106359099
741.7572081446787,532.6379821188061,69.16861186128409,39.52492106359099
742.6130627346383,533.9217640037456,69.16861186128409,39.52492106359099
743.8968446195778,534.3496912987254,69.16861186128409,39.52492106359099
746.0364810944769,534.7776185937051,69.16861186128409,39.52492106359099
747.3202629794164,536.4893277736244,69.16861186128409,39.52492106359099
748.1761175693761,536.4893277736244,69.16861186128409,39.52492106359099
749.4598994543155,536.9172550686042,69.16861186128409,39.52492106359099
751.39251650178,539.4276544935176,67.87094153623389,38.78339516356229
753.0721123553202,539.4276544935176,67.87094153623389,38.78339516356229
756.6480674838368,541.4710574240986,66.59761676659099,38.05578100948063
756.6480674838368,541.4710574240986,66.59761676659099,38.05578100948064
757.0600887349237,542.7071211773593,66.59761676659099,38.05578100948064
759.1201949903582,542.7071211773593,66.59761676659099,38.05578100948064
760.7682799947057,543.5311636795332,66.59761676659099,38.05578100948064
762.0043437479665,543.9431849306201,66.59761676659099,38.05578100948064
762.4163649990534,544.355206181707,66.59761676659099,38.05578100948064
763.6524287523141,545.5912699349677,66.59761676659099,38.05578100948064
764.8884925055748,546.0032911860546,66.59761676659099,38.05578100948064
767.3606200120962,547.2393549393154,66.59761676659099,38.05578100948064
768.5966837653569,548.0633974414892,66.59761676659099,38.05578100948064
769.0087050164439,548.0633974414892,66.59761676659099,38.05578100948064
770.6567900207914,548.887439943663,66.59761676659099,38.05578100948064
772.3048750251389,549.2994611947499,66.59761676659099,38.05578100948064
773.1289175273128,551.7715887012713,66.59761676659099,38.05578100948064
776.4250875360079,551.3595674501844,66.59761676659099,38.05578100948064
776.4250875360079,552.1836099523582,66.59761676659099,38.05578100948064
777.2491300381818,553.007652454532,66.59761676659099,38.05578100948064
778.4851937914425,553.8316949567059,66.59761676659099,38.05578100948064
780.9573212979639,554.6557374588797,66.59761676659099,38.05578100948064
783.4294488044852,555.4797799610535,66.59761676659099,38.05578100948064
783.4294488044852,555.0677587099666,66.59761676659099,38.05578100948064
783.8414700555721,557.539886216488,66.59761676659099,38.05578100948064
784.8204821030741,556.7455375614893,67.9357626802821,38.82043581730414
787.342282067584,558.8470375319142,67.9357626802821,38.82043581730414
788.603182049839,559.2673375259992,67.9357626802821,38.82043581730414
789.023482043924,559.2673375259992,67.9357626802821,38.82043581730414
791.1249820143489,561.3688374964241,67.9357626802821,38.82043581730414
791.5452820084339,561.7891374905091,67.9357626802821,38.82043581730414
794.4873819670288,562.6297374786791,67.9357626802821,38.82043581730414
795.7482819492838,563.4703374668491,67.9357626802821,38.82043581730414
796.1685819433687,564.310937455019,67.9357626802821,38.82043581730414
797.4294819256237,565.151537443189,67.9357626802821,38.82043581730414
799.9512818901336,565.992137431359,67.9357626802821,38.82043581730414
802.4730818546435,566.8327374195289,67.9357626802821,38.82043581730414
803.7339818368985,567.6733374076989,67.9357626802821,38.82043581730414
803.7339818368985,568.0936374017839,67.9357626802821,38.82043581730414
806.2557818014084,568.9342373899539,67.9357626802821,38.82043581730414
807.9369817777483,569.7748373781238,67.9357626802821,38.82043581730414
810.8790817363432,570.1951373722088,67.9357626802821,38.82043581730414
810.6168650906608,571.4863278401102,69.30079595981701,39.60045483418123
810.6168650906608,571.9150729219764,69.30079595981701,39.60045483418123
811.2068698896488,571.5172269524847,70.69325685303761,40.39614677316443
811.808729655063,571.5487469207243,72.1136964629857,41.20782655027763
818.2851116102545,573.2737395264968,70.76077349096818,40.43472770912476
818.2851116102545,575.0248497816164,70.76077349096818,40.43472770912476
817.8473340464745,575.0248497816164,70.76077349096818,40.43472770912476
818.4497686269373,575.0563998534666,72.1825697127222,41.247182692984204
824.0391882895266,576.7830399388769,70.8283546116599,40.47334549237718
824.0391882895266,577.2212356085778,70.8283546116599,40.47334549237718
826.2301666380313,578.5358226176805,70.8283546116599,40.47334549237718
825.7919709683304,578.0976269479796,70.8283546116599,40.47334549237718
827.9829493168351,578.9740182873815,70.8283546116599,40.47334549237718
830.6121233350407,579.8504096267833,70.8283546116599,40.47334549237718
832.3649060138445,580.2886052964842,70.8283546116599,40.47334549237718
834.1176886926482,580.7268009661851,70.8283546116599,40.47334549237718
834.1176886926482,580.7268009661851,70.8283546116599,40.47334549237718
834.2825029674441,581.1965768400978,72.25150874087198,41.28657642335551
835.7916298613401,581.675791920645,73.70325830600233,42.116147603429994
837.6155575134571,581.675791920645,73.70325830600233,42.116147603429994
841.2634128176912,583.0437376597328,73.70325830600233,42.116147603429994
840.8074309046619,583.0437376597328,73.70325830600233,42.116147603429994
841.7193947307204,584.4116833988205,73.70325830600233,42.116147603429994
843.5433223828375,585.323647224879,73.70325830600233,42.116147603429994
847.1911776870716,585.7796291379083,73.70325830600233,42.116147603429994
848.10314151313,586.2356110509376,73.70325830600233,42.116147603429994
848.5591234261593,587.147574876996,73.70325830600233,42.116147603429994
849.1866093806758,587.6364188261566,75.18417787514483,42.962387357225715
851.0471852111068,588.5667067413722,75.18417787514483,42.96238735722572
853.3729049991456,589.03185069898,75.18417787514483,42.96238735722572
855.6986247871844,590.892426529411,75.18417787514483,42.96238735722572
855.6986247871844,590.892426529411,75.18417787514483,42.96238735722572
856.6289127023999,591.8227144446265,75.18417787514483,42.96238735722572
859.4197764480465,592.7530023598421,75.18417787514483,42.96238735722572
861.2803522784775,593.6832902750576,75.18417787514483,42.96238735722572
865.2416240741899,595.0165862431064,73.7736496902286,42.15637125155931
864.7852066689072,595.0165862431064,73.77364969022861,42.15637125155931
865.2416240741899,596.3858384589543,73.77364969022861,42.15637125155931
868.892963316451,597.2986732695196,73.77364969022861,42.15637125155931
869.8057981270163,598.2115080800849,73.77364969022861,42.15637125155931
871.6314677481467,598.6679254853675,73.77364969022861,42.15637125155931
872.0878851534294,598.2115080800849,73.77364969022861,42.15637125155931
874.3699721798425,599.1243428906502,73.77364969022861,42.15637125155931
877.1084766115383,599.5807602959328,73.77364969022861,42.15637125155931
878.9341462326688,600.0371777012155,73.77364969022861,42.15637125155931
880.7598158537993,601.4064299170633,73.77364969022861,42.15637125155931
881.6726506643646,601.8628473223459,73.77364969022861,42.15637125155931
883.0419028802124,601.8628473223459,73.77364969022861,42.15637125155931
886.2368247171909,602.3192647276286,73.77364969022861,42.15637125155931
888.9753291488867,603.2320995381939,73.77364969022861,42.15637125155931
890.8009987700171,604.1449343487592,73.77364969022861,42.15637125155931
891.2574161752998,604.1449343487592,73.77364969022861,42.15637125155931
893.0830857964303,605.0577691593245,73.77364969022861,42.15637125155931
895.3651728228434,605.9706039698898,73.77364969022861,42.15637125155931
895.9932580670784,606.4599147966762,75.25598363345438,43.00341921911689
902.7518423351038,608.7256605491241,73.84410830278492,42.19663331587719
900.4675757678073,607.8119539222055,73.84410830278492,42.19663331587719
901.3812823947259,608.7256605491241,73.84410830278492,42.19663331587719
901.5531141875805,609.2154386994347,75.32785797091277,43.04449026909312
903.126497197909,608.7829922279462,76.84142062112232,43.90938321207001
903.7807004620939,609.7680472059612,78.38539528566254,44.79165444895014
904.2656494767971,610.2529962206644,78.38539528566255,44.79165444895015
905.4179466618725,609.802996864243,79.96039303313738,45.6916531617929
906.098703859032,609.8386487660088,81.56703721035221,46.609735548772804
907.2977724741726,609.8750170214366,83.20596368901982,47.54626496515429
912.7112377961722,611.8653417331009,81.64493901263937,46.654250864365466
911.1958930338454,611.3602268123253,81.64493901263937,46.654250864365466
912.2061228753967,612.3704566538765,81.64493901263937,46.654250864365466
914.7316974792747,612.8755715746521,81.64493901263937,46.654250864365466
921.0538307766116,614.8285558620105,80.11320067502876,45.77897181430226
921.549469250979,614.8285558620105,80.11320067502876,45.77897181430227
921.549469250979,614.8285558620105,80.11320067502876,45.778971814302274
923.0363846740813,615.3241943363779,80.11320067502876,45.778971814302274
926.5058539946534,616.8111097594802,80.11320067502876,45.778971814302274
927.9927694177558,616.8111097594802,80.11320067502876,45.778971814302274
933.7006548809276,617.2405387420501,78.61019923603405,44.920113849162426
932.7279752503355,617.7268785573463,78.61019923603405,44.92011384916243
933.7006548809276,618.2132183726424,78.61019923603405,44.92011384916243
940.7604743160273,620.0936102963882,77.13539556353206,44.07736889344701
941.714905532224,620.5708259044866,77.13539556353206,44.077368893447016
942.8488272130883,620.605218225997,78.68527706659012,44.96301546662305
942.0583155770387,619.6666929897997,80.26630033868912,45.86645733639391
944.5412438777294,620.6598643100759,80.26630033868912,45.86645733639391
947.0241721784198,621.6530356303522,80.26630033868912,45.86645733639391
950.5002717993866,622.6462069506284,80.26630033868912,45.86645733639391
952.4866144399391,623.1427926107665,80.26630033868912,45.86645733639391
953.4797857602155,623.1427926107665,80.26630033868912,45.86645733639391
954.9695427406298,624.1359639310427,80.26630033868912,45.86645733639391
961.6815075309638,625.0627992304246,78.76042660133592,45.00595805790636
962.6560459928476,626.0373376923084,78.76042660133592,45.00595805790636
964.6051229166152,627.0118761541921,78.76042660133592,45.00595805790636
966.0669306094409,627.0118761541921,78.76042660133592,45.00595805790636
968.0160075332085,627.499145385134,78.76042660133592,45.00595805790636
974.1147801154465,628.4085923542914,77.28280451758182,44.16160258147545
974.5929077024506,629.3648475282998,77.28280451758184,44.16160258147545
982.0116441498141,631.2134875632009,75.83290405897141,43.33308803369806
982.722993608851,631.150815519181,74.41020514089773,42.52011722337024
985.7227754605734,633.3910972628616,73.01419743604615,41.72239853488362
987.0779321058993,633.3910972628616,73.01419743604615,41.72239853488362
989.336526514776,633.8428161446369,73.01419743604615,41.72239853488362
990.409864907336,633.8753709495315,74.48127170512862,42.56072668864503
991.3314554458696,633.8753709495315,74.48127170512862,42.56072668864503
991.5047698882175,634.3693751473877,75.97782389749977,43.41589936999998
997.1454182315639,634.839429176,75.97782389749977,43.41589936999998
999.4956883746248,635.3094832046122,75.97782389749977,43.41589936999998
1000.1425392526752,636.2834674574282,77.50444631307224,44.28825503604139
1001.1015369010935,635.803968633219,77.50444631307224,44.28825503604139
1002.7203826022549,636.3180243274176,79.0617431528408,45.17813894448057
1011.7772878391096,636.2526838118637,77.5784680779855,44.3305531874204
1012.257244615745,636.2526838118637,77.5784680779855,44.330553187420406
1016.8246225258831,638.1083962543728,76.1230206838763,43.49886896221514
1019.4225027054864,637.1035798008133,74.69487889620018,42.68278794068593
1020.8088531011978,638.952046995095,74.69487889620018,42.68278794068593
1026.1306953173694,639.8145490682182,73.29353043526521,41.882017391580234
1027.944483472123,640.2679961069066,73.29353043526521,41.882017391580234
1033.1664827605173,640.2074227262243,71.91847263224395,41.09627007556808
1035.1759327479685,640.1479857609837,70.56921224886423,40.32526414220824
1036.0491176014416,641.4577630411933,70.56921224886423,40.32526414220824
1037.7954873083877,642.3309478946663,70.56921224886423,40.32526414220824
1044.5697547568896,643.1458108780832,69.24526530048288,39.568723028847465
1045.8549593434564,645.2878185223614,69.24526530048288,39.56872302884747
1048.2181196678812,643.9453862406543,67.94615688247859,38.826375361416446
1049.8995768685725,645.2064791411727,67.94615688247859,38.826375361416446
1052.4217626696093,646.4675720416911,67.94615688247859,38.826375361416446
1055.364312770819,647.3083006420368,67.94615688247859,38.826375361416446
1061.8867809145268,645.9910536935103,66.6714209999019,38.097954857086904
1061.474303056822,646.4035315512149,66.6714209999019,38.097954857086904
1063.1242144876408,648.878398697443,66.6714209999019,38.097954857086904
1066.8365152069828,648.0534429820336,66.6714209999019,38.097954857086904
1068.8989044955063,649.7033544128524,66.6714209999019,38.097954857086904
1073.023683072553,649.7033544128524,66.6714209999019,38.097954857086904
1074.261116645667,648.4659208397384,66.6714209999019,38.097954857086904
1075.498550218781,650.1158322705571,66.6714209999019,38.097954857086904
1078.3858952227138,652.5906994167852,66.6714209999019,38.097954857086904
1082.5106737997605,650.9407879859665,66.6714209999019,38.097954857086904
1086.8483848188928,652.9480767309512,65.4206004003211,37.38320022875502
1087.8668011867069,650.8703130643379,64.19324640980416,36.68185509131676
1089.8525315312172,653.6503355466523,64.19324640980416,36.68185509131676
1095.220448176955,652.4058448818516,62.98891877197765,35.99366786970161
1096.77922906895,655.1337114428428,62.98891877197765,35.99366786970161
1103.215524054867,654.3022638543815,61.80718549010525,35.318391708631665
1102.4507557304676,655.8318005031805,61.807185490105255,35.318391708631665
1104.745060703666,657.3613371519795,61.807185490105255,35.318391708631665
1109.1486837346517,654.6335675166604,60.6476226721289,34.65578438407374
1112.1503658466581,657.260039364666,60.647622672128904,34.65578438407374
1115.902468486666,659.13609068467,60.647622672128904,34.65578438407374
1115.902468486666,660.2617214766724,60.647622672128904,34.65578438407374
1120.5986855374306,657.2099171845257,59.50981437861715,34.00560821635274
1122.0713693578239,659.7871138702138,59.50981437861715,34.00560821635274
1127.047651771529,656.7925643900579,58.39335247356621,33.36762998489506
1131.5693105844423,658.9118875125516,57.29783647800005,32.741620844571536
1130.8603384795401,659.6208596174538,57.29783647800005,32.741620844571536
1134.9426805298924,660.9914500752878,56.222873426317086,32.12735624360984
1135.7691796315414,663.4513669898394,57.35255962207208,32.77289121261269
1140.7367241657366,663.8061915994248,57.35255962207208,32.77289121261269
1144.2849702615904,662.0320685514979,57.35255962207208,32.77289121261269
1144.6397948711758,663.8061915994248,57.35255962207208,32.77289121261269
1147.1235671382735,665.5803146473517,57.35255962207208,32.77289121261269
1151.7362870628833,667.7092623048638,57.35255962207208,32.77289121261269
1154.220059329981,665.935139256937,57.35255962207208,32.77289121261269
1158.1231300354202,668.0640869144491,57.35255962207208,32.77289121261269
1158.4779546450056,666.2899638665223,57.35255962207208,32.77289121261269
1160.9617269121034,668.7737361336199,57.35255962207208,32.77289121261269
1165.9292714462986,666.999613085693,57.35255962207208,32.77289121261269
1169.122692932567,669.1285607432052,57.35255962207208,32.77289121261269
1172.6709390284207,671.2575084007174,57.35255962207208,32.77289121261269
1172.6709390284207,669.4833853527905,57.35255962207208,32.77289121261269
1175.864360514689,671.9671576198881,57.35255962207208,32.77289121261269
1179.7674312201282,669.8382099623759,57.35255962207208,32.77289121261269
1181.6750109969828,671.992729377906,58.504944602558375,33.43139691574772
1186.7423684035036,673.4405457797691,58.504944602558375,33.43139691574772
1187.1043225039693,671.2688211769745,58.504944602558375,33.43139691574772
1188.3263230803484,673.8285854515865,59.680484454457584,34.10313397397584
1192.7570452108255,672.3516780747608,59.680484454457584,34.103133973975844
1196.8185404970961,673.8285854515865,59.680484454457584,34.103133973975844
1200.5108089391604,675.3054928284122,59.680484454457584,34.103133973975844
1199.9112289520888,673.1167414719106,60.879644428601004,34.78836824491494
1202.6894130770204,674.6504687262734,62.10289912410488,35.48737092806002
1206.1473360316247,672.7294004181599,62.10289912410489,35.48737092806002
1209.2210453246064,675.8031097111415,62.10289912410489,35.48737092806002
1209.605258986229,677.3399643576323,62.10289912410489,35.48737092806002
1213.447395602456,674.6504687262734,62.10289912410489,35.48737092806002
1217.289532218683,677.724178019255,62.10289912410489,35.48737092806002
1220.7474551732873,681.1821009738593,62.10289912410489,35.48737092806002
1225.940574459212,683.0518443897514,60.93778843120046,34.82159338925749
1225.186563578736,681.5438226287993,60.93778843120047,34.82159338925749
1229.1512385833375,685.6405204840135,59.794536346281596,34.16830648358956
1231.9317350786769,685.2211708843112,58.672732780636565,33.52727587464954
1236.112035399989,688.8026024509729,57.571975339216095,32.89827162240927
1239.8577271533193,689.1112042118082,56.49186917629279,32.28106810073881
