1152.0,503.0,45.0,17.0
1151.763779527559,503.23622047244095,45.0,17.0
1152.0,503.0,45.0,17.0
1151.5275590551182,503.23622047244095,45.0,17.0
1151.763779527559,503.0,45.0,17.0
1144.9133858267717,502.76377952755905,45.0,17.0
1145.1496062992126,502.5275590551181,45.0,17.0
1137.8267716535433,502.0551181102362,45.0,17.0
1131.6850393700788,501.1102362204724,45.0,17.0
1125.0708661417323,500.4015748031496,45.0,17.0
1116.8031496062993,499.9291338582677,45.0,17.0
1109.7368838779528,499.5221228858267,45.904185,17.341581
1101.8057351211455,498.38403329073543,46.826537789205,17.690025387033003
1092.4650084230364,497.8924160960981,46.826537789205005,17.690025387033003
1085.336559100795,497.8924160960981,46.826537789205005,17.690025387033003
1077.9623011812353,497.6466074987794,46.826537789205005,17.690025387033003
1071.0272989217121,497.56673992858566,45.94802646913171,17.358143332783094
1063.7400100601683,497.4883707515646,45.08599687450589,17.032487708146668
1057.7727973120443,497.4114718564052,44.24013979215347,16.712941699257975
1051.2208401547307,497.3360156591921,43.4101518100398,16.399390683792813
1045.0682202131502,497.108140846541,43.41015181003981,16.399390683792813
1045.2475537013015,497.0341002808598,42.59573520843465,16.091722189853087
1038.9391325823556,496.9614487880881,41.79659785311898,15.789825855622727
1032.7958006144431,496.9614487880881,41.79659785311898,15.789825855622729
1026.2136592202512,496.9614487880881,41.79659785311898,15.789825855622729
1019.4121131129194,496.74204407494835,41.79659785311898,15.789825855622729
1019.8041854941812,496.8901603078695,41.012453090595436,15.4935933897805
1013.5608199318333,496.67487184020234,41.012453090595436,15.4935933897805
1007.1021659018184,496.4595833725352,41.012453090595436,15.4935933897805
1001.9352426778063,496.02900643720085,41.012453090595436,15.4935933897805
995.9071655831256,496.244294904868,41.012453090595436,15.4935933897805
996.5071707734581,497.25078620409914,40.243019645264596,15.202918532655515
990.1696873647551,496.61703786322886,40.243019645264596,15.202918532655517
984.6322019133327,496.12590027963057,39.488021518530424,14.917697018111497
978.6209020496194,495.5040416730395,39.48802151853043,14.917697018111497
972.0055995755231,494.9395986255531,40.281454334902264,15.217438304296412
971.7941483716653,494.7281474216954,40.281454334902264,15.217438304296413
966.084965867506,495.1510498294109,40.281454334902264,15.217438304296413
959.12529091694,494.3638142239135,41.09082959685346,15.523202292144642
953.9484934874151,494.3638142239135,41.09082959685346,15.523202292144642
949.4187957365809,494.3638142239135,41.09082959685346,15.523202292144642
949.2030958436841,494.57951411681034,41.09082959685346,15.523202292144642
944.6733980928499,495.0109139026041,41.09082959685346,15.523202292144642
939.0652008775313,495.87371347419156,41.09082959685346,15.523202292144642
934.3383840000491,495.5020597294667,41.916467635943036,15.835109995800705
929.7366251418925,495.12293834604907,42.75869522015204,16.15328486094633
929.5121700488734,495.7963036251066,42.75869522015204,16.15328486094633
925.9208885605666,495.5718485320874,42.75869522015204,16.15328486094633
922.554062165279,495.5718485320874,42.75869522015204,16.15328486094633
918.738325583953,495.7963036251066,42.75869522015204,16.15328486094633
915.1470440956463,496.02075871812576,42.75869522015204,16.15328486094633
914.4736788165887,496.24521381114494,42.75869522015204,16.15328486094633
911.1068524213011,496.6941239971833,42.75869522015204,16.15328486094633
907.7400260260135,496.24521381114494,42.75869522015204,16.15328486094633
902.7542011152428,496.8456496520437,41.95650057677341,15.850233551225513
899.0100514574731,496.6254055545278,41.95650057677341,15.850233551225513
899.0100514574731,496.4051614570119,41.95650057677341,15.850233551225513
895.2659017997033,496.184917359496,41.95650057677341,15.850233551225513
890.2002875568382,495.9646732619801,41.95650057677341,15.850233551225513
885.9687338554518,497.43482073351083,41.16935588387975,15.552867778354575
883.1132408368389,497.14848997586284,40.39697878978564,15.261080876141243
882.8560112174057,498.5639921128108,39.639092239997446,14.97476817955459
878.8581814369921,497.66406658721274,38.89542437783287,14.693826987181305
875.9562321056302,497.393550906507,38.16570844690496,14.418156524386317
872.9083812354469,498.33017992003977,37.44968269543562,14.147657907164568
868.5416071811402,499.4458231246287,36.7470902823643,13.882234106670957
869.2721089531501,499.57604522075627,36.057679185218134,13.62178991441574
866.4329216157314,499.7653243765842,36.057679185218134,13.62178991441574
863.3641353485827,498.946707600596,35.381202109710586,13.366231908112887
859.0923891621085,499.6896199808524,35.381202109710586,13.366231908112889
856.1207396410829,500.43253236110877,35.381202109710586,13.366231908112889
855.9350115460188,500.24680426604465,35.381202109710586,13.366231908112889
852.9237986892024,500.55791410608066,34.71741640103606,13.11546841816918
850.0079001988266,500.37567045043215,34.71741640103606,13.115468418169181
847.7821552418515,501.7744055016551,34.06608395682876,12.869409494801978
850.4645240573498,501.59558091395525,34.06608395682876,12.869409494801978
850.8221732327495,501.4167563262554,34.06608395682876,12.869409494801978
839.3773996199566,503.0261776155544,34.06608395682876,12.869409494801978
835.443258690559,502.6685284401546,34.06608395682876,12.869409494801978
832.4186449625885,502.18158674226527,34.750573781773326,13.127994539781035
829.8805108014033,502.596949475543,35.4488170607705,13.391775334068857
829.5083447430225,502.2247834171622,35.4488170607705,13.391775334068859
826.3449332467857,502.7830325047334,35.4488170607705,13.391775334068859
822.6393021807575,502.09024294626846,36.161090141972565,13.660856275856304
819.6021502528228,502.4698869372603,36.161090141972565,13.660856275856306
816.3915279282727,502.14282114918893,36.887674926195224,13.935343861007087
816.0209359021267,501.809183628238,37.628858978487266,14.215346725206302
812.6799952886286,502.456476422502,38.384935641942015,14.500975686955872
809.2719251553835,502.51228809541755,39.15620415379556,14.792343791433876
805.5898322901912,502.77476557103705,39.942969763857775,15.089566355235156
800.7226571909255,503.5453361757368,39.19360086426376,14.806471437610751
800.5169165039739,503.5453361757368,39.19360086426376,14.806471437610751
797.1812391445262,503.8899687537228,38.45829085290461,14.52868765554174
795.7250694583771,504.0262548980098,37.736775971385086,14.256115366967698
792.3574831512194,503.8281615858241,37.736775971385086,14.256115366967698
789.7400727492889,505.7447306793747,37.028797409673565,13.988656799210013
790.0874208474927,505.87595107202947,36.33410121326594,13.726216013900466
787.6079283762462,505.49449069183765,36.33410121326594,13.726216013900467
785.1284359049996,505.30376050174175,36.33410121326594,13.726216013900467
782.2268541839569,505.4325190724081,35.652438192091196,13.468698872567785
779.2324236796343,505.4325190724081,35.652438192091196,13.468698872567785
779.0452717731141,505.4325190724081,35.652438192091196,13.468698872567785
776.612296988352,505.80682288544847,35.652438192091196,13.468698872567785
773.6178664840294,506.368278605009,35.652438192091196,13.468698872567785
770.6234359797068,505.99397479196864,35.652438192091196,13.468698872567785
767.6290054753841,506.7425824180493,35.652438192091196,13.468698872567785
767.6290054753841,506.368278605009,35.652438192091196,13.468698872567785
764.6345749710615,506.1811266984888,35.652438192091196,13.468698872567785
761.8272963732591,507.30403813760984,35.652438192091196,13.468698872567785
759.5416068624594,507.05607725941843,34.983563831126034,13.216013002869836
754.9664071229921,507.47422484984224,35.686488579184854,13.4815623521365
755.3410684204114,507.099563552423,35.686488579184854,13.481562352136502
751.7817860949284,508.0362167959711,35.686488579184854,13.481562352136502
748.409834418155,509.1602006882289,35.686488579184854,13.481562352136502
744.850552092672,509.9095232830674,35.686488579184854,13.481562352136502
740.1834228648398,510.14874206431597,36.40353719420642,13.75244738447798
738.6546653973666,509.57545801401346,36.40353719420642,13.75244738447798
736.5526238795909,510.53093143118423,36.40353719420642,13.75244738447798
734.6009705321826,511.2332201151451,35.72057148660307,13.494438117161158
731.7883271080407,511.98325836158295,35.72057148660307,13.494438117161158
729.538212368727,511.608239238364,35.72057148660307,13.494438117161158
729.3507028071176,511.233220115145,35.72057148660307,13.494438117161158
726.3505498213661,511.7957487999734,35.72057148660307,13.494438117161158
723.1790396757841,511.09764824260094,36.43830492948339,13.765581862249277
719.7525271856159,511.3419067068836,37.170459790431494,14.042173698607453
716.6474068276514,511.3959525326548,37.91732583900064,14.324323094733572
716.0502835860923,510.40074713005635,37.91732583900064,14.324323094733572
712.882772044775,510.8539610596442,38.67919866708368,14.612141718676055
709.6341254375659,512.4782843632488,38.67919866708368,14.612141718676057
705.9361468418681,513.2244745860189,37.9535393404565,14.338003750839121
702.5067770932067,514.3551279108985,37.241494087452025,14.069008877481878
702.1326304228571,514.0182902059277,37.9897874281512,14.351697472857122
698.941887121805,514.2177116622435,37.9897874281512,14.351697472857122
695.751143820753,514.616554574875,37.9897874281512,14.351697472857122
692.3781575766199,514.0735273335823,38.753116226945046,14.640066130179243
689.1233026704198,514.8872410601324,38.753116226945046,14.640066130179243
689.3267311020572,515.0906694917699,38.753116226945046,14.640066130179243
686.0718761958572,515.4975263550449,38.753116226945046,14.640066130179243
683.0204497212945,515.2940979234074,38.753116226945046,14.640066130179243
680.375880110007,515.7009547866825,38.753116226945046,14.640066130179243
676.9175967721693,515.9043832183199,38.753116226945046,14.640066130179243
676.9175967721693,516.1078116499574,38.753116226945046,14.640066130179243
674.6365502067957,517.4657131682388,38.02607013511684,14.365404273266368
671.7994625398512,517.0016318849623,37.31266413397314,14.09589533950097
668.861457489932,517.3933658916181,37.31266413397314,14.095895339500972
665.8817293392599,518.7007942538157,36.61264232216743,13.831442655041034
665.689536991112,517.7398325130764,36.61264232216743,13.831442655041036
662.6144594207462,517.7398325130764,36.61264232216743,13.831442655041036
659.5559376355866,517.7930672725904,37.348300144346744,14.109357832308774
656.6151266005986,518.3812294795879,37.348300144346744,14.109357832308776
653.8703696346099,519.5575538935831,37.348300144346744,14.109357832308776
653.6743155656108,518.7733376175863,37.348300144346744,14.109357832308776
651.6720119266027,520.0820146585305,36.64760976638189,13.844652578410942
649.3225216396388,520.7890119345326,35.96006502031662,13.584913452119615
647.7721770539968,520.5389115275361,35.28541928133136,13.330047284058514
649.5849738034165,522.3309815257483,34.62343055152763,13.07996265279933
649.0010069345736,521.9084270512865,33.97386137312255,12.83456985206852
647.7146339326587,521.8504810683872,33.336478743271805,12.59378085856935
644.7024481466757,521.4436329302512,32.71105403049071,12.357509300407601
641.6116398918261,521.1002097908234,32.711054030490715,12.357509300407603
640.8882160424666,522.7615333553971,32.09736289264323,12.125670426109668
640.5153445148549,522.3698077495671,31.495185196469677,11.898181074221881
638.000190689237,517.8522048927534,30.90430493862405,11.674959643480202
636.6678148493279,518.1239490052362,30.324510168192894,11.455926063539541
633.7685978698813,519.0273300559321,29.755592910667687,11.241001766252241
631.1132431219477,519.8083167465009,29.755592910667687,11.241001766252243
630.8143035577707,520.9449627271662,30.35347203902173,11.46686721474155
629.2209454454861,522.5383208394508,30.35347203902173,11.46686721474155
629.234670911103,524.175812881491,30.963364352701795,11.697270977687353
625.949300697261,523.7979269255585,30.382461570312593,11.477818815451432
622.6000529651006,523.9574149128042,30.382461570312596,11.477818815451432
621.0189116669686,524.9585189167949,30.992936370644887,11.708442628910298
619.2433079173597,528.9082045322601,31.615677441140257,11.943700366652992
617.7639500843516,530.6137893216055,32.25093124796509,12.183685138120152
615.5630991330469,531.1216780026758,32.25093124796509,12.183685138120154
613.8847203360767,530.8299783829123,32.89894920953046,12.428491923600403
612.8634094583911,530.3597197465758,33.55998779599756,12.678217611821307
611.454066138874,531.9452309810324,33.55998779599756,12.678217611821307
609.5162190745382,531.4167272362135,33.55998779599756,12.678217611821307
607.5783720102023,532.4737347258513,33.55998779599756,12.678217611821307
605.4643570309269,532.4737347258513,33.55998779599756,12.678217611821307
604.9510286985948,531.6416913528557,34.234308630782536,12.932961038295632
603.1156712529973,532.4818394341218,33.59203975746945,12.69032613059958
602.9393350862915,532.4818394341218,33.59203975746945,12.69032613059958
601.5286457526445,532.4818394341218,33.59203975746945,12.69032613059958
600.0803937283713,532.7772170214355,32.96182047189818,12.452243289383766
600.426449586344,532.9502449504218,32.96182047189818,12.452243289383766
598.8691982254669,533.2963008083946,32.96182047189818,12.452243289383766
596.6198351486445,533.1232728794082,32.96182047189818,12.452243289383766
595.2356117167537,534.6805242402853,32.96182047189818,12.452243289383766
615.6529073371421,511.4947817561154,32.96182047189818,12.452243289383766
616.3599239816892,511.0236244359359,33.624122330640034,12.702446213797355
614.4335780242232,511.4255230475394,34.29973182062959,12.957676465571186
612.4685259974339,512.0155480936185,34.9889163321015,13.218035058793909
610.4639901802703,512.2500908086744,35.69194862796242,13.483625037230256
608.7777563868233,512.8121687398234,35.69194862796242,13.483625037230256
608.9812551560815,512.3019868801209,36.409106951744064,13.754551515103323
607.277603616045,512.3549256993309,37.14067513772546,14.030921718696295
605.734684779566,512.6038923921867,37.88694272326778,14.312845028790061
603.1663561294131,512.460098394605,38.6482050634064,14.60043302395354
601.7462121113351,513.0687315452099,38.6482050634064,14.600433023953542
600.2828515877834,513.4085684127552,37.9231272068807,14.32651472259939
598.6902793166283,512.6122822771777,37.92312720688071,14.326514722599391
597.0553013236078,513.1448150089818,37.211652515033975,14.057735394568402
594.7280868705244,514.175604521995,37.95934624901855,14.340197471851464
592.7526350176349,514.6293207083935,38.72206339320008,14.628335059653377
591.7363078944538,513.8162590098486,38.72206339320009,14.628335059653377
590.1101844973641,514.4260552837573,38.72206339320009,14.628335059653377
589.093857374183,514.0195244344848,38.72206339320009,14.628335059653377
587.8309657323499,515.173072442985,37.99559988268695,14.353893289015081
585.6541752271354,515.6272219577213,38.75904547112978,14.642306066871264
584.8403370020199,514.8133837326058,38.75904547112978,14.642306066871264
583.2126605517886,515.4237624014424,38.75904547112978,14.642306066871264
581.3990509075107,515.2766584735416,39.53783097178119,14.936513922672908
580.1537648926515,515.691753811828,39.53783097178119,14.936513922672908
578.700931208649,516.5219444884008,39.53783097178119,14.936513922672908
579.7386695543651,516.1068491501144,39.53783097178119,14.936513922672908
577.8707405320762,516.1068491501144,39.53783097178119,14.936513922672908
576.0028115097873,516.5219444884008,39.53783097178119,14.936513922672908
573.9273348183552,517.3521351649736,39.53783097178119,14.936513922672908
572.0594057960664,517.5596828341168,39.53783097178119,14.936513922672908
570.2093552932059,517.4096231469927,40.33226460949719,15.236633296921175
568.4705122730753,517.3408322406635,39.575592160572235,14.950779260660637
567.2240369294352,517.9640699124835,39.575592160572235,14.950779260660639
565.3543239139751,518.7950534749102,39.575592160572235,14.950779260660639
563.484610898515,519.0027993655169,39.575592160572235,14.950779260660639
564.7310862421551,519.2105452561236,39.575592160572235,14.950779260660639
563.0248656055946,518.7275531527838,38.83311562155974,14.670288123700365
561.7583520769426,519.6805610820779,38.10456866340475,14.395059272841811
559.9753666504703,519.9359890840634,38.87020376155854,14.684299198811022
557.7484695690936,520.4005924652579,39.65122276573954,14.979350822612732
557.956612470751,520.8168782685727,39.65122276573955,14.979350822612734
556.663416978795,519.9166773438892,38.907327323132634,14.698323655405677
555.0295134691621,520.9378670374098,38.907327323132634,14.698323655405677
553.0047274955774,521.1986762062139,39.68909225103634,14.993657072613743
551.3379939627255,521.8237012810334,39.68909225103634,14.993657072613745
549.6268800021227,520.7142989145692,38.94448634011191,14.712361506264513
547.9914160088372,521.7364639103727,38.94448634011191,14.712361506264513
547.5825500105158,521.9408969095333,38.94448634011191,14.712361506264513
546.1079712085607,522.0789060037188,38.213849959129774,14.436343317893483
543.7180793891389,522.7362618308985,38.98168084635857,14.72641276417992
544.1273358809642,522.7362618308985,38.98168084635857,14.72641276417992
542.8559770066817,522.4651462408801,38.25034666032134,14.45013096056585
540.8480847935414,524.0714600113923,38.25034666032134,14.45013096056585
539.2417710230292,524.0714600113923,38.25034666032134,14.45013096056585
537.4346680312029,524.2722492327064,38.25034666032134,14.45013096056585
538.037035695145,524.4730384540204,38.25034666032134,14.45013096056585
536.1871610839615,525.2109553623093,37.532733013779946,14.179032471872434
534.6109833196033,524.8169109212197,37.532733013779946,14.179032471872436
532.8377833347002,525.8020220239436,37.532733013779946,14.179032471872436
532.8547551735669,526.0536168153045,38.28687821822583,14.463931771329769
530.8449452933451,525.6516548392601,38.28687821822584,14.463931771329769
528.8351354131232,526.4555787913489,38.28687821822584,14.463931771329769
526.8253255329014,526.8575407673933,38.28687821822584,14.463931771329769
525.2174776287239,526.2545978033268,38.28687821822584,14.463931771329769
525.234790482749,526.9132098648748,39.05617646226465,14.754555552411098
523.3896167916183,526.7081905658603,39.05617646226465,14.754555552411098
521.3394238014732,526.9132098648748,39.05617646226465,14.754555552411098
519.4942501103426,527.3232484629038,39.05617646226465,14.754555552411098
517.810423018263,528.2817305537867,38.32344466613367,14.477745762761616
518.4312712208244,528.1362798809811,39.093477639810295,14.768647108372786
516.7895503750582,528.1362798809811,39.093477639810295,14.768647108372786
514.5498618004627,528.6035519849692,39.878982886027,15.065393534721322
512.8305610938779,528.3261957053082,39.130814442395874,14.782752122682897
510.7764500995264,529.5586623019192,39.130814442395874,14.782752122682899
511.59809449726697,529.7640734013544,39.130814442395874,14.782752122682899
510.11646064090854,529.081098395958,38.396682365280036,14.505413337994694
507.8993293757217,529.887327946935,38.39668236528004,14.505413337994694
506.28687027376765,530.0888853346793,38.39668236528004,14.505413337994694
505.4806407227906,530.4920001101677,38.39668236528004,14.505413337994694
505.9011180043849,530.7493862505561,39.16818690404561,14.796870608195022
504.05065248135907,530.3381716898837,39.16818690404561,14.796870608195022
502.4057942386695,531.3662080915647,39.16818690404561,14.796870608195022
501.17215055665235,531.9830299325732,39.16818690404561,14.796870608195022
499.5272923139628,531.7774226522371,39.16818690404561,14.796870608195022
498.9104704729542,531.5718153719009,39.16818690404561,14.796870608195022
497.8824340712732,532.3942444932458,39.16818690404561,14.796870608195022
496.85439766959223,533.0110663342543,39.16818690404561,14.796870608195022
495.82636126791124,532.5998517735819,39.16818690404561,14.796870608195022
494.1815030252217,533.6278881752629,39.16818690404561,14.796870608195022
495.0216435175073,532.6568022933528,39.955193283508606,15.094184129325484
493.1520638362446,533.7635898570175,40.75801298215415,15.397471571036021
491.39486554662216,534.5498840884103,39.99335308033302,15.108600052570264
490.13523237873767,534.1300063657822,39.99335308033302,15.108600052570264
488.66566034953905,534.3399452270962,39.99335308033302,15.108600052570264
487.8259049042827,534.5498840884103,39.99335308033302,15.108600052570264
487.8259049042827,535.1797006723525,39.99335308033302,15.108600052570264
486.52155108353804,534.6916100925448,39.24303894079695,14.82514804430108
485.07954965264264,535.721611114613,39.24303894079695,14.82514804430108
483.84354842616085,536.5456119322675,39.24303894079695,14.82514804430108
484.68529446192395,535.9846706736133,40.03154932223438,15.123029743955222
482.53913743273534,534.8656958361336,39.28051858410959,14.839307020663632
481.3019557450468,536.5152714197183,39.28051858410959,14.839307020663632
480.0647740573583,537.1338622635625,39.28051858410959,14.839307020663632
478.8275923696698,536.7214683676664,39.28051858410959,14.839307020663632
479.8763392753511,537.1909761135275,40.06978204402011,15.137473216629829
478.1488126536749,537.3329729619597,39.318034022908535,14.853479519765457
476.7040554979775,537.9521546001158,39.318034022908535,14.853479519765457
475.62812059140344,538.917062967326,38.580389524661754,14.574813820427785
474.00794675309743,539.1195846971143,38.580389524661754,14.574813820427785
474.2279140591027,538.9731588300674,39.355585291380784,14.867665554521642
472.94436056611744,538.9060337527251,38.617236294873116,14.588733711396523
471.72806965919233,539.7168943573419,38.617236294873116,14.588733711396525
470.5117787522672,539.5141792061877,38.617236294873116,14.588733711396525
469.70091814765044,539.919609508496,38.617236294873116,14.588733711396525
470.5292409901391,539.9757589464186,39.393172423746,14.881865137859617
469.03767331376713,540.3221463736536,38.65411825613599,14.6026668967625
467.4144032557667,539.9163288591535,38.65411825613599,14.6026668967625
465.7911331977662,541.1337814026539,38.65411825613599,14.6026668967625
464.16786313976576,541.9454164316542,38.65411825613599,14.6026668967625
464.5911595697057,541.1899844669257,39.43079545425653,14.896078282719149
462.7282873435204,540.9829986640162,39.43079545425653,14.896078282719149
461.279386723154,542.0179276785636,39.43079545425653,14.896078282719149
459.83048610278763,542.6388850872921,39.43079545425653,14.896078282719149
457.9676138766023,542.2249134814732,39.43079545425653,14.896078282719149
458.39941560170905,541.661288425187,40.22307842731891,15.195385183653825
456.49911268388297,542.9281570370711,40.22307842731891,15.195385183653826
454.8099545347042,542.5058674997764,40.22307842731891,15.195385183653826
454.1765202287622,543.3504465743657,40.22307842731891,15.195385183653826
453.0758188532915,543.7041314338138,39.46845441719742,14.910305002052375
454.1117362920631,544.1184984093225,39.46845441719742,14.910305002052377
452.03990141451993,543.4969479460595,39.46845441719742,14.910305002052377
449.76088304922246,544.5328653848311,39.46845441719742,14.910305002052377
449.9680665369768,545.154415848094,39.46845441719742,14.910305002052377
448.51778212269653,544.7400488725854,39.46845441719742,14.910305002052377
448.7428127586571,545.4189864443995,40.26149407180217,15.209897760458615
447.00702086537734,544.9276233934957,39.50614934688646,14.924545308823793
444.7258258899666,546.3792929233025,39.50614934688646,14.924545308823795
443.9141646377511,545.6072093946545,40.29994640571345,15.224424197713992
441.3755853366038,546.6649507701326,40.29994640571345,15.224424197713994
441.1822602001344,546.3004503173346,41.10969322884345,15.530328553118661
440.12185492334953,545.9286259569385,41.9357102948906,15.842379444736475
438.3797380368045,546.8701403027364,42.77832452184583,16.160700374919564
437.2569473669397,546.6455821687636,42.77832452184583,16.160700374919564
435.909598563102,546.6455821687636,42.77832452184583,16.160700374919564
436.3587148310479,546.4210240347907,42.77832452184583,16.160700374919564
435.0113660272102,547.0946984367095,42.77832452184583,16.160700374919564
434.2898568114153,548.5936424565291,41.97576161370629,15.857509942955737
432.52709516884494,547.9326068405652,41.9757616137063,15.857509942955737
431.86605955288104,548.8139876618503,41.9757616137063,15.857509942955737
432.52709516884494,548.3732972512078,41.9757616137063,15.857509942955737
430.5439883209533,548.3732972512078,41.9757616137063,15.857509942955737
429.00157188370423,548.8139876618503,41.9757616137063,15.857509942955737
428.56088147306167,549.2546780724929,41.9757616137063,15.857509942955737
427.63256326545894,549.8441196256582,41.18825556505625,15.560007657910162
427.4163519501568,549.8441196256582,41.18825556505625,15.560007657910162
425.9028727430419,550.4927535715647,41.18825556505625,15.560007657910162
425.03802748183335,549.8441196256582,41.18825556505625,15.560007657910162
423.9569709053227,550.4927535715647,41.18825556505625,15.560007657910162
422.87591432881203,550.7089648868669,41.18825556505625,15.560007657910162
422.6597030135099,550.7089648868669,41.18825556505625,15.560007657910162
421.79485775230137,551.1413875174711,41.18825556505625,15.560007657910162
420.28137854518644,551.7900214633776,41.18825556505625,15.560007657910162
419.2189467897457,551.4174865311402,42.01585118412493,15.872654891780552
417.6750572449222,551.4174865311402,42.01585118412493,15.872654891780552
417.6750572449222,551.4174865311402,42.01585118412493,15.872654891780552
416.5722789986197,551.6380421804007,42.01585118412493,15.872654891780552
445.26351245208417,542.4357959333499,42.86007568196755,16.191584146521098
444.9905989499651,541.9127190323411,42.05597904267925,15.887814305012183
444.1075337732159,542.575017914903,42.05597904267925,15.887814305012185
444.0605066875979,542.5032870328681,41.26696803716612,15.589743480707229
443.79773737163987,544.1658979248919,40.49275964428958,15.297264754509424
442.6896561908916,545.1596353678536,39.7330761526624,15.010273213228047
442.22808142378966,545.0918664402656,38.987645061032666,14.728665911945702
441.57050669340697,545.639347585945,38.25619898053657,14.452341837091618
441.92936841428275,546.9798372223172,37.53847553878501,14.181201870207694
441.2962357156354,546.1276019560589,36.83421728574971,13.915148752394359
440.86833667253774,546.8381992214931,36.14317160141491,13.654087049423437
440.4484654310021,548.294376731861,35.46509060516166,13.397923117505544
438.91946065395416,549.1647295742449,34.79973106685213,13.146565069699719
439.0632232739574,548.9226992303546,34.14685431958205,12.899922742953242
438.3080458720809,548.6852096107405,33.506226174070044,12.657907665759817
437.74292203328366,549.5074897372128,32.87761683465306,12.420433026424512
437.36098638161116,551.0046867506032,32.26080081685784,12.187413641924095
436.6475201420765,550.4416184647534,31.655556866518786,11.958765927351564
437.1106355373156,551.5508229085809,31.061667880413317,11.734407865933942
436.1323152891136,551.3877695338806,31.06166788041332,11.734407865933942
435.3170484156119,551.8769296579816,31.06166788041332,11.734407865933942
434.5017815421102,551.5508229085809,31.06166788041332,11.734407865933942
434.14094156932254,553.1283777240446,30.47892082838611,11.514258979612551
434.3009359043797,552.6483947188732,30.47892082838611,11.514258979612553
432.9868996295341,553.7163700689348,29.90710667693442,11.298240300175246
432.82990694356596,553.2453920110303,29.90710667693442,11.298240300175248
432.3254866950789,554.2933311064617,29.346020314227,11.086274340930224
431.8633446428863,554.6014258079234,29.346020314227005,11.086274340930224
