531.0,255.0,88.0,37.0
537.589262253983,254.86676300388922,86.3490345471522,36.30584407096172
545.4688149062133,253.79341809209348,84.72904280937823,35.624711181215844
549.5008461481901,249.50297849097936,83.13944368970611,34.956357005899164
553.5849150982302,247.2340512965126,83.13944368970611,34.956357005899164
557.9950869576763,241.2089627529952,81.57966699310737,34.30054180392015
562.3225197105195,237.5232706382924,80.04915322196591,33.65703033196294
566.2547839480695,233.15408815212567,80.04915322196592,33.65703033196294
566.131847374127,233.03288918943807,78.54735337538426,33.025591760104746
559.1516774016749,229.05547289497298,77.07372875225487,32.40599958901625
563.6607685001662,226.41471082627467,75.62775075802605,31.7980315687155
554.9922691514698,223.93799672664713,75.62775075802605,31.7980315687155
550.3354802904098,215.56777835288543,74.20890071509328,31.201469618846033
543.5143192241438,211.20389855820517,75.69998015716165,31.828400747897508
556.3887367443222,204.6864357251699,77.2210198584595,32.467928804125016
565.1212643484045,194.87543399421222,75.77227854005052,31.858798931612146
549.471334931405,192.48749190121148,77.29477093275575,32.49893777854503
540.257103274896,189.62968440071944,78.84785476510761,33.15193893532933
537.7435126539413,187.57517779814853,80.43214471090292,33.81806084435691
512.1574853913984,182.1852949982122,78.92315957208297,33.1836011837167
503.6106800382146,178.83650890370888,80.50896261736483,33.85035928230113
491.7461255078996,172.2450897202006,80.50896261736483,33.85035928230113
495.33157167063644,158.28274577308713,82.12662920323555,34.530514551360405
481.5070227232985,149.86720227565183,83.77679956381617,35.22433618024089
460.34420786049895,152.48394468460083,82.20506545211146,34.56349342872868
451.44199592075483,146.75247671474943,83.85681183224074,35.25797770219212
442.7456783730126,150.87178502683784,83.85681183224074,35.25797770219212
440.5301081422438,148.22906113602588,85.54174675238596,35.96641624816227
433.9935430271277,140.29180349624204,85.54174675238596,35.966416248162275
433.13414786837984,130.1256192227307,87.26053706988165,36.6890894498366
436.468100027367,116.31353170692714,87.26053706988165,36.6890894498366
434.0867056280905,114.88469506736126,87.26053706988165,36.6890894498366
431.705311228814,113.93213730765066,87.26053706988165,36.6890894498366
432.1815901086693,112.02702178822949,87.26053706988165,36.6890894498366
423.1322913914187,122.98143602490129,87.26053706988165,36.6890894498366
424.5611280309845,124.88655154432246,87.26053706988165,36.6890894498366
430.35236936328613,126.42307012658586,89.01386304122678,37.426283324152166
425.0854528257484,129.93385698227559,90.80241859131415,38.17828963498436
427.91966724060967,133.2656533377622,89.09887704439046,37.46202784820963
426.94704170379725,137.15615548501188,89.09887704439046,37.46202784820963
426.53822260397703,139.69766983267212,90.8891407808434,38.21475237376371
427.0343068548388,141.6820068361193,90.88914078084342,38.214752373763716
427.88689112454443,149.97782778148886,89.18397224143213,37.49780651060215
428.23670285685364,156.17090215586217,87.5107943196328,36.79431124802743
429.0575965964728,156.9936954751149,85.86900684039435,36.10401423971126
429.99496406556085,163.55526775873128,85.86900684039435,36.10401423971126
430.33177330694775,163.89394094179315,84.2580208885325,35.426667873587526
430.33177330694775,162.97415939666064,84.2580208885325,35.426667873587526
429.9451658726574,165.3775900132662,85.95101730224579,36.138495911171525
435.57474216697057,154.11843742463986,85.95101730224579,36.13849591117153
427.1303777255008,167.25411544470393,85.95101730224579,36.13849591117153
423.92121404087663,173.45888905556436,87.67803109289981,36.8646267095147
423.5189143157347,170.69574051216273,89.43974577164946,37.605347653988986
421.0780479538563,175.57747323591954,89.43974577164946,37.605347653988986
415.78593209658027,175.19967111071372,91.23685858343921,38.36095190440059
414.3713388588842,176.80620635915628,93.07008078295627,39.13173851101571
413.8633507658491,176.80620635915628,93.07008078295627,39.13173851101571
412.3393864867438,175.28224208005096,93.07008078295627,39.13173851101571
409.8803936410525,176.92105744124046,94.94013791612821,39.91801253291755
404.26282166538203,178.59280151948232,96.84777010727697,40.72008515874147
402.14839289782867,180.1786230951473,96.84777010727697,40.72008515874147
395.36073266467434,182.94117191092994,98.79373235204248,41.53827382983606
392.66459018369966,184.55885739951475,98.79373235204248,41.53827382983606
387.6598099020958,174.16393665211598,96.94026599896164,40.758975476836156
388.0400446183496,197.82720565506668,95.12157247448252,39.99429751768017
388.4131457620976,202.3558547057644,93.33699940657425,39.24396565958237
386.3753658895847,200.8275198013797,93.33699940657426,39.24396565958237
385.35647595332824,205.92196948266195,93.33699940657426,39.24396565958237
385.9471006931748,212.15048956732988,95.21241973565057,40.032494661580365
390.9976893855301,216.68346377111692,93.42614228490508,39.28144618797146
395.44359260855583,212.97249064009515,91.6733771337094,38.544488113036905
398.5255137096175,211.08415930860423,93.51537030045702,39.31896251269216
401.6693598513627,219.87667504802522,95.39437463590411,40.108998426459685
400.7109802665831,230.40788194134245,97.31113380546334,40.91490853184254
403.4512979814698,239.02614722010242,99.26640641701653,41.73701178897286
405.0767232118128,240.65157245044549,99.26640641701654,41.737011788972865
417.53831664444294,246.61146496170335,99.26640641701654,41.737011788972865
400.28678438894383,244.56672884242235,101.26096632115366,42.575633566848694
410.2352937859219,252.30445837340525,101.26096632115366,42.575633566848694
413.39595068099777,252.7038384879051,99.36121226299218,41.77687333784898
436.0210419838301,260.1459621826269,97.49709943572766,40.993098626385496
405.24106388898355,261.33057895399287,99.45610865468974,41.81677295708546
406.86959537465,262.4162666111038,99.45610865468974,41.81677295708546
376.4703409755429,251.01654621143874,99.45610865468974,41.81677295708546
392.2993138651635,256.5677161160357,101.45448024588842,42.65699737611218
394.60255856698916,256.69291378149916,103.49300511746907,43.5141044243904
397.51696007686377,285.6293903686769,105.57249006929437,44.388433324589684
404.8457870934701,291.2318256262177,103.5918476388907,43.555663211806326
413.8924624062437,288.97015679802433,103.59184763889071,43.55566321180633
429.56505161704894,285.98622682413514,101.64836398379433,42.73851667500445
446.6080361288905,293.59965746678097,99.74134196929725,41.936700600727264
479.2720761796804,266.9240247586359,99.74134196929725,41.936700600727264
469.31968504425794,302.7034547600497,97.87009753961557,41.1499273746111
481.9898720894544,305.76039696998464,96.03395947251613,40.377914778217026
483.5623680256991,305.76039696998464,96.03395947251613,40.377914778217026
493.52150895524863,311.0020500908002,96.03395947251613,40.377914778217026
509.7706336297769,315.7195378995342,96.03395947251613,40.377914778217026
516.0606173747556,317.81619914786046,96.03395947251613,40.377914778217026
531.638091280024,323.96078202596703,94.2322691385467,39.62038588779806
542.4390519785278,321.3891247167995,94.2322691385467,39.62038588779806
555.2973385243656,320.87479325496594,94.2322691385467,39.62038588779806
580.4995801542078,264.29833245327944,94.2322691385467,39.62038588779806
565.9535807360842,261.0696706768611,92.4643802647831,38.87706897496564
591.7727888605167,258.15568168257744,94.3222670574434,39.65822592187962
604.725392610001,262.39065945101225,96.2174843694286,40.45507865532795
613.5054645370363,255.41780953727047,94.41235093018031,39.69610209564401
631.9117868317433,268.6730375155263,92.64108354713633,38.951364673227786
642.6109393577402,270.3042989210938,94.50252083884895,39.73401444360695
649.8322307675807,259.98816833560744,94.50252083884895,39.73401444360695
664.3570070702028,264.23123932296863,96.40135999006395,40.53238999582235
668.1240464758658,260.66700688767344,98.33835251634432,41.34680730800841
648.8868290219901,257.0311583300558,100.31426503345523,42.177588707248226
607.6681885556997,220.74244514243182,98.43227201075008,41.38629618633811
612.8895758637904,223.27969109737174,96.58558700466979,40.60984908150889
621.3243944855296,219.06228178650213,96.58558700466979,40.60984908150889
603.7792484515418,189.39418054814095,94.77354760253642,39.84796887833918
612.6555367205976,180.71727469508284,96.6778324945142,40.64863411701165
623.2091297452314,176.49583748522934,96.6778324945142,40.64863411701165
627.2820926611706,171.0726652457298,94.86406247741593,39.88602626891351
637.4920012605584,175.0712746178766,93.084320547109,39.13772568457992
646.494230429355,179.5029320107734,91.3379683036421,38.403463945849516
650.9810364958098,179.5029320107734,91.3379683036421,38.40346394584952
655.3275690372845,178.3675731263734,89.62437932406687,37.682977670346304
656.7951121131887,176.9000300504693,89.62437932406688,37.682977670346304
591.2448547228055,194.5105469613185,89.62437932406688,37.682977670346304
598.4449282448878,196.33157466389406,87.94293893773778,36.976008417003385
602.149896796313,201.47846271816604,86.29304400582745,36.28230259335927
601.7539519119164,198.75896165412234,88.02693013903655,37.01132289936764
606.9038447942668,214.4809281907912,86.37545945062978,36.316954541742064
605.8282964776956,215.29304687324517,84.75497195600653,35.63561320877547
610.9169316049755,219.45647561374693,84.75497195600653,35.63561320877547
609.9917252181973,223.1573011608596,84.75497195600653,35.63561320877547
609.9917252181973,224.08250754763776,84.75497195600653,35.63561320877547
609.3989584258508,251.71037531156378,83.16488638036505,34.967054500835296
611.0869340554775,261.11686942560806,81.60463235418328,34.311038603463416
613.1886498706343,265.89280610125587,80.0736502086253,33.667330201353806
617.6288134184657,257.2505801001886,81.6825700622672,34.34380786708961
611.7075309671268,283.87692652231146,80.15012572962375,33.69948468177361
609.9576534905674,283.87692652231146,80.15012572962375,33.69948468177361
609.1524252524248,285.7257114951553,81.76058220590909,34.37660842748449
607.8136469289028,287.5107492598512,81.76058220590909,34.3766084274845
608.7061658112508,282.1556359657634,81.76058220590909,34.3766084274845
609.1524252524248,281.7093765245894,81.76058220590909,34.3766084274845
607.3673874877288,278.1393009951975,81.76058220590909,34.3766084274845
605.6534609162492,273.7776014280649,83.40339758417242,35.06733762061795
606.1086870483747,269.22534010680994,83.40339758417242,35.06733762061795
605.6534609162492,266.0387571819315,83.40339758417242,35.06733762061795
603.7044684874825,255.44227866395937,81.83866885619972,34.409440314538514
605.812211879793,258.44516980786386,80.30329595860158,33.763885800775654
605.3739064884656,261.5133075471555,80.30329595860158,33.763885800775654
606.2505172711204,258.88347519919125,80.30329595860158,33.763885800775654
606.6888226624478,257.1302536338817,80.30329595860158,33.763885800775654
606.3203609909272,258.1059609291663,81.91683008429777,34.44230355817064
605.4261364678165,257.2117364060557,81.91683008429777,34.44230355817064
605.8732487293718,257.65884866761104,81.91683008429777,34.44230355817064
608.180057126817,256.4185995418033,83.56278495118157,35.13435276356496
608.2527357842584,257.8900066196711,85.24181198920567,35.84030731364328
607.787475357331,256.95948576581617,85.24181198920567,35.84030731364328
607.787475357331,261.612090035091,85.24181198920567,35.84030731364328
609.1832566381134,265.79943387743833,85.24181198920567,35.84030731364328
610.1879164816737,270.0919684992866,86.95457571750478,36.560446608496314
608.8397184320421,272.09770849586306,88.7017540073966,37.29505566220083
607.871427989227,271.6135632744555,88.7017540073966,37.29505566220084
610.8534475888523,280.92178292589693,90.48403835066722,38.044425215621445
610.3595744375111,283.39114868260356,90.48403835066722,38.044425215621445
610.9321460002451,286.9599205754054,92.30213413324718,38.80885185147893
611.5162222433892,296.1421617921329,94.15676091438652,39.588638111730695
612.399458376467,299.08311908170174,92.39028864823081,38.84591681800614
612.4798147473504,304.7441860131163,94.24668671803971,39.62644782463034
613.5086350569067,310.40269771567574,94.24668671803973,39.62644782463034
615.0518655212411,321.20531096601655,94.24668671803973,39.62644782463034
616.0806858307974,323.2629515851291,94.24668671803973,39.62644782463034
620.7923481952441,310.00459060760556,96.1403853942653,40.42266204077064
620.1199530949933,338.7200694968407,94.33669840665841,39.664293648254116
620.7169038038082,334.2023705724171,96.2322056877434,40.46126830052849
622.376343772448,341.6745869096811,98.16579939662724,41.27425656449101
621.9259222287234,347.68953901006904,100.13824480390367,42.10358020164133
624.658757291822,352.60864212364663,100.13824480390367,42.103580201641336
625.2053243044417,358.6208792624637,100.13824480390367,42.103580201641336
627.3915923549206,368.4590854896189,100.13824480390367,42.103580201641336
630.670994430639,375.01788964105566,100.13824480390367,42.103580201641336
636.1366645568363,381.0301267798727,100.13824480390367,42.103580201641336
637.3168937308928,380.6071331613769,102.1503225567485,42.94956743863291
640.1046396489144,384.509977446607,102.15032255674852,42.94956743863291
644.0074839341445,383.95242826300273,102.15032255674852,42.94956743863291
586.6687631745439,316.6150334012146,104.20282898788128,43.812553097177364
591.8781616659721,315.60611856717327,106.29657643073479,44.69287872655895
582.687733759407,309.3553120242942,108.43239354095755,45.590892738811704
588.7004178315113,311.2646331583316,110.611125624376,46.50695054661264
591.2115389613012,313.8160475824778,112.8336349715466,47.44141470394573
583.9193555135721,314.5711474764521,115.10080119902989,48.39465504959212
588.3169970769209,309.5452714040535,115.1008011990299,48.39465504959212
592.0864041312198,308.28880238595383,115.1008011990299,48.39465504959212
594.6994509862726,311.57201253829703,117.413521597522,49.367048853503576
595.9811662363529,303.24086341277496,117.41352159752202,49.367048853503576
599.2875746669046,306.59004310670923,119.77271148698104,50.358980966117024
599.9413090442047,301.3601680883085,119.77271148698105,50.358980966117024
603.8637153080052,300.05269933370835,119.77271148698105,50.358980966117024
605.1711840626054,296.1302930699078,119.77271148698105,50.358980966117024
605.8249184399056,296.1302930699078,119.77271148698105,50.358980966117024
612.8320540223049,298.5638878939426,117.52565911358431,49.414197581847944
618.0660293437187,291.6527513022381,119.88710218215357,50.407077053860014
530.3819587248101,267.4414780716439,119.88710218215358,50.40707705386002
528.5231542167751,250.5760949729722,122.2959937262996,51.41990645310323
530.6320413460223,246.72197105257266,124.75328712824214,52.45308663346544
532.1023833648637,245.5140821382157,127.25995492650989,53.50702650319167
541.2428764959261,260.25773885652444,129.81698920084827,54.5821431867203
547.7328003710574,267.50350961213655,132.4254019648609,55.67886218977108
544.9567998945093,259.7161885446068,135.08622556654086,56.79761756775016
542.1250212403861,253.24703172383624,137.8005130968494,57.93885209753897
544.5012702050412,256.42561086572107,140.5693388065044,59.10301745273482
552.7250834886911,270.79043513628835,137.9321215099226,57.994187453035664
549.8336470319271,263.43214024097597,140.70359162742147,59.15946466152951
553.6735356724391,270.3439397938978,140.70359162742147,59.15946466152951
550.7240015829493,263.60577240735637,143.53074889399124,60.34815578497363
558.5580886288813,274.573494271661,143.53074889399124,60.34815578497363
553.9824721417449,263.7828933648558,146.41471223151822,61.560731279161104
560.5030140922566,272.7542203063947,149.3566230443861,62.79767105275329
556.5568816248397,268.86249529882764,152.35764567121697,64.05946465721627
552.5314595177548,260.7346388276018,155.41896784568874,65.34661148057373
550.970042857293,253.29176542064,158.54180116661217,66.6596209450529
562.8413326994024,264.30115580094184,155.56740302390375,65.40902172595958
559.4449076512785,254.11188065657015,155.56740302390375,65.40902172595958
561.9922264373714,254.9609869186011,155.56740302390375,65.40902172595958
561.1431201753404,246.46992429829137,155.56740302390375,65.40902172595958
563.6904389614333,247.31903056032232,155.56740302390375,65.40902172595958
564.5395452234643,244.77171177422943,155.56740302390375,65.40902172595958
578.1252454159599,260.05562449078684,155.56740302390375,65.40902172595958
580.6725642020527,264.30115580094173,155.56740302390375,65.40902172595958
578.7354369265522,251.3290239901174,152.64880747865698,64.18188496261719
580.1673568559027,249.43155262106077,149.7849676199561,62.9777704765725
594.0656220153421,255.15436768671228,149.7849676199561,62.97777047657251
560.316242333057,227.13105442296728,146.9748561779507,61.79624634754751
571.3214226978063,226.10631907524385,144.21746515537035,60.636888758508036
568.2982281591626,220.7741892474509,147.11522668273722,61.85526576433274
559.2395884132784,214.93063582619374,144.35520217317958,60.694800913723284
564.75494912623,216.50645317275135,144.35520217317958,60.694800913723284
566.8969796843201,213.92416518120447,141.64695840355708,59.55610751058655
605.3357805179832,236.1303791468148,138.9895239169066,58.43877710142669
621.2668453119664,251.30282180775123,138.9895239169066,58.438777101426695
638.7151543720433,257.3717988721258,138.9895239169066,58.438777101426695
640.9910207711838,253.57868820689168,138.9895239169066,58.438777101426695
639.4737765050902,252.06144394079803,138.9895239169066,58.438777101426695
642.5082650372775,255.09593247298534,138.9895239169066,58.438777101426695
641.7496429042307,250.54419967470437,138.9895239169066,58.438777101426695
647.6051649200944,247.2992731123176,136.38194548174096,57.34240889573205
649.6288834310711,224.76109374890208,133.82328775012132,56.26660962221016
650.8842108450596,224.55847769356694,131.3126329221445,55.2109933877199
650.167490139239,241.04305392744033,131.3126329221445,55.21099338771991
616.2799518067404,214.3255730306931,128.84908041672466,54.17518153885021
607.1373855244872,180.5684052192964,128.84908041672466,54.17518153885021
619.7963234537609,209.40265272486442,128.84908041672466,54.17518153885021
595.6871145293,190.92243533733105,126.4317465485517,53.15880252609567
504.40235620912847,211.43341709701312,124.05976421111001,52.16149177058041
509.9273262383016,212.263643960004,126.55249705340384,53.20957262472668
524.9292359326183,210.69055771185214,124.17824931923575,52.21130937286055
516.7958717145009,211.36833806336193,124.17824931923576,52.211309372860555
518.1514324175205,212.04611841487173,124.17824931923576,52.211309372860555
523.382966797154,215.24700725285714,121.848544778086,51.23177450896804
518.833492722274,214.7323072302528,124.29684758831209,52.26117455417673
520.6778851778297,219.97153615124964,121.964918028469,51.28070417106089
520.7839640561538,216.79354570220073,124.41555912641503,52.31108735997002
527.6829305573293,218.30522921702357,126.9154409559421,53.362174038293894
531.1465319792658,212.76346694192517,126.91544095594212,53.362174038293894
531.1465319792658,217.61250893263627,126.91544095594212,53.362174038293894
538.5715429958607,218.80579231830808,124.53438404172387,52.36104783572486
541.3987533816813,218.95947123040912,127.03665342027423,53.41313836988808
541.2036551163279,221.54065803321345,124.65332244252113,52.41105602696917
539.6514703643071,226.1145393444874,122.31470506825636,51.42777372188057
546.1397128440349,226.59695683159933,120.0199624268591,50.46293874765672
547.2655583645965,223.1398202758449,117.76827138573597,49.51620501445723
551.2247505746736,227.1419129771519,120.13458926268957,50.51113412181272
555.263494833828,231.88012927837897,122.5484535647448,51.52605433972231
561.3900437512408,233.3691269433143,125.01081964222121,52.56136734957035
566.9573687920197,235.57036766236266,127.52266204129236,53.61748290372526
571.9405235221408,236.42376876577458,130.08497488968806,54.69481898770982
574.1837247987686,233.7442172807003,132.69877229014656,55.79380198562988
573.9799308574824,232.09473095133794,130.2092144641653,54.74705608152412
570.2264697362134,235.45107736035945,127.76636316049726,53.71994814702733
570.0302508092188,244.32337324166522,125.36934211942923,52.712109754760085
578.2416286216223,247.74478066350005,125.36934211942925,52.712109754760085
579.7192314634874,260.21655665582114,127.88838831063495,53.77125417606248
581.9245545314864,261.7704360074383,130.45804969696053,54.85167998622211
582.4362580944835,271.541703091491,128.01053000269255,53.82260920567761
588.7245348456895,272.9390979250923,128.01053000269258,53.82260920567761
592.2180219296928,272.9390979250923,128.01053000269258,53.82260920567761
591.3227306033543,283.2257439670102,125.6089281545655,52.81284479226054
592.0083197781421,290.767224889676,125.60892815456552,52.81284479226054
603.0869948276177,289.55105146968276,128.1327883479752,53.87401328267143
597.4920770830031,300.7408869589118,128.1327883479752,53.874013282671434
597.9946601316284,308.9392632596656,125.72889281457105,52.86328447885377
609.6608073979768,310.9979951301977,125.72889281457107,52.86328447885378
548.3920053846117,286.7890959588051,123.37009669568855,51.87151792886908
524.9313790316713,299.0619864767587,125.84897204859502,52.913772338613846
529.546400313927,265.90027450367285,123.48792312667865,51.92105858735356
531.3787894548122,265.0392943119885,121.17116977524603,50.946969110046666
531.4841779713033,265.1888229236435,123.60586208954005,51.97064656037484
553.1806821622254,248.47495124574786,126.08947467650518,53.01489276171245
560.751014795362,253.29243564865297,126.08947467650519,53.01489276171246
566.0630676330879,258.60722548585363,123.72391369174795,52.02028189312135
567.2236580148844,253.0174962076944,121.40273292815479,51.044330890246954
575.1752328630778,253.68012744504384,121.40273292815479,51.044330890246954
555.9589269799437,264.9448584799844,121.40273292815479,51.044330890246954
549.9952458437987,277.5348519896239,121.40273292815479,51.044330890246954
551.9831395558471,284.1611643631185,121.40273292815479,51.044330890246954
562.6908292717744,278.347297594034,123.84207804088021,52.069964630824686
558.444964198126,271.4003387888565,121.51868039935323,51.0930815315463
596.0643935408228,257.9510707458558,119.23887195372839,50.13452570781767
594.1119316969134,262.50681504831124,119.23887195372839,50.13452570781767
604.341938814507,261.0246393972343,117.00183492836308,49.19395332215271
588.1969869598211,278.0899778504197,114.80676688987981,48.27102698779042
613.0858562354699,265.3835612239558,112.65288045933046,47.36541564767308
618.717697052269,267.9820718394395,114.9164147863998,48.31712894428178
605.9966505070848,284.7432406993747,112.76047125483758,47.410652686693126
604.1502684169242,284.1277800026545,112.7604712548376,47.410652686693126
605.8234770823294,286.4188970341941,110.64497531746744,46.52118280393522
607.0313051951364,291.2502094854221,110.64497531746744,46.52118280393522
609.4469614207504,294.2697797674396,110.64497531746744,46.52118280393522
575.4578497390085,334.5644987720871,108.56916813814543,45.6484002399021
584.179873798996,345.659215690781,106.53230511723064,44.791991924290194
595.9018619801851,328.9281484181236,108.67285872395115,45.69199741802496
588.8785801209767,352.19510370221593,110.8564224742915,46.61008672214533
587.4981945423451,343.5563065263245,108.77664834098064,45.73563623427599
576.2175811361894,339.40029106089867,108.77664834098064,45.73563623427599
592.3425348953958,354.37743686305254,110.96229753609597,46.6546023731313
600.6511676086893,354.815079685407,108.88053708381514,45.779316728422316
566.6097914782641,333.25602119136204,106.83783247912318,44.920452292358654
567.2858477840692,333.9709962606113,108.98452504712621,45.823038940269015
552.247195519607,254.6907896042679,106.93986952726449,44.963354233054424
555.0014168005848,258.6147144630407,104.93357373042853,44.1197980457484
564.2565309251883,258.1714649119741,107.04200402739404,45.00629714788162
564.9338792027554,276.4152640386472,109.19279901431648,45.910608676474006
564.9338792027554,265.6874818878133,109.19279901431648,45.910608676474006
566.2208253365322,247.94259193695723,111.38680992491115,46.8330905366104
568.0447145827974,249.15851810113395,111.38680992491115,46.8330905366104
577.6010600904946,264.18894919924355,109.29708520799123,45.954456280632705
582.9700740292193,264.7855063035463,109.29708520799123,45.95445628063271
532.3577812055494,184.38517288195527,111.4931915410754,46.877819170679466
533.0632960353305,186.34838977645504,113.73342423871023,47.819735191275925
534.7509419706898,171.27768222809718,111.59967475857167,46.92259052349039
551.6350491510885,172.93608875914435,109.5059564906688,46.04227716084941
561.627725437815,157.8278617794513,107.45151841058755,45.17847933172435
540.349289558789,171.15430080973064,105.4356235838612,44.33088718866895
537.3099615392832,173.2965883528365,103.45754890162915,43.499196697275934
536.5863910160309,175.96336868916754,101.51658482125526,42.68310952711873
553.2090959393395,208.65468837167447,101.51658482125526,42.68310952711873
550.9927352828984,214.19559001277733,101.51658482125526,42.68310952711873
545.5401276006093,212.10450366058228,103.55635756006875,43.54074124684713
545.6301956499376,210.53662460809034,105.6371154525232,44.415605360720036
548.3508646831674,211.5298450848923,103.65526058717535,43.58232547415333
611.7163568388207,199.08305198288895,103.65526058717535,43.582325474153336
611.8065109089682,198.07943882719454,105.73800573815346,44.4580251399055
613.9526471520338,198.49647668860263,103.75425807307717,43.62394941708933
611.6874324983266,197.9301730251758,103.75425807307717,43.623949417089335
635.4721863622515,197.36386936174904,103.75425807307717,43.623949417089335
620.0226454391504,204.00242348560494,101.80772744052597,42.80552176476667
620.0226454391504,201.7797064584496,101.80772744052597,42.80552176476667
620.0226454391504,196.2229138905612,101.80772744052597,42.80552176476667
638.9157401699711,193.44451760661696,101.80772744052597,42.80552176476667
620.5783246959393,196.2229138905612,101.80772744052597,42.80552176476667
621.5333306097873,197.73580898155222,99.8977156128299,42.00244860993991
620.988076435451,196.1000464585433,99.89771561282991,42.00244860993992
622.7107249072283,195.1328146842472,101.9049604126385,42.84640380985944
624.7790628464866,196.6471546880154,99.99312439996704,42.04256366816803
641.544519796792,192.67533492900617,98.11715628739138,41.253804348107806
630.9191439103853,200.82944913985892,100.08862430867394,42.082717038874335
634.0432085132902,199.58531692467264,98.21086452507528,41.29320440258853
632.8202855826247,198.36452583796415,96.36833333842512,40.51850379001971
633.1982769725305,198.21861871007533,94.56036982603578,39.75833731321965
584.7650268019236,240.65733550314314,96.46037133695032,40.55720158485418
576.8676359846983,244.34278455118158,96.46037133695032,40.557201584854184
570.9280757270776,252.0941288897629,94.65068110233469,39.79630909984534
580.7437646495549,253.12735930265526,94.65068110233469,39.79630909984534
577.1274582044317,252.0941288897629,94.65068110233469,39.79630909984534
584.8766863011243,253.12735930265526,94.65068110233469,39.79630909984534
587.4597623333552,252.61074409620912,94.65068110233469,39.79630909984534
592.4805533291773,258.1502048622316,92.87494241382936,39.04969169672378
596.3933034034302,256.99574091951354,91.13251830746049,38.317081561091406
590.921764410561,261.96986727666734,91.1325183074605,38.31708156109141
595.9751531939696,269.0461042524945,92.9636439978123,39.08698668089843
613.5916331886376,289.20163792975757,91.21955576359377,38.353676855147455
596.2449019209326,303.25506092799156,93.05243029755167,39.124317284197936
596.101995387667,304.12995777453835,91.30667634613366,38.390307100079
610.6339424352067,290.2884628307354,93.14130139395652,39.16168354064089
595.2395946969284,309.46576092444695,91.39388013447122,38.426972329266384
595.2395946969284,284.0249626873013,91.39388013447122,38.426972329266384
606.7128958627,286.0203194117833,91.39388013447122,38.426972329266384
607.5702148326075,267.9237333681267,89.67924219465615,37.706045013662326
604.143851516831,269.88165526285616,89.67924219465617,37.706045013662326
569.253011771547,325.5466497985142,87.99677252759994,36.998642994559134
569.253011771547,322.66486573041277,87.99677252759994,36.998642994559134
573.6522229878677,327.0961323104036,89.76489167799701,37.74205672824881
576.9440010512861,350.96767317037705,88.08081514346296,37.033979094410626
580.3092934695269,360.102038305602,88.08081514346296,37.033979094410626
574.8857055045017,338.8154123218339,86.42833352004783,36.33918568456563
567.6769228793943,334.438925434959,84.80685405653867,35.657427273772
553.3274453363633,322.86676612606306,84.80685405653867,35.657427273772
553.7903317087191,330.73583445611234,84.80685405653867,35.657427273772
569.39822509122,342.64247774549943,83.21579512231082,34.988459312789836
556.7529410679444,334.11532704761254,84.88785009370342,35.69148242576172
554.8996272326847,331.3353562947228,84.88785009370343,35.69148242576172
515.9800366922287,365.6216622470293,84.88785009370343,35.69148242576172
519.0929682355719,368.2731079754555,83.29527159516675,35.0218755570588
517.1465025232225,367.2377222712356,81.73257141574408,34.364831163437906
527.4069532834487,365.0071894972734,81.73257141574408,34.364831163437906
526.3892182675734,359.5301630863567,80.19918900915533,33.72011356066764
515.4457892018108,373.9754894531632,80.19918900915533,33.72011356066764
528.5779040807258,356.9037401105737,80.19918900915533,33.72011356066764
533.8307500322918,371.78680364001076,80.19918900915533,33.72011356066764
531.5188972256994,381.29559509249424,78.69457434551299,33.087491486181655
542.9952102512602,379.02882309716716,77.21818771402431,32.46673801612391
535.8302799846673,387.0366863363005,77.21818771402431,32.46673801612391
543.0623707009316,383.76024384893026,78.7697327597622,33.11909218308189
540.7917239524415,400.8383824966123,77.29193608343924,32.49774585326428
545.8541521211134,394.5103472857724,77.29193608343924,32.49774585326428
548.4525907976991,403.88684600534543,78.84496295516378,33.15072306069392
553.1863927074088,404.74753726165625,78.8449629551638,33.15072306069392
551.4650101947872,406.0385741461225,78.8449629551638,33.15072306069392
557.0595033608076,407.3296110305888,78.8449629551638,33.15072306069392
557.1280786967893,406.13587103504875,80.4291947958219,33.816820539152445
559.1995212831495,413.9159627993569,78.9202650002734,33.182384147842285
564.2473980477814,411.642689857045,77.43964419294335,32.55985039930578
508.3353395851683,386.1649284402737,75.98680126972317,31.948995988406388
509.8776235261329,402.2249517107842,74.56121509053312,31.349601799428754
507.84280153234147,418.09656326235705,74.56121509053312,31.349601799428758
514.0121170638251,438.12982942579305,76.0593735853472,31.97950934838468
524.3906554243883,447.6780847175112,76.0593735853472,31.97950934838468
533.523769181684,455.56577387153925,76.0593735853472,31.97950934838468
535.5994768537967,457.6414815436519,76.0593735853472,31.97950934838468
539.3357506635995,453.9052077338491,76.0593735853472,31.97950934838468
533.9389107161066,455.1506323371167,76.0593735853472,31.97950934838468
526.76469541523,461.26259714365256,74.63242587904433,31.3795426991437
532.9399030425311,461.35469564403706,76.13201521223198,32.01005185059759
546.9512749964449,463.7326555795064,74.70370467846972,31.409512194356644
557.4378430092758,464.58988037738806,73.30219063728906,30.820239245223863
553.8370106309765,464.58988037738806,73.30219063728907,30.820239245223867
546.922863526311,462.87852675319493,71.9269703604683,30.242021628833314
536.7156180904034,463.27111311611446,71.9269703604683,30.242021628833314
535.2078310568378,462.96728664582037,73.3721989759212,30.84967456942146
541.6154246681924,464.16871044794937,73.3721989759212,30.84967456942146
522.6804360840367,419.20446549358536,71.99566527468573,30.27090471776564
544.5757010293341,424.5969182853229,70.64495668237551,29.70299315054429
556.0348762555046,425.646724727869,69.31958869486948,29.145736155797433
571.0626157172666,408.5157982285739,68.01908589781439,28.598933843399266
569.473127911417,434.40077846576946,66.7429817960919,28.062390073356855
527.9438960386519,402.343125792056,66.7429817960919,28.06239007335686
533.7725601611453,383.0356758862968,66.7429817960919,28.062390073356863
537.8378163940567,387.85382819160645,68.08404852932077,28.62624767710082
538.5810388278951,388.59705062544475,68.08404852932077,28.626247677100825
562.3641567107215,378.56354776862736,68.08404852932077,28.626247677100825
568.3691522217167,382.36367755745016,69.45206131642041,29.20143487167681
573.9486602920629,388.70284921225897,68.1490732043468,28.653587597282225
564.9168123149162,372.60512406947174,66.87053041452893,28.116018469745168
569.1939671967067,372.86886597381937,65.61597432898353,27.58853466104994
591.2978865259934,404.28585378992454,64.38495493384603,27.070946960821672
593.7578342493964,413.07138137350677,64.38495493384605,27.070946960821672
602.0930606608973,408.7568456562269,63.177030657948976,26.563069708455856
602.0930606608973,407.0327051452503,63.17703065794898,26.563069708455856
613.8172161355382,411.51547047378943,63.17703065794899,26.563069708455856
629.7342570024084,397.45548050615065,64.44644673495917,27.096801468107863
639.1327142946255,419.5185791218342,63.23736881316128,26.588439160079208
645.4005487760791,427.88039425185605,64.50799726472414,27.122680668122683
629.8094016601502,430.59946695130486,63.29776459521891,26.61383284117162
637.6583941691777,438.4498334524826,62.11023706579619,26.114531493573434
644.8315281001368,432.76338725347364,63.358218059159235,26.63925077487381
653.1311371945005,401.2940361040112,63.35821805915924,26.63925077487381
656.1461873612449,409.8435343047333,62.169556364049356,26.139472562157152
655.0327220748935,410.76739361283154,61.00319511659573,25.64907067402324
645.2831075151535,416.0024399048899,59.85871593874535,25.167869201517966
655.3193848211552,419.5056900092253,58.735708301623774,24.695695535910033
649.779204862501,396.9756840004628,57.63376937827688,24.232380306775546
648.7469761435358,383.361814658288,56.55250389917537,23.77775732124423
651.4381603582152,378.33746119597254,55.491524010430155,23.331663504385446
649.923762109899,374.40002575035055,55.49152401043016,23.33166350438545
654.4669568548475,369.25107170607566,55.49152401043016,23.33166350438545
664.1591056440708,375.005785049677,55.49152401043016,23.33166350438545
665.0677445930605,376.2173036483299,55.49152401043016,23.33166350438545
662.3418277460914,380.1547390939519,55.49152401043016,23.33166350438545
655.5932535920551,382.19087932376766,54.45044913466772,22.893938840712607
656.1040252421311,381.811240919086,53.428905834515646,22.464426316785026
655.1471062062913,390.77061682767334,52.42652767864924,22.042971864886653
641.9841823814622,352.4264474249104,52.42652767864924,22.042971864886653
641.4118813456001,355.57410312215217,52.42652767864924,22.042971864886653
640.7590655580249,345.19330773726534,51.44295511035129,21.62942430776138
662.5810617362856,331.0763173652685,50.477835318537764,21.223635304385237
664.707654213842,324.3875475612118,49.53082211120315,20.82545929675591
663.1286612243969,322.5562522067294,50.52604491988355,21.243905250405625
661.473996546455,312.3524866927551,50.52604491988355,21.243905250405625
665.3348807949859,316.4891483876096,50.52604491988355,21.243905250405625
669.6697238766518,318.8946461039486,49.5781272536135,20.84534895890572
677.8309522175346,328.42695267651123,50.57430056452036,21.264194555537014
651.5294030427306,332.4909927887883,49.62547757549804,20.86525761697081
653.1977369829881,333.3648181284992,50.62260229642252,21.284503238268606
667.7641294652702,322.78860283114784,49.672873120006074,20.885185289093506
653.8606865288025,339.2517597119996,48.740961785178555,20.49335893240466
654.4351474171783,339.84397590219817,49.720313930328146,20.90513199343347
659.3199814092595,337.40155890615756,49.720313930328146,20.90513199343347
655.2925306144108,312.76736553717916,50.71934419813023,21.32517881057753
663.918451152312,316.98244209402236,51.73844798110326,21.753665628418467
665.0930301941082,311.6807858139712,52.77802861638757,22.19076203189028
690.7311759849429,273.0795326008045,52.77802861638758,22.19076203189028
688.7605962513003,279.77025040196156,53.838497545376654,22.636641013397053
691.4053112792541,280.94567930327435,53.83849754537666,22.636641013397053
690.8175968285976,283.00267988057175,53.83849754537666,22.636641013397053
688.1728818006438,290.3491105137768,53.83849754537666,22.636641013397053
689.9360251526131,289.173681612464,53.83849754537666,22.636641013397053
691.6991685045823,291.2306821897614,53.83849754537666,22.636641013397053
691.616485300975,292.6184537744926,52.82843505127839,22.21195564656028
691.616485300975,292.90679795292203,52.82843505127839,22.211955646560284
692.6887300282754,296.86363120098645,51.83732231039573,21.795237789598254
691.839926343343,298.5612385708509,51.837322310395734,21.795237789598254
692.4057954666312,301.6735187489357,51.837322310395734,21.795237789598254
691.6020772463958,302.58629113905874,52.878889627578516,22.23316950250465
690.7822099159611,303.5174038648166,53.94138515686545,22.679900577318477
690.2402877899826,305.35048183475294,55.025229408822355,23.13560781961854
688.7864731557785,308.12139550728756,56.13085134333383,23.600471587538138
687.254627266398,308.12139550728756,56.13085134333384,23.600471587538138
688.5289237356338,310.64161597036826,57.25868853937544,24.074675863146542
689.3785630885709,316.18037403292476,56.18445994103588,23.62301156611741
690.6052102096887,314.0337415709686,56.18445994103588,23.623011566117412
688.8141059117733,311.6497805233134,57.31337429463112,24.09766873751541
688.5511306323529,309.5307420817583,58.46497192433314,24.581863195458308
687.1849058629892,307.20845910387925,57.36811227832416,24.12068357156817
688.9755358186121,307.4347228270368,56.291830784385446,23.668156125253027
688.5818370514567,307.34949379931766,55.23574137640165,23.224118533259837
689.8358125128484,303.7998535744019,56.34559312787769,23.690760746948627
688.5191139420286,304.9447082085735,55.288495086123774,23.246299070302094
690.8483758250633,303.6539123180386,54.251229230133596,22.810175926306222
687.8039591004631,311.56674196622674,53.23342348884408,22.382234875991312
689.8841414132592,310.1796602204887,54.30304266700543,22.831961121354606
689.2079592372493,312.1721917241272,53.2842648553265,22.403611359625963
680.6919947300523,318.4898237160212,52.28460030468404,21.983297855378567
684.6069599942824,319.5521653053409,51.30369043174099,21.570869840618418
684.0469161295122,320.11220917011116,51.30369043174099,21.57086984061842
683.4868722647419,317.87203371103016,51.30369043174099,21.57086984061842
683.4080819255762,318.6344228081569,50.34118338053187,21.166179375905493
676.5388707001547,325.5036340335784,50.341183380531874,21.166179375905493
665.1960521345702,318.2834349494322,49.3967338962508,20.769081297287315
667.816325690776,319.28709959425584,48.47000320140732,20.379433164228125
671.4456616287925,323.1820429756559,47.56065887430567,19.997095208514928
666.6999637022378,315.841457439584,46.66837472980387,19.621930284122126
668.737738117784,318.64339726096,46.66837472980387,19.62193028412213
671.9774499529069,319.59162589984254,45.792830702309985,19.253803818016745
671.9071229913955,319.0224070071379,44.933712730973376,18.892583761886577
670.4356001872136,320.00342220992576,44.933712730973376,18.892583761886577
666.756793176759,310.92903158413776,44.933712730973376,18.892583761886577
670.7199350443527,309.51295823788917,45.83656582087683,19.272192447414163
675.1528112516978,309.9439224455405,44.97662733624669,18.91062740274013
657.9686488746602,300.86086518910633,44.97662733624669,18.91062740274013
659.9716715277034,301.40734367277776,45.8803427093139,19.290598639143386
666.6625670440867,304.3429257293938,45.01958292774692,18.928688276439086
673.051351808171,309.50309803884653,45.019582927746924,18.928688276439086
681.3367770639231,311.89216074361593,44.1749718355273,18.573567703574017
681.751159747906,311.5841648298812,43.346206467561615,18.225109537497534
689.2554380238455,312.4648921874853,42.53298954267579,17.88318878498872
691.279470598326,313.329096244626,41.73502935697927,17.547682797820862
696.9743453092595,309.0009914643165,41.73502935697927,17.547682797820862
698.7326100787584,306.65985237603263,40.952039679229706,17.21847122876707
697.42710007911,301.56939767327174,41.774889012504474,17.564441971166687
693.0307053254683,296.0338469819361,40.99115152891134,17.234915983746845
677.3692685834809,277.9113273233507,40.991151528911345,17.234915983746845
688.4930563959466,283.89010427889997,40.22211772156268,16.911572223838885
688.870359389121,284.2682803656879,39.467511735214075,16.594294706851404
672.868770604491,255.5578511994699,38.72706288993335,16.282969624176552
682.95539736672,253.17406776665345,38.00050558400672,15.977485302366487
663.2513055754424,238.24044030379042,38.00050558400672,15.977485302366489
662.2142481127436,233.05515299029628,38.00050558400672,15.97748530236649
662.6290710978232,234.0922104529951,38.00050558400672,15.97748530236649
674.8994000633991,234.76133861706393,38.76404974270616,16.29852091454694
679.164695294165,236.71338564328957,39.54293579418636,16.626007095282933
689.3431103579999,236.54635246300683,40.33747200309895,16.960073455848455
691.5447798213044,232.58334742905885,40.33747200309895,16.960073455848455
693.0239996252994,234.94411061596193,39.58070185841336,16.641886008651106
698.6409460414986,233.86392861284668,39.58070185841336,16.641886008651106
680.9259611904085,243.58556664088394,39.58070185841336,16.641886008651106
651.9770835069198,225.4385089885477,39.58070185841336,16.641886008651106
663.1501897390252,226.67479996251816,38.83812945650757,16.32966806694072
664.9983936860577,230.4316970928797,38.10948843394025,16.02330763699764
673.0521135676,231.20602250179832,37.39451742450686,15.722694826213145
654.7152833837678,225.1290503712804,38.14588546311747,16.038610933356246
663.0434831448636,228.66853526974612,38.14588546311747,16.038610933356246
662.2438405185037,229.34022334111376,38.91235073972789,16.360874742840174
668.8617266668857,236.1846728930986,39.69421660314124,16.68961379904806
679.2612136223257,240.51779245786526,39.69421660314124,16.68961379904806
692.849579319237,247.8239964204325,38.94951455439529,16.376500437643514
694.0653098836261,249.2531637559898,38.218783839230525,16.069261386949236
665.7285586243023,241.16481438859748,38.98671386291219,16.392141055997207
675.5170982717013,245.84628987213614,38.98671386291219,16.392141055997207
681.415465421041,222.80547303654495,38.25528525259707,16.084608572114714
671.3929640592296,220.5086498077965,38.255285252597076,16.084608572114714
668.2942048837822,225.98471280379567,39.02394869917751,16.407796612154215
665.0992412957589,228.96667881928397,39.02394869917751,16.407796612154215
676.6011102126425,237.69957929321407,39.02394869917751,16.407796612154215
675.749119922503,233.01363269744672,39.02394869917751,16.407796612154215
680.8011301042707,236.3625093841291,38.29182152717698,16.09997041483581
652.4102261329034,250.6218666870372,39.061219097122546,16.423467120381105
640.9313456467767,237.23840638605495,39.84607617244103,16.75346384523092
645.9681532095623,244.24709265204237,40.64670338097389,17.09009119427315
675.4748375805216,246.2437855794005,40.64670338097389,17.09009119427315
674.7468495447969,271.2518331396364,39.884131755358666,16.769464488048566
675.3999272211776,270.38106290446217,39.884131755358666,16.769464488048566
678.9176973497814,249.09641027650727,40.68552361471909,17.106413338006927
682.9148971465746,257.5349431808486,40.68552361471909,17.106413338006927
675.9683474845688,254.80854312368774,39.92222368382222,16.785480412516197
681.1366476503008,251.91539250980028,39.173244000835254,16.470568500351224
678.177344315809,247.687484490519,39.96035199254404,16.80151163322878
679.8608432894,247.84509082723537,39.210656985460766,16.48629895979604
678.6108468255298,276.1436756237196,39.99851671626963,16.817558164795223
689.0900573610736,282.25654843612017,39.998516716269634,16.817558164795223
692.3995993275554,283.3974921549605,40.80220691264964,17.155473361000453
698.4125945660248,287.1834521199227,40.80220691264964,17.155473361000453
697.6818214407072,284.4492329339444,40.03671788977768,16.833620021838378
697.9003468336274,272.8673871091725,40.03671788977768,16.833620021838378
696.1521436902656,275.271166431295,40.03671788977768,16.833620021838378
685.6014378969898,274.5549723886051,39.28559018430681,16.517804963856307
681.5273506543616,272.41071594511664,39.28559018430681,16.517804963856307
678.9542429221755,276.6992288320936,39.28559018430681,16.517804963856307
691.3909302944086,280.9877417190705,39.28559018430681,16.517804963856307
662.2632112698765,278.03426221496613,40.074955547880094,16.849697218995072
661.5454633163066,278.41105465469315,39.32311046681235,16.533580537182498
671.4526645537543,281.24977612396253,40.113229725422016,16.865789770916106
682.5571533230539,285.5679024977487,39.36066658361725,16.549371177202737
665.155484247387,273.9667897806375,39.36066658361726,16.549371177202737
669.0567557242996,272.296678578295,40.15154045728188,16.88189769226627
678.4802964024894,274.0498954486559,40.15154045728188,16.88189769226627
685.274011775138,273.83074333986076,40.15154045728188,16.88189769226627
688.9995976246549,276.0222644278119,40.15154045728188,16.88189769226627
671.0291247034556,275.1456559926314,40.15154045728188,16.88189769226627
677.542024693887,270.2635178873236,39.39825856894559,16.565176898306696
678.6172277060138,269.61839608004755,39.39825856894559,16.565176898306696
674.9958040649205,264.9361213794064,40.18988777837142,16.898020997724373
672.1790608116065,266.30188530420196,40.997423193502236,17.237552933631648
672.8860254101246,269.48524386054885,41.82118441772928,17.58390708472711
668.5853599115461,261.091038732391,42.661497476234715,17.937220529780532
667.6910576434985,268.8277925184315,43.5186949450247,18.297633101885413
668.878709930384,265.5023661151521,43.5186949450247,18.297633101885413
661.5152657516938,258.1389219364619,43.5186949450247,18.297633101885413
658.6649002631686,264.78977474302076,43.5186949450247,18.297633101885413
659.615022092677,266.4524879446605,43.5186949450247,18.297633101885413
659.7857181234093,274.7001641779826,42.70224196880586,17.95435173688431
660.1862858861914,284.6576992389519,41.9011064432417,17.61751066363574
634.5717226059276,270.0208059359441,41.9011064432417,17.61751066363574
664.5680570353587,244.00054687693867,42.74302537500576,17.971499305400176
667.3676181103859,254.732197664543,42.74302537500576,17.97149930540018
668.7673986478995,263.8307711583815,42.74302537500576,17.97149930540018
668.8045743559742,275.0817615469709,43.60186098386575,18.332600640943586
674.0402308914383,282.9352463501672,43.60186098386575,18.332600640943586
671.6603870116819,298.4042315685841,43.60186098386575,18.332600640943586
671.8983713996575,300.0701222844136,43.60186098386575,18.332600640943586
669.5564501994779,304.40764718361163,44.47795317661456,18.700957585622067
671.2558136574606,305.1359458084614,44.47795317661456,18.70095758562207
670.0419826160445,313.875529306658,44.47795317661456,18.70095758562207
667.1287881166456,324.3144762628373,44.47795317661456,18.70095758562207
663.9728274089636,330.8691638864847,44.47795317661456,18.70095758562207
664.9825769020742,337.23597233974823,45.37164868979228,19.076715926389976
661.2679152564801,342.93178686299257,45.37164868979228,19.07671592638998
662.2979536461557,348.1883030499761,46.28330122691628,19.460024379498936
660.0646283007613,356.3292586675334,47.213271598468715,19.851034649356208
660.1056920014889,356.64521708177017,48.16192786469675,20.249901488565722
657.2140801907149,361.63981930038,48.16192786469675,20.249901488565726
666.0778240893711,361.04115180528925,47.258363330069905,19.869993672870347
666.0778240893711,365.42616636982774,47.258363330069905,19.869993672870347
665.819882056163,371.100891100407,47.258363330069905,19.869993672870347
665.7473043830198,377.4778900854833,46.371750543523596,19.497213296708832
666.9416022884479,382.46973642623607,45.50177147380276,19.131426642394388
662.4712242392143,383.4631537705102,45.50177147380276,19.131426642394388
662.2624450281713,383.51930422881594,46.41603856802588,19.515834397920017
662.0494708164408,383.82992743802356,47.34867603097323,19.907966058477424
664.1169505858677,394.68419622751475,47.34867603097324,19.907966058477427
663.1243921697658,397.58541050064855,48.30005297846358,20.307976820490417
667.2682579884693,404.3666018096631,47.393897082575386,19.926979455173786
666.2335308152276,410.057601262492,47.393897082575386,19.926979455173786
664.9813426482563,412.7029045898101,48.34618265665557,20.327372253366594
664.1897041885061,421.1470481604786,48.34618265665557,20.327372253366594
664.1154558820621,427.9347159462991,47.43916132321003,19.94601101089517
662.0440250726735,431.3007910115555,47.43916132321004,19.94601101089517
659.7136654121115,437.7740122908947,47.43916132321004,19.94601101089517
659.972594263285,438.29186999324185,47.43916132321004,19.94601101089517
656.6065191980286,441.6579450584982,47.43916132321004,19.94601101089517
656.8654480492022,447.8722374866639,47.43916132321004,19.94601101089517
654.31741970558,452.5914980593407,48.392356391677296,20.346786210137086
650.6616677941287,456.6131882089638,49.364704008655266,20.75561418545737
645.0463899386458,462.6017570996379,50.35658900630118,21.172656741285767
642.2978645902346,466.9993976570958,50.356589006301185,21.172656741285767
631.5012799161386,449.8822977622465,49.41185049752097,20.775437141003177
625.8806391066948,435.3796875103103,50.40468280956766,21.192877999477354
623.0520790625957,431.451761443528,49.45904201433644,20.795279028755132
641.6788782607293,428.48227171628935,49.45904201433645,20.795279028755132
642.9526889232525,436.23604265414014,48.53114235869306,20.405139400814164
641.0239334247145,440.9305661034405,47.62065100163123,20.02231917114044
650.3078993633234,434.3604796231247,46.72724134656515,19.646681020714926
654.5718701235601,424.853137105861,45.8505929241781,19.278090206756737
649.7465477600972,433.29249710275735,44.990391277468945,18.916414514390386
651.8875215891965,426.5941737959728,44.14632784895524,18.56152420921985
658.0845833212396,424.5996845017259,43.31809986999254,18.21329199079235
673.4905721905825,439.07571090106245,44.1884904506803,18.57925166676334
676.3848076066436,441.2463874631082,44.1884904506803,18.57925166676334
672.0434544825521,448.240789718589,44.1884904506803,18.57925166676334
674.6965036139413,449.6879074266195,44.1884904506803,18.57925166676334
671.25203255435,457.0977783681447,43.359471460367025,18.230686864017986
678.5219459260841,454.6655157090023,42.54600567133514,17.888661475447762
678.6888267183685,454.83332003907987,41.747801290425585,17.55305281529261
675.890335574808,458.87167608407276,40.96457199880231,17.22374049949646
678.0633210392963,459.48042260498636,40.196036849248685,16.90060640252505
681.0731190889607,459.41956352310734,39.441920165390655,16.58353461499383
680.8578401761038,458.7737267845366,39.441920165390655,16.58353461499383
684.6722871431043,456.3459414367052,38.701951442810646,16.27241140209087
687.5702110953498,457.9772650561889,37.97586525201663,15.967125162779748
680.3485454813168,457.81685133324106,38.7389143125254,16.287952608675482
680.3485454813168,459.0855022493456,38.7389143125254,16.287952608675482
682.614911680535,453.95224566929573,38.01213466240255,15.982374801237466
679.120898287178,460.4308776367937,38.77591248417421,16.30350865811873
678.4264163731539,465.02833142338585,38.04843871242397,15.997639004087377
682.1060990822392,454.7947411682955,37.33461305504888,15.697507761781937
685.1627536049101,450.7192018047343,37.33461305504888,15.697507761781937
685.1952253512087,450.15394285664945,38.08477743516397,16.012917785239424
662.362489084343,422.1382935989657,38.85001486816872,16.33466534229824
659.3341495662175,423.5638100109343,38.12115086373724,16.028211158616823
657.7027454870457,418.61717282895523,38.887119148042316,16.350266005426914
660.0375036248711,416.0701639513276,38.887119148042316,16.350266005426917
649.5774959533296,423.4400625382414,38.157559031290106,16.043519138156103
649.7857646631461,426.7723618953047,38.157559031290106,16.043519138156103
654.5759449889246,424.4814060873237,38.157559031290106,16.043519138156103
657.6999756361714,423.4400625382414,38.157559031290106,16.043519138156103
660.8571937862432,418.07216357780857,38.924258864905816,16.365881568199075
665.258937840249,425.6615543481024,38.19400197100054,16.058841737807086
670.6790959581809,425.2446191082614,38.19400197100054,16.058841737807086
668.1188275620225,429.9815464790221,37.4774454055446,15.757562272785837
672.9706286248771,434.6296044924899,36.77433213707251,15.461935103087345
677.7314051884264,437.1832715726717,36.08440995627868,15.171854186162665
686.2317773415015,446.2876481251891,36.809454005530185,15.476702252325232
686.9788890614288,439.802777812378,36.11887290437882,15.186344289341134
688.6976907750642,437.18525479703123,35.44124777527734,14.901433723696194
699.7239272205401,446.6639492852474,35.44124777527735,14.901433723696194
701.108851426683,446.7076847759998,36.15336876682599,15.200848231506422
699.8693508613651,451.19152708681105,35.47509646184762,14.915665557822333
684.5182973949318,428.67702635615814,34.80954920395042,14.635833188024646
681.2883848569489,412.5274636662438,34.80954920395042,14.635833188024646
684.3585781140298,410.48047621636573,35.50897747610539,14.929910984271626
667.9154061623743,406.45423442965216,36.22245936053278,15.229897685678598
671.0230841452623,407.1902183488539,35.5428908489257,14.94417001602562
673.684464021038,411.98634252453087,34.87607170249483,14.66380287491264
668.9558488717432,436.96627113901326,35.57683661121307,14.958442666078259
685.4613873317593,422.40256073311673,35.57683661121307,14.958442666078259
684.9097818373328,421.86391512804806,36.29168198924217,15.25900265456777
690.2580638914025,425.82560553847,36.29168198924218,15.25900265456777
675.5440739294695,399.42541664220903,35.610814793901525,14.972728947435902
675.1553374043392,400.20288969246957,35.610814793901525,14.972728947435904
684.0415876900036,407.53496687457897,34.94272132830502,14.691826013037371
680.0668228610533,410.6296347732301,35.64482542795466,14.987028873117332
677.6774340743253,411.9375437617267,34.97609388983711,14.705857658227
680.5714126529094,412.55341687002175,35.678868544365606,15.001342456153754
665.5216607984249,414.25205441311704,35.00949832432645,14.719902704546381
665.8500668907828,414.96339285453985,34.35268613961059,14.443743035972664
662.8799252741459,417.06829866613066,35.04293466221378,14.733961164794465
664.7926122949002,423.95397194084626,35.04293466221378,14.733961164794465
671.0506618006802,429.06516990427724,34.385495179330626,14.457537745854955
678.5050664292653,428.82542799688207,33.74038989955631,14.186300298677118
675.9268369219084,433.9818870115959,33.74038989955631,14.186300298677118
685.8196191883806,409.4376218258207,33.10738742126333,13.920151529394841
688.8407462192935,401.7979171070385,32.4862606841434,13.658995969469418
688.613540946297,414.869971286628,31.876786887760126,13.40273994144463
686.8247110063164,418.127470011747,31.27874741162963,13.151291525344307
687.2888441429533,418.59228211001374,30.69192773680062,12.90456052570029
688.9169122416788,419.7184553393479,30.11611736890563,12.66245843919899
679.82989742529,424.7685609366976,29.55110976265594,12.424898422934914
675.9588501192299,429.28478279376776,29.55110976265594,12.424898422934914
669.9456020043335,431.3368580266354,28.996702247753003,12.191795263259815
665.3558412423189,432.44473131401827,28.996702247753007,12.191795263259817
662.304224525952,436.0409837476718,28.45269595618989,11.963065345216233
654.340311634104,438.94857355996476,27.918895750916572,11.738626622544498
649.006843270807,438.49141912882504,27.918895750916572,11.738626622544498
647.9401495981476,438.94857355996476,27.918895750916572,11.738626622544498
644.9167358251476,439.8973351202608,28.47987012323974,11.974490847271284
630.3047480579093,448.29145575250413,28.479870123239742,11.974490847271284
623.6205408877895,449.3795825011282,28.479870123239742,11.974490847271284
616.1591003257954,450.31226257137746,28.479870123239742,11.974490847271284
610.5630199042998,454.0429828523745,28.479870123239742,11.974490847271284
599.793460749201,455.70977617421585,27.945560104204958,11.749837771086204
593.0392076752189,458.4130112689802,27.42127425997173,11.529399404760868
583.9094151267799,462.603735717444,27.42127425997173,11.52939940476087
574.4802851177363,462.15472952653715,27.42127425997173,11.529399404760872
573.4326040056204,463.3520793689554,27.42127425997173,11.529399404760872
563.8116926720126,465.4059242271427,26.90682452728675,11.313096676245596
555.1055829753842,459.9313361825473,26.40202637114598,11.100851996959134
543.865350202128,465.98376921430065,26.40202637114598,11.100851996959134
541.9919780732519,468.433563536677,26.40202637114598,11.100851996959134
540.222164222273,472.8608613694303,25.906698718601223,10.892589233957361
539.6790885968903,473.7412428901633,26.42724201595408,11.111454029435267
538.5251431688494,474.44427298528234,26.427242015954082,11.111454029435269
535.2305351333287,474.33264176237566,26.958244589780648,11.334716475248712
535.7776994699327,474.4389669062305,26.452481743335774,11.122066187538934
530.7473735894306,474.3272290682774,26.98399145900462,11.345541863445154
547.2015150248745,464.41848069045744,26.477745576291476,11.132688480940764
548.3806946862202,466.0408621343671,27.0097629181559,11.356377590588307
545.6856063734997,465.1154319189941,26.50303353784357,11.143320919320622
544.7769628314644,470.86157914439985,26.005810892768046,10.934261398095686
546.8661683784536,474.2288357889207,25.517916627344718,10.72912403649724
559.6799253677752,455.56532017403924,25.517916627344718,10.72912403649724
561.4905649423533,452.36188092670886,25.517916627344718,10.72912403649724
564.2983584730118,453.64689045482856,26.030648126137955,10.94470432576258
565.7191436695888,454.7835186120901,26.030648126137955,10.94470432576258
568.2365801021317,454.8861852526212,25.542287890098283,10.739371044700444
561.2659306689893,444.98786305755897,25.542287890098287,10.739371044700444
555.7116265045132,441.6734712271129,26.055509080674035,10.95515722710161
555.142769649137,441.10461437173666,26.05550908067404,10.95515722710161
550.3301481341483,440.71012495696647,26.57904242463202,11.175279201265763
549.0476197161295,439.4372787221284,27.113095124070153,11.399824086256796
543.4241270087571,437.80942556999423,27.113095124070153,11.399824086256796
543.0037486483992,435.9190574349835,27.657878544398095,11.628880751621953
543.6075892322247,436.3719378728525,27.657878544398095,11.628880751621953
540.2439900586803,435.5752615447065,27.138989885581484,11.410711656437694
538.3419303394912,438.42318357060213,27.684293609352473,11.639987085750496
538.4930346621621,439.48091382929874,27.684293609352473,11.639987085750498
539.5082483910596,440.1945198503812,27.164909378266834,11.421609624953128
536.3945897552722,440.7875976857693,27.164909378266838,11.421609624953128
537.4324759672014,440.7875976857693,27.164909378266838,11.421609624953128
540.9909429795299,441.6772144388514,27.164909378266838,11.421609624953128
542.6455336824724,443.0451618262245,27.710733902404353,11.651104027147312
544.6117659645596,441.5326754553882,27.710733902404357,11.651104027147312
545.6705064241451,442.28891864080634,27.71073390240436,11.651104027147312
550.207965536654,443.80140501164266,27.71073390240436,11.651104027147312
553.7953756908231,444.6669412097674,27.190853625746087,11.432518001734175
