344.0,236.0,8.0,6.0
335.61417322834643,233.9448818897638,10.0,10.0
330.4881889763779,234.66141732283467,10.0,10.0
324.54520429133856,233.5137082283465,10.20093,10.20093
318.93261200242426,232.79274300242432,10.40589728649,10.40589728649
312.5661693318709,234.62811386240367,10.40589728649,10.40589728649
304.88055385570743,235.8325759892651,10.40589728649,10.40589728649
301.20981213574873,235.94728666801382,10.40589728649,10.40589728649
295.58898887706204,236.29141870425994,10.40589728649,10.40589728649
289.96816561837534,236.40612938300865,10.40589728649,10.40589728649
290.40991002351853,234.0948174981828,10.210672548695936,10.210672548695936
290.8601444036185,236.00831361360773,10.210672548695936,10.210672548695936
286.7054534609582,243.3908786610094,10.415835592216883,10.415835592216883
288.09347382205385,249.54393876941052,10.625120976771298,10.625120976771298
285.10672721677247,251.47653951400434,10.6251209767713,10.6251209767713
283.5358904657022,250.72559398791327,10.838611532557564,10.838611532557564
285.7568751174508,250.49722312009965,11.056391754081245,11.056391754081245
290.81495669943604,251.35039350742244,11.056391754081247,11.056391754081247
284.416178794515,245.92666747372746,11.056391754081247,11.056391754081247
292.4102194343243,252.33624882279435,11.278547833596,11.278547833596
285.8828708849597,251.77676180427738,11.278547833596003,11.278547833596003
279.0557167319459,259.93142670266235,11.505167695216446,11.505167695216446
279.41729803152725,261.24422265421043,11.28931957710255,11.28931957710255
276.18161903462544,262.55093917219,11.28931957710255,11.28931957710255
278.52760379292783,262.09681710625046,11.077520979284884,11.077520979284884
273.62482573381686,266.5357909910876,10.869695928830383,10.869695928830383
272.4686428524432,264.3611090423668,10.665769878131982,10.665769878131982
266.07120444046427,256.37640251466587,10.880077192293289,10.880077192293289
261.8555019298486,251.80088642761214,10.675956379011545,10.675956379011545
267.5633557734303,249.80019538965564,10.675956379011545,10.675956379011545
270.7409238925377,251.80088642761214,10.675956379011545,10.675956379011545
275.8119270538398,243.80855398813952,10.890468370535025,10.890468370535025
281.7366266856386,242.1099257605638,10.686152608659059,10.686152608659059
282.5023273843693,238.63482258940147,10.68615260865906,10.68615260865906
283.13266916799665,237.0269623305852,10.485670008877747,10.485670008877747
287.53533734476207,234.8409969112212,10.696358576366128,10.696358576366128
286.4151675095993,239.55750148032752,10.696358576366128,10.696358576366128
288.7838714419427,240.39334142771133,10.911280509241053,10.911280509241053
291.9534112766727,241.75865377666125,10.706574291433228,10.706574291433228
292.42551219031066,241.64062854825175,10.706574291433228,10.706574291433228
292.34890721288673,240.61982174355188,10.505708561052492,10.505708561052492
294.53205314928,238.40215118035465,10.30861126682539,10.30861126682539
295.0434252042485,235.90211002273085,10.30861126682539,10.30861126682539
296.5606029135141,234.2942362849667,10.115211709230318,10.115211709230318
299.18285299676876,232.51198867121005,10.0,10.0
298.03400279541034,226.33008044485285,10.0,10.0
305.20958907068035,218.89885701713723,10.20093,10.20093
312.5293544009793,211.31831801708853,10.40589728649,10.40589728649
318.4335922635702,205.21081098586177,10.210672548695936,10.210672548695936
324.562218982335,197.82139466803156,10.019110416556863,10.019110416556863
322.53418607890046,197.38290106728894,10.019110416556863,10.019110416556863
322.926834386936,195.30902287114725,10.220424402156741,10.220424402156741
323.09457348168434,195.02945771323328,10.220424402156741,10.220424402156741
322.36770407110805,195.75632712380957,10.220424402156741,10.220424402156741
325.955284661816,194.25582184048352,10.425783389669277,10.425783389669277
328.9875490959429,186.50818926272365,10.635268655317901,10.635268655317901
323.87700460220674,188.14681782705844,10.848963108409205,10.848963108409205
326.5308914218241,196.14234755451548,10.645426025554615,10.645426025554615
329.45232306028805,193.997064976449,10.859324570686084,10.859324570686084
327.2639353193805,192.81861786760822,11.07752097928488,11.07752097928488
328.7183824288209,188.5764804650737,11.07752097928488,11.07752097928488
328.3547706514608,187.9704608361402,11.07752097928488,11.07752097928488
333.9400648489173,194.52538643989033,11.300101608321652,11.300101608321652
334.4964415921212,195.01994354496046,11.300101608321652,11.300101608321652
326.21261008219653,186.73611203503577,11.300101608321652,11.300101608321652
334.3210954831794,181.55337523725893,11.52715454993766,11.52715454993766
332.61842741986413,182.68848727946911,11.52715454993766,11.52715454993766
328.26716459139175,181.49031345713615,11.52715454993766,11.52715454993766
319.7010784967522,174.75301898605747,11.758769666309558,11.758769666309558
315.7232111890519,168.9096141447041,11.995038625214715,11.995038625214715
313.75456796906906,171.3376074493496,11.995038625214715,11.995038625214715
311.27168794954144,179.944750902392,12.236054936311154,12.236054936311154
306.7867098072237,170.97479461775657,12.236054936311156,12.236054936311156
305.38097038948234,171.17561453457677,12.236054936311156,12.236054936311156
308.5380995049612,170.45022525819854,12.481913988146456,12.481913988146456
301.24277525676905,167.5251408267288,12.732713085910282,12.732713085910282
297.14440434247786,169.6959041949749,12.988551489945479,12.988551489945479
298.71927485931445,175.24994804369896,13.249530455032954,13.249530455032954
299.3834919422783,184.75726293238958,13.515753270465932,13.515753270465932
299.765291789256,183.5123643552803,13.787325300929407,13.787325300929407
293.06466925423683,186.31548468916122,14.064354028200981,14.064354028200981
303.35295375393963,185.7549364746938,13.800493089369382,13.800493089369382
300.10651533309965,195.79624600891987,13.800493089369384,13.800493089369384
301.5533386057341,185.54079125294496,14.077786397014084,14.077786397014084
296.0082182388002,188.15932031510818,14.077786397014085,14.077786397014085
287.2410429647544,198.26095740076786,14.360651359089289,14.360651359089289
284.8841519353933,208.70984096426878,14.360651359089289,14.360651359089289
279.2404652496716,202.909028209923,14.64919992684747,14.64919992684747
276.1950843979738,200.18421376366706,14.64919992684747,14.64919992684747
274.7525355734854,200.98562977727175,14.64919992684747,14.64919992684747
282.6996641238277,209.33346633441636,14.943546300977616,14.943546300977616
279.36121021020733,213.1074265512206,15.24380697680316,15.24380697680316
283.03056940758756,201.93255990465363,15.24380697680316,15.24380697680316
276.66879059568964,199.8239019806282,14.957818355341997,14.957818355341997
265.9257168623312,197.91846445668446,14.677195158130154,14.677195158130154
266.1797361976702,202.5084005781706,14.972104040442463,14.972104040442463
262.8349023595553,202.03035086365932,15.272938526927074,15.272938526927074
263.252671847698,194.0091766913188,15.272938526927074,15.272938526927074
263.83754913109783,200.0250573205742,15.272938526927074,15.272938526927074
257.98877629709955,202.28101255654497,15.272938526927074,15.272938526927074
255.9135970747322,202.71245026303401,15.57981768074862,15.57981768074862
244.57764184428373,203.0533812474084,15.57981768074862,15.57981768074862
238.36959423330867,207.58465964422663,15.892862957407903,15.892862957407903
246.10772839512487,215.84446577200796,15.892862957407903,15.892862957407903
252.2081243390049,218.20621262647117,16.2121982528111,16.2121982528111
253.9077872119785,217.68856749620613,16.53794995230483,16.53794995230483
252.9125686478815,214.52196297407932,16.53794995230483,16.53794995230483
253.54588955230687,219.31710696472848,16.53794995230483,16.53794995230483
251.73640125394869,213.97911648457188,16.53794995230483,16.53794995230483
243.69897864189477,213.99391680021185,16.870246980696493,16.870246980696493
241.85313229515768,213.16328594418016,16.870246980696493,16.870246980696493
242.60656853223463,213.45526059457285,17.20922085327963,17.20922085327963
242.29726564504364,215.59377312597854,16.88635915897062,16.88635915897062
241.46584148275818,216.14805590083552,16.88635915897062,16.88635915897062
242.48202656999595,215.77853405093086,16.88635915897062,16.88635915897062
245.8228353367995,221.7983762295431,17.22565677355182,17.22565677355182
246.21519775467615,219.0809287648328,17.571771895102795,17.571771895102795
250.92557561332254,229.94363688783363,17.571771895102795,17.571771895102795
251.21396609446415,229.07846544440878,17.571771895102795,17.571771895102795
247.65715016038425,231.09719881240008,17.571771895102795,17.571771895102795
242.5622516602157,231.19332897278062,17.571771895102795,17.571771895102795
244.2121899011018,229.38258143996734,17.924841507791097,17.924841507791097
245.2908686417255,232.71667936553152,17.924841507791097,17.924841507791097
245.5850537528047,233.79535810615522,17.924841507791097,17.924841507791097
244.506375012181,229.57870484735346,17.924841507791097,17.924841507791097
246.4396293950035,230.43328048955226,17.588554075096376,17.588554075096376
250.01558285191825,233.62434606283313,17.941960892127288,17.941960892127288
244.73125027537913,246.49875489573103,18.3024687123328,18.3024687123328
236.2919631828502,256.0824348307904,17.95909662658406,17.95909662658406
235.32554428904203,263.9584352694107,18.319948755102015,18.319948755102015
238.53268742293534,264.25910493821317,18.31994875510202,18.31994875510202
245.34786658245864,260.6510689125832,18.31994875510202,18.31994875510202
234.8408232550714,247.0371056742368,18.688051485438283,18.688051485438283
