324.0,316.0,13.0,9.0
323.13385826771656,314.11417322834643,13.000000000000002,10.0
320.7952755905512,311.0826771653543,13.000000000000002,10.0
323.609552980315,307.0845743700787,13.261209000000001,10.20093
321.34837774051965,302.0557023612718,13.01241584179552,10.009550647535015
323.20437842644895,297.6389360210494,12.768290284830817,10.0
323.91964383067125,294.9166839433629,12.528744760374137,10.0
322.3676820487915,292.5794014562671,12.293693342568165,10.0
320.68101994855107,295.61000908220603,12.063051717608108,10.0
318.30265655483123,294.5651778310746,11.836737153498024,10.0
315.3446425225745,294.9378955398153,12.07457271312326,10.20093
314.25118195489273,294.4704464523225,11.848042003949791,10.009550647535015
306.080361910148,283.7920454570285,12.086104711935153,10.210672548695936
300.56374856679355,282.481585511604,12.328950813912066,10.415835592216883
296.6543822503597,285.04358775629555,12.09764772455265,10.22042440215674
293.8333075235561,288.8318881037176,12.09764772455265,10.220424402156741
290.48768310363005,293.5653367130532,12.340725760282087,10.425783389669277
287.5277028485896,295.0453268405734,12.340725760282089,10.425783389669277
285.5543826785627,297.0186470106003,12.340725760282089,10.425783389669277
286.739026436721,306.0786083596727,12.10920176149465,10.230185569269068
287.9014451276219,311.17667761655554,11.882021377747021,10.038257353915826
289.0097620822997,317.6682483510969,11.882021377747021,10.038257353915828
288.01290425719384,322.5956378273422,11.659103118603165,10.0
291.85746511135085,328.70959484089207,11.893369477565258,10.20093
292.2067540064239,326.8242568936658,11.670238317049183,10.009550647535015
293.29531651449514,330.47871674219056,11.670238317049183,10.009550647535015
295.0836692063264,331.80054264484846,11.670238317049183,10.009550647535015
295.1931417079625,333.28265280099833,11.451293313777036,10.0
299.16051891903487,330.0019370303039,11.451293313777036,10.0
303.20419184570477,340.14926720477746,11.451293313777036,10.0
309.3841448091059,342.6670258194965,11.451293313777036,10.0
309.6130319558986,341.5225900855333,11.451293313777036,10.0
310.37598911187405,341.3699986543382,11.451293313777036,10.0
310.75746768986176,340.45445006716767,11.451293313777036,10.0
311.5204248458372,339.1574229020094,11.451293313777036,10.0
311.8631537211456,339.8962107735824,11.681384150330759,10.20093
312.4462552239787,341.50595908938044,11.916098202063356,10.40589728649
314.6289237451229,341.5602013182732,12.155528363237416,10.614982980667444
315.8437403289716,343.0179812188916,12.155528363237417,10.614982980667445
316.5726302792808,343.0989689911482,12.155528363237417,10.614982980667445
317.86843463538605,342.37007904083896,12.155528363237417,10.614982980667445
318.88014293127685,342.91133779237634,12.399769394639947,10.828269833697997
319.4921491460153,342.26937668475887,12.167137679937333,10.6251209767713
320.3838654750719,342.1072464431122,12.167137679937333,10.6251209767713
321.23440977625035,342.0005011652191,12.411611977340314,10.838611532557564
322.39212524839473,342.24858305210716,12.411611977340314,10.838611532557564
321.59891860966536,339.78674165955016,12.17875808428644,10.635268655317903
324.1542686442493,338.8684690003749,12.423465870474008,10.848963108409206
323.4920851211714,338.7029231196054,12.423465870474008,10.848963108409208
323.6576310019409,338.53737723883586,12.423465870474008,10.848963108409208
325.06477098848154,336.13696196767825,12.423465870474008,10.848963108409208
326.42290323605266,333.7555422975632,12.190389586874163,10.645426025554618
328.2909641479116,332.8621218614567,12.190389586874163,10.64542602555462
329.103164544372,331.9687014253503,12.190389586874163,10.64542602555462
331.33607494512273,330.4810114788018,12.435331084843225,10.85932457068609
332.33029887195454,328.3268596373329,12.435331084843227,10.85932457068609
333.5730787804943,326.58696776537727,12.435331084843229,10.85932457068609
334.7330066951314,324.59851991171365,12.435331084843229,10.85932457068609
335.81008261586584,323.43859199707657,12.435331084843229,10.85932457068609
336.18226302553785,319.2697460915473,12.685194192330984,11.077520979284886
337.2809806327476,314.4522919676275,12.685194192330986,11.077520979284886
337.6190475888122,311.9167897971434,12.685194192330986,11.077520979284886
339.8509593447508,307.0342147204186,12.447207631260486,10.869695928830385
340.55521970250123,303.69069852632003,12.697309374195404,11.088100729128374
343.9391180214873,301.6603595349284,12.697309374195404,11.088100729128374
345.4963817338797,301.5951763873967,12.459095520548619,10.880077192293289
348.44259354875993,302.8970452596266,12.709436126843004,11.098690583318039
354.9126832822859,299.9527392211182,12.470994763540805,10.890468370535025
359.3503268712959,299.1409114167815,12.237026791753854,10.686152608659059
355.27378856998484,297.7548883943357,12.237026791753856,10.68615260865906
356.8629953668721,296.91375306791684,12.482905371080566,10.900869473024848
357.81878238626535,298.21810986579186,12.733724388701688,11.119900643346337
358.87861411193506,297.6821933954996,12.98958311284387,11.343332806973095
360.78259903822715,293.70113400416164,12.98958311284387,11.343332806973095
362.3404048870116,290.8451566147235,12.98958311284387,11.343332806973095
363.9408004278066,289.60611381977844,13.250582806330243,11.571254393063604
366.2361769769347,291.01865323462647,13.250582806330245,11.571254393063604
366.63275727733895,291.3438211945066,13.51682676665784,11.803755607583431
369.288746017767,291.13517716571306,13.788420366880295,12.040928469006605
373.0009059860729,292.07493104955637,13.529736211481858,11.815028958523179
372.6403315503944,289.5509099998069,13.52973621148186,11.815028958523179
379.25758688733066,293.80834671826256,13.275905222035263,11.593367542217292
376.16175193246477,295.4889428366183,13.275905222035263,11.593367542217292
364.1757502948793,286.8810370505447,13.542657985661616,11.826313076243064
367.1901374630226,281.1270429854889,13.288584571183653,11.604439958931252
367.27867436810016,280.5958215550237,13.288584571183655,11.604439958931252
363.51515749502653,279.06264706773567,13.555592100972447,11.837607971026058
362.97326223235893,279.6948582075145,13.555592100972447,11.837607971026058
360.44441767324355,278.79169943640187,13.555592100972447,11.837607971026058
366.89368710655253,280.79937536599135,13.301276029931515,11.615522950520152
368.7022673413935,283.3011141269076,13.051731175338226,11.397604460655725
363.78108626393686,283.40802919059945,12.806868024538907,11.183774333272014
369.24204028530295,284.68794028935713,12.806868024538907,11.183774333272014
368.8573938659428,284.2342728741825,13.064196423755968,11.408489910950449
366.0720533806841,286.7584876889482,13.06419642375597,11.40848991095045
377.5173753231693,293.25905594754727,13.326695322498498,11.637720698731178
373.11405422973826,290.4381262636429,13.076673577293118,11.419385757555077
372.8955544078383,290.93327655026957,13.33942317948167,11.648835475581631
382.9822366354727,294.904525221707,13.607452209426995,11.882895526792492
394.9034958007645,300.2248278173221,13.880866746671012,12.121658546612334
407.0642888264645,304.4497514560352,14.159775002211873,12.365219031789415
419.4694286664299,307.4387879570498,14.444287361331316,12.61367337779516
432.404433942724,309.7705595819663,14.173298504233996,12.377028616656004
441.56428221893094,313.4533851775547,14.173298504233998,12.377028616656004
451.29071904830533,316.00303366680816,14.173298504234,12.377028616656004
460.07284162240063,318.36381930500585,14.173298504234,12.377028616656004
470.6491612815262,322.8965277303454,14.173298504234,12.377028616656004
483.06614883331497,321.922299082597,14.458082591079574,12.625720252650472
478.0081250623507,322.2770989648839,14.748588844582137,12.87940884968698
485.0249799891806,323.8718796451921,14.471890996165529,12.63777863305135
485.5464166989751,315.31255286541153,14.200384268074071,12.400681633916056
489.9371581542937,322.1463213220246,13.933971269849597,12.168032804718788
501.1154539361118,312.1412437819183,13.672556438173512,11.93974869347209
504.8951847815359,312.203481430794,13.947279114685733,12.179654063970025
505.49064474269045,310.36629611213516,13.685614614917872,11.951151926614891
502.0257223265574,305.533641163318,13.685614614917872,11.951151926614893
489.9356894110769,295.43334586029516,13.4288591952563,11.726936711244704
489.3093888913708,293.55444430117694,13.4288591952563,11.726936711244704
488.50414536603444,283.4441644830645,13.4288591952563,11.726936711244704
498.2565391728862,285.14412303655246,13.4288591952563,11.726936711244704
504.74251734730245,288.06833946259815,13.698685263066583,11.962566050583744
502.7795084313827,284.9362721699707,13.97393294605738,12.202929890238124
499.5208989921143,281.86386898437485,13.97393294605738,12.202929890238126
501.60714693143876,278.34731644499055,13.711768394530647,11.973991075780091
503.1138072420966,274.6641192946752,13.987278956881951,12.21458447846574
490.6260730310463,266.090451030372,13.987278956881951,12.21458447846574
493.3286423752288,265.2517226132119,13.987278956881951,12.21458447846574
497.10218512393556,263.35835990957764,14.26832535296258,12.460012124391552
503.7954831789647,260.5282396946914,14.000637714011063,12.226250197579787
505.9409473471323,257.1701218662551,14.000637714011063,12.22625019757979
509.8035221581809,253.08716274374422,13.73797215510572,11.996873871510722
510.62730122744523,247.1376472435016,13.737972155105721,11.996873871510722
512.549452389062,242.6526278663956,13.737972155105721,11.996873871510722
511.2215307517572,236.67411678049888,14.01400922961826,12.237927058210987
509.4855861578449,229.2259331192277,13.751092808095647,12.008331662897605
514.3787362231571,224.48280053662828,13.493108953947127,11.783043700150078
515.2777319741773,220.43731965703782,13.493108953947129,11.78304370015008
518.8737149782577,218.4595290047936,13.493108953947129,11.78304370015008
520.851505630502,213.065554498673,13.493108953947129,11.78304370015008
525.3464843856025,206.77258424153231,13.493108953947129,11.78304370015008
525.9301224673127,203.23802203912237,13.764225992158789,12.019800397217194
534.9547125346899,197.38988833059767,13.505995746724198,11.79429726987706
527.3959359932161,195.95012137031696,13.505995746724198,11.79429726987706
526.7127598756954,196.15074304018216,13.252610151449755,11.573024800181784
525.9541035846652,199.7911924668622,13.003978315994031,11.355903616885751
527.6356194419316,207.69537749075607,12.760011055206666,11.142855837824982
528.2307259538945,214.41157955433852,12.760011055206666,11.142855837824982
531.8360449087124,223.01762655173218,12.520620857137322,10.933805041980522
533.4550588752462,228.29224632695758,12.28572185164483,10.728676242065943
535.1255537707464,233.3860539101231,12.055229779595251,10.527395857629127
537.085986639999,237.3401429562233,11.829061962637823,10.329891688658687
540.4282675461124,238.61923207335687,11.607137273547925,10.13609288968556
542.2069506049904,240.93925345450214,11.607137273547927,10.13609288968556
542.4704992802775,241.78064035972668,11.389376107126452,10.0
544.3985335797513,243.9053695184153,11.175700351645133,10.0
545.5898862520042,243.9053695184153,11.175700351645133,10.0
543.3864739449231,240.25685195964078,10.966033360827575,10.0
