387.0,192.0,9.0,8.0
384.49212598425197,196.01968503937007,10.0,10.0
385.09448818897636,197.49212598425197,10.0,10.0
386.4330708661417,198.09448818897638,10.0,10.0
386.49999999999994,197.55905511811025,10.0,10.0
387.50393700787396,195.14960629921262,10.0,10.0
388.4409448818897,191.73622047244098,10.0,10.0
392.72440944881885,188.05511811023626,10.0,10.0
399.28346456692907,184.64173228346462,10.0,10.0
405.7086614173228,182.09842519685046,10.0,10.0
414.50977122047243,177.5806373622048,10.20093,10.20093
419.4254949685039,178.2633767716536,10.20093,10.20093
424.5734562746577,176.5156700423743,10.009550647535015,10.009550647535015
428.0570951614376,174.84084365449934,10.009550647535015,10.009550647535015
431.0047896040975,176.44867698685928,10.009550647535015,10.009550647535015
432.88059515851745,175.8457394872243,10.009550647535015,10.009550647535015
437.4361229335373,172.9650381000794,10.009550647535015,10.009550647535015
439.37892154347225,171.35720476771945,10.009550647535015,10.009550647535015
441.66146075474967,170.290091203247,10.0,10.0
443.2391295724998,170.55303600620533,10.0,10.0
440.93836254661414,176.60076647424754,10.0,10.0
441.8586693569684,178.37564389421644,10.0,10.0
440.80689014513496,177.71828188682053,10.0,10.0
441.7929331562288,181.5309815297167,10.0,10.0
445.80284140134376,185.01500016891495,10.0,10.0
447.9063998250106,188.56475500885279,10.0,10.0
450.73305645681296,190.47110483030087,10.0,10.0
454.1513388952716,193.75791486728033,10.0,10.0
456.71505072411554,196.9132525027806,10.0,10.0
461.8424743818035,202.04067616046856,10.0,10.0
465.32649302100174,203.74981737969787,10.0,10.0
468.80965101313484,204.33034371172005,10.0,10.0
469.90620075139896,204.846367117962,10.0,10.0
469.8416978256187,204.13683493437932,10.0,10.0
468.80965101313484,203.42730275079666,10.0,10.0
468.8741539389151,201.62122082894987,10.0,10.0
467.261580794409,199.49262427820187,10.0,10.0
467.1325749428485,199.6861330555426,10.0,10.0
465.7780135014634,200.07315061022405,10.0,10.0
463.52041109915496,197.6865423563551,10.0,10.0
462.48836428667107,200.589174016466,10.0,10.0
463.26239939603397,202.33075301253254,10.0,10.0
459.45672677499965,200.07315061022405,10.0,10.0
459.13421214609843,197.81554820791555,10.0,10.0
456.9411126695702,197.81554820791555,10.0,10.0
456.55409511488875,196.71899846965144,10.0,10.0
455.4215833024049,197.6505802821353,10.20093,10.20093
454.105603641046,197.71637926520327,10.20093,10.20093
453.1186188950268,197.45318333293147,10.20093,10.20093
451.671041267532,197.45318333293147,10.20093,10.20093
450.51577389519986,196.29791596059937,10.40589728649,10.40589728649
447.8980516958454,199.117001406058,10.40589728649,10.40589728649
446.756993301255,200.86214953896095,10.40589728649,10.40589728649
446.15290356294247,197.9759430114676,10.40589728649,10.40589728649
444.27351326597005,199.117001406058,10.40589728649,10.40589728649
441.5886699845809,200.0566965545442,10.40589728649,10.40589728649
439.6718579225545,198.40836882065673,10.614982980667444,10.614982980667444
436.2483706257519,196.6966251722554,10.614982980667445,10.614982980667445
432.8933530748853,197.65520161536014,10.614982980667445,10.614982980667445
431.0446699346119,195.19029076166225,10.614982980667445,10.614982980667445
427.41577340000106,191.3559849892433,10.614982980667445,10.614982980667445
424.1976953410066,185.74146582248696,10.614982980667445,10.614982980667445
420.7057382982679,183.00267598504485,10.614982980667445,10.614982980667445
417.2822510014652,179.03143072075378,10.614982980667445,10.614982980667445
416.3539706237174,176.4598764405406,10.828269833697997,10.828269833697997
417.2619622347523,173.8755926245182,10.828269833697997,10.828269833697997
417.5413442689169,172.338991436613,10.828269833697997,10.828269833697997
421.87176579846795,172.1993004195307,10.828269833697997,10.828269833697997
425.8148431966943,172.44056586507634,10.6251209767713,10.6251209767713
426.12011740717656,179.66788911224342,10.425783389669277,10.425783389669277
427.2939059688722,179.22769319669575,10.230185569269068,10.230185569269068
430.29332843871657,172.065011398953,10.038257353915826,10.038257353915826
428.99833450059134,169.34552412889008,10.038257353915828,10.038257353915828
429.67448151096033,171.18716568357178,10.239956058928058,10.239956058928058
431.2596986125491,173.56499133595491,10.239956058928058,10.239956058928058
431.5531271694003,176.89675267085119,10.4457074960201,10.4457074960201
430.9467263435962,183.56716175469646,10.445707496020102,10.445707496020102
435.5582344106027,187.90915834356787,10.655593096737634,10.655593096737634
442.63759879643504,193.54515717500718,10.655593096737636,10.655593096737636
451.77891397425736,197.60032706592082,10.655593096737636,10.655593096737636
455.215498627574,200.0746680163088,10.655593096737636,10.655593096737636
455.3146422907266,198.0431291944051,10.869695928830385,10.869695928830385
451.0696167396187,200.17836107003262,10.665769878131982,10.665769878131982
444.9770948258449,198.0072873244371,10.880077192293289,10.880077192293289
435.57301755016636,192.53327219381825,10.880077192293289,10.880077192293289
426.0596335789754,191.02037187507028,11.098690583318039,11.098690583318039
428.5969532393585,182.96240091413958,11.321696573208648,11.321696573208648
431.4043400298082,182.62957272338642,11.549183422454128,11.549183422454128
423.91324555945704,192.42146026304155,11.781241164961498,11.781241164961498
423.7957819643627,194.12781552665754,11.560213640472636,11.560213640472636
429.5704163374194,184.0197299674195,11.792493013150652,11.792493013150652
439.6870653485834,173.8270159260963,11.792493013150654,11.792493013150654
440.0249822484816,173.10002240376664,12.02943957526389,12.02943957526389
441.14562296075053,170.10821266109946,12.271147104649668,12.271147104649668
430.41590734290634,179.00831433831067,12.517711263423394,12.517711263423394
441.02895386418766,182.8389572548619,12.76922963583936,12.76922963583936
440.7818580627462,193.79353778543174,12.769229635839363,12.769229635839363
439.7934748569805,192.96988511396032,12.769229635839363,12.769229635839363
444.6904419253115,182.05272089004018,12.5296664882456,12.5296664882456
444.80702267520013,181.76520156615751,12.78142507699392,12.78142507699392
453.171311779227,170.83761074347893,12.541633131081653,12.541633131081653
457.251966823265,170.79250842932925,12.793632165584476,12.793632165584476
455.4729821856406,172.31443061585054,13.050694616687567,13.050694616687567
457.5305691464001,170.41552004127828,13.31292222362067,13.31292222362067
468.8178292469215,158.77489115110689,13.580418769859882,13.580418769859882
472.97367961523685,153.03220431248346,13.853290124202676,13.853290124202676
484.71908654042903,140.91908545435626,14.13164428266828,14.13164428266828
472.45373202531727,136.58406283940886,14.415591411239934,14.415591411239934
473.0527840445062,135.78834312428157,14.70524388946598,14.70524388946598
