354.0,432.0,35.0,22.0
350.7377658123617,425.92290611467683,34.3433660130719,21.58725863678805
348.41753154447304,419.73962510219013,33.699051117366345,21.182260702344557
344.9604410361448,414.77005749646827,33.69905111736635,21.182260702344557
341.7194186845871,411.0968988313695,33.69905111736635,21.182260702344557
337.8301918627178,407.6398083230413,33.69905111736635,21.182260702344557
333.94096504084854,408.9362172636644,33.69905111736635,21.182260702344557
328.85537458288405,408.9188489968529,33.06682419476949,20.784860922426528
325.25112794118195,405.3146023551508,33.06682419476949,20.784860922426528
322.3810931819516,405.72158895056106,32.446458463167716,20.39491674827684
318.73275542064107,406.5370139027976,31.837731395100093,20.012288305491477
314.33632827515333,405.70406920447476,31.240424637936933,19.636838343846065
311.2242074818938,397.87610488366,30.65432393555592,19.268432188063716
307.77738052885405,391.3742784785958,30.07921905148764,18.906937689506513
304.2023605117051,387.88731592262815,29.514903693503012,18.55222517877332
301.2621333361737,387.4936228078669,28.96117543961547,18.204167419186867
298.00568702514624,387.47869641066785,28.4178356654715,17.862639561153514
295.53916119062416,388.9217028102179,27.884689473103325,17.527519097379233
293.476486221327,386.40429610866806,27.3615456210183,17.19868581892579
291.3712784367627,384.6499562881978,27.361545621018305,17.19868581892579
288.91520268810433,381.6675785933984,27.361545621018305,17.19868581892579
287.68716481377515,380.61497470111624,27.361545621018305,17.19868581892579
285.2310890651168,380.08867275497516,27.361545621018305,17.19868581892579
282.9504472985055,380.2641067370222,27.361545621018305,17.19868581892579
280.9264701146034,380.07457079634537,26.84821645559989,16.87602177209136
279.032900742538,379.5581427857821,26.84821645559989,16.87602177209136
275.66460207253715,380.42145385417535,27.387677668842258,17.215111677557992
273.4578349073788,380.24850223470673,27.937978276242305,17.561014916495164
270.41262670156567,382.2189310737623,27.937978276242305,17.561014916495164
266.29263912899495,382.3980609682219,27.937978276242305,17.561014916495164
261.9935216619646,378.4572032901108,27.937978276242305,17.561014916495164
260.02309282290906,376.3076445565956,27.937978276242305,17.561014916495164
257.5152743004747,375.59112497875725,27.937978276242305,17.561014916495164
255.00745577804034,377.5615538178128,27.937978276242305,17.561014916495164
255.80155624604564,377.20599718699464,28.499336073746843,17.913868389212304
247.03055697745495,379.7642053070003,28.499336073746843,17.913868389212304
246.84782782602596,380.12966360985826,28.499336073746843,17.913868389212304
242.54146791472365,382.1424417482337,29.07197323347664,18.27381174675675
239.55905626242549,385.3112541288005,29.07197323347664,18.27381174675675
236.57664461012732,385.6840555853378,29.07197323347664,18.27381174675675
233.96703441436642,385.49765485706916,29.07197323347664,18.27381174675675
234.15343514263506,384.7520519439946,29.07197323347664,18.27381174675675
233.22143150129187,383.0744453895769,29.07197323347664,18.27381174675675
231.7302256751428,381.3968388351592,29.07197323347664,18.27381174675675
230.42542057726234,379.7192322807415,29.07197323347664,18.27381174675675
230.61182130553098,377.29602281324924,29.07197323347664,18.27381174675675
230.05261912072507,377.10962208498063,29.07197323347664,18.27381174675675
230.1389276166302,376.5354363985296,28.526554785129072,17.930977293509706
228.9432911941353,373.59427528831014,27.991368916503866,17.594574747516717
228.40487453668624,370.18430312446606,27.991368916503866,17.594574747516717
225.79589166130864,364.7857099846081,27.46622365446903,17.26448343995196
225.70132788271366,359.6645048404263,26.950930627494948,16.940584965853965
223.80051421528515,354.30766632312776,26.950930627494948,16.940584965853965
223.80051421528515,349.12362904832275,26.950930627494948,16.940584965853965
223.7077245450032,343.4072977156441,26.445304998084815,16.62276314165331
225.06419913208157,338.8291959842546,26.445304998084815,16.62276314165331
225.23375845546636,338.99875530763944,26.445304998084815,16.62276314165331
225.23375845546636,335.7771281633283,26.445304998084815,16.62276314165331
226.9293516893143,330.18167049163003,26.445304998084815,16.62276314165331
227.6860994602747,324.74214240900983,25.949165396472754,16.310903963497157
229.18350349271458,317.92063515011705,25.949165396472754,16.310903963497157
231.1800422026344,314.26031418193065,25.949165396472754,16.310903963497157
233.08226084822525,311.60077329786156,26.470561976784083,16.638638956835706
236.13724359155265,308.2063480274978,26.470561976784087,16.638638956835706
239.02250507136185,304.1330377030613,26.470561976784087,16.638638956835706
244.19272843691851,301.0644122081484,25.97394852972571,16.32648193297044
243.9367653017771,300.8844882800245,25.48665203317316,16.020181277994553
246.62703341589273,300.21770171079373,25.008497692087683,15.719627120740823
249.51327848136876,297.0107627491537,25.008497692087687,15.719627120740823
252.07882965068077,295.7279871644977,25.00849769208769,15.719627120740823
255.9271564046488,295.24694632025165,25.00849769208769,15.719627120740823
258.4066055284631,294.75301626262814,24.539313990755183,15.424711651331817
260.92402446654734,294.5956775789979,24.539313990755183,15.424711651331817
264.1436501352685,294.26835281251897,24.07893263126289,15.135329082508093
266.9940987857289,296.5717455479037,23.627188473130335,14.851375611681917
270.54852230047766,297.77149153037226,23.183919474072813,14.572749383702902
270.9146470241656,298.0568392976523,22.748966631876225,14.299350454322191
274.7745312786074,301.10816446939026,22.32217392736242,14.031080754342083
278.8482464561316,304.5316129676855,21.90338826842452,13.76784405443826
281.30071763328306,307.8908342477956,21.49245943511224,13.50954593064197
285.77422563063624,312.7028681527464,21.089240025747436,13.256093730469807
288.13553853242746,316.342880833419,20.693585404050573,13.007396539688921
286.4106851258581,317.4043290836155,20.693585404050573,13.007396539688923
296.494443502725,318.33309630253746,20.693585404050573,13.007396539688923
301.0055985660602,318.2004152712629,20.693585404050573,13.007396539688923
303.2611760977278,315.5467946457716,20.693585404050573,13.007396539688923
303.5265381602769,314.7507084581242,20.693585404050573,13.007396539688923
307.5069690985139,312.36244989518207,20.693585404050573,13.007396539688923
312.4776021027939,307.5752674330147,20.305353647259174,12.763365149705757
315.79267952970804,302.4873217435938,19.924405495219606,12.523912025566602
319.8120585744378,297.4948308559819,19.550604300433942,12.288951274558471
322.50250435521093,292.5960039454053,19.18381597904401,12.058398615399085
324.5274705362656,286.55907533610184,18.82390896273502,11.832171348004861
326.6351396149798,283.4113496498055,18.470754151541524,11.610188323826092
326.9904263371298,281.99020276120547,18.470754151541527,11.610188323826092
327.87426442343116,282.09911196474917,18.1242248675388,11.392369916738662
330.01979857585627,281.6249425954784,17.784196809402985,11.178637994481866
332.23569472482154,280.0302865960695,18.14153467589432,11.403250367704992
332.98746138506,279.90461851840524,17.80118186894498,11.18931431762255
336.35024784318273,278.1834067312946,17.467214411155332,10.979391915583346
339.313961622608,276.8304700879939,17.13951250717462,10.773407861652613
341.0132459935346,272.5357943933685,16.817958609129185,10.571288268595485
347.69881019203433,267.4677054041832,16.817958609129185,10.571288268595485
344.51378871012025,263.3614336765767,16.502437374457635,10.372960635373367
347.4196145782129,260.91932939772636,16.19283562453702,10.178353821137554
346.48520235375986,260.81550581723155,16.192835624537025,10.178353821137554
348.29827630190226,259.03585827889424,15.889042304085278,10.0
349.66983222495764,256.794591794156,15.590948441325255,10.0
351.51547873365183,254.49540918374237,15.298447108896172,10.0
351.65898559535077,250.5718479454653,15.011433385498368,10.0
357.86347361460946,243.3531890339911,14.729804318257642,10.0
357.5801444201863,238.63103579360478,14.729804318257642,10.0
357.4857013553786,232.77556577552576,14.729804318257642,10.0
351.81911746691503,226.825652692639,14.729804318257642,10.0
351.198919163793,227.19740301667764,15.025770276424394,10.20093
351.3398681844112,227.48577411152795,14.743872235187984,10.009550647535015
356.11030280299,232.5008124299527,14.467262874943698,10.0
354.1623485103795,222.85380069511962,14.4672628749437,10.0
366.35404700710643,210.32353211370003,14.757953587889943,10.20093
361.6638508533298,208.13933038280442,15.054485149331416,10.40589728649
353.79062033487423,207.35911379279295,15.356974919436933,10.614982980667444
363.38430155613037,220.34822141962428,15.66554261649318,10.828269833697995
355.4493253579224,222.45751889003398,15.665542616493182,10.828269833697995
366.84586226256937,215.8294299605235,15.371641824902895,10.625120976771298
371.4251807297156,213.95793208586426,15.083254897556701,10.425783389669277
371.37325041725006,214.63598669628533,14.800278389007115,10.230185569269068
370.4654000339821,219.75242991868888,15.097660382677436,10.435740687912393
376.3154235028263,225.8428926577426,15.401017672746576,10.645426025554617
376.6573858911973,229.30013912720986,15.112079625969269,10.445707496020098
370.8886045062302,220.58076194083648,14.828562337524264,10.249735880037342
367.94124009111147,214.97126192496538,14.828562337524264,10.249735880037342
366.3661208677559,207.64249132283297,15.12651264057214,10.455683823074933
366.3111389974902,218.59392513877324,15.430449659059155,10.665769878131979
365.95824620196095,228.5781814161999,15.740493684058631,10.880077192293285
367.8185753388937,237.65289505130755,16.056767423652424,11.098690583318035
368.1720167860227,237.95319666520282,16.379396051495874,11.321696573208644
369.0576586807064,244.1406382232703,16.708507256358583,11.549183422454126
370.1753556010649,248.4169357252573,17.044231292660598,11.781241164961497
372.62690007990506,254.9648063300533,17.38670103202403,12.01796164368907
362.1479412351824,261.3190686082362,17.38670103202403,12.017961643689071
369.28255151244036,267.2274177440905,17.38670103202403,12.017961643689071
377.8663795022664,269.34550517015145,17.38670103202403,12.017961643689071
373.295769793398,269.1225485989871,17.38670103202403,12.017961643689071
368.279246942201,267.33889602967264,17.38670103202403,12.017961643689071
369.6652674484329,267.6640707203479,17.736052015860487,12.259438546995716
369.8282368581787,267.6546244897599,18.092422509015172,12.505767445720501
368.78420842768094,266.7265992182064,18.092422509015172,12.505767445720503
375.86040112327663,266.2625865824296,18.092422509015172,12.505767445720503
363.0342912756229,267.41298213817225,18.455953554488815,12.757045831007364
365.09721973615797,270.4798367584862,18.82678902925916,13.013373152889796
366.5457600844159,272.1698004981205,18.82678902925916,13.013373152889798
368.170904854693,270.4811968213233,18.47358018522097,12.769229635839364
366.919286787828,270.3529107557868,18.844769831882616,13.025801766912284
371.20056118515186,270.34287402150954,19.223417792114635,13.287529201814852
371.69358022413974,265.9057026706187,19.22341779211464,13.287529201814852
372.0633445033806,265.2894288718839,19.22341779211464,13.287529201814852
373.8459813724801,264.0582699900417,18.862767807336898,13.038242251065958
371.3061913763741,264.17921237080867,18.862767807336898,13.03824225106596
372.3297299621689,268.4135583596258,18.508883966484593,12.793632165584478
374.7031976474099,267.4641712855294,18.508883966484593,12.793632165584478
370.54962919823816,267.82019143831553,18.508883966484593,12.793632165584478
376.3646250270786,269.2442720494601,18.508883966484593,12.793632165584478
369.83758889266585,269.60029220224624,18.508883966484593,12.793632165584478
369.12554858709353,264.61601006324014,18.508883966484593,12.793632165584478
370.8419249006788,262.71857301215925,18.16163933012738,12.553611202836496
368.101115987199,254.68504503692287,17.8209093403419,12.318093266423244
365.4117273104126,248.0591191294343,17.486571776032385,12.086993875197996
353.07867837501067,245.81674659572485,17.486571776032385,12.086993875197997
364.7909294570857,243.68775593313322,17.15850670908951,11.860230132962373
373.85982099897393,243.45858695872693,17.503272584395248,12.098537737023985
382.9987080713793,238.28688217382057,17.8549658404335,12.34163365577401
393.98885127484976,234.16557847251917,17.8549658404335,12.341633655774011
403.4907459195169,228.3270648956755,17.8549658404335,12.341633655774013
416.02214527208207,225.69529961070214,17.519989343111533,12.110092623985528
422.2004542249116,222.54997868926165,17.519989343111533,12.11009262398553
422.53745289506594,222.4376457992102,17.519989343111533,12.11009262398553
434.22007346041636,222.54997868926165,17.519989343111533,12.11009262398553
445.28070980188244,220.97858388708647,17.191297330159955,11.882895526792494
439.7102508881496,220.42869872088494,16.8687718985494,11.659960867763697
446.79056688613514,208.53259452235457,16.55229735722582,11.441208679420118
461.06090479310404,194.418720952867,16.24176018561169,11.226560494550288
474.911161707291,201.39591804497624,16.24176018561169,11.226560494550288
478.2435543482984,199.4173099143781,16.24176018561169,11.226560494550288
477.9762442345622,194.72248239298446,16.568105873021185,11.452135774567287
477.59733335851246,193.22644240834836,16.9010088243278,11.682243538685668
477.42753737335886,192.78398422794405,17.240600794635018,11.91697485810848
477.8697035129738,195.76860567034487,17.240600794635018,11.91697485810848
475.5962066539196,198.74404475973742,17.58701618640162,12.156422633932454
471.7622766911247,202.23968678463862,17.58701618640162,12.156422633932454
482.74909068349893,200.53888024114303,17.940392102634988,12.40068163391606
486.36823184627383,196.62921115239445,17.60381292568051,12.168032804718791
490.0323447480428,197.98492696554328,17.273548300922624,11.939748693472094
494.6244903931537,204.74209466826204,16.94947976123034,11.715747413828833
490.49484211837023,203.6553451222664,16.94947976123034,11.715747413828835
489.99853430615036,203.4289679112738,17.290045658072742,11.951151926614898
489.2738548455178,207.1994080142159,16.96566761194048,11.72693671124471
486.7719436824971,206.87307177556102,16.965667611940482,11.726936711244711
484.64673621141196,206.6567398970084,16.647375212942613,11.506927991040193
482.51197718523036,203.56133930904505,16.647375212942613,11.506927991040193
483.51884679455344,204.29963856745573,16.98187092309627,11.738136695164163
471.0445004513096,199.28199271373472,17.323087655554044,11.973991075780097
473.3769791828842,201.61447144530933,17.323087655554044,11.973991075780098
475.93159874603737,203.50266851372686,17.323087655554044,11.973991075780098
461.2106620033209,199.8385962268851,16.99808970946343,11.749347375793498
463.00491174184,199.83982418296827,16.679189040432384,11.528918209760054
462.412777109383,203.37011285675197,16.36627125762248,11.31262450893026
461.8880991219339,207.14779436638543,16.36627125762248,11.31262450893026
458.5301600022597,207.14779436638543,16.36627125762248,11.31262450893026
455.0077971383958,207.9785624616648,16.69511874600189,11.539929073188194
451.7964750848904,207.22925398251354,16.69511874600189,11.539929073188194
448.0962933155527,207.86262656423102,17.030573766965308,11.771800868055765
446.94570950728894,209.72017025058778,16.71106366547172,11.550950452703903
443.13484752229476,209.7112699293317,17.046839067702045,11.783043700150083
442.2017632182347,212.44498123517135,16.72702381337213,11.561982358350722
441.88001731586274,212.7667271375433,16.727023813372135,11.561982358350722
442.8917042464856,208.14612704857285,17.063119902854222,11.794297269877063
440.81303620882625,211.10002373366763,17.063119902854226,11.794297269877063
429.70452772239776,204.86525227460797,16.74299920424727,11.573024800181788
423.69286816559725,207.76373098949398,16.74299920424727,11.573024800181788
435.6553298012072,193.26242008492324,17.079416287258212,11.805561587491841
431.2162041443022,190.30693606840157,16.75898985265515,11.58407778825984
427.29017515828156,192.34976497560785,16.444574929116964,11.366749240174402
423.81073247642905,193.61501685991786,16.444574929116964,11.366749240174402
433.98156799101247,195.93583328420306,16.136058734858565,11.15349798668904
434.1329320564464,195.52316078967743,15.833330603990674,10.944247533797778
429.5070466226022,195.31169086414886,16.15146971581666,11.164150299494377
424.7913125768785,195.62353272397726,15.848452459981083,10.954699998870904
420.0624347816279,200.40060610403629,15.55112010211143,10.749179189274908
420.80358229968436,198.2984325949505,15.863588758323155,10.96516244672501
426.296059937268,197.17959455766493,15.863588758323157,10.96516244672501
424.71271070898956,194.73004442972865,16.182335847244147,11.185485455767056
420.25119156820267,194.9375569479048,16.182335847244147,11.185485455767056
419.8811032129372,192.12751923198368,16.507487521422824,11.410235415029783
422.2554455459994,198.8925534860116,16.839172468190775,11.639501275223978
422.51814158975805,199.20748802641043,17.17752196059413,11.873373774347053
407.8699082958026,198.7669396566674,17.17752196059413,11.873373774347055
405.44689226221595,199.42776221128193,17.17752196059413,11.873373774347055
406.48912249785246,201.41147079354315,16.855254968293274,11.65061775264028
404.4357770388354,202.81639137076533,16.855254968293274,11.65061775264028
414.4863627066557,203.46481625256018,16.855254968293274,11.65061775264028
417.94462874289496,202.16796648897048,16.855254968293274,11.65061775264028
408.00211388870713,201.30339997991067,16.855254968293274,11.65061775264028
396.6546784572971,201.19532916627819,16.855254968293274,11.65061775264028
382.3312999058384,199.57548459937416,16.539034017706985,11.432040850209093
384.1340360096807,199.57548459937416,16.539034017706985,11.432040850209095
387.78543541255846,202.96006150843112,16.871352828224772,11.661744847012347
390.10394001629123,200.35489913890407,17.210348920602293,11.896064286223368
388.49651784876636,192.06966522251705,17.556156461463956,12.135091905926455
380.89086426393055,191.94775002168416,17.90891231324415,12.378922307592235
383.12573640072475,189.7673393854308,17.572923727707256,12.146681704486305
380.8722906133697,188.8659610704888,17.572923727707256,12.146681704486305
386.21668641415914,188.74392943274466,17.92601648416808,12.39074497997455
373.0488005439349,189.99868037743957,18.28620393338447,12.639712218857179
373.334070704196,189.51995862757448,18.653628629017966,12.893681956470676
375.41909444883447,191.06484245944293,19.028435989060824,13.152754708022043
359.2489746597111,197.53246063531236,18.671444052246446,12.905996257650159
368.5867969607558,208.7857336647765,18.671444052246446,12.90599625765016
362.7207291049713,209.74345902898622,18.671444052246446,12.90599625765016
356.19179876621376,211.4208272569404,18.321149630825545,12.663867235423304
351.19147811628574,214.11287223387887,18.689276490357724,12.918322319784664
345.79912781282485,215.79049232828893,18.689276490357727,12.918322319784666
343.5223576846969,216.3896423620068,18.689276490357727,12.918322319784666
334.5351071789287,213.9930422271353,18.689276490357727,12.918322319784666
329.1982413563623,205.36663187041518,18.338647515081576,12.67596204866288
329.60543053288336,205.72070230787142,17.994596679861658,12.438148691572513
327.81283778989894,205.49125039400678,17.65700057240278,12.204796943991033
336.0164759254739,202.66224183160807,17.325738095744246,11.975823101791583
333.68364032360597,201.9957173739315,17.325738095744246,11.975823101791583
345.50701753400494,193.54384654618252,17.673864151302034,12.216453315375883
346.52689293441193,196.150194791667,17.673864151302034,12.216453315375883
350.885503451861,183.91296676137208,17.342285297527887,11.987260788330275
351.15604820374824,183.45895623001542,17.690743836011116,12.228120819350195
356.19599309945795,182.5421123995167,18.04620395190809,12.473820450973399
353.58484870218246,177.90422820227818,18.40880632791378,12.724456925294808
353.34878526895614,177.31406961921232,18.40880632791378,12.724456925294808
343.488772898175,177.7875263530854,18.063439245237056,12.48573375722763
337.2847975520989,169.78651019328728,18.426387929991606,12.736609605611605
337.09967684576026,162.92431850579084,18.79662934266893,12.992526302417158
342.4024829640295,161.59861697622352,18.79662934266893,12.992526302417158
340.0443128516827,157.1294280094151,19.174310016051177,13.253585133411626
339.79843306070075,153.68711093566733,19.17431001605118,13.253585133411626
336.1671606380862,141.14862676362725,18.814581340838746,13.004935006347537
348.52401600834315,134.38313438222664,19.19262272372022,13.26624316543008
331.8415176431847,135.72654280288884,19.578260092107932,13.532801789353066
329.2597565227135,137.0969443289474,19.971646072138658,13.804716375706537
311.9001200757259,137.47046394154225,20.37293635666614,14.082094541843608
307.5193486917513,133.0306814069676,19.990720287371566,13.81790077374906
300.08522931379287,131.62076221459617,19.990720287371566,13.81790077374906
298.4744733500544,132.89185986684413,20.392393830105725,14.095543853995999
296.17760305823475,125.82050525539694,20.802138199334042,14.378765616654341
314.11188341131054,111.15053372102659,20.411869886692383,14.109006011112385
296.76613931665327,120.31324123268936,20.02892338656791,13.844307357721835
300.54976406870577,124.68094837753493,19.653161334647923,13.584574708105865
300.1002982917768,125.6785622598418,20.048052305345003,13.857529567715837
304.1446207857696,127.22251535954453,19.67193137633352,13.597548856600884
309.49672844731475,128.47334301498606,20.067199493478192,13.870764405776566
311.87227069375297,132.4634025291821,19.69071934462436,13.610535396247837
295.13935104026024,143.06990534300027,19.32130232894599,13.355188535634571
285.1585326712107,148.38655654047673,19.709525256641502,13.623534338881075
268.4096319959338,157.48673084009314,19.339755423792113,13.367943605481322
268.5336326775037,159.71874310835082,19.339755423792113,13.367943605481322
285.2071396221556,157.11612591533793,18.976922832073857,13.11714800243283
289.8307633402964,154.07426820603476,18.97692283207386,13.117148002432831
289.8307633402964,153.83091958929052,18.97692283207386,13.117148002432833
293.29034093622784,153.45578954513982,19.358226142538722,13.380710857245717
293.5385791567283,151.46988378113585,19.358226142538722,13.380710857245717
287.0140221150246,152.94900290276175,19.747190980420754,13.649569480500354
280.611593219747,153.69816375170345,20.14397128879035,13.92383028007205
274.4120537994849,153.69816375170345,20.14397128879035,13.92383028007205
270.27902751931015,153.43984960919252,20.14397128879035,13.92383028007205
267.4935096866481,152.91249263451738,20.548724103896014,14.203601801889537
262.9392435284278,149.73949499038616,20.961609617315595,14.488994772894904
258.42786802202124,147.30913943497632,21.38279123935632,14.78012214486668
240.05646650501296,149.22853959346972,21.38279123935632,14.780122144866683
237.7257663125567,144.97843924252004,21.38279123935632,14.780122144866683
236.35476619934713,141.2767389368542,21.38279123935632,14.780122144866683
233.74986598424894,135.92983849533687,21.38279123935632,14.780122144866683
233.47566596160704,131.54263813306625,21.38279123935632,14.780122144866683
232.51596588236035,127.01833775947468,21.38279123935632,14.780122144866683
232.24176585971844,124.41343754437649,21.38279123935632,14.780122144866683
230.59656572386695,121.94563734059928,21.38279123935632,14.780122144866683
229.4997656332993,123.1795374424879,21.38279123935632,14.780122144866683
228.40296554273164,120.71173723871068,21.38279123935632,14.780122144866683
227.99166550876876,120.98593726135259,21.38279123935632,14.780122144866683
226.34646537291727,120.98593726135259,21.38279123935632,14.780122144866683
226.40584318337298,119.60354866233558,21.812435663728706,15.07709913912349
226.74612359587104,116.23541706332051,22.250712933520006,15.380043292125897
227.37857098985393,112.79960959608643,22.697796508493226,15.689074501994584
227.0093616267805,109.59955787270403,22.27196380518309,15.394732229381535
224.79066445898775,107.4591500514059,21.854120136894068,15.105912103625268
225.13578874677316,105.21877632916517,21.44411562157137,14.822510523888441
225.13578874677316,102.74389864325603,21.44411562157137,14.822510523888443
219.8372167721031,101.64550214575267,21.041803189093095,14.544425832986025
219.70230307336539,102.18515694070354,21.041803189093095,14.544425832986025
223.5383175597577,100.9597267766707,21.464596140571544,14.836666981248214
216.99606442857265,101.51177547562466,21.061899473669115,14.558316701459027
221.10582765730712,103.52619614778179,21.485096219793547,14.850836958941443
222.68080511832247,103.65250913430263,21.91679625813786,15.149234825957453
221.13504232261354,101.68517466703672,21.91679625813786,15.149234825957453
221.48115640324215,100.00047126832806,21.50561587791866,14.865020469880925
229.89229548170368,97.10483322492327,21.505615877918665,14.865020469880925
230.09402860020742,96.00328660141986,21.10214964091118,14.586138251112189
229.41752549023445,96.67978971139283,21.10214964091118,14.58613825111219
229.48017327754653,97.8990197461169,20.706252822297895,14.312488133577553
229.67440798247574,96.57289307355929,20.317783412439418,14.043971957977204
231.81907118864532,97.22571835803829,19.936602065935084,13.780493406575117
233.35300097639555,99.14313059272608,19.936602065935084,13.780493406575118
235.71308318285628,99.78370824093895,19.562572051639254,13.521957968649522
240.78833287692382,99.4088335135007,19.195559203615364,13.268272906591562
245.89144209725941,99.28714407772483,18.835431873010094,13.019347222639981
248.96653825727248,98.80543632094087,18.48206088083046,12.775091626239883
252.6949510435738,98.45126727216193,18.135319471606813,12.535418502013892
254.4391240636215,99.03265827884448,18.135319471606813,12.535418502013892
254.49296396412578,98.9176901880113,17.795083267925214,12.300241878334187
255.6867608694841,100.28813623197222,17.461230225812777,12.06947739648417
257.1421907454489,99.05661864461737,17.461230225812777,12.06947739648417
258.14979604419375,97.2653203357376,17.461230225812777,12.06947739648417
254.95490653247052,97.26658174947535,17.133640590960063,11.843042280398684
265.1714901964389,96.71730305786414,17.133640590960063,11.843042280398684
266.81932627127253,96.6074473195419,17.133640590960063,11.843042280398684
265.3912016730834,97.9257161794088,17.133640590960063,11.843042280398684
264.55993412295294,102.09110884970617,17.477906831354222,12.081004528938735
262.2066096598336,106.12537935791076,17.477906831354222,12.081004528938735
262.0343717028998,106.57489425506972,17.15000432718765,11.854353152654921
260.16504052257983,111.52312385003444,17.15000432718765,11.854353152654921
257.1370568176577,118.45188421350603,16.828253592410636,11.631953976281164
254.76330766075301,126.97580164057295,16.82825359241064,11.631953976281164
252.65208420993298,132.03803028456053,17.166383691842945,11.86567482752658
248.9098511846471,138.641970917418,17.166383691842945,11.865674827526583
244.11792472378562,140.18413051219795,16.844325664279733,11.643063245538261
237.3606531739746,141.0391651213709,17.182778699852108,11.877007315330863
222.758949174427,143.9048471431821,16.86041308601819,11.654183124866865
208.10364031995934,147.24708774212533,17.199189366155554,11.888350626394816
