565.0,61.0,19.0,33.0
571.3464566929134,67.96062992125984,19.0,33.0
578.1023622047245,74.71653543307086,19.0,33.0
584.0393700787403,80.65354330708661,19.0,33.0
587.1102362204725,84.54330708661416,19.0,33.0
590.7952755905512,89.251968503937,19.0,33.0
593.6614173228347,94.37007874015747,19.0,33.0
596.732283464567,98.66929133858267,19.0,33.0
599.5984251968505,101.74015748031495,19.0,33.0
601.8503937007875,105.6299212598425,19.0,33.0
604.716535433071,110.9527559055118,19.0,33.0
605.7401574803151,114.63779527559052,19.0,33.0
607.9921259842522,118.11811023622045,19.0,33.0
610.0393700787404,121.59842519685037,19.0,33.0
613.3149606299215,124.05511811023621,19.0,33.0
619.265809413386,128.63696943700785,19.381767,33.663069
628.0370027677168,132.60489024015746,19.381767000000004,33.663069
637.2258719960632,136.9904869173228,19.381767000000004,33.663069
646.6235791614175,141.1672456574803,19.381767000000004,33.663069
654.7682587047246,144.71749058661416,19.381767000000004,33.663069
667.7162107992128,150.35611488582677,19.381767000000004,33.663069
676.9050800275593,154.53287362598425,19.381767000000004,33.663069
683.3931750896459,159.4156260284726,19.771204844331002,34.339461045416996
689.3581303845788,164.1023766173484,19.771204844331002,34.339461045416996
695.7215832980921,166.55483861147036,19.40027784252228,33.69521941069658
698.6622392681578,170.39706740487486,19.79008762521208,34.37225745431571
701.4343277958502,175.51476930215307,19.79008762521208,34.37225745431571
701.2210902167969,179.35304572511174,19.79008762521208,34.37225745431571
701.2210902167969,181.6986590946976,19.79008762521208,34.37225745431571
701.0078526377437,184.8972227804965,19.79008762521208,34.37225745431571
700.5813774796371,187.8825488872421,19.79008762521208,34.37225745431571
699.0887144262643,190.4413998358812,19.79008762521208,34.37225745431571
698.4490016891045,192.78701320546708,19.79008762521208,34.37225745431571
696.9563386357318,195.34586415410618,19.79008762521208,34.37225745431571
696.7431010566785,195.98557689126596,19.79008762521208,34.37225745431571
695.463675582359,198.11795268179856,19.79008762521208,34.37225745431571
693.7577749499329,199.39737815611812,19.79008762521208,34.37225745431571
693.1180622127731,197.69147752369204,19.79008762521208,34.37225745431571
690.9580894737443,200.35951935687714,19.41880636409781,33.72740052711723
690.3445243655979,198.55601778244798,19.80898844037163,34.405085185908604
689.7042006613505,199.1963414866954,19.80898844037163,34.405085185908604
686.5025821401134,200.26354766044105,19.80898844037163,34.405085185908604
685.6632474334998,199.06413203312428,20.207010445104018,35.09638656254907
684.792327795584,198.1932123952085,20.207010445104018,35.09638656254907
683.8932298172246,198.08697372246968,19.82790730703355,34.43794427011088
682.8250043924776,197.6596835525709,19.82790730703355,34.43794427011088
681.7567789677306,197.01874829772274,19.82790730703355,34.43794427011088
680.261263373085,197.44603846762152,19.82790730703355,34.43794427011088
680.0476182881356,196.37781304287458,19.82790730703355,34.43794427011088
679.1930379483381,196.37781304287458,19.82790730703355,34.43794427011088
678.5521026934899,195.73687778802642,19.82790730703355,34.43794427011088
678.3108079211262,196.9145027656481,19.45591651196331,33.791854994462575
676.8162186988351,196.39293918959422,19.090904625432145,33.15788698101371
675.9667811335698,196.29256846061878,18.732740716338956,32.53581282311501
675.1332798418796,195.9922360850102,18.38129630997724,31.925409380486766
672.9290105688631,195.69753823640735,18.036445341950753,31.3264576991776
672.7346684309059,194.92016968457855,18.036445341950753,31.3264576991776
670.9604376658324,195.01968492969772,17.698064112953727,30.738742933024866
670.1976533029036,194.06620447603672,17.698064112953727,30.738742933024866
667.1465158511885,193.11272402237572,17.698064112953727,30.738742933024866
664.2860744902055,192.34993965944693,17.698064112953727,30.738742933024866
660.8535448570259,191.96854747798253,17.698064112953727,30.738742933024866
658.3498160210522,191.11271526680747,17.366031244399498,30.162054266588576
655.1688024238601,190.1771230323392,17.3660312443995,30.16205426658858
653.2734013127889,189.5244655113997,17.040227634881557,29.596184839531098
649.0266567664413,188.7004445561918,16.720536417451424,29.040931672415603
645.9638813431037,188.1599547756028,16.720536417451424,29.040931672415603
642.7209426595698,188.1599547756028,16.720536417451424,29.040931672415603
639.6581672362322,187.79962825521017,16.720536417451424,29.040931672415603
636.5953918128946,187.43930173481752,16.720536417451424,29.040931672415603
633.7127796497534,187.61946499501386,16.720536417451424,29.040931672415603
630.6500042264158,186.71864869403223,16.720536417451424,29.040931672415603
627.4070655428819,186.35832217363958,16.720536417451424,29.040931672415603
625.5821164305991,187.71171977407704,16.40684291769806,28.496095593896605
622.7535848708136,186.82780366164408,16.40684291769806,28.496095593896605
618.8414749061641,186.3879779840078,16.099034612613742,27.96148116927647
616.9333423329326,185.6941115937418,16.099034612613742,27.961481169276475
614.6782765645681,185.00024520347583,16.099034612613742,27.961481169276475
612.5966773937702,184.30637881320985,16.099034612613742,27.961481169276475
609.8329394790371,184.5458635853422,16.42251251508499,28.523311210410746
607.0017064884547,184.1919594615194,16.42251251508499,28.523311210410746
604.6784287626687,185.16733021717187,16.114410233137647,27.988186194396945
601.9003124522728,184.29916887017316,16.114410233137647,27.988186194396945
601.183312097251,185.6035052621104,15.812088249183928,27.463100643319432
598.6056410115239,185.52037296139792,15.51543811922048,26.94786620706713
596.097965559184,184.68448114395133,15.51543811922048,26.94786620706713
593.4231117433549,184.51730278046202,15.51543811922048,26.94786620706713
590.915436291015,184.18294605348336,15.51543811922048,26.94786620706713
587.9062257482072,183.8485893265047,15.51543811922048,26.94786620706713
585.0641935688888,184.85165950744064,15.51543811922048,26.94786620706713
582.054983026081,184.18294605348336,15.51543811922048,26.94786620706713
579.2129508467625,183.6814109630154,15.51543811922048,26.94786620706713
576.7052753944226,184.35012441697268,15.51543811922048,26.94786620706713
574.3647783055721,184.01576768999402,15.51543811922048,26.94786620706713
571.5227461262537,184.18294605348333,15.51543811922048,26.94786620706713
567.8231861087302,183.09830321452236,15.224353433758765,26.442298069159943
564.7063893427638,182.44213547431892,15.224353433758765,26.442298069159943
561.2615087066957,182.1140516042172,15.224353433758765,26.442298069159943
559.2717753780861,182.1980512635191,14.938729779655578,25.946214880454406
556.8573101422528,182.1980512635191,14.938729779655578,25.946214880454406
552.4904409071954,182.6024037057553,14.65846470265967,25.459438694093087
550.5746659028885,182.84122560196465,14.383457670661032,24.981794901674405
547.4750397160904,183.30616952998437,14.383457670661034,24.981794901674405
544.355356036468,183.07556696749188,14.11361003762967,24.51311217061993
542.5107903279106,183.60965928040605,13.848825008230891,24.05322238271679
539.82481846556,183.3112179623671,13.848825008230893,24.053222382716793
539.2279358294821,182.7143353262892,13.848825008230893,24.053222382716793
537.8849498983068,182.5651146672697,13.848825008230893,24.053222382716793
538.3326118753653,182.26667334923076,13.848825008230893,24.053222382716793
538.0341705573263,181.52057005413337,13.848825008230893,24.053222382716793
538.4818325343848,181.52057005413337,13.848825008230893,24.053222382716793
538.3326118753653,181.22212873609442,13.848825008230893,24.053222382716793
538.3326118753653,180.774466759036,13.848825008230893,24.053222382716793
538.3326118753653,181.07290807707494,13.848825008230893,24.053222382716793
538.9294945114432,180.47602544099703,13.848825008230893,24.053222382716793
540.7201424196769,181.22212873609442,13.848825008230893,24.053222382716793
541.3170250557548,181.22212873609442,13.848825008230893,24.053222382716793
541.1678043967353,181.22212873609442,13.848825008230893,24.053222382716793
541.4662457147742,181.22212873609442,13.848825008230893,24.053222382716793
542.5107903279106,181.3713493951139,13.848825008230893,24.053222382716793
542.9584523049691,181.3713493951139,13.848825008230893,24.053222382716793
544.1522175771249,181.66979071315285,13.848825008230893,24.053222382716793
544.1522175771249,182.26667334923076,13.848825008230893,24.053222382716793
544.3014382361445,182.41589400825023,13.848825008230893,24.053222382716793
544.450658895164,182.7143353262892,13.848825008230893,24.053222382716793
544.5998795541835,183.60965928040605,13.848825008230893,24.053222382716793
544.8983208722225,184.5049832345229,13.848825008230893,24.053222382716793
545.345982849281,185.2510865296203,13.848825008230893,24.053222382716793
545.047541531242,186.14641048373716,13.848825008230893,24.053222382716793
545.4952035083005,186.74329311981506,13.848825008230893,24.053222382716793
545.1967621902616,188.83238234608777,13.848825008230893,24.053222382716793
544.8983208722226,190.1753682772631,13.848825008230893,24.053222382716793
544.908409310797,190.0829382376146,14.127089449121277,24.536523780052722
545.0606282605181,192.2140035337108,14.127089449121277,24.536523780052722
545.375357305531,193.33746789504494,14.41094505742247,25.02953615236532
545.375357305531,195.3560752010577,14.41094505742247,25.029536152365324
545.5306347906089,196.75357256675886,14.41094505742247,25.029536152365324
545.9964672458426,198.92745735784953,14.41094505742247,25.029536152365324
546.9281321563101,200.6355096937065,14.41094505742247,25.029536152365324
546.9281321563101,201.87772957432972,14.41094505742247,25.029536152365324
546.9281321563101,203.11994945495294,14.41094505742247,25.029536152365324
547.083409641388,203.27522694003085,14.41094505742247,25.029536152365324
547.238687126466,204.05161436542036,14.41094505742247,25.029536152365324
547.839701243249,204.28640356705878,14.140581734323694,24.559957749088504
547.839701243249,204.89586088175818,14.140581734323694,24.559957749088504
549.6483543809823,206.49752416805427,13.875290689703933,24.099189092643652
551.273569603635,206.72358626256337,13.614976762693457,23.647064903625456
551.5669715065194,206.87028721400557,13.614976762693457,23.64706490362546
553.474083875268,207.89719387410096,13.614976762693457,23.64706490362546
554.7943924382478,208.04389482554316,13.614976762693457,23.64706490362546
556.8482057584386,208.63069863131196,13.614976762693457,23.64706490362546
558.4619162243027,208.33729672842756,13.614976762693457,23.64706490362546
559.1954209815137,208.19059577698536,13.614976762693457,23.64706490362546
560.2223276416091,208.77739958275416,13.614976762693457,23.64706490362546
561.6893371560311,209.36420338852295,13.614976762693457,23.64706490362546
563.7431504762219,209.51090433996515,13.614976762693457,23.64706490362546
564.4766552334329,209.80430624284955,13.614976762693457,23.64706490362546
565.5035618935283,210.39111004861834,13.614976762693457,23.64706490362546
566.2370666507393,210.39111004861834,13.614976762693457,23.64706490362546
566.3837676021815,210.39111004861834,13.614976762693457,23.64706490362546
568.2908799709301,211.12461480582934,13.614976762693457,23.64706490362546
568.4375809223723,212.15152146592473,13.614976762693457,23.64706490362546
569.6111885339099,212.88502622313572,13.614976762693457,23.64706490362546
570.6380951940052,213.17842812602012,13.614976762693457,23.64706490362546
571.224898999774,212.88502622313572,13.614976762693457,23.64706490362546
571.6650018541006,214.49873668899994,13.614976762693457,23.64706490362546
572.8386094656382,214.93883954332654,13.614976762693457,23.64706490362546
573.1320113685226,215.67234430053753,13.614976762693457,23.64706490362546
574.0122170771758,216.25914810630633,13.614976762693457,23.64706490362546
574.3056189800602,216.55255000919072,13.614976762693457,23.64706490362546
574.0122170771758,217.72615762072834,13.614976762693457,23.64706490362546
574.892422785829,218.45966237793934,13.614976762693457,23.64706490362546
575.1858246887134,218.45966237793934,13.614976762693457,23.64706490362546
575.4792265915978,218.89976523226593,13.614976762693457,23.64706490362546
575.3325256401556,220.07337284380353,13.614976762693457,23.64706490362546
575.4792265915978,220.66017664957232,13.614976762693457,23.64706490362546
575.7726284944822,220.95357855245672,13.614976762693457,23.64706490362546
577.5140540528267,222.34900711409168,13.35954657773286,23.20342300343074
577.8019514511036,222.34900711409168,13.359546577732862,23.20342300343074
578.5216949467958,223.06875060978388,13.359546577732862,23.20342300343074
578.9535410442112,223.64454540633764,13.359546577732862,23.20342300343074
579.0974897433497,225.3719297959989,13.359546577732862,23.20342300343074
579.8172332390419,225.94772459255267,13.359546577732862,23.20342300343074
581.4006689295647,226.52351938910644,13.359546577732862,23.20342300343074
581.4006689295647,227.5311602830755,13.359546577732862,23.20342300343074
581.6885663278416,228.2509037787677,13.359546577732862,23.20342300343074
582.4083098235338,228.68274987618304,13.359546577732862,23.20342300343074
582.5522585226723,229.54644207101367,13.359546577732862,23.20342300343074
582.6962072218108,230.12223686756744,13.359546577732862,23.20342300343074
582.9841046200877,230.26618556670587,13.359546577732862,23.20342300343074
582.8401559209492,231.27382646067494,13.359546577732862,23.20342300343074
582.9841046200877,231.8496212572287,13.359546577732862,23.20342300343074
583.415950717503,233.14515954947467,13.359546577732862,23.20342300343074
583.9917455140568,233.72095434602844,13.359546577732862,23.20342300343074
583.9917455140568,235.30439003655127,13.359546577732862,23.20342300343074
583.9917455140568,236.4559796296588,13.359546577732862,23.20342300343074
583.8477968149183,237.46362052362787,13.359546577732862,23.20342300343074
583.5598994166414,238.47126141759693,13.359546577732862,23.20342300343074
583.7038481157799,239.0470562141507,13.359546577732862,23.20342300343074
583.7038481157799,239.33495361242757,13.359546577732862,23.20342300343074
583.415950717503,240.34259450639664,13.359546577732862,23.20342300343074
582.8401559209493,241.3502354003657,13.359546577732862,23.20342300343074
581.5446176287033,242.21392759519634,13.359546577732862,23.20342300343074
581.5446176287033,242.7897223917501,13.359546577732862,23.20342300343074
581.2567202304265,244.08526068399607,13.359546577732862,23.20342300343074
580.3930280355959,244.80500417968827,13.359546577732862,23.20342300343074
579.8172332390421,246.3884398702111,13.359546577732862,23.20342300343074
579.5293358407653,247.10818336590327,13.359546577732862,23.20342300343074
578.3777462476578,247.2521320650417,13.359546577732862,23.20342300343074
577.6580027519656,248.54767035728767,13.359546577732862,23.20342300343074
577.0822079554118,250.41900344608737,13.359546577732862,23.20342300343074
575.3548235657505,251.42664434005647,13.359546577732862,23.20342300343074
575.0669261674736,252.86613133144087,13.359546577732862,23.20342300343074
574.0592852735045,254.4495670219637,13.359546577732862,23.20342300343074
573.3395417778123,255.16931051765587,13.359546577732862,23.20342300343074
572.907695680397,256.4648488099018,13.359546577732862,23.20342300343074
571.1803112907356,257.4724897038709,13.359546577732862,23.20342300343074
571.0363625915971,258.76802799611687,13.359546577732862,23.20342300343074
570.028721697628,260.20751498750127,13.359546577732862,23.20342300343074
569.021080803659,260.92725848319344,13.359546577732862,23.20342300343074
567.5815938122746,262.07884807630097,13.359546577732862,23.20342300343074
567.5815938122746,263.51833506768537,13.359546577732862,23.20342300343074
566.2860555200286,265.1017707582082,13.359546577732862,23.20342300343074
564.7026198295058,265.96546295303887,13.359546577732862,23.20342300343074
564.252144066279,267.3347119198196,13.108908511078907,22.768104256084396
561.4271824310694,268.7471927374244,13.108908511078907,22.768104256084396
559.4497092864226,269.8771773915083,13.108908511078907,22.768104256084396
558.0372284688177,271.1484101273527,13.108908511078907,22.768104256084396
556.059755324171,271.4309062908737,13.108908511078907,22.768104256084396
554.0822821795242,272.8433871084785,13.108908511078907,22.768104256084396
552.1048090348775,274.6796121713648,13.108908511078907,22.768104256084396
550.2685839719911,275.5271006619277,13.108908511078907,22.768104256084396
549.8265595715192,277.43565351551734,12.86297265793875,22.340952511156758
547.7475876127144,278.1286441684523,12.862972657938752,22.340952511156758
545.9278747133555,278.89260567250267,12.621650800220767,21.921814547751836
544.1423013950301,280.8662155725253,12.38485637489039,21.510540019546443
543.8754085100346,281.666894227512,12.38485637489039,21.510540019546447
541.74026543007,283.1348050949876,12.38485637489039,21.510540019546447
539.8720152351011,283.5351444224809,12.38485637489039,21.510540019546447
538.2706579251277,284.6027159624632,12.38485637489039,21.510540019546447
536.2779832705885,285.1872889771435,12.633705294031062,21.942751300159195
534.2360665425851,285.1872889771435,12.633705294031062,21.942751300159195
532.1941498145818,285.86792788647796,12.633705294031062,21.942751300159195
530.2883608684454,286.8208223595462,12.633705294031062,21.942751300159195
528.5186997041758,287.50146126888063,12.633705294031062,21.942751300159195
526.3406551943056,288.0459723963482,12.633705294031062,21.942751300159195
524.2987384663022,288.45435574194886,12.633705294031062,21.942751300159195
522.120693956432,289.543377996884,12.633705294031062,21.942751300159195
519.670393882828,290.6324002518191,12.633705294031062,21.942751300159195
517.4923493729577,291.04078359741976,12.633705294031062,21.942751300159195
513.8168992625517,291.31303916115354,12.633705294031062,21.942751300159195
510.958215843347,292.26593363422177,12.633705294031062,21.942751300159195
508.3717879878761,292.9465725435562,12.633705294031062,21.942751300159195
506.05761569613895,294.1717225803582,12.633705294031062,21.942751300159195
503.1989322769342,294.1717225803582,12.633705294031062,21.942751300159195
500.0679932939957,295.26074483529334,12.633705294031062,21.942751300159195
497.34543765665785,296.21363930836156,12.633705294031062,21.942751300159195
495.0312653649207,297.0304059995629,12.633705294031062,21.942751300159195
492.3087097275829,297.71104490889735,12.633705294031062,21.942751300159195
489.58615409024503,298.93619494569936,12.633705294031062,21.942751300159195
486.04683176170585,300.43360054623514,12.633705294031062,21.942751300159195
482.50750943316666,300.7058561099689,12.633705294031062,21.942751300159195
480.47479596679375,301.8466860777008,12.887554334504028,22.383647002033292
478.12351319396504,302.17726075764665,13.146503963747218,22.833401621245144
474.5821839041036,303.4521393019968,13.14650396374722,22.833401621245144
472.1836568065205,304.780928420148,13.410656667890793,23.292193160020823
469.582667448637,306.0814230990897,13.410656667890795,23.292193160020823
467.99317395215263,306.80392014294625,13.410656667890795,23.292193160020823
465.3921845942691,308.2489142306593,13.410656667890795,23.292193160020823
463.65819168901345,309.11591068328715,13.410656667890795,23.292193160020823
461.49070055744386,310.5609047710002,13.410656667890795,23.292193160020823
459.4677088346456,312.00589885871324,13.410656667890795,23.292193160020823
457.7337159293899,312.5838964937985,13.410656667890795,23.292193160020823
456.5777206592195,314.1733899902828,13.410656667890795,23.292193160020823
454.6992283451925,314.60688821659676,13.410656667890795,23.292193160020823
452.67623662239424,315.7628834867672,13.410656667890795,23.292193160020823
450.9422437171386,316.1963817130811,13.410656667890795,23.292193160020823
448.774752585569,315.7628834867672,13.410656667890795,23.292193160020823
447.91752537949844,315.81787728572766,13.680116992318723,23.76020319718512
445.264274342447,314.34384893181016,13.680116992318723,23.76020319718512
442.75842614078726,313.01722341328446,13.680116992318723,23.76020319718512
440.3999807745193,311.8380007301505,13.680116992318723,23.76020319718512
438.93591796063026,310.86227967177126,13.954991583045384,24.237616960026163
437.88336575668734,310.711915071208,13.954991583045384,24.237616960026166
435.62789674823824,310.2608212695182,13.954991583045384,24.23761696002617
433.5227923403524,309.50899826670184,13.954991583045384,24.23761696002617
431.54859252904834,309.5859942812543,13.693182389881864,23.78289572979479
431.1059616851151,310.17616873983184,13.693182389881864,23.782895729794795
429.18789469473796,309.881081510543,13.693182389881864,23.7828957297948
428.450176621516,309.7335378958986,13.693182389881864,23.7828957297948
427.57488999141407,309.789690263238,13.96831950364176,24.260765453693566
426.0799833930797,310.5995119425616,14.248984947428434,24.748237013954633
424.7085720063917,311.42560536888783,14.535289801977115,25.245503340276027
424.24930862572484,311.3285937154154,14.827347379968241,25.75276123889219
422.8222320229851,312.3479822569158,15.125273270873944,26.270211470465252
422.83325031444457,313.3878533723806,15.429185386705615,26.79805882954131
421.68074704559297,313.6173736532817,15.739204008680693,27.336512225603286
421.01385483054,315.20822115713287,16.055451834827114,27.885784765752334
420.8525537336814,316.485039570898,16.378054028544295,28.446093839050597
420.8644846369844,318.1404591432524,16.707138268139836,29.017661202558642
421.5845602192001,322.2808937409928,16.707138268139836,29.017661202558642
422.3046358014158,324.44112048764,16.707138268139836,29.017661202558642
422.4968253279128,326.4898401965696,17.04283479736157,29.600713069101655
422.3131893126905,328.1425643335703,17.04283479736157,29.600713069101655
423.0601485490103,331.7015370893898,17.38527647694496,30.195480196799114
423.44746480991313,335.33202028479195,17.734598837196216,30.8021979803934
423.63855456116346,337.81618705104654,17.734598837196216,30.802197980393405
424.2118238149145,338.96272555854864,17.734598837196216,30.802197980393405
424.0207340636642,340.49144356855146,17.734598837196216,30.802197980393405
425.3712814264491,341.51961754529395,18.090940131632003,31.421106544413448
425.5662107440713,342.29933481578286,18.090940131632003,31.421106544413448
425.9560693793158,343.07905208627176,18.090940131632003,31.421106544413448
426.7357866498047,346.78270912109406,18.090940131632003,31.421106544413448
428.2952211907825,348.73200229731634,18.090940131632003,31.421106544413448
428.685079826027,350.09650752067193,18.090940131632003,31.421106544413448
429.2698677788937,351.65594206164974,18.090940131632003,31.421106544413448
429.65972641413816,352.0458006968942,18.090940131632003,31.421106544413448
431.21916095511597,353.4103059202498,18.090940131632003,31.421106544413448
431.21916095511597,353.2153766026276,18.090940131632003,31.421106544413448
431.99887822560487,354.7748111436054,18.090940131632003,31.421106544413448
432.01205691319467,353.67942172621804,18.454441391696886,32.05245083821035
432.820884529759,353.15856074647076,18.82524648258025,32.696480732902515
433.2402810281625,352.0187097698667,19.203502160154734,33.35345112026873
434.0679495837597,353.2602126032625,19.203502160154734,33.35345112026873
434.6887010004576,353.67404688106114,19.203502160154734,33.35345112026873
435.10253527825625,353.67404688106114,19.203502160154734,33.35345112026873
435.10253527825625,352.84637832546395,19.203502160154734,33.35345112026873
435.5163695560549,351.6048754920681,19.203502160154734,33.35345112026873
436.3172591468443,352.95233275209193,18.843225811971738,32.72770798921405
436.5202943192899,352.1401920623095,18.843225811971738,32.72770798921405
436.5202943192899,350.7189458551902,18.843225811971738,32.72770798921405
436.5202943192899,349.9068051654078,18.843225811971738,32.72770798921405
436.7233294917355,349.5007348205165,18.843225811971738,32.72770798921405
436.5202943192899,349.7037699929621,18.843225811971738,32.72770798921405
436.11422397439867,349.0946644756253,18.843225811971738,32.72770798921405
434.48994259483374,348.28252378584284,18.843225811971738,32.72770798921405
434.28690742238814,346.6582424062779,18.843225811971738,32.72770798921405
433.06869638771445,346.04913688894106,18.843225811971738,32.72770798921405
432.4595908703776,345.4400313716042,18.843225811971738,32.72770798921405
430.22620397347583,343.4096796471481,18.843225811971738,32.72770798921405
427.99281707657406,342.1914686124744,18.843225811971738,32.72770798921405
427.78978190412846,342.39450378492,18.843225811971738,32.72770798921405
425.3533598347811,341.78539826758316,18.843225811971738,32.72770798921405
423.72907845521615,342.39450378492,18.843225811971738,32.72770798921405
422.5245941248681,341.65963452171513,19.221842748211685,33.385305825841336
420.0392170268813,342.0738640380463,19.221842748211685,33.385305825841336
417.13961041256346,341.24540500538404,19.221842748211685,33.385305825841336
415.89692186357007,342.48809355437743,19.221842748211685,33.385305825841336
413.2044300074177,342.0738640380463,19.221842748211685,33.385305825841336
411.3403971839277,341.4525197635496,19.221842748211685,33.385305825841336
409.26924960227205,342.695208312543,19.221842748211685,33.385305825841336
407.6123315369475,343.10943782887415,19.221842748211685,33.385305825841336
405.5411839552919,341.6596345217152,19.221842748211685,33.385305825841336
403.2629216154707,342.07386403804634,19.221842748211685,33.385305825841336
401.60600355014617,341.2454050053841,19.221842748211685,33.385305825841336
