657.0,257.0,10.0,9.0
656.9251968503937,257.4724409448819,10.0,10.0
656.9251968503937,257.4724409448819,10.0,10.0
656.5511811023622,257.5472440944882,10.0,10.0
656.0275590551181,256.5748031496063,10.0,10.0
656.251968503937,256.5748031496063,10.0,10.0
656.4015748031495,256.64960629921256,10.0,10.0
656.5511811023621,256.72440944881885,10.0,10.0
655.5039370078739,256.79921259842513,10.0,10.0
655.279527559055,256.8740157480314,10.0,10.0
655.8779527559054,256.9488188976377,10.0,10.0
655.5787401574802,257.0984251968503,10.0,10.0
655.2795275590549,257.3228346456692,10.0,10.0
656.0275590551179,257.6220472440944,10.0,10.0
655.9527559055116,257.24803149606294,10.0,10.0
655.8779527559053,257.8464566929133,10.0,10.0
655.9527559055116,257.6968503937007,10.0,10.0
656.2519685039368,257.6220472440944,10.0,10.0
656.5511811023621,257.5472440944881,10.0,10.0
656.2519685039368,257.6220472440944,10.0,10.0
657.0748031496062,257.771653543307,10.0,10.0
657.299212598425,258.2952755905511,10.0,10.0
657.4488188976376,259.0433070866141,10.0,10.0
657.4488188976376,258.9685039370078,10.0,10.0
657.3740157480313,258.9685039370078,10.0,10.0
657.299212598425,259.0433070866141,10.0,10.0
657.1496062992125,259.4921259842519,10.0,10.0
657.1496062992125,259.9409448818897,10.0,10.0
656.9251968503936,259.64173228346453,10.0,10.0
656.6259842519684,259.56692913385825,10.0,10.0
655.7283464566927,259.64173228346453,10.0,10.0
655.803149606299,259.7165354330708,10.0,10.0
655.8779527559053,259.86614173228344,10.0,10.0
655.8779527559053,260.1653543307086,10.0,10.0
655.9527559055116,260.5393700787401,10.0,10.0
655.7283464566927,260.2401574803149,10.0,10.0
655.4291338582675,260.8385826771653,10.0,10.0
656.1023622047242,260.5393700787401,10.0,10.0
655.8779527559053,260.5393700787401,10.0,10.0
655.8779527559053,260.4645669291338,10.0,10.0
656.1023622047242,261.58661417322827,10.0,10.0
656.4015748031494,260.8385826771653,10.0,10.0
656.9251968503935,261.2874015748031,10.0,10.0
657.074803149606,261.88582677165346,10.0,10.0
657.2244094488186,261.66141732283455,10.0,10.0
657.7480314960627,261.51181102362193,10.0,10.0
657.6732283464564,261.51181102362193,10.0,10.0
657.8976377952753,261.5866141732282,10.0,10.0
658.1968503937005,261.73622047244083,10.0,10.0
659.0944881889761,262.40944881889754,10.0,10.0
659.1692913385824,263.4566929133857,10.0,10.0
659.1692913385824,263.6811023622046,10.0,10.0
659.1692913385824,263.15748031496054,10.0,10.0
659.4685039370077,263.60629921259834,10.0,10.0
659.7677165354329,263.4566929133857,10.0,10.0
659.3188976377951,264.2047244094487,10.0,10.0
660.1417322834644,264.2047244094487,10.0,10.0
660.0669291338581,264.2047244094487,10.0,10.0
660.0669291338581,264.279527559055,10.0,10.0
660.1417322834644,264.5787401574802,10.0,10.0
660.3404798818897,263.9546531102361,10.20093,10.20093
660.085383900062,263.8521694669911,10.40589728649,10.40589728649
660.3700379987278,264.2925023439587,10.614982980667444,10.614982980667444
659.945780908224,264.18585891744345,10.828269833697995,10.828269833697995
659.755995826505,264.482067048733,11.04584225946649,11.04584225946649
659.8102765304578,264.3710949944732,11.26778636798595,11.26778636798595
659.5285015328286,264.0050334059024,11.494189999477893,11.494189999477893
659.4990053144122,264.0615173488995,11.725142759137402,11.725142759137402
658.679546581309,264.55767502774665,11.96073605259675,11.96073605259675
658.3804429008877,264.0796312016567,12.201063122101576,12.201063122101576
658.0753293302158,263.9570532210005,12.446219083413963,12.446219083413963
658.1684309690288,264.7949679703169,12.446219083413965,12.446219083413965
657.88912605259,264.5156630538781,12.446219083413965,12.446219083413965
657.5778818349427,264.20441883623073,12.696300963457002,12.696300963457002
657.1654114571885,264.3617824387262,12.951407738715744,12.951407738715744
656.3903665846354,264.26490182965705,12.951407738715744,12.951407738715744
656.1966053664971,264.26490182965705,12.951407738715744,12.951407738715744
655.8090829302206,264.1680212205879,12.951407738715744,12.951407738715744
656.3180958593515,264.19263110437305,12.708426753007046,12.708426753007046
656.1279697898183,264.4778202086728,12.708426753007046,12.708426753007046
655.5575915812187,264.7630093129726,12.708426753007046,12.708426753007046
655.6526546159853,263.90744200007333,12.708426753007046,12.708426753007046
654.4168351640196,263.8123789653067,12.708426753007046,12.708426753007046
655.1064245858536,263.6464010742414,12.470004326538167,12.470004326538167
654.546747226316,263.5531215143185,12.470004326538167,12.470004326538167
652.9846898428169,263.670096209432,12.236054936311152,12.236054936311152
652.1841745310694,263.7848763456763,12.006494663822544,12.006494663822544
651.9147374460939,263.2460021757252,12.006494663822544,12.006494663822544
651.0394282172808,263.4484412868143,11.781241164961493,11.781241164961493
650.9736871904431,262.76580849818924,11.560213640472632,11.560213640472632
649.1577323705421,262.33343830297474,11.560213640472634,11.560213640472634
648.1420102797341,262.61482679781034,11.343332806973086,11.343332806973086
647.9090094405665,261.8727157460462,11.130520868513226,11.130520868513226
647.0975613109919,262.143645039512,10.92170148867099,10.92170148867099
645.2185126690433,260.99987630093466,10.92170148867099,10.92170148867099
643.5845573282186,261.40836513614084,10.92170148867099,10.92170148867099
642.8212503178828,260.31826705764007,11.141151236682857,11.141151236682857
641.6544998340412,260.40160637791445,11.141151236682859,11.141151236682859
640.3210707096508,260.15158841709126,11.141151236682859,11.141151236682859
639.9877134285532,259.4848738548961,11.141151236682859,11.141151236682859
638.5709449838885,258.5681413318777,11.141151236682859,11.141151236682859
636.7374799378517,258.48480201160334,11.141151236682859,11.141151236682859
635.5707294540101,257.98476608995696,11.141151236682859,11.141151236682859
634.3206396498941,258.06810541023134,11.141151236682859,11.141151236682859
633.7920134726228,257.956175834332,11.365010388481528,11.365010388481528
631.921708613416,257.6161204053853,11.365010388481528,11.365010388481528
630.787363749708,256.73681711338736,11.593367542217287,11.593367542217287
628.9662008956353,256.2164848693666,11.593367542217287,11.593367542217287
627.8388143669237,256.38992895070686,11.593367542217287,11.593367542217287
626.6247057975419,256.30320691003675,11.593367542217287,11.593367542217287
625.9879007865082,255.57967985833295,11.826313076243059,11.826313076243059
624.8959777192213,254.9300795242126,12.063939184884012,12.063939184884012
623.5113884474368,254.5381529648852,12.306339914925886,12.306339914925886
622.5592551162956,253.95424082804885,12.553611202836493,12.553611202836493
621.0245607759886,253.546406076028,12.805850912735085,12.805850912735085
620.1295724094648,253.51354389299937,13.063158875124671,13.063158875124671
619.021167956159,252.60057252522694,13.325636926402552,13.325636926402552
618.6879320222569,252.06797666880388,13.59338894916476,13.59338894916476
617.6362205636802,252.2364591788924,13.866520913320327,13.866520913320327
616.6671030106062,251.47479351349793,14.145140918031673,14.145140918031673
615.7843230877676,250.90944391834748,14.429359234497685,14.429359234497685
614.7758693161853,250.44067090553574,14.719288349596447,14.719288349596447
613.9673625086732,250.29279357513153,15.015043010404888,15.015043010404888
613.704196628204,249.24340693860563,15.316740269612954,15.316740269612954
613.3211689143117,249.08952730748697,15.624499531850287,15.624499531850287
611.5680262503048,249.2064034850874,15.624499531850287,15.624499531850287
611.5680262503048,248.03764170908286,15.624499531850287,15.624499531850287
611.2173977175034,248.73889877468557,15.624499531850287,15.624499531850287
610.8667691847021,248.62202259708513,15.624499531850287,15.624499531850287
611.100521539903,248.5051464194847,15.624499531850287,15.624499531850287
611.3342738951038,248.38827024188427,15.624499531850287,15.624499531850287
610.4760452949544,248.23129870733754,15.938442600943755,15.938442600943755
610.8337190068653,248.58897241924848,15.938442600943755,15.938442600943755
610.3568207243173,248.23129870733754,15.938442600943755,15.938442600943755
610.2375961536803,248.58897241924848,15.938442600943755,15.938442600943755
609.839021448816,248.19039771438412,16.25869372812452,16.25869372812452
609.5540583323417,248.14867489777933,16.585379661203724,16.585379661203724
608.8096751506971,248.27273876138676,16.585379661203724,16.585379661203724
607.6931003782303,248.52086648860163,16.585379661203724,16.585379661203724
608.0652919690525,248.7689942158165,16.585379661203724,16.585379661203724
607.6931003782303,248.3968026249942,16.585379661203724,16.585379661203724
607.8171642418376,248.89305807942392,16.585379661203724,16.585379661203724
607.1968449238005,248.7689942158165,16.585379661203724,16.585379661203724
607.4449726510154,248.7689942158165,16.585379661203724,16.585379661203724
607.4449726510154,248.7689942158165,16.585379661203724,16.585379661203724
607.1542837706418,248.6023691990502,16.91862969473629,16.91862969473629
606.6480570553662,249.1085959143258,16.91862969473629,16.91862969473629
606.9011704130039,248.98203923550693,16.91862969473629,16.91862969473629
607.0277270918228,249.48826595078253,16.91862969473629,16.91862969473629
607.1542837706418,249.48826595078253,16.91862969473629,16.91862969473629
606.2683870189095,249.48826595078253,16.91862969473629,16.91862969473629
606.1418303400906,249.48826595078253,16.91862969473629,16.91862969473629
606.0152736612716,249.48826595078253,16.91862969473629,16.91862969473629
606.3515273633191,249.44484961637323,17.258575721192628,17.258575721192628
605.6617407536705,249.27146133539028,17.605352283158552,17.605352283158552
605.3531750018868,248.8312020035358,17.959096626584056,17.959096626584056
605.6218544002373,248.69686230436054,17.959096626584056,17.959096626584056
605.0844956035364,248.8312020035358,17.959096626584056,17.959096626584056
605.3531750018869,248.96554170271105,17.959096626584056,17.959096626584056
605.3531750018869,249.0998814018863,17.959096626584056,17.959096626584056
605.3070886368033,249.05379503680257,18.31994875510201,18.31994875510201
604.9859982848843,249.00678265838522,18.688051485438276,18.688051485438276
604.5186637534129,248.67924063802525,19.06355050393519,19.06355050393519
604.090859667301,248.53663927598797,19.06355050393519,19.06355050393519
604.3760623913755,248.25143655191334,19.06355050393519,19.06355050393519
604.2334610293382,248.53663927598797,19.06355050393519,19.06355050393519
604.0908596673008,248.39403791395068,19.06355050393519,19.06355050393519
603.6630555811889,248.96444336209993,19.06355050393519,19.06355050393519
603.235251495077,248.96444336209993,19.06355050393519,19.06355050393519
603.3778528571144,248.96444336209993,19.06355050393519,19.06355050393519
603.235251495077,249.1070447241372,19.06355050393519,19.06355050393519
603.235251495077,249.39224744821183,19.06355050393519,19.06355050393519
603.3778528571144,249.82005153432374,19.06355050393519,19.06355050393519
603.4715336210511,249.62852957418596,19.44659442421076,19.44659442421076
603.4715336210511,249.7739962253907,19.44659442421076,19.44659442421076
603.2761634101684,249.86955931691728,19.837334845976425,19.837334845976425
603.0768676256382,249.6702635323872,20.23592641503663,20.23592641503663
603.0249384940141,249.4669632976585,20.64252688449396,20.64252688449396
602.8705258913349,249.93020110569634,20.64252688449396,20.64252688449396
602.7161132886556,249.93020110569634,20.64252688449396,20.64252688449396
602.199902936952,249.87722856203055,21.057297177184097,21.057297177184097
602.933442091491,249.82319164104487,21.480401449365257,21.480401449365257
602.7727619231689,249.9838718093669,21.480401449365257,21.480401449365257
602.4514015865249,250.30523214601092,21.480401449365257,21.480401449365257
602.1300412498808,249.9838718093669,21.480401449365257,21.480401449365257
602.2907214182029,250.62659248265496,21.480401449365257,21.480401449365257
601.9693610815589,250.62659248265496,21.480401449365257,21.480401449365257
601.9693610815589,250.78727265097697,21.480401449365257,21.480401449365257
601.9693610815589,250.78727265097697,21.480401449365257,21.480401449365257
601.9693610815589,250.62659248265496,21.480401449365257,21.480401449365257
601.4873205765928,249.9838718093669,21.480401449365257,21.480401449365257
600.5232395666607,249.82319164104487,21.480401449365257,21.480401449365257
600.2018792300166,249.50183130440084,21.480401449365257,21.480401449365257
600.2018792300166,248.37707012614666,21.480401449365257,21.480401449365257
599.8253962085334,248.0005871046636,21.912007155687352,21.912007155687352
599.169761348757,248.0005871046636,21.912007155687352,21.912007155687352
598.3502177740364,247.50886095983125,21.912007155687352,21.912007155687352
597.5306741993159,246.19759124027829,21.912007155687352,21.912007155687352
597.3667654843717,245.05023023566943,21.912007155687352,21.912007155687352
596.982717789538,244.5022738258916,22.35228511546658,22.35228511546658
596.4237512916185,243.60890306246512,22.801409580291647,22.801409580291647
596.0826278412047,243.2677796120513,22.801409580291647,22.801409580291647
596.4237512916185,242.07384753560297,22.801409580291647,22.801409580291647
595.9120661159977,242.41497098601678,22.801409580291647,22.801409580291647
596.4237512916185,241.22103890956845,22.801409580291647,22.801409580291647
595.9120661159977,240.3682302835339,22.801409580291647,22.801409580291647
596.7648747420322,240.0271068331201,22.801409580291647,22.801409580291647
596.5943130168254,240.0271068331201,22.801409580291647,22.801409580291647
596.4237512916185,239.85654510791318,22.801409580291647,22.801409580291647
596.4237512916185,239.34485993229245,22.801409580291647,22.801409580291647
596.5943130168254,238.15092785584412,22.801409580291647,22.801409580291647
596.7648747420322,237.8098044054303,22.801409580291647,22.801409580291647
597.276559917653,238.15092785584412,22.801409580291647,22.801409580291647
596.8769238310978,237.7512917692888,23.25955830298845,23.25955830298845
596.5289461871948,237.9252805912403,23.259558302988452,23.259558302988452
597.7468679408553,237.40331412538583,23.259558302988452,23.259558302988452
597.5728791189038,237.7512917692888,23.259558302988452,23.259558302988452
597.5728791189038,238.09926941319176,23.259558302988452,23.259558302988452
597.6871796103156,237.51761461679783,23.726912607970398,23.726912607970398
597.0938376240978,237.63421174798378,24.203657463002347,24.203657463002347
597.9990925292101,237.63421174798378,24.203657463002347,24.203657463002347
597.5748795034856,237.2099987222593,24.689981552406454,24.689981552406454
597.5748795034856,237.02530988387514,24.689981552406458,24.689981552406458
597.9442571802539,237.7640652374117,24.68998155240646,24.68998155240646
598.6830125337905,238.13344291418,24.68998155240646,24.68998155240646
598.0655869573559,238.07008385289788,25.186077351738966,25.186077351738966
597.8125550312417,237.44025234435603,25.69214120396746,25.69214120396746
597.8125550312417,237.63243765257468,25.69214120396746,25.69214120396746
597.8125550312417,237.63243765257468,25.69214120396746,25.69214120396746
598.196925647679,237.82462296079333,25.69214120396746,25.69214120396746
599.3500374969909,237.82462296079333,25.69214120396746,25.69214120396746
599.5422228052096,237.82462296079333,25.69214120396746,25.69214120396746
599.7344081134282,238.016808269012,25.69214120396746,25.69214120396746
599.0919214003852,238.3352480970623,26.208373397178775,26.208373397178775
599.6800620632353,238.92338875991237,26.208373397178775,26.208373397178775
599.6800620632353,238.92338875991237,26.208373397178775,26.208373397178775
599.876108950852,238.92338875991237,26.208373397178775,26.208373397178775
600.2682027260854,238.92338875991237,26.208373397178775,26.208373397178775
600.4642496137021,238.92338875991237,26.208373397178775,26.208373397178775
600.0721558384687,239.31548253514575,26.208373397178775,26.208373397178775
600.2682027260854,239.9036231979958,26.208373397178775,26.208373397178775
600.8563433889354,239.9036231979958,26.208373397178775,26.208373397178775
600.464249613702,240.0996700856125,26.208373397178775,26.208373397178775
600.2682027260853,240.49176386084588,26.208373397178775,26.208373397178775
601.3772285160674,240.03241454989444,26.73497824384829,26.73497824384829
600.7772703428786,240.63237272308317,26.734978243848293,26.734978243848293
600.9772564006082,240.63237272308317,26.734978243848293,26.734978243848293
601.5772145737969,241.03234483854231,26.734978243848293,26.734978243848293
601.3772285160674,241.63230301173104,26.734978243848293,26.734978243848293
601.1772424583378,241.83228906946061,26.734978243848293,26.734978243848293
601.5772145737969,242.23226118491976,26.734978243848293,26.734978243848293
602.1771727469857,242.43224724264934,26.734978243848293,26.734978243848293
602.1771727469857,242.83221935810846,26.734978243848293,26.734978243848293
602.3771588047152,243.2321914735676,26.734978243848293,26.734978243848293
603.1771030356335,243.43217753129719,26.734978243848293,26.734978243848293
603.7770612088223,243.83214964675633,26.734978243848293,26.734978243848293
604.377019382011,244.23212176221548,26.734978243848293,26.734978243848293
604.7769914974701,244.43210781994506,26.734978243848293,26.734978243848293
605.776921786118,244.63209387767463,26.734978243848293,26.734978243848293
605.776921786118,244.8320799354042,26.734978243848293,26.734978243848293
605.9769078438476,245.03206599313378,26.734978243848293,26.734978243848293
606.7768520747659,245.03206599313378,26.734978243848293,26.734978243848293
606.9768381324955,245.03206599313378,26.734978243848293,26.734978243848293
607.176824190225,244.43210781994506,26.734978243848293,26.734978243848293
606.7768520747659,243.83214964675633,26.734978243848293,26.734978243848293
607.176824190225,243.83214964675633,26.734978243848293,26.734978243848293
607.3768102479546,244.0321357044859,26.734978243848293,26.734978243848293
608.1767544788729,244.43210781994506,26.734978243848293,26.734978243848293
608.3767405366025,244.0321357044859,26.734978243848293,26.734978243848293
608.7767126520616,244.23212176221548,26.734978243848293,26.734978243848293
609.3766708252504,243.03220541583804,26.734978243848293,26.734978243848293
609.1766847675208,243.2321914735676,26.734978243848293,26.734978243848293
609.5766568829799,242.4322472426493,26.734978243848293,26.734978243848293
609.9766289984391,242.4322472426493,26.734978243848293,26.734978243848293
610.976559287087,242.4322472426493,26.734978243848293,26.734978243848293
611.1765453448165,242.4322472426493,26.734978243848293,26.734978243848293
611.1765453448165,242.63223330037889,26.734978243848293,26.734978243848293
611.1765453448165,242.4322472426493,26.734978243848293,26.734978243848293
611.3765314025461,242.03227512719016,26.734978243848293,26.734978243848293
611.5765174602757,242.23226118491974,26.734978243848293,26.734978243848293
612.1764756334644,241.632303011731,26.734978243848293,26.734978243848293
611.7765035180053,241.8322890694606,26.734978243848293,26.734978243848293
612.5764477489236,242.03227512719016,26.734978243848293,26.734978243848293
612.7764338066531,242.4322472426493,26.734978243848293,26.734978243848293
613.1764059221123,242.03227512719016,26.734978243848293,26.734978243848293
612.5078408477262,241.9636682259929,27.272164161701937,27.272164161701937
613.0498685608259,241.28166967356728,27.820143756203016,27.820143756203016
612.9784769241255,240.79407116177418,28.379133904696406,28.379133904696406
612.0565113756008,240.72124505291768,28.94935584224347,28.94935584224347
611.7656716721317,239.78075445062657,29.53103524918167,29.53103524918167
611.2480866817234,239.04226801544098,30.12440234044348,30.12440234044348
611.3961219086248,238.96496322483497,30.729691956670017,30.729691956670017
611.0873960583821,238.42636960011328,31.347143657155385,31.347143657155385
610.7724669796304,237.6424675060184,31.97700181465861,31.97700181465861
609.9728139407589,237.32121055728743,32.619515712120545,32.619515712120545
609.728809689369,236.83320205450764,32.619515712120545,32.619515712120545
609.2408011865892,237.0772063058975,32.619515712120545,32.619515712120545
608.7527926838095,237.32121055728737,32.619515712120545,32.619515712120545
608.6690849705976,236.7494943412957,33.27493964132418,33.27493964132418
607.9223638841585,236.2516802836696,33.27493964132418,33.27493964132418
607.0902531454258,236.16629063137609,33.94353300353731,33.94353300353731
606.7492394411057,235.82527692705605,34.625560412177386,34.625560412177386
606.1423636508534,235.7364213319465,35.32129179753927,35.32129179753927
605.8781492633915,235.47220694448458,35.32129179753927,35.32129179753927
605.0855061010058,235.20799255702266,35.32129179753927,35.32129179753927
603.938007580576,235.1173515864406,36.03100251362723,36.03100251362723
603.0369756195246,235.02488936683665,36.754973447133544,36.754973447133544
602.1178392232797,234.6556305261,37.4934911286068,37.4934911286068
601.180234619425,234.55941529009203,38.24684784585389,38.24684784585389
600.5098891944033,234.17516833320866,39.01534175962064,39.01534175962064
599.2423804294395,232.9076595682449,39.799277021596694,39.799277021596694
598.2471147381882,232.50781613164742,40.59896389479164,40.59896389479164
597.3360356271634,232.50781613164742,40.59896389479164,40.59896389479164
596.7286495531469,232.50781613164742,40.59896389479164,40.59896389479164
595.817570442122,232.81150916865573,40.59896389479164,40.59896389479164
594.9064913310972,232.20412309463916,40.59896389479164,40.59896389479164
594.2991052570807,232.20412309463916,40.59896389479164,40.59896389479164
594.2991052570807,232.20412309463916,40.59896389479164,40.59896389479164
593.6917191830642,232.20412309463916,40.59896389479164,40.59896389479164
593.9954122200725,232.50781613164742,40.59896389479164,40.59896389479164
593.0843331090476,233.4188952426723,40.59896389479164,40.59896389479164
592.4769470350311,233.72258827968056,40.59896389479164,40.59896389479164
592.7806400720394,233.72258827968056,40.59896389479164,40.59896389479164
591.7653765072539,233.92209686292813,41.41471887632969,41.41471887632969
592.0751716484548,234.231892004129,41.41471887632969,41.41471887632969
591.039508392862,234.74520445454064,42.24686482271178,42.24686482271178
590.7234885378889,234.74520445454064,42.24686482271178,42.24686482271178
590.0914488279428,235.06122430951368,42.24686482271178,42.24686482271178
589.7754289729697,235.3772441644867,42.24686482271178,42.24686482271178
588.7189561355823,235.26883089201837,43.09573107759452,43.09573107759452
587.6412555894732,235.48060891358534,43.96165360213663,43.96165360213663
586.5419008062912,235.36779517580555,44.84497510796436,44.84497510796436
585.7559112256598,235.58816920980175,45.74604519280869,45.74604519280869
584.269739103894,236.15516604550845,46.665220478867795,46.665220478867795
583.4518464194639,236.03541445485666,47.60286475394969,47.60286475394969
582.2614353959377,235.91325669549394,48.5593491154508,48.5593491154508
581.7735838950493,235.42540519460556,49.53505211722755,49.53505211722755
580.5348544110974,235.29828908493792,50.530359919419006,50.530359919419006
580.1608386630659,235.6723048329694,50.530359919419006,50.530359919419006
578.5311381580409,236.28669881613342,51.54566644127989,51.54566644127989
577.6392688721071,235.76884527823108,52.58137351708453,52.58137351708453
577.1110101030678,235.61460225722317,53.63789105516331,53.63789105516331
576.1981212825505,235.82376068080046,54.71563720013471,54.71563720013471
575.8241055345189,236.19777642883193,54.71563720013471,54.71563720013471
574.5263733893249,237.14413877182676,55.815038498397016,55.815038498397016
573.5916118570192,237.33142448361562,56.93653006694531,56.93653006694531
572.8435803609563,238.0794559796786,56.93653006694531,56.93653006694531
572.4695646129247,238.45347172771008,56.93653006694531,56.93653006694531
572.8435803609563,239.20150322377307,56.93653006694531,56.93653006694531
571.7215331168618,239.94953471983607,56.93653006694531,56.93653006694531
570.5994858727673,240.69756621589906,56.93653006694531,56.93653006694531
570.2254701247358,241.81961345999352,56.93653006694531,56.93653006694531
569.8514543767043,242.94166070408798,56.93653006694531,56.93653006694531
568.7294071326098,243.68969220015097,56.93653006694531,56.93653006694531
567.9813756365469,244.43772369621396,56.93653006694531,56.93653006694531
567.233344140484,245.55977094030843,56.93653006694531,56.93653006694531
566.8593283924524,245.9337866883399,56.93653006694531,56.93653006694531
566.1112968963895,247.05583393243435,56.93653006694531,56.93653006694531
565.3632654003266,248.1778811765288,56.93653006694531,56.93653006694531
564.989249652295,249.29992842062327,56.93653006694531,56.93653006694531
564.2412181562321,250.42197566471773,56.93653006694531,56.93653006694531
564.2412181562321,251.91803865684372,56.93653006694531,56.93653006694531
564.2412181562321,253.04008590093818,56.93653006694531,56.93653006694531
563.8672024082006,254.16213314503264,56.93653006694531,56.93653006694531
563.493186660169,255.65819613715863,56.93653006694531,56.93653006694531
563.8672024082006,257.1542591292846,56.93653006694531,56.93653006694531
563.1191709121376,259.02433786944204,56.93653006694531,56.93653006694531
563.1191709121376,260.8944166095995,56.93653006694531,56.93653006694531
563.1191709121376,262.76449534975694,56.93653006694531,56.93653006694531
562.7451551641061,264.6345740899144,56.93653006694531,56.93653006694531
562.3711394160746,266.50465283007185,56.93653006694531,56.93653006694531
562.54715806282,268.55075021697473,58.08055576558044,58.08055576558044
562.54715806282,269.6727974610692,58.08055576558044,58.08055576558044
562.1731423147885,270.4208289571322,58.08055576558044,58.08055576558044
561.799126566757,271.1688604531952,58.08055576558044,58.08055576558044
562.1731423147885,271.1688604531952,58.08055576558044,58.08055576558044
561.4251108187256,271.54287620122665,58.08055576558044,58.08055576558044
561.4251108187256,271.9168919492581,58.08055576558044,58.08055576558044
561.4251108187256,272.6649234453211,58.08055576558044,58.08055576558044
561.5896360112895,272.4554328898537,59.24756837257826,59.24756837257826
561.963651759321,272.4554328898537,59.24756837257826,59.24756837257826
562.7116832553841,272.4554328898537,59.24756837257826,59.24756837257826
562.3376675073525,272.4554328898537,59.24756837257826,59.24756837257826
563.2384998038234,272.23421794223003,60.43802976388847,60.43802976388847
562.6313091378005,272.0010430242386,61.65241109593428,61.65241109593428
563.1339654338196,271.75566782419475,62.891192992084896,62.891192992084896
562.5021290634246,270.0017842097053,64.15486573287487,64.15486573287487
562.6056287009022,268.609220855057,65.44392945004552,65.44392945004552
562.3221620117139,267.20370692177414,66.75889432448528,66.75889432448528
562.7735160239774,266.1589979419117,68.10028078814717,68.10028078814717
562.4633623010708,263.9787654788476,69.46861973002342,69.46861973002342
561.7654458129531,262.90683324269844,70.86445270625879,70.86445270625879
561.8015375849026,260.69883052645906,72.28833215448564,72.28833215448564
562.5713558480386,259.5985700494375,73.74082161246572,73.74082161246572
561.8305186837089,257.73568564101345,75.222495941125,75.222495941125
561.8228273742993,255.48389984341492,76.73394155207004,76.73394155207004
561.7999513265594,255.0870080476435,78.27575663967579,78.27575663967579
561.3875696855105,250.56045317824805,79.8485514178368,79.8485514178368
560.5853712136911,249.75825470642874,81.4529483614754,81.4529483614754
559.7670541679776,246.69584317252622,83.08958245290253,83.08958245290253
559.393038419946,243.3297014402428,83.08958245290253,83.08958245290253
560.0543419219589,243.24297344619268,84.7591014331287,84.7591014331287
559.950841105474,242.01742538561328,86.46216605822457,86.46216605822457
559.0821989541699,239.27870449415187,88.19945036083247,88.19945036083247
558.9441346721828,238.0185929680703,89.97164191693268,89.97164191693268
559.5362975637903,235.99264562345738,91.77944211796962,91.77944211796962
557.8662039024892,235.44459920625064,93.62356644844598,93.62356644844598
556.9256147421648,233.00794705380036,95.50474476909461,95.50474476909461
555.9661263238422,231.6744428874462,97.42372160574003,97.42372160574003
554.9873589047302,229.94764397227112,99.38125644396416,99.38125644396416
554.3629408598973,228.94921017940683,101.37812402969274,101.37812402969274
552.9704297888015,227.55669910831105,103.41511467582137,103.41511467582137
551.9314698392109,225.02167616659443,105.49303457500267,105.49303457500267
550.871634067353,223.96184039473667,107.6127061187182,107.6127061187182
549.7905030153314,222.88070934271497,109.7749682227616,109.7749682227616
548.3136330490499,220.28179213233898,111.98067665926155,111.98067665926155
546.8146034329611,218.40874676821872,114.23070439537611,114.23070439537611
546.0410004092845,216.8871122484791,116.52594193879241,116.52594193879241
544.8703225335964,215.34241862475955,118.86729769016858,118.86729769016858
543.3021064793206,214.14821831851526,121.25569830265715,121.25569830265715
543.2059583504174,213.30403869354907,123.69208904865245,123.69208904865245
541.5892700297586,211.6873503728903,126.17743419390703,126.17743419390703
540.695644185161,210.41970878026123,128.7127173791652,128.7127173791652
539.0285161219797,209.12659646511145,131.29894200946478,131.29894200946478
538.0834370491132,207.43348589618188,133.93713165126098,133.93713165126098
536.3638219079472,205.71387075501602,136.62833043752977,136.62833043752977
535.3652011342381,203.9672184852439,139.37360348101106,139.37360348101106
533.5909684788346,202.94101732590337,142.17403729575503,142.17403729575503
532.1626170131427,201.13865011218013,145.03074022713864,145.03074022713864
531.4145855170798,200.76463436414866,145.03074022713864,145.03074022713864
530.3315499334194,200.0556145285197,147.94484289052252,147.94484289052252
528.8452220693198,199.31731816048307,150.9174986187218,150.9174986187218
528.0971905732569,199.69133390851454,150.9174986187218,150.9174986187218
526.9550136714154,198.549157006673,153.94988391846778,153.94988391846778
525.78237191066,198.12454674198057,157.04319893604156,157.04319893604156
523.8306216645176,198.0428752359956,160.19866793226345,160.19866793226345
522.5952014951675,196.8074550666456,163.41753976702643,163.41753976702643
520.5794114338667,195.91371224943913,166.7010883935653,166.7010883935653
519.2786646973522,194.61296551292466,170.0506133626572,170.0506133626572
517.1962354621727,194.4006150179027,173.46744033695308,173.46744033695308
515.8275105708591,193.03189012658896,176.95292161564348,176.95292161564348
513.6757372958159,192.37617984367188,180.5084366696666,180.5084366696666
511.86225928681415,190.93671758270153,184.13539268767022,184.13539268767022
510.01234306417746,189.08680136006484,187.83522513294358,187.83522513294358
507.7512407268478,187.5737305187982,191.60939831153982,191.60939831153982
505.45222115867944,186.7707739427558,195.45940595181358,195.45940595181358
502.74050674072157,184.80709102086087,199.38677179560338,199.38677179560338
500.73736753787705,183.55198331407934,203.39305020129245,203.39305020129245
498.6939792590298,181.50859503523205,207.47982675898703,207.47982675898703
496.2355174314641,179.79816470372936,211.64871891805535,211.64871891805535
494.10918857685385,178.79388309321357,215.90137662727585,215.90137662727585
491.56611964853636,176.9988456609591,220.23948298784774,220.23948298784774
489.72749943073046,174.4121939470902,224.66475491952258,224.66475491952258
487.47040497043145,172.9031309828542,229.17894384012055,229.17894384012055
484.79394296311017,170.22666897553296,233.7838363587001,233.7838363587001
482.819249399164,167.5039439155238,238.48125498265549,238.48125498265549
480.0493317229492,165.48205773537202,243.27305883902199,243.27305883902199
478.35332043338593,163.0380149497458,248.16114441027446,248.16114441027446
475.8601694960681,160.1708482643965,253.1474462849101,253.1474462849101
473.3169236769668,157.62760244529514,258.2339379231128,258.2339379231128
471.09659216765374,155.7812866840136,263.4226324378019,263.4226324378019
468.4501166908674,152.38677971116422,268.71558339137465,268.71558339137465
465.7504655823259,149.31311285459128,274.1148856084576,274.1148856084576
465.7504655823259,147.8170498624653,274.1148856084576,274.1148856084576
465.37644983429436,147.8170498624653,274.1148856084576,274.1148856084576
465.37644983429436,147.8170498624653,274.1148856084576,274.1148856084576
465.7504655823259,147.8170498624653,274.1148856084576,274.1148856084576
466.1244813303574,147.44303411443383,274.1148856084576,274.1148856084576
466.1244813303574,147.44303411443383,274.1148856084576,274.1148856084576
