368.0,532.0,50.0,59.0
358.98818897637796,525.992125984252,50.0,59.0
350.8745360874009,522.2542360476999,49.06195144724556,57.89310270774977
341.6498545343029,518.1653896656806,48.141501596237624,56.8069718835604
334.62574410455267,514.0335600011216,48.14150159623763,56.80697188356041
322.6818457698735,507.9555095154446,47.238320278242114,55.741217928325696
315.38408321980177,502.6849032292817,47.238320278242114,55.741217928325696
307.2754581641665,497.8197281959005,47.238320278242114,55.741217928325696
299.1668331085312,492.5491219097376,47.238320278242114,55.741217928325696
291.86907055845944,487.6839468763564,47.238320278242114,55.741217928325696
282.9495829972607,480.38618432628465,47.238320278242114,55.741217928325696
275.2463891944072,475.1155780401217,47.238320278242114,55.741217928325696
269.5703516554625,469.84497175395876,47.238320278242114,55.741217928325696
263.4888828637361,463.76350296223234,47.238320278242114,55.741217928325696
257.40741407200966,457.2766029177241,47.238320278242114,55.741217928325696
249.63507173726254,449.8242674745172,48.18747984759283,56.861226220159544
240.87940456209554,442.22219225525,49.15571088017052,58.003738838601215
232.79158496101394,437.42058171982796,50.143396578885785,59.16920796308523
227.1968453584721,435.2687587957734,50.143396578885785,59.16920796308523
223.75392867998482,434.4080296261516,50.143396578885785,59.16920796308523
225.4753870192285,436.55985255020613,50.143396578885785,59.16920796308523
211.1999546715496,450.167440401165,51.15092784634534,60.3580948586875
206.37082376700093,447.9723808990974,51.15092784634534,60.35809485868751
200.66366906162523,446.65534519785683,51.15092784634534,60.35809485868751
194.51750245583602,442.2652261937217,51.15092784634534,60.35809485868751
186.97942425261147,441.6588385937239,52.17870343956196,61.57087005868311
180.6333823436351,439.69676794809374,53.22713012777308,62.80801355077224
172.86725068011043,438.3262741251188,53.22713012777308,62.808013550772245
166.39369775105698,440.43626106293084,54.29662285343043,64.07001496704791
159.79007172300007,441.6566231980444,55.387604896424406,65.35737377778081
170.76786084847694,423.2547498253568,54.3484796441519,64.13120598009925
169.87830960958217,424.3227871301306,53.32884939065989,62.92804228097869
168.5477429178125,425.82849131586374,52.32834839084054,61.74745110119185
163.64920038255582,427.30594702895075,51.34661776131938,60.589008958356885
161.88643460744277,426.8652555851725,51.34661776131938,60.589008958356885
159.16712359321244,426.25654810667237,52.37832535199757,61.80642391535715
153.3648101187206,427.7354148856358,51.39565710615473,60.646875385262604
152.08247700581,428.7454243551215,50.4314246708289,59.509081111578126
150.78396709499418,430.0439342659373,50.4314246708289,59.509081111578126
146.02276408866948,433.5066273614462,50.4314246708289,59.509081111578126
141.3017956946643,434.4976880725094,49.4852821723126,58.392632963328886
137.51882965469392,435.4701555222585,48.556890225824944,57.29713046647346
132.55659139221638,436.0076304253691,47.64591581377313,56.22218066025232
133.00353321595406,436.53502177737954,46.752032166297745,55.16739795623136
128.22574119127455,437.0525187555003,45.87491864405926,54.13240399998995
127.08115173485702,433.2292812039959,45.014260623223514,53.11682753540377
122.86729295397129,433.3411999691946,44.169749382605,52.12030427147393
124.03981604766109,430.0391667348493,43.34108199292743,51.14247675165439
122.5864638663316,426.79908285043643,42.5279612081619,50.18299422563106
119.33535917545707,426.1748124168477,41.73009535890364,49.24151252350632
119.36865179448938,421.6225386008,40.947198247749164,48.317693932344035
115.18408081102535,421.37290886268426,40.17898904663617,47.411207075030696
115.90582252810628,418.3692160863191,39.425192196109506,46.52172679140923
111.2000445209037,419.14398616800355,38.68553730647699,45.64893402164286
110.5668572107231,419.5721953329414,37.95975906081962,44.792515691767164
110.27134546663488,419.340778163543,37.24759711982144,43.95216460138931
109.95166136537027,419.340778163543,37.24759711982144,43.95216460138931
108.38295730350092,416.2365456935799,36.54879602838487,43.12757931349416
109.03948927278836,415.7000437758861,35.863105123998004,42.31846404631766
109.37590261137682,415.17360715514116,35.190278446821075,41.52452856724888
110.00803130832547,412.84488620099245,34.530074651459756,40.745488088722524
111.22102162354571,411.44893576294703,33.88225692039367,39.981063166064544
109.79405080754,411.8239775473522,33.246592879029095,39.23097959725434
109.53523044382453,411.9066384101669,32.62285451234531,38.49496832456748
110.0952133008081,411.62664698167515,32.62285451234531,38.49496832456748
110.65519615779166,411.3466555531834,32.62285451234531,38.49496832456748
110.65519615779166,410.78667269619984,32.62285451234531,38.49496832456748
110.65519615779166,410.78667269619984,32.62285451234531,38.49496832456748
110.96121437241192,410.5877913324682,32.01081808310484,37.77276533806372
111.26149138816533,409.8431641414325,31.410264051598,37.06411158088565
111.01696660345088,407.2254177873409,30.82097699689328,36.36875285633408
110.77702934114471,404.9213093923131,30.24274553956501,35.68643973668672
112.09897586423199,403.69868319443236,29.67536226587082,35.01692747372758
112.63203922458453,400.97083032670383,29.11862365335155,34.35997591095484
113.38178646353303,398.7215886098583,29.118623653351552,34.359975910954844
114.40468053024381,394.54541843292685,28.572329997827005,33.71534939743588
115.65361119520993,393.635549358839,28.03628534176133,33.08281670327838
115.91660516410442,391.05836561008533,27.510297403972338,32.46215093668737
116.88300111478438,389.4739803364105,26.994177510659533,31.85312946257826
119.9164073372702,386.2975434925673,26.487740527726125,31.255533822716835
120.84688238131533,384.7720497689338,25.990804794370757,30.6691496573575
123.76753699135207,381.4906102943515,25.503192057925105,30.09376662835163
125.75785462831122,380.24070478784364,25.024727409914004,29.529178343698533
127.49605281718267,379.6585861918958,24.555239223315123,28.975182283511856
130.46613886597524,376.76914210538786,24.09455909099573,28.431579727374974
132.4988269213828,375.24272930693934,24.578691066811107,29.002855458837118
135.6827005652489,372.9833785259474,24.117570955134696,28.458733727058956
138.80684164783932,372.8363486147654,23.665101904526367,27.924820247341128
141.6692608802755,371.0671976896373,23.221121612679823,27.400923502962208
145.07587651900158,371.7228304364363,22.785470822237645,26.886855570240435
146.07185665879933,377.6462920597022,22.35799326366508,26.382432051124805
150.11941425597817,380.38836077895286,21.938535599195593,25.88747200705081
152.5847047940043,386.09164752278707,21.52694736782805,25.401797894037113
157.22085016296782,389.286070154124,21.123080931355812,24.92523549899987
161.95130952722852,392.7831474836796,20.72679142140835,24.457613877261863
167.48247767749697,400.48400887332406,20.337936687486447,23.99876529123402
171.68799812861062,406.4694091221551,19.956377245972288,23.54852515024731
176.15717721885375,412.3425174501648,19.581976230096174,23.106731951513495
180.54251016954484,420.45836148622504,19.214599340841907,22.67322722219346
183.52626839164847,428.0921190012289,18.854114798773246,22.24785546255244
189.18992571112247,437.96306461516934,18.854114798773246,22.24785546255244
192.27952451214225,447.3954307930695,18.50039329676414,21.8304640901817
194.5024851555172,455.3345759479801,18.500393296764145,21.8304640901817
198.47205773297247,464.3852014245782,18.500393296764145,21.8304640901817
200.66793707818974,470.8347635972211,18.87212169927603,22.26910360514572
198.534658371896,481.30127669388287,19.251319240579583,22.716556703883914
199.82830071558712,488.0126248450182,19.63813599808055,23.173000477735055
200.9793884334892,496.37575414716196,20.032725064689984,23.638615576334185
204.044883488605,502.4998420387581,20.4352426094148,24.11358627910947
206.9965844457509,509.2731484986971,20.845847939165772,24.598100568215617
211.43889939502816,519.0451619349344,21.26470356180743,25.092350202932774
214.69291717876558,525.363362723387,21.691975250474826,25.596530795560305
219.68789492771475,530.5052885757062,22.127832109182616,26.110841888835502
223.8336565677622,533.8513707505533,22.572446639752425,26.635487034907875
228.06271899644312,535.5210975534688,23.02599481008497,27.170673875900277
234.35300277516436,536.8291248173033,23.48865612380401,27.716614226088744
239.15691280538238,537.558647615274,23.960613691299606,28.273524155733547
244.09242189329103,538.7925248872511,23.960613691299606,28.273524155733547
249.815441735731,539.5367059868016,24.44205430219889,28.8416240765947
255.2696765304107,540.375819032137,24.44205430219889,28.841624076594705
262.3663585785478,541.9740660078559,24.93316849929297,29.42113882916572
267.7161919770182,542.8300393516112,24.93316849929297,29.42113882916572
274.5639787270602,544.113999367244,24.93316849929297,29.42113882916572
280.30530105601883,544.2464065678745,25.434150653949267,30.012297771660148
286.38027687857107,545.2546466425385,25.945199043039068,30.615334870786114
294.58143059672125,546.2831452850227,26.466515927410853,31.230488794344822
302.0774981393115,547.6460666564027,26.466515927410853,31.230488794344826
307.7563371867284,548.5546809039894,26.466515927410853,31.230488794344826
315.25240472931876,549.2361415896794,26.466515927410853,31.230488794344826
319.34116884345895,549.6904487134727,26.466515927410853,31.230488794344826
326.8372363860492,549.9176022753694,26.466515927410853,31.230488794344826
333.3859473906848,550.7396129791804,26.99830763194032,31.858003005689596
341.03263341840835,552.5933550465073,26.99830763194032,31.8580030056896
346.09090336434895,551.3464225856472,27.5407846271889,32.49812586008292
352.709365937749,551.1100489223115,27.5407846271889,32.49812586008292
359.99663467173485,551.2563038275296,28.094161612703004,33.15111070298957
364.336850820091,551.2563038275296,28.094161612703004,33.15111070298957
369.42285008356987,551.567277341701,27.5670878598701,32.529163674646746
374.824283307151,549.8208766059024,28.120993356238472,33.182772160361424
379.43243321417145,548.9253800821881,27.593416213841742,32.56023113233328
384.427780520674,547.0993824098246,27.075736930942842,31.949369578512574
387.4487505388745,545.7050885552703,27.075736930942846,31.949369578512574
389.77257362979793,541.9869716097928,27.07573693094285,31.949369578512574
392.1179979700574,540.6599960450919,26.567769814086233,31.34996838062177
395.7274689230219,538.520857857214,27.10159601296067,31.979883295293607
396.6182139849031,533.7800912240309,27.64614838164909,32.622455090345944
399.72488387679164,531.2387700947768,27.12747979207629,32.010426154650034
402.5188006931724,527.7463740743008,27.127479792076294,32.010426154650034
401.3546686863471,524.2539780538248,27.127479792076297,32.010426154650034
400.6778320124752,523.6229457876387,26.61854192889965,31.409879476101594
399.99245695651064,519.2822370998631,26.618541928899653,31.409879476101594
399.30708190054605,516.769195227993,26.618541928899656,31.409879476101594
397.7078734366287,514.9415284120875,26.618541928899656,31.409879476101594
396.3583598200397,512.7231264600649,26.119152234242904,30.82059963640663
393.240786377676,507.1837601109639,25.62913157519282,30.242375258727527
395.2409325742068,507.46744827439693,25.14830417954357,29.67499893186141
392.61404259994634,503.7158819811615,25.65360905542314,30.271258685399303
392.1361369719221,502.97140849148076,26.16906702217376,30.879499086165033
391.87322944008383,501.5381743340625,26.694882085850296,31.499960861303347
389.145164181319,498.8551830472094,26.194060175718654,30.908991007348007
386.91791040018626,498.0210485793345,25.702634170946745,30.329108321717158
386.4390914745994,496.39276272424974,26.219077199343577,30.938511095225422
384.6597702722342,496.23292122947134,25.727181850915557,30.358074584080356
384.90110372925125,494.3096137467437,25.24451493688153,29.788527625520203
385.3545750581658,492.42238938002953,24.77090332285094,29.22966592096411
385.5309155105612,490.00272687821223,25.268625083316987,29.81697759831404
385.0601818171592,489.4862981612683,25.776347567116076,30.416090129196967
384.8389517474887,486.61030725555145,25.776347567116076,30.41609012919697
385.24367988066723,486.525962075739,26.29427171878214,31.027240628162925
384.7923293897464,486.0746115848182,26.29427171878214,31.027240628162925
378.49440030670974,480.04675529359866,25.800965648151433,30.445139464818688
378.899514981463,479.74088819996535,26.319384450919742,31.05687365208529
373.27324330813843,475.7402919350608,25.825607241048285,30.47421654443697
370.85566584851324,473.3663206877293,25.341093771118892,29.90249064992029
368.4632271531139,471.6263652728934,25.341093771118896,29.90249064992029
365.8735113673778,467.7744710434373,24.865670244374645,29.341490888362074
362.6723010642634,466.0671588817763,24.86567024437465,29.341490888362078
358.8308487005262,463.2927766190772,24.86567024437465,29.341490888362078
355.62963839741184,461.15863641700093,24.86567024437465,29.341490888362078
353.6725132796407,459.7967870277529,25.365296156594866,29.931049464781935
346.9237466880554,453.0480204361675,25.365296156594866,29.931049464781935
342.5697037257422,451.74180754747357,25.365296156594866,29.931049464781935
337.36508881634967,448.7570431020673,24.889418569597236,29.369513912124734
331.4036461589601,448.39168986902234,24.42246890823504,28.81851331171734
327.0018326683341,445.6667577081586,24.42246890823504,28.818513311717343
331.21352044266007,435.66619121041055,23.96427967595384,28.277850017625525
326.502052798323,435.520095821333,23.51468651859722,27.747330091944715
321.2203384243732,435.0395133065306,23.987167114815396,28.30485719548216
316.27935974938447,434.21601686069914,23.987167114815396,28.30485719548216
309.244526996856,433.31402977851116,24.46914126365338,28.873586691110983
300.8440973976805,431.63394385867605,24.46914126365338,28.873586691110987
295.40333984373217,430.8547384208634,24.010076412663103,28.33189016694246
289.85858545020585,430.2962223682809,23.559624064054663,27.800356395584505
284.620060680843,431.16361715154693,23.117622638920164,27.278794713925798
281.06710445857215,433.20520531803277,22.68391358972892,26.76701803588013
254.97881769545558,435.34678109709455,22.68391358972892,26.76701803588013
250.12969743171874,435.2084913080208,22.258341343455882,26.26484278527795
245.56258753087963,434.6907236537028,21.840753245777023,25.772088830016898
240.89370891253893,434.93247835998733,21.430999506311668,25.288579417447778
236.12848764072305,434.80182681303774,21.028933144892136,24.81414111097273
229.2868520154857,434.8541109602932,20.634409938841422,24.348603727832888
225.92198091443524,434.4999140022879,20.634409938841422,24.348603727832888
221.84871589737418,433.96861856527994,20.634409938841422,24.348603727832888
218.12964783831842,434.32281552328527,20.634409938841422,24.348603727832888
213.70218586325205,434.1457170442826,20.634409938841422,24.348603727832888
207.50373909815914,433.61442160727466,20.634409938841422,24.348603727832888
204.1388679971087,432.90602769126406,20.634409938841422,24.348603727832888
201.83658777007417,432.19763377525345,20.634409938841422,24.348603727832888
198.29461819002108,431.8434368172481,20.634409938841422,24.348603727832888
194.04425469395736,431.3121413802402,20.634409938841422,24.348603727832888
190.11788303545103,430.7133261748832,21.049017137742563,24.837840222536236
186.32408774188468,429.8100415811769,21.049017137742567,24.837840222536236
183.764078847574,429.1991943818987,21.471955039091227,25.336906946127655
179.525481108755,428.2777600908511,21.471955039091227,25.336906946127655
178.0511862430788,427.35632579980347,21.471955039091227,25.336906946127655
174.54973593709786,425.69774407591774,21.471955039091227,25.336906946127655
172.7068673550026,424.4077360684511,21.471955039091227,25.336906946127655
170.67971191469786,422.9334412027749,21.471955039091227,25.336906946127655
168.09969589976453,421.09057262067967,21.471955039091227,25.336906946127655
165.88825360125026,418.14198288932727,21.471955039091227,25.336906946127655
166.25682731766926,415.19339315797487,21.471955039091227,25.336906946127655
165.70396674304072,413.35052457587966,21.471955039091227,25.336906946127655
165.70396674304072,412.060516568413,21.471955039091227,25.336906946127655
165.88825360125026,411.3233691355749,21.471955039091227,25.336906946127655
165.15110616841213,410.2176479863178,21.471955039091227,25.336906946127655
165.72109724832345,409.34959932598156,21.069120312106673,24.861561968285876
167.8910507418853,410.7962349883561,21.069120312106673,24.86156196828588
168.22186819806018,408.7381687280735,21.492462146537832,25.361105332914647
168.42347792817708,407.86929102505746,21.089242686304047,24.88530636983878
169.1643117488979,406.83571214983976,20.69358801469256,24.41843385733722
170.91008385546075,407.3008178953838,21.109384278671776,24.9090734488327
173.0841842205397,408.38786807792326,21.109384278671776,24.9090734488327
173.0841842205397,407.11964286496055,21.109384278671776,24.9090734488327
173.8088843422327,407.66316795623027,21.109384278671776,24.9090734488327
175.98298470731163,408.38786807792326,21.109384278671776,24.9090734488327
177.07003488985112,409.47491826046274,21.109384278671776,24.9090734488327
177.97591004196735,411.10549353427194,21.109384278671776,24.9090734488327
179.2441352549301,412.37371874723465,21.109384278671776,24.9090734488327
181.05588555916253,413.46076892977413,21.109384278671776,24.9090734488327
182.32411077212527,414.36664408189034,21.109384278671776,24.9090734488327
182.867635863395,415.8160443252763,21.109384278671776,24.9090734488327
184.49821113720424,417.4466195990855,21.109384278671776,24.9090734488327
184.49821113720424,418.35249475120173,21.109384278671776,24.9090734488327
184.51505238050242,419.49202910630925,20.713351731228872,24.441755042850076
184.88712968756573,421.32128873405065,20.324749138945418,23.983203983955597
185.23601120821849,422.8912555769881,20.32474913894542,23.983203983955597
185.93377424952402,423.9379001389464,20.32474913894542,23.983203983955597
186.47331178532562,425.2095187987804,19.94343710864773,23.53325578820432
187.173895155306,429.8806423031655,19.569278862313407,23.091749057529817
187.34185195814004,430.88838312016964,19.569278862313407,23.091749057529817
187.35746449245843,429.7613405153372,19.202140188008585,22.65852542185013
187.35746449245843,428.9373116647495,19.202140188008585,22.65852542185013
187.35746449245843,429.26692320498466,19.202140188008585,22.65852542185013
187.35746449245843,429.59653474521974,19.202140188008585,22.65852542185013
187.35746449245843,429.92614628545493,19.202140188008585,22.65852542185013
187.37278412047235,429.97388848513253,18.8418893917456,22.233429482259808
187.53449797430702,429.97388848513253,18.8418893917456,22.233429482259808
188.01963953581102,430.6207439004712,18.8418893917456,22.233429482259808
188.01963953581102,433.20816556182587,18.8418893917456,22.233429482259808
188.6664949511497,437.25101190769254,18.8418893917456,22.233429482259808
188.82820880498437,434.98701795400723,18.8418893917456,22.233429482259808
189.1516365126537,435.47215951551124,18.8418893917456,22.233429482259808
190.12191963566173,435.95730107701525,18.8418893917456,22.233429482259808
190.90290771689558,436.7042160507297,19.220479475293946,22.680165780846856
191.72772356839442,437.85895824282807,19.220479475293946,22.680165780846856
193.06276319004326,438.07170920969764,18.859884616193032,22.254663847107775
194.0490195699197,438.7660736649456,18.506054866806323,21.837144742831455
191.52247994282544,426.8997231011826,18.158863307106287,21.42745870238541
191.22526391291032,428.6592396819793,17.818185398208357,21.02545876988585
192.30997354083684,430.53867375607797,17.483898937698367,20.631000746484062
193.5243916230046,432.9830824626083,17.15588401579811,20.243943138641765
194.8495823489493,432.83583904861445,17.15588401579811,20.243943138641765
195.73304283291245,434.89724684452847,17.15588401579811,20.243943138641765
195.8802862469063,434.89724684452847,17.15588401579811,20.243943138641765
197.0331203840863,434.54662265579225,17.500597193327543,20.650704688126496
196.89688053095924,436.69296197909887,17.17226899593676,20.263277415205373
197.50011687471695,436.7356573186441,16.850100554353794,19.883118654137473
197.51356002584296,436.6329326788981,16.53397630557823,19.510092040582308
198.76650924179293,436.295018758322,16.866193491486214,19.90210831995373
198.33223796055546,436.8740471333053,16.866193491486214,19.90210831995373
197.75320958557216,436.72929003955943,16.866193491486214,19.90210831995373
198.33223796055546,436.8740471333053,16.866193491486214,19.90210831995373
198.0427237730638,436.8740471333053,16.866193491486214,19.90210831995373
198.91126633553878,437.01880422705113,16.866193491486214,19.90210831995373
198.7799652319988,438.942580791064,16.54976732358292,19.528725441827838
198.21179999159864,438.65849817086394,16.54976732358292,19.528725441827838
198.35384130169868,438.65849817086394,16.54976732358292,19.528725441827838
198.7799652319988,438.51645686076387,16.54976732358292,19.528725441827838
198.63792392189876,438.2323742405638,16.54976732358292,19.528725441827838
200.1761524056829,438.17822021051256,16.88230179841567,19.921116122130485
199.86164901452125,438.1229780635354,17.22151788845124,20.321391108372453
200.13205322005678,438.2144326644331,17.56754984738389,20.72970881991298
200.28282982898315,438.6667624912122,17.56754984738389,20.72970881991298
199.98127661113043,438.3652092733594,17.56754984738389,20.72970881991298
200.43360643790953,439.57142214477034,17.56754984738389,20.72970881991298
200.25711404836778,439.21238451618467,17.920534626467376,21.14623085923149
200.10330788503825,439.21238451618467,17.920534626467376,21.14623085923149
199.7694630705839,438.69232658119836,18.280611928716986,21.57112207588603
200.6840830368272,438.31871571269363,18.647924264200697,22.004550631756807
200.33668755194327,438.0976469947717,19.02261700644128,22.446688067600697
199.9823118495816,438.36193128492,19.404838449951704,22.897709370942998
199.78736114009416,437.965343983863,19.794739868926584,23.35779304533336
199.44757741635982,437.7954521219959,19.794739868926584,23.357793045333363
200.60784445720395,438.91992294910324,20.192475577112926,23.827121180993245
199.88506425417552,438.1606272790154,20.598202988883855,24.305879526882944
200.3852753136078,439.3307400718687,21.0120826815395,24.794257564216604
199.8134975804929,438.54062479656767,21.434278458859673,25.29244858145441
199.4455705959235,438.35666130428297,21.434278458859673,25.29244858145441
199.2616071036388,439.0925152734218,21.434278458859673,25.29244858145441
200.33401207109478,439.94219564245645,21.864957415933542,25.800649750801572
199.73902603494525,439.49532954399984,22.304290005291897,26.31906220624443
199.13208494437137,439.4223456060627,22.75245010436823,26.8478911231545
198.51294858646457,439.54317213582715,23.2096150843153,27.387345799492046
199.11055048666702,440.5391753028312,23.209615084315303,27.387345799492046
199.2757763555241,440.0648276998558,23.67596588020445,27.93763973864124
198.66616684034088,439.6584213564003,23.675965880204455,27.937639738641245
198.86937001206863,456.1178782663472,23.675965880204455,27.93763973864125
198.4283062491254,456.4468122838961,24.151687062635403,28.498990733909764
198.39295245810789,456.57506943960243,24.63696691078494,29.071620954726214
198.81585472476544,458.2666785062327,24.63696691078494,29.071620954726217
198.60440359143666,458.2666785062327,24.63696691078494,29.071620954726217
197.9700501914503,458.2666785062327,24.63696691078494,29.071620954726217
197.51108377005232,457.76315933298224,25.13199748692334,29.655757034569532
196.21688484434776,457.978859153933,25.13199748692334,29.655757034569532
195.53299658969388,457.24952294898367,25.636974712428092,30.25163016066514
194.17526533597984,456.9455999465746,26.15209844532491,30.859476165483386
193.2774452633687,457.17005496472734,26.15209844532491,30.859476165483386
192.11688813372658,455.2888401103613,26.677572559386824,31.479535620076447
191.1619769225111,455.2015459485868,27.213605024822584,32.11205392929064
189.95431309389517,455.1124977852197,27.760407990586344,32.75728142889187
188.28650275556305,455.8272736445049,27.760407990586344,32.75728142889187
185.90391655794582,456.0655322642666,27.760407990586344,32.75728142889187
185.6656579381841,457.2568253630752,27.760407990586344,32.75728142889187
183.9572112807363,457.16598795496157,28.318197868341198,33.4154734846426
182.9435746552262,457.3163713010153,28.887195418109776,34.086890593369525
182.47076215631873,461.6029944446836,28.34524358100793,33.44738742558934
181.76354200418862,462.1600252531926,27.813459286635204,32.81988195822952
180.83087604695325,463.42274744855314,27.291651782016757,32.20414910277975
179.893934300736,463.6569828851075,27.291651782016757,32.20414910277975
179.19122799107305,465.06239550443337,27.291651782016757,32.20414910277975
178.95699255451873,465.06239550443337,27.291651782016757,32.20414910277975
178.2542862448558,465.9993372506506,27.291651782016757,32.20414910277975
178.02005080830148,467.4047498699765,27.291651782016757,32.20414910277975
177.78581537174716,469.04439792585674,27.291651782016757,32.20414910277975
177.55157993519285,470.684045981737,27.291651782016757,32.20414910277975
177.55157993519285,472.3236940376172,27.291651782016757,32.20414910277975
178.02005080830148,473.96334209349743,27.291651782016757,32.20414910277975
179.2130014990827,475.90508070396316,26.779633892888782,31.599967993608743
179.4642074672479,477.8103904125614,26.277221956558424,31.00712190873892
180.1407942058144,480.0656795411164,26.277221956558428,31.007121908738924
182.64257643463696,482.8373594408427,25.784235756023293,30.42539819210747
182.42127866318762,483.72255052664,25.784235756023293,30.42539819210747
185.07685192057963,485.93552824113334,25.784235756023293,30.42539819210747
185.09742279947847,486.22093324854416,25.30049845532696,29.85458817728579
185.5317148202077,487.0895172900026,25.30049845532696,29.85458817728579
188.78890497567693,489.4781234040134,25.30049845532696,29.85458817728579
189.67767396637063,490.40961196743507,24.825836536127255,29.29448711263014
191.402057349153,491.32362490088025,24.360079735454608,28.744894087836418
194.34853782575334,494.10216236496234,23.903060984638095,28.20561196187293
195.37429910422796,494.3073146206573,23.903060984638095,28.20561196187293
198.67580525728226,496.4182672567155,23.454616349377282,27.676447292265166
201.09144605924962,497.02217745720736,23.454616349377282,27.676447292265166
203.90969366154488,498.2299978581911,23.454616349377282,27.676447292265166
206.4923044606861,498.35455323079725,23.92588995568532,28.23255014770865
209.94820041614827,499.30300405203894,24.406632862564905,28.79982677782656
215.60400518107178,500.9787980564607,24.406632862564905,28.79982677782656
220.17671170673063,500.06103784507906,24.897035336672424,29.37850169727343
223.34551510792602,501.90271889446814,25.397291467692185,29.968803931876742
227.44989629002805,503.3454513340994,25.907599245152525,30.57096710927994
233.19324272637573,502.593606992135,26.428160636785375,31.185229551406707
237.7297301427688,504.40820195869225,26.42816063678538,31.185229551406707
243.81530200988166,503.4144264375451,26.959181668460307,31.811834368783124
250.25453322542293,495.6906063506781,27.50087250572468,32.45102955675509
255.17093014040265,494.65649375078954,28.053447536982205,33.10306809363897
260.6676595857653,493.6016027264314,28.61712545834279,33.768208040844456
268.2397272095488,493.26235042434905,29.192129360177276,34.44671264500914
273.20792754535273,493.4173747698963,29.77868681541132,35.138850442185316
279.8094390625732,493.8310948749635,30.37702996959338,35.84489536412015
287.3702100652413,494.0918111164348,30.37702996959338,35.84489536412015
292.5400683045494,493.7316953751592,30.98739563277242,36.56512684667142
302.11444156935244,494.2636050009816,30.98739563277242,36.56512684667142
309.29522151795476,493.9976501880704,30.98739563277242,36.56512684667142
316.16468659633244,493.89625345411656,31.610025373221717,37.29982994040159
324.3036458853431,493.6249548111495,31.610025373221717,37.29982994040159
330.4972431966395,492.4363261407522,32.245165613045856,38.04929542339408
341.5929625234121,491.9629974660041,31.640214994312963,37.33545369328927
351.8658413822768,490.7732335782587,32.275961834193694,38.08563496434853
362.8991615173011,488.45150712222016,32.92448273532815,38.85088962768719
370.19805126764794,486.08313021650036,33.5860343669291,39.63152055297631
375.9140490683334,479.91981034054794,34.260878555463805,40.42783669544726
370.62114798756016,479.0376601604191,34.260878555463805,40.42783669544726
361.79964618627145,479.331710220462,34.260878555463805,40.42783669544726
357.33874342926254,478.3374518390153,34.94928238827874,41.240153218168885
354.36704218001046,480.5240549468284,34.29359991299613,40.4664478973354
364.401652395087,479.13766449433405,33.65021867765362,39.707258039631235
362.9844540036682,479.2213288902594,33.018907899044756,38.96231132087277
359.3003758546173,479.2213288902594,33.018907899044756,38.96231132087277
355.6162977055664,478.3711570097092,33.018907899044756,38.96231132087277
360.7173289888677,478.0877663828591,33.018907899044756,38.96231132087277
353.915953944466,479.2213288902594,33.018907899044756,38.96231132087277
368.67860930150187,470.2349236016722,32.39944112368014,38.23134052594253
368.7044578465606,470.315478194672,31.79159614655773,37.51408345293808
373.91410456746104,466.02880940452843,31.195154931457093,36.81028281911933
368.04875755712715,469.85470100047684,30.60990353272902,36.119686168620206
362.5561650723663,473.6088151549337,30.035632018552434,35.442045781891835
351.75311016170446,478.5814291477644,29.47213439563108,34.77711858684464
344.69402846001105,482.44895281384095,28.919208535302964,34.12466607165746
336.7745650628544,485.74750951889115,28.376656101036072,33.484454199222526
331.4165161392099,489.4007246941033,28.376656101036076,33.484454199222526
339.9406848813715,486.2346048755861,28.37665610103608,33.484454199222526
334.05400220386053,489.5514184816858,28.946828252074198,34.157257337447504
328.29747969315883,492.6864355417243,29.528456872143128,34.84357910912884
318.8772264003039,496.13787771207484,30.1217721560751,35.54369114416857
309.5943417437117,501.90032915979117,29.556658460527,34.87685698342182
301.24663879042964,517.1943312135176,29.002146846663912,34.22253327906338
289.3218058983238,523.2404246518614,28.45803840913822,33.58048532278306
279.0861713894929,529.1730875062121,27.92413797425978,32.9504828096265
270.24088663018205,532.8374730922877,27.40025402998639,32.3322997553839
259.91537526009813,538.549619057741,26.886198657227737,31.725714415528692
251.56881835053838,541.4614645537654,27.42642304684741,32.36317919527991
236.26832958778922,548.2878364632996,27.42642304684741,32.36317919527991
224.92935969250738,554.0828952886139,27.977502165127717,33.01345255485067
212.40206839921444,556.8728099342134,28.53965411613163,33.67679185703529
198.1533864158276,559.4738356970972,29.113101386287063,34.3534596358187
185.86722081967514,564.3759390249614,29.69807093244173,35.043723700281205
162.95090821678127,574.6453354225939,29.14090628328622,34.386269414277706
149.7184865559254,579.7199281529513,28.594194583986436,33.741149609103964
136.22067580545306,586.100711416811,28.59419458398644,33.741149609103964
123.72733670620062,592.552588305344,28.0577397270527,33.108132877922145
108.09703747123503,597.4385585859192,27.531349284162253,32.48699215531142
117.80700220805184,580.257643816055,27.01483443713455,31.87750463581873
102.50426843318994,587.6771511008365,27.014834437134553,31.87750463581873
86.50595585037976,594.4010795776697,27.014834437134553,31.87750463581873
67.51502109394421,603.9744901545371,26.50800991020146,31.279451694037682
51.36183300771985,610.7997808951952,26.50800991020146,31.279451694037682
58.89080113441521,608.5905907342127,26.010693903548166,30.6926188061868
59.11404252303622,606.3581768480027,26.01069390354817,30.6926188061868
63.1323875182143,606.1349354593817,26.01069390354817,30.6926188061868
60.25100101524386,602.1812607420965,25.52270802810093,30.11679547315906
59.83325691835284,603.7780898865132,25.04387724153825,29.5517751450151
54.694592813048494,607.0645090722347,24.57402978550256,28.997355146892986
61.44374367067315,602.213556893317,24.574029785502564,28.997355146892986
66.52521218034722,600.3764565206017,24.112997123989864,28.453336606308
73.940261537501,592.8472076312352,24.597499575202193,29.025049498738547
68.41533280979621,592.9778322673039,25.09173713416673,29.6082498183167
72.90104281816849,587.296516001992,25.595905408403546,30.20316838191614
59.68269137484175,592.2654332998496,26.1102039357746,30.81004064421398
41.3068643844517,599.6605831862261,26.1102039357746,30.810040644213984
33.46352359587057,595.8509605174867,26.1102039357746,30.810040644213984
3.1724169843192325,613.46906353234,26.63483626345612,31.429106790878173
0.0,608.8970995123136,26.63483626345612,31.429106790878173
7.7053923228260714,604.6951775739167,27.170010028497742,32.06061183362729
16.821534345535,604.5295388299181,26.66027425678663,31.459123623008175
17.965616980964032,600.1820248152878,26.66027425678663,31.459123623008175
8.14777610601468,605.9687233192021,26.160101623134327,30.868919915298463
11.985549870197165,606.4828124825627,25.669312713784528,30.2897890022657
3.634194947532233,607.2075682580887,25.187731480957197,29.72152314752945
32.38589126874775,589.0486021604789,25.187731480957197,29.72152314752945
16.17252868159614,597.4795507057978,25.187731480957197,29.72152314752945
0.0,605.97312340103,24.715185179699613,29.163918512045502
0.0,598.6800870628814,25.211787395515316,29.749909126708033
0.0,601.9885405025718,24.738789781941005,29.191771942690348
0.0,605.6595742353632,24.27466606290409,28.644105954226788
16.65672434684239,595.7880866076182,24.762416928106024,29.21965197516507
9.182002494027632,595.9195870347054,25.25996817144246,29.806762442302066
0.0,601.402344586961,24.78606663972557,29.247558634876132
9.464360781959694,595.932969066923,24.321055960928177,28.69884603389521
13.430416442989799,598.2291065548877,24.321055960928177,28.698846033895215
8.231325693983635,599.750754294565,23.86476933401601,28.16042781413886
18.677329845778534,597.4976945755504,23.86476933401601,28.160427814138863
9.425333564606001,596.600310005057,24.344284144244394,28.726255290208357
6.882428266002103,594.0133812333353,24.833433845554698,29.303451937754517
8.394202006411037,590.0255149280729,24.367534511979787,28.75369072413612
0.884650076060348,593.0140413741894,23.910375902316662,28.214243564733632
0.0,592.7305869762163,24.39080708532191,28.781152360679826
0.0,595.4519864754211,24.390807085321914,28.781152360679826
0.0,597.3360322825629,24.390807085321914,28.781152360679826
6.574850147778944,592.791229736386,23.93321185958394,28.241189994309014
3.1019567386803253,591.6182685939624,23.48420156463098,27.711357846264523
1.9113487079759217,589.2579694184884,23.043615138825068,27.19146586381355
0.5269173417614663,585.8957789576818,23.04361513882507,27.19146586381355
3.691331893108787,587.873538052274,23.04361513882507,27.19146586381355
2.5230608252063824,587.1397276569861,22.611294542200973,26.68132755979711
7.974932662772678,584.6730952851663,22.18708469977666,26.18075994573642
7.992633704478779,584.3474097692816,21.770833445927348,25.689583466194236
0.909625324144244,585.5226507106305,21.36239146980315,25.207621934367683
2.210093984951909,587.592575538022,20.9616122617707,24.734702468889395
1.6703737322275742,586.6930417834815,20.961612261770703,24.734702468889395
4.368974995849239,588.6720160434706,20.961612261770703,24.734702468889395
1.099969392823473,586.9842648478519,21.382793936946463,25.23169684559679
5.106144350380417,588.3824691607797,21.81243841552153,25.73867733031537
0.0,589.5599560365227,21.403215889767026,25.25579474992506
0.0,588.9388299100032,21.833270706640114,25.763259433835305
1.834366384940564,586.2439564428958,22.271966614948635,26.28092060563936
27.25772859099653,579.3624448683242,22.271966614948635,26.28092060563936
21.714288711480563,579.5535979676179,22.271966614948635,26.28092060563936
20.152461703827903,580.8187914931025,22.719477240142798,26.808983143368472
24.442328351218652,580.2338096775492,22.7194772401428,26.808983143368476
28.537201060091643,577.5038945383005,22.7194772401428,26.80898314336848
40.04184343263957,593.8833853737925,22.7194772401428,26.80898314336848
19.372485949756864,604.0230701767161,22.7194772401428,26.80898314336848
21.90740715048776,598.9532277752544,22.7194772401428,26.80898314336848
24.99405287719661,600.6338307112821,23.17597969632899,27.34765604166818
46.49503365383535,627.3456545823383,22.74117581207284,26.834587458245924
24.24449423329854,633.591420033717,22.74117581207284,26.834587458245927
26.163006884414,627.0760608994391,23.19811425766482,27.373774824044467
25.78331068291872,629.9211652297513,22.762895107544132,26.860216226902054
30.276742024226845,603.7420435021301,22.762895107544132,26.860216226902054
29.071221698244525,590.5779980560527,23.220269958940015,27.3999185515492
12.149920160043653,597.0130770987302,22.784635146348997,26.885869472691798
24.87905383894033,583.5765578628092,22.35717326586759,26.381464453723737
19.66544808548315,583.5034008806457,22.80639594829867,26.91154721899241
21.42710748904858,585.2650602842111,22.806395948298672,26.911547218992414
40.41388106080937,575.0865837302775,22.806395948298672,26.911547218992414
36.30334245249003,578.02268273622,22.806395948298672,26.911547218992414
39.79327673645581,578.5352756120024,23.264644862087835,27.45228093726363
35.56608975749045,584.0499914218858,23.732101371301766,28.003879618136068
31.253965910556744,585.8055000905557,24.208950484155334,28.566561571303275
38.31840453215358,584.9743896644854,24.208950484155334,28.56656157130328
43.947714011263635,583.5801370297363,23.75476706484802,28.030625136520648
58.44211003983041,598.5224016767738,23.309104567524038,27.504743389678342
51.24014733723478,596.1217474425753,23.30910456752404,27.504743389678342
36.63616741252699,603.1236556256544,23.30910456752404,27.504743389678342
17.64958425699433,614.9848256049197,22.871803131412687,26.988727695066945
6.282356029736514,618.9677177213327,22.44270589488657,26.482392955966127
0.0,611.6482147436461,22.442705894886572,26.482392955966127
0.0,608.7589372524541,22.442705894886576,26.482392955966127
3.585697037957223,605.6770412618491,22.442705894886576,26.482392955966127
0.0,607.2179892571515,22.442705894886576,26.482392955966127
0.0,605.5402219668816,22.02165893919474,25.985557548249766
0.0,603.7671197484079,22.46414013225998,26.50768535606675
21.331676429818053,603.9599222109604,22.464140132259985,26.507685356066755
10.745463068279257,610.571058434043,22.042691049461197,26.01037543836419
3.7631927695963583,614.5987544070721,21.629148760705995,25.522395537633052
6.733368788389374,613.4849384000247,21.629148760705995,25.522395537633052
7.258615550063194,611.3721676415101,22.06374324675486,26.035217031170713
10.634905875111784,609.5956769508373,22.507070039811907,26.558342646978026
3.891880140657591,614.0945672536468,22.084815550260142,26.060082349306946
29.119229593710262,607.3257903203727,21.67048296496474,25.571169898658372
12.211359389422535,615.5632629596704,21.263923661309246,25.091429920344886
17.47277314197189,614.5811763407606,21.691179679435933,25.595592021734376
22.839904481051217,610.9729991600769,22.12702055273484,26.109884252227086
26.985514071879685,610.710686207937,22.571618776700944,26.634510156507087
19.784651289684085,614.7050507769669,23.025150312781197,27.169677369081782
8.2891355034203,620.9534658632842,23.48779465801591,27.715597696458744
10.270635122023272,619.8686684755231,23.959734916079427,28.272487200973693
17.262349893597317,618.2235591175057,23.959734916079427,28.272487200973693
6.980416405988429,623.7758032008145,23.959734916079427,28.272487200973693
0.0,627.7425089133701,23.510227022831263,27.74206788694086
0.0,630.6258919317627,23.069152334157362,27.221599754305657
0.0,633.653174971769,22.636352634950807,26.710896109241922
0.0,636.0408217216855,22.211672678373716,26.209773760480957
0.0,637.0492245887299,21.794960130169645,25.718052953600154
0.11899600518860609,636.8621654821009,21.79496013016965,25.718052953600157
6.291946523946105,634.0562788826657,21.79496013016965,25.718052953600157
7.788419376978226,637.797461015246,21.79496013016965,25.718052953600157
4.202392390708205,638.2873210227636,22.232886264065147,26.234805791596845
0.0,640.0046801900903,22.232886264065147,26.234805791596845
5.314753495665858,637.8329353611199,22.679611647769008,26.761941744367398
2.5896285055481023,640.1687567812208,22.679611647769008,26.761941744367398
0.0,641.8464107835703,23.13531308460763,27.299669439836972
6.406249736287716,638.9254881644639,22.701272145476892,26.7875011316627
5.645010240767814,639.761281001351,22.27537423584191,26.284941598293422
1.4567701129230635,644.0226757774835,21.85746658456201,25.791810569783145
7.102075562974987,645.7653801180451,21.447399286631477,25.307931158225113
11.537012976199698,645.2664763835525,21.045025249408056,24.833129794301477
12.998784134545373,642.4288380181007,20.650200139850302,24.36723616502333
7.858998099736963,644.5556460325042,20.650200139850302,24.367236165023332
9.631338111739863,646.859688048108,20.650200139850302,24.367236165023332
11.420153026095232,647.4427325567008,20.262782332744784,23.91008315263882
8.289792479886945,649.5296395875063,20.262782332744784,23.91008315263882
31.419678737981524,640.6602847065827,20.262782332744784,23.91008315263882
30.20231630334497,638.3994687565435,20.262782332744784,23.91008315263882
34.20222144572223,637.7038330796083,20.262782332744784,23.91008315263882
33.68049468802084,635.4430171295691,20.262782332744784,23.91008315263882
26.02850224173392,638.5733776757774,20.262782332744784,23.91008315263882
14.740588308723618,641.9280264109614,19.8826328599046,23.4615067746874
11.684818896872722,645.0490924592908,19.509615360320975,23.021346125178724
2.642803462947583,648.9003212552219,19.509615360320975,23.021346125178727
0.0,651.5155977157591,19.901622061755905,23.483914032871944
21.979609001017067,645.1956574185101,19.901622061755905,23.483914032871947
20.442326226010564,642.1210918684972,19.901622061755905,23.483914032871947
13.097530745423958,644.3416114323954,19.901622061755905,23.483914032871947
0.8151462258739759,650.369414653691,19.52824830630599,23.043333001441045
3.3292159881425025,648.3581588438763,19.52824830630599,23.043333001441045
2.3235880832350926,648.0229495422404,19.52824830630599,23.043333001441045
5.340471797957324,644.3356472242466,19.52824830630599,23.043333001441045
4.5180283436655095,644.2165955743371,19.1618794050748,22.61101769798824
3.5312669947742563,640.2695501787721,19.1618794050748,22.611017697988242
14.357592235950168,641.5225306128061,19.54689904796097,23.06534087659392
13.702128019015834,636.0348940892645,19.180180240705432,22.632612684032384
9.915930234492329,635.8702767942852,19.180180240705432,22.632612684032388
1.5357502987332499,638.8810757046662,18.820341434378175,22.208002892566224
0.0,638.8810757046662,18.82034143437818,22.208002892566224
0.21596933580170052,638.0118473449139,19.19849855481914,22.654228294686558
0.0,636.4118353388591,18.838316079131015,22.229212973374572
1.3259723962994325,634.4716371159061,18.838316079131015,22.229212973374572
0.0,635.0035242969838,18.484890976443825,21.81217135220369
0.0,633.3565396523055,18.856307890833513,22.25044331118352
3.3406704662246653,635.884239827258,19.235187685284032,22.69752146863513
0.0,636.2622430050235,18.87431688588122,22.271693925339815
7.01636624744547,633.3933111051499,18.520216373100634,21.85385532025872
10.354380048864947,631.1679685708702,18.520216373100638,21.85385532025872
12.420769544981766,628.1478608457764,18.520216373100638,21.85385532025872
9.241708781725123,627.5120486931252,18.520216373100638,21.85385532025872
0.8171977590950146,629.578438189242,18.520216373100638,21.85385532025872
0.0,627.7170484666779,18.17275912979092,21.443855773153253
0.0,626.1573392185304,18.17275912979092,21.443855773153253
0.0,627.6575836944676,18.537904378985807,21.874727167203222
0.0,627.3393739972535,18.537904378985807,21.874727167203226
0.0,624.1572770251125,18.537904378985807,21.874727167203226
0.0,623.2026479334703,18.537904378985807,21.874727167203226
8.147953870604997,619.7023412641154,18.537904378985807,21.874727167203226
14.166801909936213,619.0052622718089,18.91038649167277,22.31425606017384
10.920767063334116,620.3036762104497,18.91038649167277,22.31425606017384
9.270068184474583,618.7810820983003,19.290352887449952,22.76261640719091
6.09613597189343,619.0490860862818,19.677953948017485,23.219985658660597
12.991801499997507,615.6069055061618,20.073343076695004,23.68654483050007
9.045306646057709,614.9676816808584,19.696747668254265,23.242162248539998
5.833340943620341,614.4605292015261,19.696747668254265,23.242162248539998
11.242967389830644,611.4176143255328,19.696747668254265,23.242162248539998
5.6800043471739485,613.1570945301306,19.327217555370762,22.806116715337467
11.667077439120865,609.5558037959252,18.96462018623905,22.37825181976205
10.690474163388554,608.4164333075707,18.964620186239053,22.37825181976205
9.686110043577244,610.6331183899943,19.345676299641156,22.827898033576528
6.033280770621381,612.293495332247,19.345676299641156,22.82789803357653
6.503075210578103,610.9018909950757,19.734388973529846,23.286578988765186
0.0,613.208550723495,20.13091205117498,23.754476220386444
0.0,612.6902193659569,20.13091205117498,23.754476220386447
0.0,612.8629964851363,20.13091205117498,23.754476220386447
9.205376761187186,635.8423533359933,20.13091205117498,23.754476220386447
0.0,643.4945979811062,19.75323659287035,23.308819179586983
0.0,651.5118860438681,19.382646692907194,22.871523097630455
13.520747983806816,663.5923772260434,19.77210221290778,23.331080611231144
7.3826926028427025,671.6731624631976,20.169383062671734,23.799872013952616
12.546387302893157,670.9147351386556,20.574646476549997,24.278082842328967
9.207676506410305,671.8488175373927,20.18864612953476,23.82260243285099
25.16486533356842,682.8151883071358,19.80988752385713,23.375667278151386
14.979357669534231,690.0053600570043,19.438234797417486,22.937117060952605
6.486428865341686,696.7269730149312,19.073554637021118,22.506794471684895
21.51910745029368,674.5647688170014,19.456799570342785,22.959023493004462
12.851075919763002,681.7937756387008,19.091771116778922,22.528289917799107
3.362514029820302,689.2148762886817,18.733590951466656,22.10563732273063
4.663734751609159,683.7947851847164,18.382130593868318,21.690914100764594
0.0,692.3599547929412,18.037263973865898,21.283971489161736
3.1426447466123406,700.7644335020642,17.698867386539206,20.88466351611624
4.93958072003757,698.4279644204544,18.05449072893694,21.304299060145567
16.251358887766003,698.5829202857657,18.05449072893694,21.304299060145567
8.363013780565861,705.9107347590958,17.715770950956987,20.904609722129223
24.342265565552907,696.0716131227631,17.3834058849275,20.51241894421443
28.5197580664032,697.7127708909543,17.3834058849275,20.51241894421443
21.332896124181573,703.6237354645621,17.73269065937335,20.924574978060534
41.39654122140409,697.7823402315527,18.08899361279214,21.345012463094704
36.44290901417993,705.9004184257102,17.749626527206864,20.94455930210408
28.825943299748648,693.1039160254657,17.749626527206864,20.94455930210408
36.30473050036046,692.6910289037253,17.4166262976913,20.551619031275717
52.91104780178213,679.8789416370405,17.08987347584302,20.166050701494743
45.723881326626426,687.359461845876,17.08987347584302,20.166050701494743
38.53671485147072,694.5466283210317,17.08987347584302,20.166050701494743
30.884501228760126,701.237842834135,17.433260303593137,20.571247158239878
32.82961381538938,702.8837073305136,17.433260303593137,20.571247158239878
31.78224549951209,697.6468657511272,17.433260303593137,20.571247158239878
37.7811157053756,692.4533684128668,17.1061954116416,20.185310585737067
53.357360162152304,692.6427164266853,16.7852665746611,19.80661455810008
43.99329609274491,699.8458426339217,16.7852665746611,19.80661455810008
52.21825139502933,687.6422612186869,16.470358674301938,19.435023235676265
47.142439818139394,681.1806619218177,16.16135875194643,19.070403327296766
44.36828532371079,683.1225700679176,16.16135875194643,19.070403327296766
29.262036996231586,696.3399858341483,15.85815596819026,18.712624042464483
22.5928707737037,702.6008357573377,15.858155968190262,18.712624042464483
23.27339793926777,701.9203085917736,15.858155968190262,18.712624042464483
41.216101579337604,699.9629415838644,16.17679389605911,19.088616797349722
46.36609494525425,696.2544764892231,15.873301534011011,18.730495810132965
42.664502833409564,699.8808923962793,16.192243781733893,19.10684766244597
33.78316187937561,690.8879190408055,15.888461564827844,18.74838464649683
15.659221503621687,675.6544823936953,15.590378597300221,18.396646744814234
11.109777166488257,683.0138776449405,15.590378597300221,18.396646744814234
18.870593976892344,682.3448417130091,15.590378597300221,18.396646744814234
12.314041843964755,687.9647435412328,15.590378597300221,18.396646744814234
13.129323096697053,688.6725417653229,15.297887955698398,18.051507787724084
14.967478767594354,690.7732911034913,15.297887955698398,18.051507787724084
8.271340252182753,697.4694296189028,15.297887955698398,18.051507787724084
0.7996255178929266,704.9913842100451,15.01088472255755,17.712843972617886
15.885129899435562,701.5501991154603,14.729265948766376,17.3805338195443
14.506299151248417,701.7132369614155,14.452930616638866,17.05445812763384
21.21625104924987,695.670974180268,14.181779603678901,16.73449993234108
14.776530685273546,699.8446339016573,13.915715647024635,16.420544463489048
12.626716976654466,703.0693544645859,13.915715647024637,16.420544463489048
0.6629373420016922,693.7079601555407,14.195324121520304,16.750482463393936
0.0,693.5861262713481,14.195324121520304,16.750482463393936
0.0,696.2664717235848,14.195324121520304,16.750482463393936
0.0,698.4130318011752,14.480550769094013,17.08704990753091
0.0,700.85128649526,14.771508475697418,17.43038000132293
0.0,702.070742155991,15.068312395499607,17.780608626689514
0.0,704.7865978310538,15.068312395499607,17.780608626689514
0.0,706.117326719403,14.785616222798605,17.447027142902332
3.341362231311269,706.4078884757467,14.50822370481103,17.119703971676998
