198,214,34,81
197.11023622047244,214.0,34.0,81.0
195.7755905511811,214.88976377952756,34.0,81.0
193.10629921259843,217.55905511811022,34.0,81.0
192.21653543307087,218.00393700787401,34.0,81.0
189.99212598425197,221.11811023622045,34.0,81.0
187.76771653543307,223.78740157480314,34.0,81.0
185.98818897637796,227.34645669291336,34.0,81.0
185.0984251968504,231.79527559055117,34.0,81.0
185.98818897637796,229.57086614173227,34.0,81.0
188.65748031496062,227.79133858267716,34.0,81.0
190.51120476377952,226.90823608267715,34.74137,82.766205
195.0570301574803,226.4536535433071,34.74137,82.766205
197.4057576072758,224.64212991455446,35.49890557285,84.570922100025
202.51519943532728,219.53268808650296,35.49890557285,84.570922100025
206.23115712845564,219.0681933748619,35.49890557285,84.570922100025
214.12756722635336,205.5978467372716,35.49890557285,84.570922100025
230.84937684543092,196.30795250445072,35.49890557285,84.570922100025
227.21088704593564,192.13445504476792,36.27295920886599,86.41499105641604
215.34531157522622,186.4389788188274,36.27295920886599,86.41499105641606
215.8199345940546,191.18520900711115,36.27295920886599,86.41499105641606
218.19304968819648,206.3731456096192,36.27295920886599,86.41499105641606
214.47522261862318,213.49959748970906,37.06389108441532,88.2992699364012
215.44516696613104,221.2591522697719,37.06389108441532,88.2992699364012
218.35500000865463,223.68401313854156,37.06389108441532,88.2992699364012
220.77986087742428,228.04876270232694,37.06389108441532,88.2992699364012
224.17466609370177,232.41351226611232,37.06389108441532,88.2992699364012
229.509360004995,231.9285400923584,37.06389108441532,88.2992699364012
232.50007614872465,230.48088512812282,37.872069229511,90.22463551736443
240.92437501276942,229.9853381361202,37.872069229511,90.22463551736443
244.39320395678783,229.9853381361202,37.872069229511,90.22463551736443
247.3664859088036,228.99424415211493,37.872069229511,90.22463551736443
252.8175028208326,227.0120561841044,37.872069229511,90.22463551736443
259.25961371686685,229.48979114411756,37.872069229511,90.22463551736443
264.71063062889584,227.50760317610704,37.872069229511,90.22463551736443
267.188365588909,225.0298682160939,37.872069229511,90.22463551736443
270.1616475409248,223.543227240086,37.872069229511,90.22463551736443
273.13492949294056,224.53432122409126,37.872069229511,90.22463551736443
276.60375843695897,225.0298682160939,37.872069229511,90.22463551736443
280.56813437298,226.02096220009915,37.872069229511,90.22463551736443
284.53251030900105,228.4986971601123,37.872069229511,90.22463551736443
288.4968862450221,230.48088512812282,37.872069229511,90.22463551736443
290.97462120503525,229.48979114411756,37.872069229511,90.22463551736443
292.46126218104314,228.4986971601123,37.872069229511,90.22463551736443
294.44345014905366,229.48979114411756,37.872069229511,90.22463551736443
292.95680917304577,228.99424415211493,37.872069229511,90.22463551736443
290.97462120503525,227.0120561841044,37.872069229511,90.22463551736443
290.4790742130326,227.0120561841044,37.872069229511,90.22463551736443
290.97462120503525,224.03877423208863,37.872069229511,90.22463551736443
290.4790742130326,219.57885130406495,37.872069229511,90.22463551736443
291.4701681970379,222.55213325608074,37.872069229511,90.22463551736443
290.0661739782579,217.60408323133163,38.69786969906049,92.19198369482056
285.50900243078866,220.64219759631112,38.69786969906049,92.19198369482056
284.49629764246214,217.60408323133163,38.69786969906049,92.19198369482056
282.8583109532233,224.09693762243757,37.9230239242322,90.34602758420021
284.84316584133734,222.1120827343235,37.9230239242322,90.34602758420021
284.84316584133734,225.08936506649457,37.9230239242322,90.34602758420021
285.33937956336587,225.5855787885231,37.9230239242322,90.34602758420021
283.85073839728034,229.05907484272268,37.9230239242322,90.34602758420021
280.2606941567124,229.46735842623752,37.16369285291183,88.53703297311345
278.315581932359,231.41247065059093,37.16369285291183,88.53703297311344
274.91163553974053,230.9261925945026,37.16369285291183,88.53703297311344
270.5351330349453,230.9261925945026,37.16369285291183,88.53703297311344
266.1586305301501,230.43991453841426,37.16369285291183,88.53703297311344
262.7546841375316,231.412470650591,37.16369285291183,88.53703297311344
255.46051329620627,231.89874870667933,37.16369285291183,88.53703297311344
251.08401079141106,232.87130481885606,37.16369285291183,88.53703297311344
247.68006439879258,235.7889731553862,37.16369285291183,88.53703297311344
240.87217161355562,235.30269509929786,37.16369285291183,88.53703297311344
243.18934734693462,249.31858920871503,36.41956583486064,86.76425978305032
238.90047536290805,245.50625855624696,36.41956583486064,86.76425978305032
232.22889672108897,242.1704692353374,36.41956583486064,86.76425978305032
224.2071710996383,234.55294325123364,37.21369446788978,88.65615446761973
213.0077278478961,232.11828167476793,37.21369446788978,88.65615446761973
206.1906754337922,229.6836200983022,37.21369446788978,88.65615446761973
197.79845785763064,228.13653769913975,36.4685662696599,86.88099611301325
189.574277291798,229.4835274074422,35.7383577411843,85.14138167752725
185.36562631648718,232.75692261046177,35.7383577411843,85.14138167752725
179.75409168273939,235.56268992733564,35.7383577411843,85.14138167752725
174.1425570489916,236.9655735857726,35.7383577411843,85.14138167752725
169.4662781875351,239.77134090264647,35.7383577411843,85.14138167752725
163.8547435537873,235.09506204119,35.7383577411843,85.14138167752725
158.71083680618517,232.75692261046177,35.7383577411843,85.14138167752725
155.90506948931127,229.9511552935879,35.7383577411843,85.14138167752725
152.9894680836042,229.40066274051296,35.022770146559395,83.43659946680322
148.8650867451314,228.02586896102204,35.022770146559395,83.43659946680322
145.19896999982228,228.02586896102204,35.022770146559395,83.43659946680322
139.69979488185862,229.40066274051296,35.022770146559395,83.43659946680322
137.4084719160404,232.60851489265846,35.022770146559395,83.43659946680322
133.2840905775676,232.15025029949484,35.022770146559395,83.43659946680322
129.96860353980935,234.36036779403335,34.321510731457714,81.76595203670804
128.96494626087997,237.4244097633507,33.63429260335906,80.12875590800242
128.52484956516673,232.1432494147918,33.63429260335906,80.12875590800242
127.64465617374024,225.1017022833799,33.63429260335906,80.12875590800242
129.30167525546963,221.94303933260073,32.96083461417977,78.52434128672235
130.16424457260774,222.80560864973882,32.96083461417977,78.52434128672235
133.08193920848586,225.74817669086553,32.300861245252136,76.95205179015946
128.43279949937883,227.01612388425838,32.300861245252136,76.95205179015946
124.52968823005872,231.16772020588826,31.654102494606843,75.41124417832803
122.8729427081085,227.02585640101267,31.654102494606843,75.41124417832803
122.77566069166818,233.1652573911106,31.02029376651235,73.9012880908088
124.46692766121312,233.98312117556804,31.69669127209115,75.51270567762889
123.63744037224917,225.68824828592864,31.69669127209115,75.51270567762889
125.29641495017707,213.66068259595147,31.69669127209115,75.51270567762889
127.37013317258693,211.5869643735416,31.69669127209115,75.51270567762889
129.4438513949968,209.0985025066498,31.69669127209115,75.51270567762889
132.3470569063706,206.195296995276,31.69669127209115,75.51270567762889
135.98233680290033,211.92821455243006,31.062029790743175,74.00071803088812
141.26604705794918,215.5861678059254,31.062029790743175,74.00071803088812
142.89180405950268,214.77328930514864,31.062029790743175,74.00071803088812
145.73687881222128,212.74109305320678,31.062029790743175,74.00071803088812
151.02058906727012,211.5217753020417,31.062029790743175,74.00071803088812
154.27210307037709,215.17972855553705,31.062029790743175,74.00071803088812
156.61527616326805,211.04331414254946,30.44007610884496,72.51900484754238
162.09794108100314,204.2016150330951,29.830575778676582,71.0669599433177
167.470826835716,201.79049262188676,29.233279447313826,69.64398927154171
170.91342123102842,198.73040871494237,29.233279447313826,69.64398927154171
173.2084841612367,198.34789822657433,29.233279447313826,69.64398927154171
175.50354709144497,197.58287724983825,29.233279447313826,69.64398927154171
177.86240468084696,196.44107316843724,29.8707111056625,71.16257645760767
181.7709159765161,200.34958446410639,29.8707111056625,71.16257645760767
185.67942727218525,199.56788220497256,29.8707111056625,71.16257645760767
188.02453404958672,198.00447768670492,29.8707111056625,71.16257645760767
192.7147476043897,192.14171074320123,29.8707111056625,71.16257645760767
189.9787896974213,172.9900053944225,29.8707111056625,71.16257645760767
193.10559873395658,170.64489861702103,29.8707111056625,71.16257645760767
195.05985438179115,167.1272384509188,29.8707111056625,71.16257645760767
198.57751454789337,164.78213167351734,29.8707111056625,71.16257645760767
200.53177019572794,165.56383393265116,29.8707111056625,71.16257645760767
203.26772810269634,167.1272384509188,29.8707111056625,71.16257645760767
206.00368600966473,167.1272384509188,29.8707111056625,71.16257645760767
208.73964391663313,169.47234522832028,29.8707111056625,71.16257645760767
211.93163865490587,160.87947264715297,30.52204196132147,72.7142764372658
215.12662776248283,157.68448353957598,30.52204196132147,72.7142764372658
215.92537503937706,154.88886807044616,30.52204196132147,72.7142764372658
217.1234959547184,156.0869889857875,30.52204196132147,72.7142764372658
219.82530854984861,152.42185637228818,29.91090043242651,71.2583216184278
219.82530854984861,153.5959873642512,29.91090043242651,71.2583216184278
222.56494753109564,153.9873643615722,29.91090043242651,71.2583216184278
220.60806254449062,156.3356263454982,29.91090043242651,71.2583216184278
223.34770152573765,152.81323336960918,29.91090043242651,71.2583216184278
226.87009450162668,153.9873643615722,29.91090043242651,71.2583216184278
229.6097334828737,153.5959873642512,29.91090043242651,71.2583216184278
231.95799546679973,153.5959873642512,29.91090043242651,71.2583216184278
236.26314243733077,152.81323336960918,29.91090043242651,71.2583216184278
239.69361075011784,152.74388052413605,29.31199576398844,69.83151932009005
241.99485358568802,151.59325910635096,29.31199576398844,69.83151932009005
242.76193453087808,150.8261781611609,29.31199576398844,69.83151932009005
243.52901547606814,149.29201627078078,29.31199576398844,69.83151932009005
245.83025831163832,150.05909721597084,29.31199576398844,69.83151932009005
249.57557897804855,149.99113301952946,28.725082937878458,68.43328582259275
249.57557897804855,151.49457645259116,28.725082937878458,68.43328582259275
253.99762896692997,152.1796948168527,28.14992184195519,67.06304909406967
255.4709690170184,151.8113598043306,28.14992184195519,67.06304909406967
256.2076390420626,150.33801975424217,28.14992184195519,67.06304909406967
255.4709690170184,150.70635476676426,28.14992184195519,67.06304909406967
258.78598412971735,151.4430247918085,28.14992184195519,67.06304909406967
255.8393040295405,154.02136987946324,28.14992184195519,67.06304909406967
258.41764911719525,151.4430247918085,28.14992184195519,67.06304909406967
260.6276591923279,153.28469985441905,28.14992184195519,67.06304909406967
262.1009992424163,154.38970489198533,28.14992184195519,67.06304909406967
264.5928316526104,149.16774496045446,27.586277171832297,65.72024855642395
267.39573006646316,146.57706310250185,27.033918334613013,64.40433485598977
271.91116803052495,147.2218457111037,26.49261935455219,63.11476963878604
275.3776640785384,146.528546501501,26.49261935455219,63.11476963878604
278.8441601265518,147.56849531590507,26.49261935455219,63.11476963878604
282.6573057793666,145.488597687097,26.49261935455219,63.11476963878604
286.04238250955115,147.16041865575895,25.962158780607275,61.85102533027022
290.0390973039141,149.13847348004464,25.442319595840384,60.61258491950205
291.7036307188805,149.8042868460312,25.44231959584038,60.612584919502055
294.36688418282677,149.13847348004464,25.44231959584038,60.612584919502055
295.95322614840285,147.7478549680215,24.932889128634415,59.39894174762901
298.5631534031835,151.33650494334486,24.932889128634415,59.39894174762901
300.1943579374214,153.29395038443033,24.932889128634415,59.39894174762901
300.520598844269,150.03154131595454,24.932889128634415,59.39894174762901
301.49932156481174,150.6840231296497,24.932889128634415,59.39894174762901
300.44397301889524,148.3425261915325,24.433658965686874,58.209599300606925
301.32800726686565,149.2449989380505,23.944424866745823,57.044071006070894
300.6278050964157,149.8160944239492,23.464986681053084,55.90188003427349
300.32077134294667,149.8160944239492,23.464986681053084,55.90188003427349
299.09263632907033,149.8160944239492,23.464986681053084,55.90188003427349
297.864501315194,149.8160944239492,23.464986681053084,55.90188003427349
296.871285509114,149.14761987570523,22.995148265460465,54.78255910300872
295.897956820253,147.58987207486638,22.534717404185564,53.68565028644205
294.4236498108314,147.88473347675068,22.534717404185564,53.685650286442055
294.0595328440684,148.12734480420335,22.0835057301743,52.61070482776816
292.66293780380414,146.97584178529806,22.56503657262075,53.75788124653764
292.9581959247752,147.27109990626911,22.56503657262075,53.75788124653764
291.77716344089094,146.38532554335592,22.56503657262075,53.75788124653764
291.18664719894883,146.68058366432697,22.56503657262075,53.75788124653764
291.23589000868697,147.86603708986303,23.057067195086745,54.9300718471184
291.83928245728464,151.1846955571503,23.057067195086745,54.9300718471184
291.53758623298575,153.598265351541,23.057067195086745,54.9300718471184
291.23589000868697,153.89996157583982,23.057067195086745,54.9300718471184
292.4426749058823,154.5033540244375,23.057067195086745,54.9300718471184
292.1409786815834,154.5033540244375,23.057067195086745,54.9300718471184
292.4426749058823,155.7101389216329,23.057067195086745,54.9300718471184
293.04606735448,156.01183514593174,23.057067195086745,54.9300718471184
292.19129523078783,155.71465626191736,23.55982654527561,56.127822063744816
292.4995699412575,154.17328270956895,23.55982654527561,56.127822063744816
293.11611936219686,152.32363444675087,23.55982654527561,56.127822063744816
293.11611936219686,152.94018386769022,23.55982654527561,56.127822063744816
294.0409434936059,151.09053560487214,23.55982654527561,56.127822063744816
293.7326687831362,152.01535973628117,23.55982654527561,56.127822063744816
294.65749291454523,154.17328270956892,23.55982654527561,56.127822063744816
296.1988664668936,157.56430452473538,23.55982654527561,56.127822063744816
295.2740423354846,158.79740336661408,23.55982654527561,56.127822063744816
294.9657676250149,161.88015047131086,23.55982654527561,56.127822063744816
294.65749291454523,162.4966998922502,23.55982654527561,56.127822063744816
294.9657676250149,163.7297987341289,23.55982654527561,56.127822063744816
292.8078446517272,164.65462286553793,23.55982654527561,56.127822063744816
291.1940650839595,164.908270634453,23.088089155174842,55.00397710497534
292.4024736409464,167.32508774842685,23.088089155174842,55.00397710497534
292.15075574893217,167.93381544502677,23.59152493920343,56.20333882574933
289.42403333713844,172.8774691185531,24.10593814050276,57.428852628844794
289.79205924741314,175.40555555702468,24.63156812165642,58.68108876041675
289.79205924741314,179.27313387719212,24.63156812165642,58.68108876041674
289.1474628607186,180.56232665058127,24.63156812165642,58.68108876041674
286.5690773139403,183.46301039070687,24.63156812165642,58.68108876041674
288.1805682806767,181.20692303727586,24.63156812165642,58.68108876041674
284.95758634720386,187.9751850975689,24.63156812165642,58.68108876041674
286.62282983584123,190.88069465417863,25.168659464549137,59.96062990083763
286.95215574129446,193.51530189780442,25.168659464549137,59.96062990083763
285.96417802493477,196.80856095233668,25.168659464549137,59.96062990083763
284.31754849766867,197.1378868577899,25.168659464549137,59.96062990083763
283.98822259221544,198.45519047960278,25.168659464549137,59.96062990083763
281.6829412540429,198.45519047960278,25.168659464549137,59.96062990083763
281.35361534858964,197.79653866869631,25.168659464549137,59.96062990083763
279.0483340104171,195.82058323597698,25.168659464549137,59.96062990083763
277.07237857769775,195.49125733052375,25.168659464549137,59.96062990083763
273.50471821335327,193.52023294121696,25.71746208417363,61.26807143582539
270.8687855852291,191.50623036510132,26.278231344919035,62.60402173348356
267.0864973080482,190.8185415874321,26.278231344919035,62.60402173348356
265.0234309750404,189.4431640320936,26.278231344919035,62.60402173348356
263.30420903086724,192.1939191427706,26.278231344919035,62.60402173348356
262.96036464203263,196.66389619762077,26.278231344919035,62.60402173348356
261.5849870866941,199.41465130829783,26.278231344919035,62.60402173348356
259.17807636485173,202.16540641897484,26.278231344919035,62.60402173348356
258.14654319834784,206.63538347382502,26.278231344919035,62.60402173348356
257.11501003184395,210.0738273621713,26.278231344919035,62.60402173348356
255.05194369883617,211.4492049175098,26.278231344919035,62.60402173348356
252.9888773658284,211.79304930634447,26.278231344919035,62.60402173348356
250.9258110328206,212.4807380840137,26.278231344919035,62.60402173348356
247.20086872723635,208.0159094598835,26.851228179394997,63.96910242738217
244.74147531710418,206.25919988121765,26.851228179394997,63.96910242738217
241.57939807550568,203.4484645553523,26.851228179394997,63.96910242738217
239.82268849683985,203.09712263961913,26.851228179394997,63.96910242738217
236.36786574001547,201.3456737532051,27.436719209846704,65.36394870581124
233.19671349918428,199.19703159761707,28.034976872217413,66.78920960734145
229.58958329873016,195.90104534479153,28.646279542916112,68.24554832282952
228.90243750137367,193.65767931564255,29.2709116683494,69.73364250400883
225.8384143253445,192.50867062463163,29.2709116683494,69.73364250400883
224.68940563433355,197.87071118268267,29.2709116683494,69.73364250400883
220.5402505498329,196.3444343512754,29.909163897277757,71.25418457880875
220.9316048250057,196.3444343512754,29.909163897277757,71.25418457880875
219.36618772431447,195.56172580092976,29.909163897277757,71.25418457880875
220.99687444078845,194.3935227783865,30.5613332160579,72.80788207354968
215.465138688542,195.19928586465144,31.22772308683404,74.39545794216343
211.44721266879318,193.16236746150545,31.908643588742457,76.01765090259231
216.87493353862445,181.47189174186892,31.908643588742457,76.01765090259231
218.86445419529088,178.4752879035794,31.26973819530579,74.49555275940496
207.06713804576665,193.62022568694664,31.951574836654434,76.11992828732379
201.70184117960662,195.71687931467108,32.64827892596768,77.77972332362889
199.6371135508375,195.2960808230799,33.360174647948405,79.47571019070061
196.14503412960715,193.9865510401185,33.360174647948405,79.47571019070061
196.21783475316167,193.993086965072,34.08759325614692,81.20867805140884
195.40016674106025,192.66168132599023,34.8308732270972,82.97943327631981
194.4886594055665,191.75017399049648,34.8308732270972,82.97943327631981
194.56466947795494,189.93398338370764,35.590360417814054,84.78879981890996
194.09897810148286,188.07121787781927,35.590360417814054,84.78879981890995
194.09897810148286,187.1398351248751,35.590360417814054,84.78879981890995
194.09897810148286,186.2084523719309,35.590360417814054,84.78879981890995
193.16759534853867,187.60552650134719,35.590360417814054,84.78879981890995
192.31388006761136,188.07819074073777,36.36640822672449,86.63761959896128
191.8380342906753,190.4574196254181,36.36640822672449,86.63761959896128
192.78972584454743,191.40911117929025,36.36640822672449,86.63761959896128
193.74141739841957,192.83664851009846,36.36640822672449,86.63761959896128
192.78972584454743,191.40911117929025,36.36640822672449,86.63761959896128
190.4898579711113,190.94039030854864,37.159377758108214,88.52675289431663
190.08472785510352,187.54411941460756,37.96963799012376,90.4570787411772
189.09108054318042,187.54411941460756,37.96963799012376,90.4570787411772
190.5815515110651,186.55047210268447,37.96963799012376,90.4570787411772
192.56884613491133,187.54411941460756,37.96963799012376,90.4570787411772
191.65805850076245,186.06108745767034,38.79756594649841,92.42949534312856
189.71209735069138,184.03806109313228,39.64354687196181,94.44492048908549
187.11846557873,188.18787192827045,39.64354687196181,94.44492048908549
187.11846557873,188.70659828266275,39.64354687196181,94.44492048908549
186.08101286994545,188.70659828266275,39.64354687196181,94.44492048908549
187.63719193312227,188.18787192827045,39.64354687196181,94.44492048908549
187.2049781633507,186.12073347385368,40.50797441150494,96.50429198035
187.29337715487907,183.4784838828885,41.391250793547805,98.60856806698153
188.37656644150965,181.8536999529426,41.391250793547805,98.60856806698153
188.91816108482496,180.77051066631202,41.391250793547805,98.60856806698153
187.29337715487907,181.31210530962733,41.391250793547805,98.60856806698153
187.29337715487907,184.5616731695191,41.391250793547805,98.60856806698153
186.21018786824848,187.8112410294109,41.391250793547805,98.60856806698153
185.1269985816179,189.9776196026721,41.391250793547805,98.60856806698153
184.5854039383026,191.06080888930268,41.391250793547805,98.60856806698153
184.04380929498728,192.14399817593326,41.391250793547805,98.60856806698153
181.3358360784108,192.68559281924857,41.391250793547805,98.60856806698153
179.71105214846492,195.39356603582505,41.391250793547805,98.60856806698153
177.54467357520372,198.10153925240152,41.391250793547805,98.60856806698153
174.83670035862724,200.26791782566272,41.391250793547805,98.60856806698153
171.58713249873546,200.80951246897803,41.391250793547805,98.60856806698153
169.42075392547426,202.97589104223923,41.391250793547805,98.60856806698153
166.17118606558248,204.0590803288698,41.391250793547805,98.60856806698153
164.00480749232128,205.6838642588157,41.391250793547805,98.60856806698153
162.38002356237538,205.6838642588157,41.391250793547805,98.60856806698153
160.7552396324295,206.225458902131,41.391250793547805,98.60856806698153
160.2136449891142,205.6838642588157,41.391250793547805,98.60856806698153
157.5056717725377,207.8502428320769,41.391250793547805,98.60856806698153
154.6704915267659,214.79500145983098,40.56247556530785,96.63413296440987
152.9535806069856,218.94695389957542,39.75029486769395,94.69923189068264
149.71067794109274,217.2944175838277,38.95437642913558,92.80307325764652
148.18155177047242,211.6876216248866,38.95437642913558,92.80307325764652
144.6135907056917,214.74587396612722,38.95437642913558,92.80307325764652
142.45503798699824,218.22351354910916,38.17439463112153,90.94488132708364
140.95652944369692,223.2185420267802,38.17439463112153,90.94488132708364
138.34169448516204,226.6265489824831,37.410030374985986,89.12389589334896
139.3206971327705,230.05305824911278,37.410030374985986,89.12389589334896
137.36269183755354,229.56355692530855,37.410030374985986,89.12389589334896
134.80021360654013,228.49781359058494,36.66097095136195,87.3393719723623
134.68754406617276,226.01430940888412,35.9269099122486,85.59057949682753
132.22665527151213,228.28148278750308,35.20754694564017,83.87680301755451
131.84280499093728,225.06360417508606,35.975247506789856,85.70573670735229
130.79078780836082,224.98019024420714,35.25491667861212,83.98965444022298
131.1437416459077,229.05016608330766,34.54900900351833,82.30793321426425
132.95200381237254,227.69396945845904,34.54900900351833,82.30793321426425
133.29789047046333,227.6138624724429,33.85723568733677,80.65988501983172
134.52287916050136,224.87727634842804,33.17931371840896,79.04483562326843
135.28919654933517,232.18078309751803,32.51496575180666,77.46212429106882
135.18926885644407,233.8071946249912,31.863919995867136,75.91110351956583
135.60620064888653,234.22412641743364,31.863919995867136,75.91110351956583
136.85699602621386,236.30878537964588,31.863919995867136,75.91110351956583
138.1077914035412,235.89185358720346,31.863919995867136,75.91110351956583
138.1077914035412,234.22412641743364,31.863919995867136,75.91110351956583
141.44324574308078,232.55639924766382,31.863919995867136,75.91110351956583
142.69404112040812,231.7225356627789,31.863919995867136,75.91110351956583
148.5310862146024,204.2050373615773,31.863919995867136,75.91110351956583
149.3649497994873,201.7034466069226,31.863919995867136,75.91110351956583
148.5310862146024,204.2050373615773,31.863919995867136,75.91110351956583
150.61574517681464,201.7034466069226,31.863919995867136,75.91110351956583
151.44960876169955,204.62196915401972,31.863919995867136,75.91110351956583
151.866540554142,202.12037839936502,31.863919995867136,75.91110351956583
152.28347234658446,203.37117377669236,31.863919995867136,75.91110351956583
152.28347234658446,201.2865148144801,31.863919995867136,75.91110351956583
152.28347234658446,204.20503736157724,31.863919995867136,75.91110351956583
151.44960876169955,200.86958302203766,31.863919995867136,75.91110351956583
152.28347234658446,201.70344660692257,31.863919995867136,75.91110351956583
151.44960876169955,199.20185585226787,31.863919995867136,75.91110351956583
151.44960876169955,200.4526512295952,31.863919995867136,75.91110351956583
151.0326769692571,200.86958302203766,31.863919995867136,75.91110351956583
151.0326769692571,201.2865148144801,31.863919995867136,75.91110351956583
150.1988133843722,199.61878764471032,31.863919995867136,75.91110351956583
148.94801800704485,200.03571943715278,31.863919995867136,75.91110351956583
149.3649497994873,200.45265122959523,31.863919995867136,75.91110351956583
147.69722262971752,200.8695830220377,31.863919995867136,75.91110351956583
148.8500911620358,197.87717926482338,31.225910101000395,74.39113877003035
149.25867474719246,199.5115136054501,31.225910101000395,74.39113877003035
148.4415075768791,201.1458479460768,31.225910101000395,74.39113877003035
148.4415075768791,200.73726436092014,31.225910101000395,74.39113877003035
149.25867474719246,197.8771792648234,31.225910101000395,74.39113877003035
149.66725833234912,198.28576284998007,31.225910101000395,74.39113877003035
150.07584191750578,198.69434643513674,31.225910101000395,74.39113877003035
150.48442550266245,197.06001209451003,31.225910101000395,74.39113877003035
150.8930090878191,197.87717926482338,31.225910101000395,74.39113877003035
150.8930090878191,198.28576284998005,31.225910101000395,74.39113877003035
150.48442550266245,200.32868077576342,31.225910101000395,74.39113877003035
152.52734342844582,198.6943464351367,31.225910101000395,74.39113877003035
152.11875984328915,201.14584794607677,31.225910101000395,74.39113877003035
152.52734342844582,201.55443153123343,31.225910101000395,74.39113877003035
153.75309418391583,200.73726436092008,31.225910101000395,74.39113877003035
154.1616777690725,201.14584794607674,31.225910101000395,74.39113877003035
153.75309418391583,202.37159870154676,31.225910101000395,74.39113877003035
156.2045956948559,200.73726436092005,31.225910101000395,74.39113877003035
155.38742852454254,201.96301511639007,31.225910101000395,74.39113877003035
155.7960121096992,202.37159870154673,31.225910101000395,74.39113877003035
157.02176286516922,202.7801822867034,31.225910101000395,74.39113877003035
157.43034645032589,203.18876587186006,31.225910101000395,74.39113877003035
158.24751362063924,203.59734945701672,31.225910101000395,74.39113877003035
159.47326437610926,202.3715987015467,31.225910101000395,74.39113877003035
159.47326437610926,203.18876587186006,31.225910101000395,74.39113877003035
159.88184796126592,204.82310021248676,31.225910101000395,74.39113877003035
161.9247658870493,204.82310021248676,31.225910101000395,74.39113877003035
160.69901513157927,206.45743455311347,31.225910101000395,74.39113877003035
162.33334947220598,206.86601813827014,31.225910101000395,74.39113877003035
162.74193305736264,207.6831853085835,31.225910101000395,74.39113877003035
163.559100227676,208.09176889374015,31.225910101000395,74.39113877003035
163.15051664251934,209.72610323436686,31.225910101000395,74.39113877003035
162.74193305736267,210.95185398983688,31.225910101000395,74.39113877003035
163.55910022767603,213.40335550077694,31.225910101000395,74.39113877003035
164.37626739798938,210.54327040468021,31.225910101000395,74.39113877003035
163.96768381283272,212.17760474530692,31.225910101000395,74.39113877003035
162.333349472206,214.2205226710903,31.225910101000395,74.39113877003035
162.74193305736267,215.4462734265603,31.225910101000395,74.39113877003035
162.74193305736267,214.62910625624696,31.225910101000395,74.39113877003035
162.333349472206,216.67202418203033,31.225910101000395,74.39113877003035
161.51618230189266,213.40335550077694,31.225910101000395,74.39113877003035
161.107598716736,213.8119390859336,31.225910101000395,74.39113877003035
160.69901513157933,214.62910625624696,31.225910101000395,74.39113877003035
159.4732643761093,216.67202418203033,31.225910101000395,74.39113877003035
160.69901513157933,215.03768984140362,31.225910101000395,74.39113877003035
162.33334947220604,211.76902116015023,31.225910101000395,74.39113877003035
163.55910022767605,209.31751964921017,31.225910101000395,74.39113877003035
164.3762673979894,210.13468681952352,31.225910101000395,74.39113877003035
166.01060173861612,208.09176889374015,31.225910101000395,74.39113877003035
165.60201815345945,209.72610323436686,31.225910101000395,74.39113877003035
168.05351966439952,208.09176889374015,31.225910101000395,74.39113877003035
167.23635249408616,210.13468681952352,31.225910101000395,74.39113877003035
169.27927041986953,209.31751964921017,31.225910101000395,74.39113877003035
169.6878540050262,210.13468681952352,31.225910101000395,74.39113877003035
171.73077193080957,209.31751964921017,31.225910101000395,74.39113877003035
172.13935551596623,205.6402673828001,31.225910101000395,74.39113877003035
172.5479391011229,207.2746017234268,31.225910101000395,74.39113877003035
172.95652268627956,208.9089360640535,31.225910101000395,74.39113877003035
173.7736898565929,207.2746017234268,31.225910101000395,74.39113877003035
174.99944061206293,208.09176889374015,31.225910101000395,74.39113877003035
175.4080241972196,208.09176889374015,31.225910101000395,74.39113877003035
176.22519136753294,208.50035247889682,31.225910101000395,74.39113877003035
176.1292253075151,208.4279505890612,30.60067505072279,72.90160820907488
176.52962784118017,209.22875565639137,30.600675050722792,72.90160820907488
177.33043290851035,208.8283531227263,30.600675050722792,72.90160820907488
177.73083544217542,210.42996325738665,30.600675050722792,72.90160820907488
177.33043290851035,208.02754805539612,30.600675050722792,72.90160820907488
178.13123797584052,209.62915819005647,30.600675050722792,72.90160820907488
178.9320430431707,208.02754805539612,30.600675050722792,72.90160820907488
179.73284811050087,208.8283531227263,30.600675050722792,72.90160820907488
180.13325064416594,210.02956072372154,30.600675050722792,72.90160820907488
181.7348607788263,210.42996325738662,30.600675050722792,72.90160820907488
182.53566584615646,210.8303657910517,30.600675050722792,72.90160820907488
184.84403651240703,213.56223133678708,29.98795905487246,71.44190245425497
187.19834825849358,210.81553429968608,29.98795905487246,71.44190245425497
187.590733549508,212.38507546374382,29.98795905487246,71.44190245425497
189.94504529559455,213.56223133678708,29.98795905487246,71.44190245425497
192.69174233269553,210.03076371765724,29.98795905487246,71.44190245425497
193.47651291472437,210.81553429968608,29.98795905487246,71.44190245425497
195.04605407878208,211.9926901727294,29.98795905487246,71.44190245425497
195.83082466081092,212.38507546374382,29.98795905487246,71.44190245425497
198.18513640689747,213.16984604577266,29.98795905487246,71.44190245425497
199.75467757095518,214.34700191881592,29.98795905487246,71.44190245425497
202.50137460805615,213.16984604577266,29.98795905487246,71.44190245425497
204.8556863541427,215.13177250084476,29.98795905487246,71.44190245425497
207.60238339124368,215.13177250084476,29.98795905487246,71.44190245425497
208.77953926428697,215.52415779185918,29.98795905487246,71.44190245425497
210.34908042834468,215.13177250084476,29.98795905487246,71.44190245425497
211.52623630138797,214.34700191881592,29.98795905487246,71.44190245425497
213.4881627564601,213.16984604577266,29.98795905487246,71.44190245425497
214.27293333848894,209.2459931356284,29.98795905487246,71.44190245425497
215.05770392051778,209.2459931356284,29.98795905487246,71.44190245425497
216.6272450845755,209.63837842664282,29.98795905487246,71.44190245425497
218.49701005358799,206.82214987225814,29.387511444962914,70.01142432476459
221.86745110839223,209.44571062241562,28.799086571631953,68.60958859712318
225.17040596742055,211.26308157258143,28.222443704143952,67.23582176575471
227.7553935739488,211.63236551637118,28.222443704143952,67.23582176575471
229.88436167901727,212.3054954950683,27.657346931904414,65.88956180836051
233.05637090956523,214.05081678321682,27.103565067946494,64.57025795599017
236.2481640631203,215.11474783440184,27.103565067946494,64.57025795599017
239.43995721667537,216.5333225693152,27.103565067946494,64.57025795599017
243.34103773768712,217.95189730422857,27.103565067946494,64.57025795599017
247.95140562615555,219.72511572287027,27.103565067946494,64.57025795599017
251.8524861471673,221.14369045778363,27.103565067946494,64.57025795599017
256.5220011012108,221.5036442716035,27.694558304253068,65.97821243072053
261.95765143999137,222.22839765010755,27.694558304253064,65.97821243072053
268.48043184652806,222.95315102861161,27.694558304253064,65.97821243072053
273.5537054960566,219.69176082534327,27.694558304253064,65.97821243072053
280.4388625918453,221.86602096085548,27.694558304253064,65.97821243072053
286.2368896198779,219.32938413609122,27.694558304253064,65.97821243072053
293.5448601722586,218.97243336431734,28.298438148077302,67.41686735277239
299.83959149259863,223.78605143281263,28.298438148077302,67.41686735277239
306.13432281293865,220.45354661616201,28.298438148077302,67.41686735277239
312.3420850231728,218.90681925107964,27.73181974236672,66.06698232740305
318.0626852323098,218.11679043383637,27.176546712539075,64.74412599163719
323.39666469939567,220.25038222067073,27.176546712539075,64.74412599163719
328.0787532348091,223.81169296071562,27.76913131360599,66.15587165888485
334.6190975020479,223.08498804213352,27.76913131360599,66.15587165888485
336.1331068443565,222.36372365137254,28.37463722189917,67.59840044040683
343.99181027469433,217.5427031342462,28.99334618652268,69.0723835620099
349.303004539062,218.30144517201302,28.99334618652268,69.0723835620099
359.54602204891387,241.06370630501715,28.99334618652268,69.0723835620099
363.40300329983273,239.93127362434896,29.625546100119806,70.57850688557953
371.543510582786,237.9930576045982,29.625546100119806,70.57850688557953
382.7851634973405,237.9930576045982,29.625546100119806,70.57850688557953
389.76274116844326,232.566052749296,29.625546100119806,70.57850688557953
397.1279620434962,230.62783672954524,29.625546100119806,70.57850688557953
402.1673236948482,224.81318867029293,29.625546100119806,70.57850688557953
406.43139893829994,223.65025905844246,29.625546100119806,70.57850688557953
415.0242001127969,234.89771620957723,30.271531132832916,72.11747122821959
422.45698664571205,242.3533467047335,29.66540557144502,70.67346621432489
423.23331615696105,240.02435817098643,29.66540557144502,70.67346621432489
427.1149637132062,217.12263758914023,29.66540557144502,70.67346621432489
428.9646173034202,214.33670067043118,29.071416436013102,69.25837445050179
428.8752726122493,215.4104719411615,28.48932071940404,67.87161700799197
429.24804857812387,218.7654556340325,28.48932071940404,67.87161700799197
429.31021972485513,224.73545271534488,29.11053035769065,69.35155761685124
427.4056979958029,225.49726140696578,29.11053035769065,69.35155761685124
424.73936757512973,223.59273967791353,29.11053035769065,69.35155761685124
420.5494197712148,222.83093098629263,29.11053035769065,69.35155761685124
419.6981461802708,228.47699910434244,28.52765146471595,67.96293437182328
419.3248686657371,232.2097742496793,28.52765146471595,67.96293437182328
417.83175860760235,234.82271685141507,28.52765146471595,67.96293437182328
418.1173625746309,241.10228902028243,27.9564435306589,66.60211547009912
414.09352522995636,242.56550260016408,27.9564435306589,66.60211547009912
404.6436452301031,213.67251162352983,28.566033781844915,68.05437459792464
400.9058478501257,210.30849398155016,28.566033781844915,68.05437459792464
396.706479224921,209.12092019427394,27.994057320308528,66.69172479249971
392.31093247569237,207.65573794453107,27.994057320308528,66.69172479249971
388.9282387521016,206.1256473335074,27.433533518775626,65.35635926531839
385.9722378011431,205.34411614514727,26.88423306112925,64.04773170445496
383.5098213639785,183.18236821066614,26.88423306112925,64.04773170445496
381.04740492681395,181.42349932697715,26.88423306112925,64.04773170445496
379.90946073900784,181.36116425734713,26.34593122283915,62.76530673676383
378.10484110738514,181.30007732012598,25.818407779024632,61.50855970885278
377.09135798590654,181.6379050272855,25.818407779024632,61.50855970885278
375.4022194501088,181.97573273444505,25.818407779024632,61.50855970885278
375.4022194501088,181.97573273444505,25.818407779024632,61.50855970885278
374.30938905380384,182.253696645491,25.3014469143583,60.27697647244182
374.2316305460368,181.53290470446464,24.794837134773744,59.07005317401978
372.60945789884516,180.55960111614965,24.794837134773744,59.07005317401978
370.6628507222152,179.58629752783466,24.794837134773744,59.07005317401978
367.7429399572702,177.31525582176633,24.794837134773744,59.07005317401978
365.14746372176353,172.7731724096297,24.794837134773744,59.07005317401978
362.8764220156952,171.47543429187635,24.794837134773744,59.07005317401978
360.52917875710483,170.4446402073383,24.298371180941107,57.887296048712614
359.25742519367435,171.71639377076872,24.298371180941107,57.887296048712614
359.57536358453194,171.39845537991113,24.298371180941107,57.887296048712614
357.6677332393863,172.9881473341992,24.298371180941107,57.887296048712614
357.03185645767104,173.3060857250568,24.298371180941107,57.887296048712614
357.6677332393863,173.62402411591444,24.298371180941107,57.887296048712614
356.71391806681345,173.94196250677203,24.298371180941107,57.887296048712614
356.0780412850982,174.57783928848727,24.298371180941107,57.887296048712614
355.0495503404007,176.74706865799214,23.811845943475156,56.728221218279025
354.1148333678627,177.05864098217148,23.811845943475156,56.728221218279025
355.10151401418125,194.82292867691967,24.331063244272634,57.96518008194359
355.4198801728893,199.2800548988325,24.331063244272634,57.965180081943586
352.2362185858087,201.19025185108086,24.331063244272634,57.965180081943586
352.79817465913624,203.36239979415595,23.84388341503355,56.804545782874
351.16493802229303,203.3071142247463,23.36645836648919,55.66715081428303
351.09312628201866,203.25293563590688,22.898592779086716,54.552529856059486
350.49388103328386,203.25293563590688,22.898592779086716,54.55252985605949
348.39652266271213,202.6536903871721,22.898592779086716,54.55252985605949
347.7972774139773,203.55255826027428,22.898592779086716,54.55252985605949
345.999541667773,203.55255826027428,22.898592779086716,54.55252985605949
346.0495123843663,203.25742192788599,23.3978965946347,55.74204776957087
346.35566828005807,203.5635778235777,23.3978965946347,55.74204776957087
347.27413596713325,205.40051319772803,23.3978965946347,55.74204776957087
347.8864477585167,206.93129267618664,23.3978965946347,55.74204776957087
344.26363733828475,204.7927855219203,23.908087729880712,56.957503121186356
341.7609843383065,203.5414590219312,23.908087729880712,56.957503121186356
339.62333666184776,200.7306584691715,24.429403582830762,58.19946147674382
337.7054191503657,203.28788181781425,24.429403582830762,58.19946147674382
335.8408129849022,200.41579175900162,24.962086727954386,59.46850073424422
333.8810752820822,196.82293930383173,24.962086727954386,59.46850073424422
330.66931957730077,193.5616003708167,25.506385029057434,60.765211392754416
330.72498117842645,195.23532240094212,26.06255175461603,62.09019682717343
327.3716337523353,191.1481613016045,26.630845695625435,63.44407356898995
326.7328326936365,190.45646228951858,27.211531286018545,64.82747159316177
325.7240461819148,189.74968078047414,27.804878725710182,66.24103461125067
324.99640577061206,188.65822016352,27.804878725710182,66.24103461125067
323.60180246335085,187.93602728367085,28.411164106324293,67.68542037094899
322.1147892424085,189.05128719937764,28.411164106324293,67.68542037094899
320.62777602146605,190.91005372555563,28.411164106324293,67.68542037094899
320.2560227162305,193.51232686220482,28.411164106324293,67.68542037094899
318.76900949528806,193.8840801674404,28.411164106324293,67.68542037094899
317.71575016814774,192.40263326137492,29.030669539662693,69.16130096213753
315.0567344657539,191.64291448926238,29.030669539662693,69.16130096213753
313.22079004687265,190.5090240194664,29.663683288975037,70.66936312961694
311.28007894702654,190.89716623943562,29.663683288975037,70.66936312961694
308.1749411872728,189.34459735955875,29.663683288975037,70.66936312961694
307.39865674733437,190.89716623943562,29.663683288975037,70.66936312961694
305.45794564748826,189.73273957952796,29.663683288975037,70.66936312961694
302.41754180064567,187.40969796813044,30.310499903091138,72.21030859265824
301.62433047849436,188.20290929028175,30.310499903091138,72.21030859265824
299.7074476089983,185.82921375654772,30.971420353478038,73.78485437152115
299.3021939614829,182.9924382239399,30.971420353478038,73.78485437152115
299.3021939614829,181.7766772813937,30.971420353478038,73.78485437152115
298.4916866664521,180.15566269133208,30.971420353478038,73.78485437152115
298.5592744035637,178.54071602151575,31.646752174285627,75.39373312109217
298.2142456879835,176.4764652362646,32.33680960544593,77.03769347179758
297.8616936212602,175.6365617831883,33.041913738892674,78.71750037795013
297.5014541567219,175.2106897948933,33.76239266796923,80.43393547369132
298.0169053796636,174.3337588133914,34.4985816400943,82.18779743669516
298.54359601652163,174.34051777502697,35.25082321275656,83.9799023598023
299.0817711427164,174.34742411582096,36.019467412910714,85.81108413075779
298.6890688992471,174.354481049376,36.80487189984923,87.68219482022897
297.7259029602284,174.83606401888537,36.80487189984923,87.68219482022897
296.76273702120966,175.31764698839473,36.80487189984923,87.68219482022897
296.2811540517003,174.83606401888537,36.80487189984923,87.68219482022897
294.3548221736628,171.9465662018291,36.80487189984923,87.68219482022897
293.3916562346441,170.98340026281036,36.80487189984923,87.68219482022897
292.9100732651347,168.0939024457541,36.80487189984923,87.68219482022897
293.95355705777473,166.1747813777078,37.60740213162545,89.59410507828406
294.93772483009377,164.6985297192292,37.60740213162545,89.59410507828406
296.41397648857236,163.22227806075063,37.60740213162545,89.59410507828406
297.3981442608914,161.74602640227204,37.60740213162545,89.59410507828406
297.89022814705095,160.761858629953,37.60740213162545,89.59410507828406
297.9722973314705,158.3088072408584,38.42743153510554,91.54770453951605
298.97792488206494,160.32006234204738,38.42743153510554,91.54770453951605
300.0674111356451,159.3219634933053,39.265341679728515,93.5439022370002
300.66687600731706,158.3021010991664,40.12152245505499,95.58362702527799
302.766798210847,159.35206220093136,40.12152245505499,95.58362702527799
304.34173986349447,157.2521399974014,40.12152245505499,95.58362702527799
303.29177876172946,159.87704275181386,40.12152245505499,95.58362702527799
306.9666426179069,156.7271594465189,40.12152245505499,95.58362702527799
308.01660371967193,156.2021788956364,40.12152245505499,95.58362702527799
311.6914675758494,155.1522177938714,40.12152245505499,95.58362702527799
314.84135088114436,154.10225669210644,40.12152245505499,95.58362702527799
317.9912341864393,152.52731503945893,40.12152245505499,95.58362702527799
319.04119528820434,152.52731503945893,40.12152245505499,95.58362702527799
321.1411174917343,152.52731503945893,40.12152245505499,95.58362702527799
323.76602024614675,153.05229559034143,40.12152245505499,95.58362702527799
326.3909230005592,154.62723724298894,40.12152245505499,95.58362702527799
328.49084520408917,155.6771983447539,40.12152245505499,95.58362702527799
330.0657868567366,155.6771983447539,40.12152245505499,95.58362702527799
330.5907674076191,155.1522177938714,40.12152245505499,95.58362702527799
332.1657090602666,155.1522177938714,40.12152245505499,95.58362702527799
332.6906896111491,154.62723724298888,40.12152245505499,95.58362702527799
334.26563126379654,153.05229559034143,40.12152245505499,95.58362702527799
335.40314801787775,149.38529234228588,40.99637225218747,97.66782801256417
336.47600352146674,149.38529234228588,40.99637225218747,97.66782801256417
337.0124312732612,148.3124368386969,40.99637225218747,97.66782801256417
337.0124312732612,146.70315358331345,40.99637225218747,97.66782801256417
337.0124312732612,141.3388760653686,40.99637225218747,97.66782801256417
335.4926128211928,133.3004917971333,41.89029814914642,99.79747500237814
336.04073738011516,139.32986194527928,41.89029814914642,99.79747500237815
335.4926128211928,137.6854882685122,41.89029814914642,99.79747500237815
335.0359038456217,133.3086989437646,42.803716100288554,101.973558944805
335.59598026055136,131.06839328404592,42.803716100288554,101.973558944805
336.156056675481,128.82808762432725,42.803716100288554,101.973558944805
336.156056675481,128.2680112093976,42.803716100288554,101.973558944805
334.0091599159086,127.15624448300186,43.737051129855345,104.19709239759649
334.5814487970658,131.1622666511023,43.737051129855345,104.19709239759649
335.15373767822297,135.16828881920276,43.737051129855345,104.19709239759649
334.44703245947437,142.50663345395665,42.861306042723584,102.11075851354728
336.12952235624175,141.94580348836752,42.861306042723584,102.11075851354727
335.5686923906527,147.55410314425887,42.861306042723584,102.11075851354727
334.44703245947437,148.67576307543715,42.861306042723584,102.11075851354727
335.00786242506354,150.9190829377937,42.861306042723584,102.11075851354727
334.44703245947437,155.96655262809588,42.861306042723584,102.11075851354727
334.44703245947437,149.79742300661542,42.861306042723584,102.11075851354727
333.8862024938853,143.62829338513495,42.861306042723584,102.11075851354727
334.44703245947437,143.62829338513495,42.861306042723584,102.11075851354727
335.00786242506354,144.18912335072406,42.861306042723584,102.11075851354727
336.2230569327001,144.19752073720838,43.79589682098517,104.33728360293517
335.0769392067225,144.7705796001972,43.79589682098517,104.33728360293517
336.2230569327001,145.9166973261748,43.79589682098517,104.33728360293517
336.79611579568893,146.4897561891636,43.79589682098517,104.33728360293517
336.79611579568893,147.6358739151412,43.79589682098517,104.33728360293517
336.3186310305981,147.6444544066378,44.75086635116675,106.61235807189718
334.5619677961093,147.6444544066378,44.75086635116675,106.61235807189718
332.80530456162046,151.15778087561546,44.75086635116675,106.61235807189718
332.80530456162046,151.74333528711173,44.75086635116675,106.61235807189718
332.80530456162046,152.328889698608,44.75086635116675,106.61235807189718
333.39085897311674,152.328889698608,44.75086635116675,106.61235807189718
333.253326894397,155.15290025529964,43.85482168561377,104.47766342749156
335.9876980184874,157.34653588970897,42.9767184837269,102.38571168181988
339.4555251141657,167.4770778650899,43.913825830264564,104.61823212504197
342.9031367298349,168.05167980103477,43.91382583026457,104.61823212504197
340.03012705011054,170.35008754481424,43.91382583026457,104.61823212504197
332.5603018828272,155.41043721024764,43.91382583026457,104.61823212504197
333.80533720454736,155.99364274233895,44.87136680249349,106.89943267652852
339.7745695707228,171.85497448116936,45.84978695562186,109.23037480604023
344.6740939976966,179.0631596764692,46.849541560189195,111.61214312868594
378.3899231774761,260.5941647839359,46.849541560189195,111.61214312868594
381.454998557456,264.2722552399119,46.849541560189195,111.61214312868594
384.52007393743594,268.5633607718838,46.849541560189195,111.61214312868594
387.58514931741587,266.72431554389584,46.849541560189195,111.61214312868594
389.42419454540385,271.62843615186375,46.849541560189195,111.61214312868594
393.1022850013798,271.0154210758678,46.849541560189195,111.61214312868594
396.16736038135974,274.0804964558477,46.849541560189195,111.61214312868594
399.2324357613397,276.53255675983166,46.849541560189195,111.61214312868594
403.37955939165903,280.7150347022179,45.91147521150239,109.37733800387328
406.3832628995908,281.9165161053906,45.91147521150239,109.37733800387328
409.98770710910895,283.71873821014964,45.91147521150239,109.37733800387328
416.454755868309,286.01524847244747,44.992191724829475,107.18728028562309
418.22089215764635,285.4265363760017,44.992191724829475,107.18728028562309
421.753164736321,287.19267266533905,44.992191724829475,107.18728028562309
426.3245877679887,287.6770637124323,44.09131501173498,105.04107399854502
427.4784364470823,287.1001393728855,44.09131501173498,105.04107399854502
432.09383116345657,284.2155176751516,44.09131501173498,105.04107399854502
434.9784528611905,288.8309123915259,44.09131501173498,105.04107399854502
435.55537720073727,287.6770637124323,44.09131501173498,105.04107399854502
436.70922587983085,286.5232150333387,44.09131501173498,105.04107399854502
437.86307455892444,287.1001393728855,44.09131501173498,105.04107399854502
439.5938475775648,284.2155176751516,44.09131501173498,105.04107399854502
440.7476962566584,287.1001393728855,44.09131501173498,105.04107399854502
441.3246205962052,285.9462906937919,44.09131501173498,105.04107399854502
441.901544935752,285.36936635424513,44.09131501173498,105.04107399854502
443.63231795439236,284.21551767515155,44.09131501173498,105.04107399854502
444.20924229393916,281.33089597741764,44.09131501173498,105.04107399854502
443.05539361484557,284.79244201469834,44.09131501173498,105.04107399854502
443.05539361484557,280.17704729832406,44.09131501173498,105.04107399854502
442.4784692752988,284.79244201469834,44.09131501173498,105.04107399854502
441.3246205962052,287.67706371243224,44.09131501173498,105.04107399854502
442.9198885240733,287.5748314789485,43.20847651418596,102.93784110732528
442.9198885240733,290.40169452092573,43.20847651418596,102.93784110732528
442.3545159156779,292.66318495450747,43.20847651418596,102.93784110732528
442.9198885240733,292.66318495450747,43.20847651418596,102.93784110732528
442.3545159156779,292.66318495450747,43.20847651418596,102.93784110732528
443.9178418626762,293.12837232101805,42.343315053771065,100.87672115751333
443.3637896856178,291.4662157898429,42.343315053771065,100.87672115751333
446.68810274796806,295.3445810292515,42.343315053771065,100.87672115751333
448.9043114562016,295.3445810292515,42.343315053771065,100.87672115751333
452.09849152640965,297.46261050037447,41.49547668393867,98.85687092350086
456.4421588402448,298.54852732883325,41.49547668393867,98.85687092350086
457.9435067380761,300.62414758726766,40.664614545193686,96.87746406354958
461.1360274260846,300.62414758726766,40.664614545193686,96.87746406354958
464.32854811409305,299.0278872432634,40.664614545193686,96.87746406354958
466.33192136909724,303.19029457218363,39.85038872319373,94.93769078172616
469.98195118383165,304.2331602335363,39.85038872319373,94.93769078172616
473.63198099856606,306.3188915562417,39.85038872319373,94.93769078172616
477.2820108133005,308.40462287894707,39.85038872319373,94.93769078172616
480.4106077973585,309.44748854029973,39.85038872319373,94.93769078172616
485.1035032734456,311.01178703232875,39.85038872319373,94.93769078172616
489.79639874953267,310.4903542016524,39.85038872319373,94.93769078172616
495.01072705629605,311.01178703232875,39.85038872319373,94.93769078172616
499.7036225323831,312.0546526936814,39.85038872319373,94.93769078172616
504.9179508391465,309.44748854029973,39.85038872319373,94.93769078172616
508.1335117908262,308.4124303665519,40.71932644930297,97.0078071292217
512.3959331792202,308.94523304010113,40.71932644930297,97.0078071292217
513.9943411998679,306.81402234590416,40.71932644930297,97.0078071292217
517.0660152256614,307.25241124005595,39.904005133208344,95.06542399381979
526.8639323069614,290.45158746810705,39.10500896063754,93.161933112107
531.9807294497961,287.8931888966897,39.10500896063754,93.161933112107
530.4456903069456,291.98662661095744,39.10500896063754,93.161933112107
535.0508077354968,297.6151034680756,39.10500896063754,93.161933112107
