450,91,31,37
444.9133858267717,95.01574803149606,31.0,37.0
439.6016944137149,99.40192076455318,30.379288337924702,36.259150596877866
436.757563297761,104.22498146787541,29.77100515866993,35.53313518938023
431.61550500263894,105.51049604165593,29.77100515866993,35.53313518938023
429.8157845993462,107.31021644494865,29.77100515866993,35.53313518938023
425.44503504849246,106.79601061543644,29.77100515866993,35.53313518938023
420.5600796681265,109.62414267775358,29.77100515866993,35.53313518938023
415.458970233953,113.06511687099048,29.174901607260566,34.82165675705293
410.7119550480121,114.67350790713324,28.590733811533923,34.12442422666951
409.0229099944621,116.74351434100873,28.018262782369092,33.4411523531502
407.12571841580115,119.4979717293607,27.457254315914035,32.771561602865134
407.8370823833458,122.34342759953924,27.457254315914035,32.771561602865134
407.77485099068144,123.17174226173839,28.055959746272542,33.48614550361561
408.1958461484046,124.01811832514679,28.667719948540014,34.21631090632195
404.7692285386547,132.53064669605646,28.09370742927655,33.53119918978169
403.109546143579,136.2629919694868,27.531188337912567,32.859805435573065
403.82282559759653,138.40283033153946,27.531188337912567,32.859805435573065
400.7698160434523,141.34716356262612,26.979932542037282,32.20185496952837
404.76791167078716,141.90255090218722,26.43971451717124,31.5570786172689
397.68956290241056,144.6425568770427,26.43971451717124,31.5570786172689
397.2692620400314,148.61183118844292,25.910313254501894,30.925212594082907
403.08707177256366,137.42373554895772,25.910313254501894,30.925212594082907
400.40192881908723,135.4098783338504,25.910313254501894,30.925212594082907
398.7768701520918,135.9677638547022,26.475287635016308,31.599536854696886
399.6914343172842,136.88232801989454,26.475287635016308,31.599536854696886
400.0887106177377,135.851890945442,27.052581281897837,32.28856475581355
392.8462872824265,145.66420643199268,27.052581281897837,32.28856475581355
389.10826233516906,144.26244707677114,27.052581281897837,32.28856475581355
389.34188889437263,141.92618148473525,27.052581281897837,32.28856475581355
392.55134651500055,141.57415540748502,27.642462816749617,32.99261691031407
392.31262572867354,143.96136327075521,27.642462816749617,32.99261691031407
390.8803010107114,145.8711295613714,27.642462816749617,32.99261691031407
387.09878956313327,147.63375915156925,27.08897897678706,32.332007165842626
388.7736356335465,147.48956856295317,26.546577519864343,31.684624781773575
388.08586552762165,147.7188252649281,26.546577519864343,31.684624781773575
385.6005555919023,148.49454860614455,26.015036543904156,31.05020490724045
384.9623393491689,149.0300733674534,25.49413858996492,30.428487994474263
382.7606611371831,153.21326197022643,25.49413858996492,30.428487994474263
390.46653487913335,141.54436744670173,25.49413858996492,30.428487994474263
392.227877448722,138.6821857711202,25.49413858996492,30.428487994474263
394.81210927832643,137.9101035383633,26.050038281919104,31.091981175193773
394.5280987359578,136.44628031090167,26.61805936665635,31.769941824718874
395.84701348678226,136.0999085201577,27.19846615114629,32.462685406206866
401.99147093008065,138.7737722291171,26.653872437256716,31.812686457370926
399.6896379027331,138.7737722291171,26.653872437256716,31.812686457370926
411.1988030394708,136.7021225045043,26.653872437256716,31.812686457370926
410.7384364340013,131.86827314707446,26.653872437256716,31.812686457370926
409.81770322306227,127.72497369784891,26.653872437256716,31.812686457370926
404.56014862615837,130.11511544643,26.12018309979631,31.17570240943431
405.0112973309555,132.14528461801692,26.12018309979631,31.17570240943431
407.4926152073395,129.88954109403147,26.12018309979631,31.17570240943431
386.68057384282633,159.5510368675192,26.68973369228737,31.855488600472025
383.0293965161433,163.32735242150846,26.155326306465216,31.21764752707139
382.51836022134876,168.40807041306456,26.72564319657769,31.89834833139918
387.59602877889006,162.17638627426388,26.72564319657769,31.89834833139918
394.5201222664464,158.25273329798196,26.72564319657769,31.89834833139918
392.4428942201795,152.48265539168503,26.72564319657769,31.89834833139918
388.78680444403597,150.9555800876416,26.19051679630094,31.25964907945597
389.7275555040148,149.0067178356715,25.66610520884149,30.63373847506888
389.5059025761254,148.5634119798927,25.66610520884149,30.63373847506888
403.9133428889371,154.9913468886856,25.66610520884149,30.63373847506888
422.0888829758688,152.9964705376809,25.66610520884149,30.63373847506888
416.7692127065229,149.67167661933973,25.66610520884149,30.63373847506888
411.00623658139824,155.43465274446442,25.66610520884149,30.63373847506888
405.6865663120524,157.65118202335853,25.66610520884149,30.63373847506888
405.7218690426013,155.96299468403834,25.152193891964732,30.02036045169985
404.85300991907906,159.0040016163663,25.152193891964732,30.02036045169985
406.80794294700416,163.13108245309712,25.152193891964732,30.02036045169985
417.2688482947703,177.55059140117402,24.64857259920597,29.419264070020038
413.43726931821095,175.42193641419664,24.64857259920597,29.419264070020034
404.70978387160363,173.50614692591694,24.64857259920597,29.419264070020034
400.27351155292814,171.03342577023236,24.155035293856397,28.830203415247965
401.10792476094554,171.6592356762454,24.155035293856397,28.830203415247965
396.96908303344674,170.6962488235717,23.67138006467133,28.252937496543204
399.0133475043607,171.10510171775448,23.67138006467133,28.252937496543204
398.22820077960625,174.86320499237254,23.197409043266227,27.687230148414532
401.4335323822318,178.2688698201622,23.197409043266227,27.687230148414535
405.03953043518555,180.87320174729547,23.197409043266227,27.687230148414535
402.4351985080523,183.87820012475692,23.197409043266227,27.687230148414535
393.65244373571767,188.76305441068732,22.732928323166668,27.132849934102158
392.1131363022763,190.21262612214787,22.277747880479204,26.589570050894537
391.75899644800705,190.67121804440248,21.8316814961506,26.057168237341045
391.9775638561905,191.68624393582502,21.394546679783694,25.535426682322477
391.60803650688257,192.97958965840274,21.394546679783694,25.535426682322477
391.4527001999772,193.4200007062468,20.966164594978657,25.024131935942272
390.9095077212655,193.96319318495847,20.966164594978657,25.024131935942272
390.36631524255387,195.23064230195234,20.966164594978657,25.024131935942272
389.67089674910585,196.20542749710472,20.54635998616919,24.52307482220194
389.34428002957463,196.62837845121118,20.134961106923626,24.032050353424978
388.47485067011894,195.93283496364666,20.134961106923626,24.032050353424978
387.2853444236108,197.0428606766177,19.73179964968169,23.550857646394277
386.97167642225367,197.7898520674794,19.336710676898118,23.079299840168723
386.3303046469701,198.6888786493512,18.949532553565,22.617184015545327
386.3563689927804,198.7516616086273,18.570106881085216,22.164321116133973
385.9007961620137,198.49244393988232,18.198278432469916,21.720525871012484
385.5864748682855,199.12108652733872,18.198278432469916,21.720525871012484
384.32918969337265,198.96392588047462,18.198278432469916,21.720525871012484
384.80067163396495,199.59256846793107,18.198278432469916,21.720525871012484
383.7005471059162,200.22121105538747,18.198278432469916,21.720525871012484
383.8577077527803,200.84985364284393,18.198278432469916,21.720525871012484
382.75758322473155,199.90688976165927,18.198278432469916,21.720525871012484
382.5591764941215,200.7702062563993,18.595091893689926,22.194141937629908
381.43506375073866,200.93079379116827,18.595091893689926,22.194141937629908
378.54448812489716,199.64609351301647,18.595091893689926,22.194141937629908
377.4203753815143,199.80668104778545,18.595091893689926,22.194141937629908
376.45685017290043,199.96726858255442,18.595091893689926,22.194141937629908
376.00066439504667,200.671227359933,18.222763171245564,21.74974959148664
375.52854810257344,198.468017995058,18.222763171245564,21.74974959148664
374.58431551762703,199.25487848251336,18.222763171245564,21.74974959148664
373.6651476354416,199.78736982618346,17.857889570741424,21.31425529411073
372.76438421209093,200.00075703311097,17.50032181859265,20.887480880255737
373.21778345656554,200.45415627758555,17.50032181859265,20.887480880255737
373.67118270104015,200.7564224405686,17.50032181859265,20.887480880255737
373.06665037507406,199.6984908701279,17.50032181859265,20.887480880255737
371.40418647866727,198.03602697372108,17.50032181859265,20.887480880255737
369.91692667650034,196.582677641407,17.14991363011293,20.469251752070267
369.34808791510505,200.04595802072626,16.806521649667925,20.059396807668165
368.1869566251102,201.06194789947173,16.806521649667925,20.059396807668165
367.62950769768395,199.5210751827491,16.470005392026962,19.65774837112895
366.7760961914677,196.24966440892,16.470005392026962,19.65774837112895
365.9226846852514,194.82731189855954,16.470005392026962,19.65774837112895
366.63386094043165,193.97390039234327,16.470005392026962,19.65774837112895
366.1698262045729,193.3328760376189,16.829133859600113,20.086385574361415
365.2978060604636,193.4782127283038,16.829133859600113,20.086385574361415
365.73381613251826,192.0248458214549,16.829133859600113,20.086385574361415
367.332519730052,190.13546884255135,16.829133859600113,20.086385574361415
366.024489513888,187.51940841022338,16.829133859600113,20.086385574361415
364.13511253498444,186.50205157542916,16.829133859600113,20.086385574361415
350.7641369919748,185.92070481268962,16.829133859600113,20.086385574361415
349.1885812142284,186.26713591909947,16.492164838655594,19.684196742911507
356.47502318661265,178.06103322642502,16.161942933874247,19.290060921075707
357.61385185781563,179.0916041650273,15.838333048040337,18.903816863790073
358.86665792944876,181.87968155712466,15.521202788983844,18.525306554593616
360.3624618699161,179.92048525803574,15.21042241541746,18.154375140982125
357.17540841355884,177.22676523986595,15.542085676185637,18.55023129093124
356.90696497287286,178.16631728226682,15.54208567618564,18.55023129093124
357.17540841355884,178.83742588398172,15.54208567618564,18.55023129093124
358.4047814316604,180.2311366073343,15.230887165470094,18.178800810399785
356.1341794102683,176.87612132039308,15.562996660113168,18.575189562070552
351.7203095448044,178.94371874131068,15.251379449668937,18.203259343153242
333.90473374949545,194.0237541628864,15.583935778568968,18.6001814131307
333.36640119529545,196.0425012411364,15.583935778568968,18.6001814131307
334.30848316514545,196.1770843796864,15.583935778568968,18.6001814131307
329.2935863175196,181.0355675227799,15.923743498220663,19.005758368844013
340.2950042284061,172.50946864184286,15.923743498220663,19.005758368844013
338.6087006521699,169.68942160739098,16.270960725199366,19.420178930076656
319.6021225902375,150.6485091939799,16.62574902381234,19.84363593164698
307.13350841356163,164.7744581327202,16.29285236865694,19.44630766581634
288.1013580921107,148.38132899975417,16.648118014555507,19.870334404469467
307.0417188032929,133.78734920685238,17.01113022786289,20.303607046158923
303.51591685614125,114.24853008305355,17.01113022786289,20.303607046158923
300.9799183773975,115.05552890848539,17.38205792248144,20.74632719780042
300.70360321786734,115.71356557285839,17.034017726889424,20.33092438370672
307.57898126207476,135.05701515287245,17.405444483424247,20.774240189893444
287.24718003263143,154.82224865097868,17.784970200385313,21.22722249723407
285.3637749868571,155.51236671670148,18.172771475604716,21.69008208378626
278.4172105070498,153.86342728168648,18.569028757630278,22.163034323623215
256.7261929588623,132.13322608781584,18.973926429690408,22.646299287049818
256.5193297259626,129.10071915163175,19.387652895489808,23.140101843003936
256.97768426134814,128.17870577020977,19.810400666875964,23.644671763690635
259.8411946899287,128.26308566095625,20.242366453417194,24.160243831497908
246.15986846314095,151.24986430295226,20.683751253933956,24.68705794824372
244.32673676738,150.4448379544332,21.134760450025986,25.225359246805176
241.90607316613273,149.6222580063847,21.595603901638803,25.775398205181766
243.16262716095167,147.476241644507,22.066496044714036,26.337430763045756
250.35414618586606,140.51926537147278,22.547655990969027,26.911718440833965
252.25026177882543,140.42058230775348,23.039307629852107,27.49852846143635
240.71012597845248,153.55246097714337,23.039307629852107,27.49852846143635
245.23416853406889,153.84956184647393,23.541679732721033,28.09813387453797
243.96097360686048,151.51015841406195,24.055006059293014,28.71081368367227
242.29905802440487,152.1333767574828,24.055006059293014,28.71081368367227
242.86775611207125,159.29897723234677,24.579525466415895,29.336852976044742
237.08077846754776,160.4650166380401,25.11548201921109,29.976543055187395
236.15626371529316,160.78889058692107,25.663125104639985,30.630181576505755
228.56277416912405,159.79006345730906,26.222709547546657,31.298072685781463
226.6916626702768,158.76945690213586,26.79449572923091,31.98052716069493
225.30327630279822,159.92644554170133,26.79449572923091,31.98052716069493
220.3831947548484,159.34638011641874,27.37874970860679,32.67786255543388
218.42959444855865,157.80789294305694,27.97574334600296,33.390403348455116
250.5622618121922,125.43362657668929,27.97574334600296,33.390403348455116
252.2534548313308,124.95042857122111,27.97574334600296,33.390403348455116
253.74152839580913,122.14392883825515,27.41558624438717,32.72182874330079
252.49558406146178,117.05194957379172,28.01338310244603,33.43532821904846
256.3663690265953,122.13235484052944,28.01338310244603,33.43532821904846
261.20485023301217,126.97083604694632,28.01338310244603,33.43532821904846
260.72100211237046,131.08354507240068,28.01338310244603,33.43532821904846
260.9629261726913,132.53508943432576,28.01338310244603,33.43532821904846
262.5929027459836,131.6867126477759,28.624214920994866,34.16438555086481
264.85706717162,131.5343502275581,28.051073501020312,33.48031353347582
266.34914766491886,133.80753410604376,27.489408066961772,32.80993866056725
266.1117486620546,133.0953370974509,27.489408066961772,32.80993866056725
266.34914766491886,134.51973111463664,27.489408066961772,32.80993866056725
266.8617562834398,136.9847981332957,26.938988835648548,32.15298667480631
262.90678154455105,135.35627912316505,26.938988835648548,32.15298667480631
262.01325278557204,135.44553248254093,26.399590624848443,31.509188810302952
270.02912061819285,144.65249155018736,25.870992761143373,30.878281682654965
273.86288494921837,146.74900752355686,25.35297898964959,30.26000718119464
287.65665710970336,151.34693157705183,25.35297898964959,30.26000718119464
289.0052217340161,153.40146910156977,24.84533738554554,29.654112363393036
289.4343512595983,152.97233957598758,24.84533738554554,29.654112363393033
288.3615274456428,152.11408052482318,24.84533738554554,29.654112363393033
286.21587981773183,152.75777481319648,24.84533738554554,29.654112363393033
289.2539602931032,151.76726774245716,24.347860267371235,29.06034935137854
293.03879404561303,155.9726385785792,24.347860267371235,29.06034935137854
290.3053030021337,151.13646211703886,24.347860267371235,29.06034935137854
292.4079884201947,143.5667946120192,24.347860267371235,29.06034935137854
293.03879404561303,141.4641091939582,24.347860267371235,29.06034935137854
293.87986821283744,139.78196085950938,24.347860267371235,29.06034935137854
293.24906258741913,138.73061815047888,24.347860267371235,29.06034935137854
292.6517464978486,139.6523608363227,23.860344112063586,28.47847523052748
291.65427375482307,138.49506406946458,23.38258947169302,27.908251950085194
292.8128721989049,140.00818637146065,23.892446835123284,28.516791383856802
294.4964199995844,142.15070186487762,23.414049403314408,27.94580090073008
294.32642097981324,140.20623516193257,22.945230902635554,27.38624333540371
294.32642097981324,139.41361352038865,22.945230902635554,27.38624333540371
292.9708933807621,138.6970132526316,22.48579953456212,26.837889767057998
294.3611359965075,138.38313694742018,22.035567340943086,26.30051585854496
293.59993783588567,137.8122383269538,22.03556734094309,26.30051585854496
293.4399473624936,138.07554537392144,21.59435012710538,25.773901764609633
293.8129257238457,137.88905619324544,21.59435012710538,25.773901764609633
294.21560627482546,138.5200694159278,21.16196738649791,25.257832041949108
296.0722648973925,137.85916207706597,20.738242226844477,24.75209556107243
296.2798853619271,138.10696714763952,20.323001297775292,24.25648541992534
302.422728019878,138.2824769378667,20.323001297775292,24.25648541992534
303.67925005017486,137.6477712670713,19.91607471990753,23.770798859244465
307.1191613556199,135.41182891853202,19.91607471990753,23.770798859244465
310.3870770957927,143.3236249210556,19.91607471990753,23.770798859244465
310.55907266106493,143.3236249210556,19.91607471990753,23.770798859244465
311.4190504874262,141.9476603988776,19.91607471990753,23.770798859244465
312.79501500960424,142.11965596414984,19.91607471990753,23.770798859244465
311.4190504874262,140.05570918088281,19.91607471990753,23.770798859244465
309.8710903999759,138.3357535281603,19.91607471990753,23.770798859244465
310.3870770957927,136.27180674489327,19.91607471990753,23.770798859244465
310.90306379160944,134.3798555268985,19.91607471990753,23.770798859244465
309.69909483470366,133.0038910047205,19.91607471990753,23.770798859244465
310.2150815305204,133.0038910047205,19.91607471990753,23.770798859244465
310.75846201334576,131.34992062654473,19.51729601534593,23.294837179606425
311.4326688353135,131.6870240375286,19.51729601534593,23.294837179606425
313.8192379945942,130.2347227423435,19.12650203957493,22.828405660137815
314.645122004431,130.06954594037614,19.12650203957493,22.828405660137815
313.9844147965615,128.25260111873507,19.12650203957493,22.828405660137815
312.49782357885516,127.42671710889819,19.12650203957493,22.828405660137815
313.323707588692,126.1053026931592,19.12650203957493,22.828405660137815
312.1674699749204,125.27941868332233,19.12650203957493,22.828405660137815
313.775888108075,123.87429437684105,19.54355541654786,23.32617904555712
312.59443873313506,123.0304019661697,19.54355541654786,23.32617904555712
313.2252575308775,120.91952499564854,19.969702642405686,23.83480637964549
312.19050534925424,120.2296902078997,19.969702642405686,23.83480637964549
311.15575316763096,120.74706629871133,19.969702642405686,23.83480637964549
312.49016175700694,128.59276607820607,20.40514200852334,24.354524332753655
309.0957498374284,116.69677639428919,20.850076130019193,24.88557473582935
309.6359346901746,114.17591374814006,20.850076130019193,24.88557473582935
308.19544174951795,112.37529757231925,20.850076130019193,24.88557473582935
309.9960579253388,111.29492786682677,20.850076130019193,24.88557473582935
310.17611954292084,108.59400360309556,20.850076130019193,24.88557473582935
310.3561811605029,106.97344904485684,20.850076130019193,24.88557473582935
310.6690480582416,105.26164112564281,21.30471204003426,25.42820469294411
309.93309661362775,104.34170181987552,21.30471204003426,25.42820469294411
310.85303591939504,101.02992031911329,21.30471204003426,25.42820469294411
310.3010723359347,100.29396887449946,21.30471204003426,25.42820469294411
311.221011641702,97.9021266795045,21.30471204003426,25.42820469294411
311.0370237805485,97.16617523489067,21.30471204003426,25.42820469294411
311.9569630863158,95.87826020681646,21.30471204003426,25.42820469294411
310.6690480582416,93.11844228951459,21.30471204003426,25.42820469294411
311.4049995028554,91.46255153913347,21.30471204003426,25.42820469294411
310.4850601970881,90.17463651105926,21.30471204003426,25.42820469294411
309.93309661362775,89.07070934413852,21.30471204003426,25.42820469294411
310.85303591939504,87.59880645491086,21.30471204003426,25.42820469294411
310.1170844747812,85.2069642599159,21.30471204003426,25.42820469294411
309.3811330301674,84.10303709299517,21.30471204003426,25.42820469294411
308.27720586324665,82.44714634261405,21.30471204003426,25.42820469294411
304.25877672156236,84.17362315439894,20.878128710343766,24.91905684782965
300.1117874781057,80.38724167124289,20.878128710343766,24.91905684782965
299.029964197204,80.74784943154347,20.878128710343766,24.91905684782965
299.21026807735427,80.56754555139318,20.878128710343766,24.91905684782965
298.8496603170537,79.66602615064173,20.878128710343766,24.91905684782965
297.94814091630224,78.7645067498903,20.878128710343766,24.91905684782965
300.1117874781057,78.40389898958972,20.878128710343766,24.91905684782965
299.93148359795543,79.12511451019085,20.878128710343766,24.91905684782965
299.77989677270034,78.65337558948269,20.460086840252814,24.42010364804368
300.1332840993798,77.9466009361237,20.460086840252814,24.42010364804368
300.1332840993798,77.9466009361237,20.460086840252814,24.42010364804368
300.30997776271954,77.06313261942495,20.460086840252814,24.42010364804368
300.616992655963,75.91342412270339,20.906219033804526,24.95258400808927
299.5337138439497,75.91342412270339,20.906219033804526,24.95258400808927
300.20851613427806,74.9191927008797,21.36207913983663,25.49667510238566
300.0534155597686,74.25203569137253,20.934347151182692,24.986156277218054
300.44378870809777,74.86376282290763,20.515179621677145,24.48585954845337
299.054650976209,73.16003857631742,20.104405065524098,23.995580239496505
298.73505982551137,73.40026981007418,19.701855430580338,23.515117771982986
299.27259565357906,73.4655453404159,19.307366029603475,23.044275583720278
299.7728118931065,72.63185160787017,19.307366029603475,23.044275583720278
299.895790827987,72.71408888633695,19.72836314587898,23.546756012823298
298.362420464096,72.71408888633695,19.72836314587898,23.546756012823295
298.1920459792192,72.71408888633695,19.72836314587898,23.546756012823295
298.1920459792192,71.52146749219949,19.72836314587898,23.546756012823295
298.0216714943424,70.32884609806203,19.72836314587898,23.546756012823295
298.4880809546516,68.19800825698763,20.15854010427487,24.060193027682907
298.13990195361254,69.41663476062426,20.15854010427487,24.060193027682907
298.0942129706452,69.32840800665947,20.598097071248585,24.584825536651532
297.3826708823318,68.2610948741894,20.598097071248585,24.584825536651532
297.15810012901255,67.63728776961935,21.04723857788716,25.120897657478217
296.2492785495762,68.18258071728114,21.04723857788716,25.120897657478217
295.70398560191444,68.54610934905567,21.04723857788716,25.120897657478217
295.15869265425266,68.18258071728114,21.04723857788716,25.120897657478217
294.4316353907036,67.45552345373208,21.04723857788716,25.120897657478217
294.92922513565725,67.18164286702142,21.50617361507799,25.66865883089953
293.44340364129573,68.29600898779256,21.50617361507799,25.66865883089953
293.7661156438429,68.01615643488867,21.97511573075477,26.228363936707296
292.8172282488141,68.01615643488867,21.975115730754773,26.228363936707296
293.5763381648371,68.01615643488867,21.975115730754773,26.228363936707296
292.4376732908026,68.39571139290018,21.975115730754773,26.228363936707296
291.1092309377623,68.77526635091169,21.975115730754773,26.228363936707296
290.72967597975077,68.77526635091169,21.975115730754773,26.228363936707296
290.1905694606557,69.03785105047088,21.53510893689884,25.70319453758893
291.3064348970609,69.59578376867348,21.53510893689884,25.70319453758893
290.2201901663279,70.22506589159465,21.103912380086093,25.188540582683395
290.97823278517643,71.20625542937154,20.68134965332046,24.684191521705056
291.89970164219915,71.45338068012029,20.267247881795527,24.189941020207556
291.57752184872066,71.52052944987516,19.861437652169677,23.705586875170248
291.57752184872066,72.20662432432145,19.861437652169677,23.705586875170248
292.0920930045554,72.72119548015617,19.861437652169677,23.705586875170248
292.4351404417786,73.40729035460247,19.861437652169677,23.705586875170248
291.8755536805526,77.2654094403737,20.294516300175236,24.222487196983334
291.52502609396083,78.492255993445,20.294516300175236,24.222487196983337
290.9992347140731,77.2654094403737,20.294516300175236,24.222487196983337
290.9532375434064,78.05290653348399,20.737038228100555,24.750658530313558
290.54806656381584,78.3203187397834,21.18920934666429,25.290346639567044
289.267133918526,82.52909743145001,21.18920934666429,25.290346639567044
288.35218202903326,83.07806856514566,21.18920934666429,25.290346639567044
288.01534620746065,87.17406026064592,20.764938722418176,24.783959120305557
287.65669346854156,87.17406026064592,20.764938722418176,24.783959120305557
288.1946725769202,86.45675478280775,20.764938722418176,24.783959120305557
288.01534620746065,89.14665032470089,20.764938722418176,24.783959120305557
287.477367099082,90.93991401929631,20.764938722418176,24.783959120305557
287.25097735466085,93.18027607742077,21.217718211260504,25.32437334892382
287.56936092469937,94.37006974454899,21.68037055685704,25.876571309797107
286.3968304117376,95.77303891718205,22.153111036849307,26.44080994720723
285.0576278649329,98.45144401079146,22.153111036849307,26.44080994720723
283.1444813694976,100.55590515577029,22.153111036849307,26.44080994720723
283.1444813694976,102.46905165120559,22.153111036849307,26.44080994720723
282.76185207041055,105.53008604390206,22.153111036849307,26.44080994720723
282.9531667199541,107.44323253933736,22.153111036849307,26.44080994720723
281.6139641731494,109.54769368431619,22.153111036849307,26.44080994720723
281.8357495662433,110.9602931797862,21.70954025066152,25.911386750789553
281.08581370795275,112.46016489636735,21.70954025066152,25.911386750789553
285.3979448931235,109.64790542777772,21.70954025066152,25.911386750789553
286.8978166097046,109.83538939235035,21.70954025066152,25.911386750789553
289.14762418457633,114.1475205775211,21.70954025066152,25.911386750789553
288.5851722908584,115.4599083295296,21.70954025066152,25.911386750789553
288.02272039714046,119.95952347927299,21.70954025066152,25.911386750789553
286.14788075141405,120.52197537299092,21.70954025066152,25.911386750789553
293.1146480697691,118.34409512284913,21.27485106318156,25.392564172184443
292.9309180885275,116.50679531043315,21.27485106318156,25.392564172184443
293.6658380134939,114.85322547925877,21.27485106318156,25.392564172184443
291.6740709509146,113.82133271882033,20.848865638541824,24.88412995567895
290.9825431005643,112.63005033883206,20.431409701674603,24.385876095547104
295.04080126330484,112.45360433175638,20.431409701674603,24.385876095547104
295.9230312986832,113.15938836005908,20.431409701674603,24.385876095547104
295.7465852916075,109.45402221146989,20.431409701674603,24.385876095547104
297.53914797261876,110.93328293329688,20.022312467014352,23.897598750952607
296.6292025657823,111.19147847178823,20.4588989903576,24.41868589171713
292.38880084464137,112.60494571216853,20.4588989903576,24.41868589171713
292.34243110344653,111.4553039639964,20.905005282842346,24.95113533758602
290.48969040309896,107.39201849039178,21.360838923034724,25.495194843622084
288.09154694260076,111.63488768973471,21.360838923034724,25.495194843622084
287.35365664706285,113.47961342857947,21.360838923034724,25.495194843622084
284.95551318656464,113.29514085469499,21.360838923034724,25.495194843622084
284.21762289102674,113.29514085469499,21.360838923034724,25.495194843622084
287.1691840731783,111.45041511585023,21.360838923034724,25.495194843622084
291.22758069863676,110.71252482031234,21.360838923034724,25.495194843622084
292.14994356805914,109.23674422923654,21.360838923034724,25.495194843622084
291.7809984202902,108.6833265075831,21.360838923034724,25.495194843622084
290.44127643062495,106.37616683307127,21.826612015751493,26.051117567187262
288.93331644376076,105.05670184456508,21.826612015751493,26.051117567187262
285.3519114749583,105.43369184128113,21.826612015751493,26.051117567187262
284.9749214782422,104.30272185113299,21.826612015751493,26.051117567187262
283.655456489736,103.54874185770086,21.826612015751493,26.051117567187262
282.14749650287183,102.9832568626268,21.826612015751493,26.051117567187262
281.01652651272366,102.41777186755272,21.826612015751493,26.051117567187262
276.8696365488471,104.11422685277495,21.826612015751493,26.051117567187262
274.18123693269104,104.5841845369308,22.302541290754952,26.619162185739782
272.20463729009356,103.52354859401188,22.788848203599862,27.199593017199838
266.83925481845625,105.98227344488673,23.285759038679355,27.79268014293988
264.9766120925333,104.07049401162456,23.793505014517756,28.398699533456682
261.01854323929547,104.3773205507639,24.312322391359316,29.017933176783703
256.76420705861767,102.59122108163866,24.842452581102904,29.650669209703473
254.3479637236512,103.12611405886028,25.384142259633855,30.29720205182106
246.6753375390019,105.75672875074005,25.384142259633855,30.29720205182106
241.13735754425673,108.05702819724982,25.93764348160517,30.957832542561018
235.92661776993216,108.3915042392636,26.50321379772157,31.63286808115156
227.85567126936988,110.10656680410278,27.08111637458089,32.322622769661066
218.90711881409229,114.19775619573686,27.671620117128626,33.02741755915353
213.64972185000485,117.78234503488737,27.671620117128626,33.02741755915353
208.63129747519412,118.97720798127087,27.671620117128626,33.02741755915353
216.75636551060197,119.93309833837766,27.671620117128626,33.02741755915353
216.69364826155166,121.2458250433759,28.274999793782616,33.747580399030866
213.94354621044116,121.6104422078331,28.891536164286048,34.48344638963174
205.46028082920807,122.60847342915463,28.891536164286048,34.48344638963174
194.9809530053319,120.61241098651155,28.891536164286048,34.48344638963174
184.75113298678613,121.11142659717231,28.891536164286048,34.48344638963174
172.0262349149365,119.86388757052038,28.891536164286048,34.48344638963174
157.8042900111046,122.6084734291546,28.891536164286048,34.48344638963174
162.79444611771228,127.84813734109267,28.891536164286048,34.48344638963174
163.29346172837305,125.10355148245844,28.891536164286048,34.48344638963174
156.99028442741266,129.71775181480317,29.521516110348305,35.235357938157655
161.51244423550628,133.92266813934347,30.16523276913445,36.00366491799918
