197,203,170,149
191.9763779527559,203.0,170.0,149.0
194.48818897637796,203.0,170.0,149.0
212.07086614173227,205.51181102362204,170.0,149.0
228.39763779527556,205.51181102362204,170.0,149.0
238.44488188976374,204.25590551181102,170.0,149.0
251.00393700787396,203.0,170.0,149.0
267.33070866141725,203.0,170.0,149.0
262.30708661417316,195.46456692913387,170.0,149.0
229.65354330708658,177.88188976377953,170.0,149.0
190.72047244094483,175.37007874015748,170.0,149.0
159.32283464566925,175.37007874015748,170.0,149.0
154.29921259842516,172.85826771653544,170.0,149.0
165.60236220472436,170.3464566929134,170.0,149.0
195.74409448818892,172.85826771653544,170.0,149.0
240.95669291338578,180.39370078740157,170.0,149.0
289.9370078740157,187.92913385826773,170.0,149.0
310.03149606299206,190.44094488188978,170.0,149.0
284.91338582677156,195.46456692913387,170.0,149.0
234.6771653543306,195.46456692913387,170.0,149.0
183.18503937007864,195.46456692913387,170.0,149.0
163.09055118110226,194.20866141732284,170.0,149.0
158.06692913385817,180.3937007874016,170.0,149.0
162.280691488977,176.86178902482234,166.59609733700643,146.01657943067033
180.74207003824927,175.63103045487085,166.59609733700643,146.01657943067033
193.0496557377641,174.40027188491936,166.59609733700643,146.01657943067033
199.2034485875215,174.40027188491936,166.59609733700643,146.01657943067033
213.97255142693933,180.55406473467679,166.59609733700643,146.01657943067033
218.8955857067453,199.01544328394905,166.59609733700643,146.01657943067033
221.7942175101373,232.47700793670313,163.26035087012542,143.09289576263933
232.64925380814861,254.18708053272584,163.26035087012542,143.09289576263933
240.31430700893688,271.2991488456956,159.99139591078375,140.22775288651044
234.40448124521063,253.5696715545168,159.99139591078375,140.22775288651044
219.03893425952234,241.75002002706424,159.99139591078375,140.22775288651044
201.30945696834354,225.2025078886307,159.99139591078375,140.22775288651044
193.0357008991268,202.7451699864709,159.99139591078375,140.22775288651044
194.21766605187204,182.6517623898016,159.99139591078375,140.22775288651044
207.21928273206984,185.0156926952921,159.99139591078375,140.22775288651044
227.31269032873914,216.92875181941395,159.99139591078375,140.22775288651044
247.40609792540843,234.65822911059274,159.99139591078375,140.22775288651044
260.4077146056062,248.8418109435358,159.99139591078375,140.22775288651044
258.0437843001157,237.02215941608324,159.99139591078375,140.22775288651044
243.86020246717268,206.29106544470665,159.99139591078375,140.22775288651044
214.3110736485414,180.28783208431105,159.99139591078375,140.22775288651044
171.7603281497123,174.3780063205848,159.99139591078375,140.22775288651044
133.93744326186422,174.3780063205848,159.99139591078375,140.22775288651044
125.66368719264744,190.92551845901835,159.99139591078375,140.22775288651044
130.39154780362844,206.29106544470665,159.99139591078375,140.22775288651044
143.3931644838262,205.1091002919614,159.99139591078375,140.22775288651044
163.90635733538784,205.33102226120437,156.78789509550862,137.41997864253398
194.02212393849453,205.33102226120437,156.78789509550862,137.41997864253398
214.8715008175684,206.48932097670846,156.78789509550862,137.41997864253398
235.72087769664228,223.86380170927,156.78789509550862,137.41997864253398
260.04515072222847,242.3965811573357,156.78789509550862,137.41997864253398
280.89452760130234,252.82126959687267,156.78789509550862,137.41997864253398
291.3192160408393,251.66297088136858,156.78789509550862,137.41997864253398
271.6281378772695,241.23828244183161,156.78789509550862,137.41997864253398
222.97959182609713,219.23060684725365,156.78789509550862,137.41997864253398
170.85614962841242,194.90633382166746,156.78789509550862,137.41997864253398
178.96424063694116,193.74803510616337,156.78789509550862,137.41997864253398
217.18809824857664,192.58973639065928,156.78789509550862,137.41997864253398
238.0374751276505,191.4314376751552,156.78789509550862,137.41997864253398
257.7285532912203,201.85612611469216,156.78789509550862,137.41997864253398
272.78643659277367,208.8059184077168,156.78789509550862,137.41997864253398
273.94473530827776,226.18039914027835,156.78789509550862,137.41997864253398
271.6281378772695,249.34637345036046,156.78789509550862,137.41997864253398
256.57025457571615,265.56255546741795,156.78789509550862,137.41997864253398
253.09535842920383,265.56255546741795,156.78789509550862,137.41997864253398
253.09535842920383,257.4544644588892,156.78789509550862,137.41997864253398
235.72087769664228,244.71317858834405,156.78789509550862,137.41997864253398
216.0297995330725,243.55487987283996,156.78789509550862,137.41997864253398
206.76340980903967,241.23828244183173,156.78789509550862,137.41997864253398
209.0800072400479,228.4969965712866,156.78789509550862,137.41997864253398
222.97959182609713,223.86380170927018,156.78789509550862,137.41997864253398
227.61278668811354,206.48932097670863,156.78789509550862,137.41997864253398
228.02416660096463,177.74933152433672,153.64853783879826,134.66842434106434
239.37522810410883,158.4525269689916,153.64853783879826,134.66842434106434
254.13160805819626,159.58763311930602,153.64853783879826,134.66842434106434
266.6177757116549,184.55996842622324,153.64853783879826,134.66842434106434
268.8879880122837,219.74825908597023,153.64853783879826,134.66842434106434
270.0230941625981,252.6663374450884,153.64853783879826,134.66842434106434
255.26671420851068,270.82803585011914,153.64853783879826,134.66842434106434
225.75395430033575,267.4227173991759,153.64853783879826,134.66842434106434
195.1060882418464,242.45038209225868,153.64853783879826,134.66842434106434
172.40396523555802,214.07272833439816,153.64853783879826,134.66842434106434
158.782691431785,189.10039302748095,153.64853783879826,134.66842434106434
163.32311603304265,170.93869462245024,153.64853783879826,134.66842434106434
180.34970828775897,181.15464997528002,153.64853783879826,134.66842434106434
193.970982091532,211.80251603376934,153.64853783879826,134.66842434106434
197.37630054247524,244.7205943928875,153.64853783879826,134.66842434106434
196.24119439216082,265.15250509854707,153.64853783879826,134.66842434106434
193.970982091532,265.15250509854707,153.64853783879826,134.66842434106434
199.64651284310412,254.9365497457173,153.64853783879826,134.66842434106434
215.53799894750597,235.63974519037214,153.64853783879826,134.66842434106434
228.02416660096458,214.07272833439816,153.64853783879826,134.66842434106434
226.88906045065016,214.07272833439816,153.64853783879826,134.66842434106434
215.53799894750597,222.01847138659912,153.64853783879826,134.66842434106434
214.40289279719156,214.07272833439816,153.64853783879826,134.66842434106434
201.91672514373295,197.0461360796819,153.64853783879826,134.66842434106434
179.21460213744456,180.0195438249656,153.64853783879826,134.66842434106434
163.32311603304265,177.74933152433678,153.64853783879826,134.66842434106434
173.53907138587243,182.28975612559447,153.64853783879826,134.66842434106434
209.8624681959339,200.4514545306252,153.64853783879826,134.66842434106434
241.64544040473766,214.07272833439822,153.64853783879826,134.66842434106434
239.37522810410883,225.42378983754242,153.64853783879826,134.66842434106434
216.67310509782044,242.45038209225868,153.64853783879826,134.66842434106434
173.5390713858725,253.80144359540287,153.64853783879826,134.66842434106434
132.67524997455337,242.45038209225868,153.64853783879826,134.66842434106434
125.13264979296315,212.01563990767755,150.57203979694793,131.97196429261905
136.25642948152878,193.105214437116,150.57203979694793,131.97196429261905
166.68570539896768,189.97693703432546,147.55714234261143,129.32949534734763
208.109690565182,201.96809063507172,147.55714234261143,129.32949534734763
239.72273187624035,211.77903449022776,147.55714234261143,129.32949534734763
245.1732562402159,207.41861499904732,147.55714234261143,129.32949534734763
240.81283674903545,191.0670419071206,147.55714234261143,129.32949534734763
216.83052954754294,173.62536394239876,147.55714234261143,129.32949534734763
186.3075931092797,168.1748395784232,147.55714234261143,129.32949534734763
169.95602001735298,172.53525906960365,147.55714234261143,129.32949534734763
168.86591514455787,171.44515419680855,147.55714234261143,129.32949534734763
184.1273833636895,152.9133713592916,147.55714234261143,129.32949534734763
233.18210263946963,146.37274212252092,147.55714234261143,129.32949534734763
282.2368219152498,142.01232263134045,147.55714234261143,129.32949534734763
298.5883950071765,139.83211288575023,147.55714234261143,129.32949534734763
286.5972414064302,138.74200801295513,147.55714234261143,129.32949534734763
260.4347244593475,140.92221775854534,147.55714234261143,129.32949534734763
224.4612636571087,164.90452496003786,147.55714234261143,129.32949534734763
197.20864183723086,196.51756627109617,147.55714234261143,129.32949534734763
192.84822234605042,213.95924423581798,147.55714234261143,129.32949534734763
192.3295854744552,210.3690196672033,150.7746258313921,132.14952499339654
199.01283313173366,195.88864974309996,150.7746258313921,132.14952499339654
216.83482688447623,176.95278138081096,150.7746258313921,132.14952499339654
233.54294602767243,162.47241145670762,150.7746258313921,132.14952499339654
234.65682063721886,162.47241145670762,150.7746258313921,132.14952499339654
235.77069524676529,174.72503216171816,150.7746258313921,132.14952499339654
219.06257610356909,182.52215442854305,150.7746258313921,132.14952499339654
196.78508391264086,169.1556591139861,150.7746258313921,132.14952499339654
174.50759172171263,150.2197907516971,150.7746258313921,132.14952499339654
155.57172335942363,137.96717004668656,150.7746258313921,132.14952499339654
135.5219803875882,139.08104465623296,150.7746258313921,132.14952499339654
127.72485812076332,159.1307876280684,150.7746258313921,132.14952499339654
146.66072648305231,174.72503216171816,150.7746258313921,132.14952499339654
180.07696476944466,172.49728294262533,150.7746258313921,132.14952499339654
215.72095227492986,163.58628606625405,150.7746258313921,132.14952499339654
251.36493978041506,164.70016067580045,150.7746258313921,132.14952499339654
272.52855736179686,181.40827981899662,150.7746258313921,132.14952499339654
273.6424319713433,195.88864974309996,150.7746258313921,132.14952499339654
256.9343128281471,201.45802279083205,150.7746258313921,132.14952499339654
236.88456985631166,201.45802279083205,150.7746258313921,132.14952499339654
206.80995539855854,200.34414818128562,150.7746258313921,132.14952499339654
171.16596789307334,202.57189740037842,150.7746258313921,132.14952499339654
152.23009953078434,202.57189740037842,150.7746258313921,132.14952499339654
166.7104694548877,197.00252435264633,150.7746258313921,132.14952499339654
193.44346008400157,180.29440520945016,150.7746258313921,132.14952499339654
212.37932844629057,155.7891637994291,150.7746258313921,132.14952499339654
215.7209522749298,124.60067473212956,150.7746258313921,132.14952499339654
230.20132219903314,116.80355246530468,150.7746258313921,132.14952499339654
250.25106517086857,123.48680012258316,150.7746258313921,132.14952499339654
261.3898112663327,144.650417703965,150.7746258313921,132.14952499339654
268.07305892361114,163.586286066254,150.7746258313921,132.14952499339654
272.5285573617968,170.26953372353248,150.7746258313921,132.14952499339654
272.5285573617968,170.26953372353248,150.7746258313921,132.14952499339654
272.5285573617968,172.4972829426253,150.7746258313921,132.14952499339654
258.04818743769346,175.83890677126453,150.7746258313921,132.14952499339654
239.6962479363705,189.99239110867381,154.0622665476456,135.03104538587755
222.62380825525693,212.75564401682522,154.0622665476456,135.03104538587755
219.20932031903422,224.13727047090094,154.0622665476456,135.03104538587755
227.17645883688724,210.4793187260101,154.0622665476456,135.03104538587755
235.14359735474025,191.1305537540814,154.0622665476456,135.03104538587755
239.69624793637055,171.78178878215266,154.0622665476456,135.03104538587755
247.66338645422357,164.95281290970723,154.0622665476456,135.03104538587755
258.5035116926711,162.34247429198015,157.42159426971702,137.9753973305166
259.6664919745618,177.46121795655904,157.42159426971702,137.9753973305166
248.03668915565493,190.25400105735653,157.42159426971702,137.9753973305166
228.26602436351328,206.53572500382612,157.42159426971702,137.9753973305166
211.9843004170437,219.32850810462364,157.42159426971702,137.9753973305166
199.19151731624618,220.4914883865143,157.42159426971702,137.9753973305166
192.21363562490205,222.8174489502957,157.42159426971702,137.9753973305166
195.70257647057412,218.16552782273297,157.42159426971702,137.9753973305166
214.31026098082503,196.06890246681,157.42159426971702,137.9753973305166
244.5477483099828,176.29823767466837,157.42159426971702,137.9753973305166
284.08907789426604,163.50545457387085,157.42159426971702,137.9753973305166
305.43576558037057,162.56083172303343,154.26954848179122,135.21272190462872
291.7594378455791,164.840219678832,154.26954848179122,135.21272190462872
263.2670883980968,177.3768534357242,154.26954848179122,135.21272190462872
216.53963530422587,177.3768534357242,154.26954848179122,135.21272190462872
170.95187618825423,185.35471128101923,154.26954848179122,135.21272190462872
156.13585447556346,197.8913450379114,154.26954848179122,135.21272190462872
159.55493640926133,200.17073299371,154.26954848179122,135.21272190462872
181.20912198934784,196.7516510600121,154.26954848179122,135.21272190462872
215.39994132632657,177.37685343572417,154.26954848179122,135.21272190462872
235.91443292851383,159.1417497893355,154.26954848179122,135.21272190462872
268.96555828759324,159.1417497893355,154.26954848179122,135.21272190462872
298.5976017129748,161.42113774513408,154.26954848179122,135.21272190462872
320.2517872930613,172.81807752412698,154.26954848179122,135.21272190462872
311.134235469867,176.23715945782484,154.26954848179122,135.21272190462872
268.96555828759324,175.09746547992555,154.26954848179122,135.21272190462872
206.28238950313224,167.1196076346305,154.26954848179122,135.21272190462872
168.67248823245563,164.84021967883194,154.26954848179122,135.21272190462872
174.3709581219521,162.56083172303337,154.26954848179122,135.21272190462872
208.56177745893083,159.1417497893355,154.26954848179122,135.21272190462872
211.98085939262873,150.02419796614117,154.26954848179122,135.21272190462872
213.12055337052803,148.88450398824187,154.26954848179122,135.21272190462872
216.53963530422592,179.65624139152274,154.26954848179122,135.21272190462872
233.6350449727153,227.52338846329295,154.26954848179122,135.21272190462872
247.31137270750676,268.55237166766744,154.26954848179122,135.21272190462872
250.73045464120466,293.6256391814518,154.26954848179122,135.21272190462872
248.45106668540606,292.48594520355255,154.26954848179122,135.21272190462872
235.91443292851383,261.71420780027165,154.26954848179122,135.21272190462872
221.09841121582306,230.94247039699084,154.26954848179122,135.21272190462872
208.5617774589309,203.58981492740784,154.26954848179122,135.21272190462872
210.8411654147295,186.49440525891848,154.26954848179122,135.21272190462872
237.0541269064132,186.49440525891848,154.26954848179122,135.21272190462872
271.24494624339195,186.49440525891848,154.26954848179122,135.21272190462872
291.7594378455792,194.4722631042135,154.26954848179122,135.21272190462872
294.0388258013778,202.45012094950854,154.26954848179122,135.21272190462872
288.3403559118814,211.56767277270288,154.26954848179122,135.21272190462872
271.24494624339195,222.9646125516958,154.26954848179122,135.21272190462872
253.0098425970033,227.52338846329295,154.26954848179122,135.21272190462872
249.59076066330542,222.9646125516958,154.26954848179122,135.21272190462872
234.77473895061465,205.86920288320644,154.26954848179122,135.21272190462872
221.09841121582318,197.8913450379114,154.26954848179122,135.21272190462872
208.561777458931,178.51654741362347,154.26954848179122,135.21272190462872
198.30453165783737,159.14174978933553,154.26954848179122,135.21272190462872
213.12055337052814,155.72266785563767,154.26954848179122,135.21272190462872
240.47320884011114,163.7005257009327,154.26954848179122,135.21272190462872
257.5686185086005,179.65624139152277,154.26954848179122,135.21272190462872
263.2670883980969,204.7295089053072,154.26954848179122,135.21272190462872
278.08311011078774,233.2218583527895,154.26954848179122,135.21272190462872
273.52433419919055,250.31726802127886,154.26954848179122,135.21272190462872
250.73045464120477,266.27298371186896,154.26954848179122,135.21272190462872
229.07626906111827,266.27298371186896,154.26954848179122,135.21272190462872
210.8411654147296,259.43481984447317,154.26954848179122,135.21272190462872
197.16483767993813,241.19971619808453,154.26954848179122,135.21272190462872
198.30453165783743,212.70736675060223,154.26954848179122,135.21272190462872
208.56177745893106,181.93562934732137,154.26954848179122,135.21272190462872
222.23810519372253,146.60511603244336,154.26954848179122,135.21272190462872
246.17167872960763,122.67154249655826,154.26954848179122,135.21272190462872
272.3846402212913,121.53184851865896,154.26954848179122,135.21272190462872
286.0609679560828,130.6494003418533,154.26954848179122,135.21272190462872
292.89913182347857,140.90664614294693,154.26954848179122,135.21272190462872
297.45790773507565,155.7226678556377,154.26954848179122,135.21272190462872
288.3403559118814,172.81807752412706,154.26954848179122,135.21272190462872
275.80372215498915,191.05318117051573,154.26954848179122,135.21272190462872
258.7083124864997,210.4279787948037,154.26954848179122,135.21272190462872
237.05412690641325,227.52338846329306,154.26954848179122,135.21272190462872
218.81902326002458,235.5012463085881,154.26954848179122,135.21272190462872
191.46636779044158,225.24400050749446,154.26954848179122,135.21272190462872
159.55493640926144,205.8692028832065,154.26954848179122,135.21272190462872
157.27554845346287,187.63409923681783,154.26954848179122,135.21272190462872
182.3488159672473,171.67838354622776,154.26954848179122,135.21272190462872
215.39994132632674,156.862361833537,154.26954848179122,135.21272190462872
232.4953509948161,155.7226678556377,154.26954848179122,135.21272190462872
247.31137270750688,165.97991365673133,154.26954848179122,135.21272190462872
247.31137270750688,181.9356293473214,154.26954848179122,135.21272190462872
231.3556570169168,192.19287514841503,154.26954848179122,135.21272190462872
213.12055337052814,194.47226310421362,154.26954848179122,135.21272190462872
213.12055337052814,195.61195708211292,154.26954848179122,135.21272190462872
240.47320884011114,196.75165106001222,154.26954848179122,135.21272190462872
268.96555828759347,194.47226310421362,154.26954848179122,135.21272190462872
282.64188602238494,176.23715945782496,154.26954848179122,135.21272190462872
291.7594378455792,162.56083172303346,154.26954848179122,135.21272190462872
309.9945414919679,158.0020558114363,154.26954848179122,135.21272190462872
316.8327053593637,154.58297387773843,154.26954848179122,135.21272190462872
304.29607160247144,159.1417497893356,154.26954848179122,135.21272190462872
271.24494624339195,176.23715945782496,154.26954848179122,135.21272190462872
239.73828713988897,195.82594235174827,151.18061597063837,132.50536340955946
241.97203500902438,201.4103120245868,151.18061597063837,132.50536340955946
239.73828713988897,202.5271859591545,151.18061597063837,132.50536340955946
218.51768238310254,202.5271859591545,151.18061597063837,132.50536340955946
203.99832123372235,204.76093382828992,151.18061597063837,132.50536340955946
216.28393451396713,205.87780776285763,151.18061597063837,132.50536340955946
255.37452222383692,203.64405989372221,151.18061597063837,132.50536340955946
317.19925616489155,202.73688661097128,148.15353302184153,129.85221423679047
373.0193077798137,193.98080008314037,148.15353302184153,129.85221423679047
408.0436538911374,192.8862892671615,148.15353302184153,129.85221423679047
404.76012144320083,196.16982171509807,148.15353302184153,129.85221423679047
362.6479773582122,193.65959713340257,151.38402080938278,132.6836417682237
290.35069801055954,198.34308642269156,148.35286509427846,130.02692293557345
249.79931156526615,211.49488743197588,148.35286509427846,130.02692293557345
223.4957095466975,214.78283768429696,148.35286509427846,130.02692293557345
221.3037427118168,214.78283768429696,148.35286509427846,130.02692293557345
222.39972612925717,212.59087084941626,148.35286509427846,130.02692293557345
216.9198090420554,203.8230035098934,148.35286509427846,130.02692293557345
218.01579245949577,201.6310366750127,148.35286509427846,130.02692293557345
236.64751055598194,199.439069840132,148.35286509427846,130.02692293557345
266.23906282687165,200.53505325757237,148.35286509427846,130.02692293557345
298.0225819326422,203.82300350989345,148.35286509427846,130.02692293557345
312.2703663593669,201.63103667501275,148.35286509427846,130.02692293557345
302.4065156024036,199.43906984013205,148.35286509427846,130.02692293557345
275.00693016639457,198.34308642269167,148.35286509427846,130.02692293557345
232.26357688622048,192.86316933548989,148.35286509427846,130.02692293557345
182.9443231014042,172.03948440412302,148.35286509427846,130.02692293557345
155.54473766539516,149.02383263787542,148.35286509427846,130.02692293557345
164.31260500491805,127.1041642890682,148.35286509427846,130.02692293557345
170.88850550956022,109.5684296100224,148.35286509427846,130.02692293557345
161.02465475259697,122.72023061930673,148.35286509427846,130.02692293557345
146.77687032587227,163.2716170646001,148.35286509427846,130.02692293557345
135.81703615146864,211.494887431976,148.35286509427846,130.02692293557345
139.10498640378972,244.3743899551868,148.35286509427846,130.02692293557345
151.1608039956337,259.7181577993519,148.35286509427846,130.02692293557345
152.25678741307405,254.23824071215012,148.35286509427846,130.02692293557345
154.44875424795478,253.14225729470974,148.35286509427846,130.02692293557345
167.6005552572391,250.95029045982903,148.35286509427846,130.02692293557345
184.04030651884452,225.7426718587007,148.35286509427846,130.02692293557345
196.09612411068852,192.86316933548989,148.35286509427846,130.02692293557345
199.3840743630096,168.75153415180193,148.35286509427846,130.02692293557345
212.53587537229393,167.65555073436158,148.35286509427846,130.02692293557345
226.78365979901864,185.19128541340737,148.35286509427846,130.02692293557345
232.26357688622042,202.72702009245313,148.35286509427846,130.02692293557345
228.97562663389934,206.0149703447742,148.35286509427846,130.02692293557345
220.20775929437647,187.38325224828807,148.35286509427846,130.02692293557345
218.01579245949577,159.98366681227904,148.35286509427846,130.02692293557345
232.26357688622048,145.73588238555433,148.35286509427846,130.02692293557345
244.31939447806442,130.39211454138928,148.35286509427846,130.02692293557345
232.26357688622048,122.72023061930673,148.35286509427846,130.02692293557345
226.7836597990187,120.528263784426,148.35286509427846,130.02692293557345
230.07161005133977,110.66441302746276,148.35286509427846,130.02692293557345
233.35956030366086,101.89654568793986,148.35286509427846,130.02692293557345
228.9756266338994,120.528263784426,148.35286509427846,130.02692293557345
224.59169296413793,184.09530199596696,148.35286509427846,130.02692293557345
223.49570954669755,234.51053919822357,148.35286509427846,130.02692293557345
224.59169296413793,243.27840653774643,148.35286509427846,130.02692293557345
222.39972612925723,235.6065226156639,148.35286509427846,130.02692293557345
216.91980904205545,219.16677135405848,148.35286509427846,130.02692293557345
218.01579245949583,202.72702009245307,148.35286509427846,130.02692293557345
216.91980904205545,174.23145123900366,148.35286509427846,130.02692293557345
215.82382562461507,150.1198160553157,148.35286509427846,130.02692293557345
226.7836597990187,139.15998188091208,148.35286509427846,130.02692293557345
241.60599394893373,136.64637993616662,151.5876993176592,132.86215999018364
269.6030273453749,137.76626127202428,151.5876993176592,132.86215999018364
289.7608913908126,135.52649860030903,151.5876993176592,132.86215999018364
292.00065406252793,135.52649860030903,151.5876993176592,132.86215999018364
290.88077272667033,142.2457866154549,151.5876993176592,132.86215999018364
285.2813660473821,155.68436264574666,151.5876993176592,132.86215999018364
271.84279001709035,155.68436264574666,151.5876993176592,132.86215999018364
249.44516329993738,164.64341333260785,151.5876993176592,132.86215999018364
214.19603833239717,178.87322233532194,154.89306910128076,135.7592193887696
194.74293240983474,212.05793243851667,154.89306910128076,135.7592193887696
187.87713031951859,228.07813731592103,154.89306910128076,135.7592193887696
189.0214306679046,228.07813731592103,154.89306910128076,135.7592193887696
186.73282997113256,223.50093592237693,154.89306910128076,135.7592193887696
181.01132822920243,205.19213034820052,154.89306910128076,135.7592193887696
183.29992892597448,201.75922930304245,154.89306910128076,135.7592193887696
198.1758334549928,205.19213034820052,154.89306910128076,135.7592193887696
216.48463902916922,207.48073104497257,154.89306910128076,135.7592193887696
243.94784739043382,205.19213034820052,154.89306910128076,135.7592193887696
285.1426599323307,197.18202790949834,154.89306910128076,135.7592193887696
327.48177282261355,191.46052616756822,154.89306910128076,135.7592193887696
344.10185671091324,175.10450674916382,158.2705124730342,138.7194491675417
338.2555976235003,169.25824766175091,158.2705124730342,138.7194491675417
312.5320576388835,163.411988574338,158.2705124730342,138.7194491675417
270.43899220951056,163.411988574338,158.2705124730342,138.7194491675417
231.85368223258536,159.90423312189026,158.2705124730342,138.7194491675417
210.8071495178989,158.73498130440768,158.2705124730342,138.7194491675417
200.28388316055566,159.90423312189026,158.2705124730342,138.7194491675417
189.76061680321243,159.90423312189026,158.2705124730342,138.7194491675417
179.2373504458692,169.25824766175091,158.2705124730342,138.7194491675417
180.40660226335177,177.443010384129,158.2705124730342,138.7194491675417
196.77612770810794,175.10450674916385,158.2705124730342,138.7194491675417
223.66891951020733,168.08899584426837,158.2705124730342,138.7194491675417
247.05395585985895,161.0734849393729,158.2705124730342,138.7194491675417
278.62375493188864,156.39647766944256,158.2705124730342,138.7194491675417
299.6702876465751,138.85770040720382,158.2705124730342,138.7194491675417
300.28324701930296,120.97578616789856,161.7216009975087,141.74422675663996
284.7515314255867,119.78103881453576,161.7216009975087,141.74422675663996
272.8040578919588,129.3390176414381,161.7216009975087,141.74422675663996
273.43038284380907,146.90960886302844,165.24794050725936,144.8349596210685
273.43038284380907,179.8711769869058,165.24794050725936,144.8349596210685
261.2223946497804,216.49514156899176,165.24794050725936,144.8349596210685
250.2352052751546,242.13191677645193,165.24794050725936,144.8349596210685
238.02721708112597,239.6903191376462,165.24794050725936,144.8349596210685
231.92322298411165,223.81993448540896,165.24794050725936,144.8349596210685
225.81922888709732,210.39114747197743,165.24794050725936,144.8349596210685
223.3776312482916,201.8455557361574,165.24794050725936,144.8349596210685
220.35521675750834,184.39610793665145,168.85117185002014,147.9930859156059
219.1077984198484,176.91159791069177,168.85117185002014,147.9930859156059
207.8810333809089,163.1899961964324,168.85117185002014,147.9930859156059
206.04013347981405,160.32908323957753,172.53297165220982,151.22007515399568
208.58937006883926,180.72297595177946,172.53297165220982,151.22007515399568
219.45451229052722,198.19357350010236,176.29505309908626,154.51742889272856
