250,168,106,105
249.1692913385827,172.1535433070866,106.0,105.0
237.53937007874015,182.1220472440945,106.0,105.0
222.58661417322833,196.24409448818898,106.0,105.0
215.94094488188972,209.53543307086613,106.0,105.0
220.92519685039366,208.70472440944883,106.0,105.0
220.92519685039366,197.0748031496063,106.0,105.0
219.263779527559,197.0748031496063,106.0,105.0
192.68110236220465,212.0275590551181,106.0,105.0
153.6377952755905,246.08661417322833,106.0,105.0
185.20472440944874,253.56299212598424,106.0,105.0
248.33858267716528,226.14960629921256,106.0,105.0
232.55511811023615,210.36614173228344,106.0,105.0
220.0944881889763,204.5511811023622,106.0,105.0
210.12598425196842,203.72047244094486,106.0,105.0
196.00393700787393,209.53543307086613,106.0,105.0
196.00393700787393,218.6732283464567,106.0,105.0
206.80314960629914,211.1968503937008,106.0,105.0
220.9251968503936,185.4448818897638,106.0,105.0
220.0944881889763,152.21653543307087,106.0,105.0
204.31102362204717,141.4173228346457,106.0,105.0
205.97244094488184,158.86220472440948,106.0,105.0
231.72440944881885,189.59842519685043,106.0,105.0
258.30708661417316,223.65748031496065,106.0,105.0
274.0905511811023,241.10236220472444,106.0,105.0
261.8604293110055,242.98427610030154,103.8775665748393,102.89758953168044
248.83522262713024,251.9391056954658,103.8775665748393,102.89758953168044
244.7648455384192,251.9391056954658,103.8775665748393,102.89758953168044
235.81001594325494,242.17020068255937,103.8775665748393,102.89758953168044
233.3677896900283,229.9590694164263,103.8775665748393,102.89758953168044
231.7396388545439,218.56201356803547,103.8775665748393,102.89758953168044
236.6240913609971,212.04941022609785,103.8775665748393,102.89758953168044
247.20707179164577,199.02420354222255,103.8775665748393,102.89758953168044
244.76484553841914,177.8582426809253,103.8775665748393,102.89758953168044
231.7396388545439,157.5063572373702,103.8775665748393,102.89758953168044
228.4833371835751,135.5263209583307,103.8775665748393,102.89758953168044
232.55371427228613,123.31518969219762,103.8775665748393,102.89758953168044
248.83522262713018,131.45594386961966,103.8775665748393,102.89758953168044
259.41820305777884,134.71224554058847,103.8775665748393,102.89758953168044
259.41820305777884,143.66707513575267,103.8775665748393,102.89758953168044
269.18710807068527,177.04416726318306,103.8775665748393,102.89758953168044
270.8152589061697,213.67756106158225,103.8775665748393,102.89758953168044
279.77008850133393,235.65759734062175,103.8775665748393,102.89758953168044
281.39823933681834,239.7279744293328,103.8775665748393,102.89758953168044
278.1419376658495,238.09982359384838,103.8775665748393,102.89758953168044
269.18710807068527,225.88869232771532,103.8775665748393,102.89758953168044
268.37303265294304,216.1197873148089,103.8775665748393,102.89758953168044
267.24050748336083,201.97273966106445,106.14261691400368,105.14127147141872
270.5678128122651,170.3633390364737,106.14261691400368,105.14127147141872
272.2314654767173,166.20420737534334,106.14261691400368,105.14127147141872
273.06329180894335,181.1770813554126,106.14261691400368,105.14127147141872
271.3996391444912,185.336213016543,106.14261691400368,105.14127147141872
270.5678128122651,183.67256035209084,106.14261691400368,105.14127147141872
271.3996391444912,182.84073401986478,106.14261691400368,105.14127147141872
278.8860761345258,186.99986568099513,106.14261691400368,105.14127147141872
288.8679921212387,199.47726066438622,106.14261691400368,105.14127147141872
285.5406867923344,211.12282931555126,106.14261691400368,105.14127147141872
263.0813758222304,214.45013464445555,106.14261691400368,105.14127147141872
229.80832253318758,211.95465564777732,106.14261691400368,105.14127147141872
204.8535325664054,211.12282931555126,106.14261691400368,105.14127147141872
210.6763168919879,209.45917665109909,106.14261691400368,105.14127147141872
233.13562786209187,209.45917665109909,106.14261691400368,105.14127147141872
271.63045733100245,211.34362255377246,104.01732787652907,103.03603233052405
306.6827978384957,213.78913468220222,104.01732787652907,103.03603233052405
333.58343125122303,220.31050035801493,104.01732787652907,103.03603233052405
333.58343125122303,221.12567106749154,104.01732787652907,103.03603233052405
319.72552919012105,211.34362255377252,104.01732787652907,103.03603233052405
294.6814337202714,188.73521499316962,101.93459340972674,100.9729463020878
268.31943052936634,171.9593947807755,101.93459340972674,100.9729463020878
249.9459131538871,161.574363220722,101.93459340972674,100.9729463020878
249.1470645723445,172.7582433623181,101.93459340972674,100.9729463020878
257.93439896931284,186.33866924854192,101.93459340972674,100.9729463020878
261.1297932954831,200.7179437163083,101.93459340972674,100.9729463020878
273.91137060016433,213.49952102098953,101.93459340972674,100.9729463020878
300.2733737910694,226.28109832567074,101.93459340972674,100.9729463020878
314.65264825883577,237.46497846726683,101.93459340972674,100.9729463020878
313.0549510957506,246.25231286423517,101.93459340972674,100.9729463020878
302.6699195356971,254.2407986796609,101.93459340972674,100.9729463020878
292.2848879756436,251.84425293503315,101.93459340972674,100.9729463020878
267.5205819478237,239.86152421189448,101.93459340972674,100.9729463020878
238.76203301229094,231.07418981492614,101.93459340972674,100.9729463020878
222.7850613814394,231.87303839646873,101.93459340972674,100.9729463020878
220.38851563681163,237.46497846726677,101.93459340972674,100.9729463020878
224.3827585445245,235.06843272263902,101.93459340972674,100.9729463020878
241.95742733846117,212.7006724394469,101.93459340972674,100.9729463020878
253.62766273849283,187.63435744611107,104.15727721902583,103.17466139620483
267.50420981116577,157.43246087617592,104.15727721902584,103.17466139620481
298.522373855964,144.3721812783661,104.15727721902584,103.17466139620481
323.82666557672053,145.18844875322924,104.15727721902584,103.17466139620481
333.62187527507785,157.43246087617592,104.15727721902584,103.17466139620481
331.9893403253517,170.4927404739857,104.15727721902584,103.17466139620481
318.9290607275418,182.73675259693238,104.15727721902584,103.17466139620481
297.7061063811009,194.16449724501598,104.15727721902584,103.17466139620481
272.40181466034437,208.85731179255203,104.15727721902584,103.17466139620481
256.8927326379453,225.99892876467737,104.15727721902584,103.17466139620481
242.19991809040923,227.6314637144036,104.15727721902584,103.17466139620481
228.32337101773632,216.20371906632,104.15727721902584,103.17466139620481
216.89562636965272,208.0410443176889,104.15727721902584,103.17466139620481
211.99802152047405,206.40850936796267,104.15727721902584,103.17466139620481
218.52816131937894,196.61329966960528,104.15727721902584,103.17466139620481
233.22097586691498,180.28795017234302,104.15727721902584,103.17466139620481
250.36259283904033,168.04393804939633,104.15727721902584,103.17466139620481
264.2391399117132,172.94154289857505,104.15727721902584,103.17466139620481
280.56448940897553,187.63435744611104,104.15727721902584,103.17466139620481
300.9711762805533,214.57118411659377,104.15727721902584,103.17466139620481
312.3989209286369,225.99892876467737,104.15727721902584,103.17466139620481
298.522373855964,212.12238169200447,104.15727721902584,103.17466139620481
265.05540738657646,194.98076471987906,104.15727721902584,103.17466139620481
220.16069626910522,195.7970321947422,104.15727721902584,103.17466139620481
182.61239242540202,211.30611421714133,104.15727721902584,103.17466139620481
168.73584535272911,230.89653361385604,104.15727721902584,103.17466139620481
168.73584535272911,241.5080107870765,104.15727721902584,103.17466139620481
180.1635900008127,222.73385886522493,104.15727721902584,103.17466139620481
203.83534677184295,194.16449724501598,104.15727721902584,103.17466139620481
229.95590596746254,176.2066127980275,104.15727721902584,103.17466139620481
240.567383140683,177.02288027289057,104.15727721902584,103.17466139620481
235.66977829150434,190.89942734556348,104.15727721902584,103.17466139620481
232.4047083920519,208.0410443176889,104.15727721902584,103.17466139620481
229.95590596746254,206.40850936796267,104.15727721902584,103.17466139620481
237.30231324123056,195.7970321947422,104.15727721902584,103.17466139620481
246.2812554647248,196.61329966960528,104.15727721902584,103.17466139620481
243.83245304013545,208.85731179255203,104.15727721902584,103.17466139620481
229.95590596746254,221.1013239154987,104.15727721902584,103.17466139620481
215.2630914199265,223.55012634008807,104.15727721902584,103.17466139620481
208.7329516210216,210.48984674227825,104.15727721902584,103.17466139620481
206.28414919643225,196.61329966960534,104.15727721902584,103.17466139620481
203.0190792969798,194.16449724501598,104.15727721902584,103.17466139620481
203.0190792969798,206.40850936796272,104.15727721902584,103.17466139620481
213.63055647020028,228.4477311892668,104.15727721902584,103.17466139620481
212.81428899533714,252.93575543516016,104.15727721902584,103.17466139620481
208.73295162102156,251.30322048543394,104.15727721902584,103.17466139620481
207.10041667129533,227.63146371440365,104.15727721902584,103.17466139620481
207.10041667129533,203.14343946851028,104.15727721902584,103.17466139620481
197.30520697293798,186.00182249638488,104.15727721902584,103.17466139620481
181.79612495053883,174.57407784830133,104.15727721902584,103.17466139620481
168.73584535272903,186.818089971248,104.15727721902584,103.17466139620481
176.89852010136016,199.0621020941947,104.15727721902584,103.17466139620481
189.14253222430685,205.59224189309958,104.15727721902584,103.17466139620481
207.91668414615842,205.59224189309958,104.15727721902584,103.17466139620481
230.77217344232557,212.9386491668676,104.15727721902584,103.17466139620481
255.26019768821894,225.1826612898143,104.15727721902584,103.17466139620481
280.5644894089754,239.0592083624872,104.15727721902584,103.17466139620481
301.78744375541635,245.58934816139208,104.15727721902584,103.17466139620481
289.5434316324697,239.87547583735028,104.15727721902584,103.17466139620481
260.97407001226077,229.26399866412982,104.15727721902584,103.17466139620481
213.04078985369753,219.685452387027,102.07174055257877,101.10879960396952
178.6440842366441,219.685452387027,102.07174055257877,101.10879960396952
148.24699555180615,225.2849160921287,102.07174055257877,101.10879960396952
116.25006009408202,226.88476286501492,102.07174055257877,101.10879960396952
121.04960041274063,215.68583545481147,102.07174055257877,101.10879960396952
161.5327793564075,201.7847225840395,104.29741485532776,103.31347697933407
218.74837946832216,194.42843114107905,104.29741485532776,103.31347697933407
231.82623092247408,190.3416025616566,104.29741485532776,103.31347697933407
232.64359663835856,190.3416025616566,104.29741485532776,103.31347697933407
242.45198522897252,201.7847225840395,104.29741485532776,103.31347697933407
246.53881380839502,213.22784260642248,104.29741485532776,103.31347697933407
235.0956937860121,219.76676833349842,104.29741485532776,103.31347697933407
203.2184308665168,219.76676833349842,104.29741485532776,103.31347697933407
177.06272795821295,224.6709626288054,104.29741485532776,103.31347697933407
179.51482510586644,224.6709626288054,104.29741485532776,103.31347697933407
209.75735659359273,222.2188654811519,104.29741485532776,103.31347697933407
264.5208595578539,216.49730546996045,104.29741485532776,103.31347697933407
280.05080815965937,216.49730546996045,104.29741485532776,103.31347697933407
274.32924814846785,216.49730546996045,104.29741485532776,103.31347697933407
262.88612812608494,205.87155116346202,104.29741485532776,103.31347697933407
256.347202399009,200.96735686815504,104.29741485532776,103.31347697933407
253.89510525135555,194.42843114107905,104.29741485532776,103.31347697933407
255.52983668312456,188.7068711298876,104.29741485532776,103.31347697933407
270.2424195690455,191.97633399342556,104.29741485532776,103.31347697933407
280.0508081596595,204.236819731693,104.29741485532776,103.31347697933407
268.60768813727657,205.05418544757748,104.29741485532776,103.31347697933407
244.90408237662618,209.95837974288446,104.29741485532776,103.31347697933407
210.57472230947738,227.94042549234337,104.29741485532776,103.31347697933407
193.41004227590298,244.28773981003326,104.29741485532776,103.31347697933407
180.33219082175106,250.8266655371092,104.29741485532776,103.31347697933407
184.41901940117353,248.3745683894557,104.29741485532776,103.31347697933407
208.1226251618239,241.01827694649523,104.29741485532776,103.31347697933407
214.66155088889982,239.38354551472622,104.29741485532776,103.31347697933407
199.1316022870944,234.47935121941924,104.29741485532776,103.31347697933407
179.51482510586652,230.39252263999674,104.29741485532776,103.31347697933407
177.88009367409754,223.03623119703627,104.29741485532776,103.31347697933407
193.9076711422117,219.45775886661556,106.57161998624818,105.56622734486845
237.84594632255693,210.79012769511394,108.89541416004832,107.8680989321233
279.6625295568735,198.8425324853092,108.89541416004832,107.8680989321233
280.51592921471666,195.4289338539364,108.89541416004832,107.8680989321233
248.94014187451842,192.0153352225636,108.89541416004832,107.8680989321233
211.6273613605369,181.14765915748563,106.71500598212376,105.70826064266973
200.75530440729943,180.3113470841597,106.71500598212376,105.70826064266973
185.70168708743222,181.98397123081162,106.71500598212376,105.70826064266973
172.32069391421686,188.67446781741927,106.71500598212376,105.70826064266973
175.6659422075207,188.67446781741927,106.71500598212376,105.70826064266973
202.10078027455722,190.03091972574043,109.04192668756396,108.01322926598314
278.3926626819922,194.53048327201216,106.85858489562426,105.85048503811834
295.9788456292701,193.69304598880845,106.85858489562426,105.85048503811834
295.9788456292701,191.1807341391973,106.85858489562426,105.85048503811834
280.29991238193105,193.07789126916694,104.71896006215403,103.7310453445865
260.60384887893196,201.28458439541657,104.71896006215403,103.7310453445865
238.44577743805797,209.49127752166618,104.71896006215403,103.7310453445865
216.287705997184,215.2359627100409,104.71896006215403,103.7310453445865
178.5369176164357,203.7465923332914,104.71896006215403,103.7310453445865
151.45483029981193,190.615883331292,104.71896006215403,103.7310453445865
148.99282236193704,188.1538753934171,104.71896006215403,103.7310453445865
164.5855393018113,188.1538753934171,104.71896006215403,103.7310453445865
190.84695730581012,193.89856058179186,104.71896006215403,103.7310453445865
201.51565836993467,195.53989920704177,104.71896006215403,103.7310453445865
198.23298111943478,191.43655264391697,104.71896006215403,103.7310453445865
201.51565836993467,179.12651295454253,104.71896006215403,103.7310453445865
213.00502874668416,173.3818277661678,104.71896006215403,103.7310453445865
220.39105256030882,173.3818277661678,104.71896006215403,103.7310453445865
221.21172187293377,183.22985951766734,104.71896006215403,103.7310453445865
213.8256980593091,193.89856058179186,104.71896006215403,103.7310453445865
208.90168218355933,207.02926958379123,104.71896006215403,103.7310453445865
218.74971393505888,230.82867964991516,104.71896006215403,103.7310453445865
229.41841499918337,247.24206590241442,104.71896006215403,103.7310453445865
217.10837530980893,251.34541246553925,104.71896006215403,103.7310453445865
197.41231180680984,239.85604208878976,104.71896006215403,103.7310453445865
186.7436107426853,216.05663202266584,104.71896006215403,103.7310453445865
185.92294143006035,179.94718226716748,104.71896006215403,103.7310453445865
198.46070341569654,157.18627332305397,102.62217684438059,101.65404310056564
209.7200226252605,160.4032216686437,102.62217684438059,101.65404310056564
223.39205309401675,174.07525213739996,102.62217684438059,101.65404310056564
245.91069151314466,186.94304551975875,102.62217684438059,101.65404310056564
249.12763985873434,187.7472826061562,102.62217684438059,101.65404310056564
241.08526899476007,187.7472826061562,102.62217684438059,101.65404310056564
219.37086766202955,196.59389055652787,102.62217684438059,101.65404310056564
196.0479921565042,206.24473559329698,102.62217684438059,101.65404310056564
193.6352808973119,215.09134354366864,102.62217684438059,101.65404310056564
195.24375507010674,219.11252897565578,102.62217684438059,101.65404310056564
193.6352808973119,210.26592102528411,102.62217684438059,101.65404310056564
192.83104381091448,188.5515196925536,102.62217684438059,101.65404310056564
204.89460010687588,166.83711835982308,102.62217684438059,101.65404310056564
236.2598464763755,165.22864418702824,102.62217684438059,101.65404310056564
273.25475245065707,170.85830379181021,102.62217684438059,101.65404310056564
296.5776279561825,187.74728260615615,102.62217684438059,101.65404310056564
304.61999882015675,208.65744685248922,102.62217684438059,101.65404310056564
302.20728756096446,221.525240234848,102.62217684438059,101.65404310056564
301.40305047456695,225.54642566683515,102.62217684438059,101.65404310056564
306.22847299295154,223.9379514940403,102.62217684438059,101.65404310056564
295.773390869785,224.74218858043776,102.62217684438059,101.65404310056564
271.64627827786217,229.56761109882228,102.62217684438059,101.65404310056564
246.714928599542,229.56761109882228,102.62217684438059,101.65404310056564
237.06408356277288,238.41421904919395,102.62217684438059,101.65404310056564
225.80476435320892,243.23964156757853,102.62217684438059,101.65404310056564
212.93697097085013,231.98032235801458,102.62217684438059,101.65404310056564
214.54544514364497,219.91676606205317,102.62217684438059,101.65404310056564
219.3708676620295,208.65744685248922,102.62217684438059,101.65404310056564
228.21747561240116,206.24473559329692,102.62217684438059,101.65404310056564
241.8895060811574,205.44049850689953,102.62217684438059,101.65404310056564
255.56153654991365,196.5938905565278,102.62217684438059,101.65404310056564
265.2123815866828,182.92186008777156,102.62217684438059,101.65404310056564
266.0166186730802,170.05406670541277,102.62217684438059,101.65404310056564
278.08017496904165,185.33457134696386,102.62217684438059,101.65404310056564
289.3394941786056,220.72100314845056,102.62217684438059,101.65404310056564
285.3183087466184,248.06506408596306,102.62217684438059,101.65404310056564
267.6250928458751,259.324383295527,102.62217684438059,101.65404310056564
257.1700107227085,237.6099819627965,102.62217684438059,101.65404310056564
254.7572994635162,202.22355016130973,102.62217684438059,101.65404310056564
247.51916568593938,168.44559253261787,102.62217684438059,101.65404310056564
243.49798025395225,160.4032216686436,102.62217684438059,101.65404310056564
229.825949785196,165.22864418702812,102.62217684438059,101.65404310056564
214.5454451436449,174.87948922379724,102.62217684438059,101.65404310056564
221.78357892122173,171.66254087820755,102.62217684438059,101.65404310056564
249.93187694513162,160.4032216686436,102.62217684438059,101.65404310056564
272.45051536425956,148.3396653726822,102.62217684438059,101.65404310056564
284.5140716602209,145.12271702709245,102.62217684438059,101.65404310056564
283.7098345738235,157.18627332305385,102.62217684438059,101.65404310056564
267.625092845875,173.2710150510024,102.62217684438059,101.65404310056564
251.5403511179264,186.1388084333612,102.62217684438059,101.65404310056564
239.69995744451697,187.96075277862357,100.56737742648185,99.61862858283577
248.36943014570787,187.96075277862357,100.56737742648185,99.61862858283577
255.4626350830459,188.74888666055003,100.56737742648185,99.61862858283577
245.2168946180021,200.57089488944675,100.56737742648185,99.61862858283577
219.20847651442935,211.60476923641698,100.56737742648185,99.61862858283577
208.17460216745908,212.39290311834344,100.56737742648185,99.61862858283577
219.20847651442935,203.7234304171525,100.56737742648185,99.61862858283577
234.18302027103184,190.3251544244029,100.56737742648185,99.61862858283577
246.00502849992856,187.17261889669712,100.56737742648185,99.61862858283577
246.00502849992856,195.84209159788804,100.56737742648185,99.61862858283577
245.2168946180021,203.7234304171525,100.56737742648185,99.61862858283577
245.2168946180021,206.08783206293185,100.56737742648185,99.61862858283577
234.9711541529583,212.39290311834344,100.56737742648185,99.61862858283577
219.9966103963558,221.8505097014608,100.56737742648185,99.61862858283577
214.47967322287067,235.24878569421043,100.56737742648185,99.61862858283577
225.51354756984094,237.6131873399898,100.56737742648185,99.61862858283577
227.08981533369385,235.24878569421043,100.56737742648185,99.61862858283577
222.36101204213517,228.94371463879884,100.56737742648185,99.61862858283577
221.57287816020872,227.36744687494593,100.56737742648185,99.61862858283577
231.03048474332607,215.5454386460492,100.56737742648185,99.61862858283577
253.0982334372666,192.68955607018222,100.56737742648185,99.61862858283577
279.89478542276584,168.25740573046235,100.56737742648185,99.61862858283577
284.6235887143245,164.3167363208301,100.56737742648185,99.61862858283577
285.41172259625097,172.98620902202103,100.56737742648185,99.61862858283577
281.47105318661875,193.47768995210868,100.56737742648185,99.61862858283577
273.58971436735425,217.12170640990212,100.56737742648185,99.61862858283577
268.0727771938691,229.7318485207253,100.56737742648185,99.61862858283577
248.36943014570792,228.15558075687238,100.56737742648185,99.61862858283577
224.72541368791448,228.94371463879884,100.56737742648185,99.61862858283577
223.14914592406157,240.76572286769556,100.56737742648185,99.61862858283577
235.1898483999503,252.00879308308313,98.55372116864491,97.62396908214822
244.45808573463344,246.60232130451797,98.55372116864491,97.62396908214822
243.68573262340985,230.38290596882248,98.55372116864491,97.62396908214822
245.23043884585704,214.9358437443506,98.55372116864491,97.62396908214822
260.67750107032896,211.07407818823262,98.55372116864491,97.62396908214822
295.6477064169138,213.59614467047606,96.58038426315152,95.66924856255571
307.75791950829694,213.59614467047606,96.58038426315152,95.66924856255571
300.1890363261825,209.05481476120738,96.58038426315152,95.66924856255571
288.8357115530108,206.78414980657305,96.58038426315152,95.66924856255571
277.48238677983915,216.62369794332187,96.58038426315152,95.66924856255571
274.45483350699334,229.49079935291644,96.58038426315152,95.66924856255571
263.85839705203307,241.60101244429956,96.58038426315152,95.66924856255571
261.5877320973987,245.38545403535676,96.58038426315152,95.66924856255571
270.6703919159361,240.8441241260881,96.58038426315152,95.66924856255571
272.94105687057043,231.0045759893393,96.58038426315152,95.66924856255571
269.15661527951323,223.43569280722483,96.58038426315152,95.66924856255571
264.6152853702446,217.38058626153327,96.58038426315152,95.66924856255571
263.8583970520331,212.8392563522646,96.58038426315152,95.66924856255571
265.37217368845603,211.3254797158417,96.58038426315152,95.66924856255571
275.9686101434163,199.97215494267002,96.58038426315152,95.66924856255571
275.9686101434163,195.43082503340133,96.58038426315152,95.66924856255571
275.9686101434163,200.72904326088147,96.58038426315152,95.66924856255571
285.8081582801651,214.35303298868752,96.58038426315152,95.66924856255571
293.3770414622796,226.46324608007063,96.58038426315152,95.66924856255571
295.64770641691393,233.27524094397364,96.58038426315152,95.66924856255571
283.5374933255308,233.27524094397364,96.58038426315152,95.66924856255571
256.2895138699188,240.08723580787665,96.58038426315152,95.66924856255571
232.06908768715246,240.08723580787665,96.58038426315152,95.66924856255571
219.2019862775579,227.22013439828208,96.58038426315152,95.66924856255571
207.8486615043862,199.2152666244586,96.58038426315152,95.66924856255571
209.36243814080908,175.75172875990376,96.58038426315152,95.66924856255571
219.2019862775579,167.42595725957784,96.58038426315152,95.66924856255571
229.79842273251816,174.9948404416923,96.58038426315152,95.66924856255571
244.17930077853563,185.59127689665254,96.58038426315152,95.66924856255571
254.9857613481853,186.54906751414865,94.64655939734985,93.75366732756349
260.17789358076163,190.99946657064265,94.64655939734985,93.75366732756349
272.045624398079,207.31759644445404,94.64655939734985,93.75366732756349
289.84722062405507,231.79479125517113,94.64655939734985,93.75366732756349
299.4897519131254,254.04678653764122,94.64655939734985,93.75366732756349
292.0724201523021,250.33812065722955,94.64655939734985,93.75366732756349
282.4298888632317,220.66879361393612,94.64655939734985,93.75366732756349
271.3038912219967,206.57586326837173,94.64655939734985,93.75366732756349
252.7605618199383,200.64199785971306,94.64655939734985,93.75366732756349
231.25029971355053,202.12546421187773,94.64655939734985,93.75366732756349
225.31643430489186,218.4435940856891,94.64655939734985,93.75366732756349
234.9589655939622,231.7947912551712,94.64655939734985,93.75366732756349
248.31016276344428,231.05305807908886,94.64655939734985,93.75366732756349
270.5621580459144,231.05305807908886,94.64655939734985,93.75366732756349
281.6881556871494,236.2451903116652,94.64655939734985,93.75366732756349
281.6881556871494,245.1459884246532,94.64655939734985,93.75366732756349
280.2046893349847,257.0137192419706,94.64655939734985,93.75366732756349
278.72122298282005,265.9145173549586,94.64655939734985,93.75366732756349
277.9794898067377,262.20585147454693,94.64655939734985,93.75366732756349
278.72122298282005,254.78851971372356,94.64655939734985,93.75366732756349
279.4629561589024,244.40425524857088,94.64655939734985,93.75366732756349
281.6881556871494,235.50345713558286,94.64655939734985,93.75366732756349
277.9794898067377,236.2451903116652,94.64655939734985,93.75366732756349
266.8534921655027,243.66252207248854,94.64655939734985,93.75366732756349
258.694427228597,244.40425524857088,94.64655939734985,93.75366732756349
257.9526940525147,234.76172395950053,94.64655939734985,93.75366732756349
258.694427228597,223.6357263182655,94.64655939734985,93.75366732756349
256.46922770035,222.15225996610084,94.64655939734985,93.75366732756349
249.793629115609,222.89399314218318,94.64655939734985,93.75366732756349
252.018828643856,230.31132490300652,94.64655939734985,93.75366732756349
265.3700258133381,230.31132490300652,94.64655939734985,93.75366732756349
283.1716220393142,221.4105267900185,94.64655939734985,93.75366732756349
295.7810860327139,208.8010627966188,94.64655939734985,93.75366732756349
297.2645523848786,197.67506515538375,94.64655939734985,93.75366732756349
295.0393528566316,196.19159880321908,94.64655939734985,93.75366732756349
288.36375427189057,201.38373103579542,94.64655939734985,93.75366732756349
286.13855474364357,210.28452914878343,94.64655939734985,93.75366732756349
269.0786916937498,212.50972867703044,94.64655939734985,93.75366732756349
243.8597637069504,205.8341300922894,94.64655939734985,93.75366732756349
229.76683336138598,196.19159880321902,94.64655939734985,93.75366732756349
227.54163383313897,200.64199785971303,94.64655939734985,93.75366732756349
232.73376606571532,219.18532726177145,94.64655939734985,93.75366732756349
254.44984698300846,259.43579841143435,92.75145542337444,91.87644169296522
279.8906989478584,281.9691244374443,92.75145542337444,91.87644169296522
303.1509064585784,267.43149474324434,92.75145542337444,91.87644169296522
321.3229435763284,246.3519316866544,92.75145542337444,91.87644169296522
319.8691806069084,234.72182793129443,92.75145542337444,91.87644169296522
300.44507822947594,224.73842467401226,90.89429703447942,90.03680366622959
283.3492261947633,233.28635069136863,90.89429703447942,90.03680366622959
255.56846663835518,243.97125821306406,90.89429703447942,90.03680366622959
231.34934292251222,243.97125821306406,90.89429703447942,90.03680366622959
247.93052691431234,241.31102388946044,89.0743244478524,88.23400063230659
287.7201904165528,242.0090881614296,89.0743244478524,88.23400063230659
317.7369541112254,241.31102388946044,89.0743244478524,88.23400063230659
337.282753726361,234.33038116976917,89.0743244478524,88.23400063230659
347.0556535339288,235.0284454417383,89.0743244478524,88.23400063230659
353.338231981651,243.40521670536788,89.0743244478524,88.23400063230659
355.4324247975584,242.70715243339873,89.0743244478524,88.23400063230659
356.8285533414966,235.0284454417383,89.0743244478524,88.23400063230659
347.0556535339288,236.42457398567655,89.0743244478524,88.23400063230659
324.0195325589475,251.78198796899738,89.0743244478524,88.23400063230659
303.7756686718427,267.1394019523182,89.0743244478524,88.23400063230659
302.3795401279045,258.76263068868866,89.0743244478524,88.23400063230659
313.54856847941056,247.59360233718257,89.0743244478524,88.23400063230659
322.62340401500927,246.89553806521343,89.0743244478524,88.23400063230659
333.79243236651536,254.57424505687385,89.0743244478524,88.23400063230659
352.64016770968186,265.0452091364108,89.0743244478524,88.23400063230659
360.74387042298787,252.21614532104184,91.01659009243782,90.15794301609404
346.47815915459955,227.96443616478166,91.01659009243782,90.15794301609404
309.3873098567899,189.4470157401331,91.01659009243782,90.15794301609404
290.1285996444656,167.33516327413122,91.01659009243782,90.15794301609404
287.9887429542074,174.46801890832535,91.01659009243782,90.15794301609404
286.56217182736856,190.87358686697195,91.01659009243782,90.15794301609404
275.14960281265786,211.55886820613506,91.01659009243782,90.15794301609404
254.46432147349475,232.24414954529817,91.01659009243782,90.15794301609404
233.77904013433164,242.23014743317003,91.01659009243782,90.15794301609404
223.0797566830404,243.65671856000887,91.01659009243782,90.15794301609404
223.79304224645978,248.64971750394477,91.01659009243782,90.15794301609404
235.40353632537528,250.2656173683127,89.19416883718932,88.35271441419695
250.78161282746385,239.78056520779774,89.19416883718932,88.35271441419695
256.37364064640514,214.6164400225619,89.19416883718932,88.35271441419695
245.18958500852256,184.5592904957524,89.19416883718932,88.35271441419695
240.99556414431657,177.56925572207578,89.19416883718932,88.35271441419695
234.00552937063998,183.86028701838475,89.19416883718932,88.35271441419695
217.92844939118373,195.74334613363501,89.19416883718932,88.35271441419695
202.27693694071536,206.6631397799845,91.13904768868423,90.27924535199851
192.27750346603204,211.66285651732613,91.13904768868423,90.27924535199853
190.84901296964873,214.51983751009283,91.13904768868423,90.27924535199853
184.42080573592375,227.37625197754278,91.13904768868423,90.27924535199853
186.56354148049874,238.08993070041777,91.13904768868423,90.27924535199853
210.33182603183852,238.99375941708456,89.31417447027123,88.47158791866488
237.35583610120176,234.52947819773567,91.26167004459549,90.40071089323138
267.11472338262143,223.5309973089168,93.25163075991789,92.37189839425828
296.3467752179248,219.1461895336213,93.25163075991789,92.37189839425827
315.55039430402525,228.1097830557709,91.38445738184626,90.52233985937599
314.8342258109496,239.56847894498173,91.38445738184626,90.52233985937599
298.362350470209,250.31100634111692,91.38445738184626,90.52233985937599
295.49767649790624,238.13614195883036,91.38445738184626,90.52233985937599
200.44599194881914,218.2735181117173,89.55467033573868,88.7098149552128
192.72587644409288,218.97534679396512,89.55467033573868,88.7098149552128
182.90027489262314,229.50277702768273,89.55467033573868,88.7098149552128
208.1661074535454,234.4155778034176,89.55467033573868,88.7098149552128
234.8355973789633,221.78266152295646,89.55467033573868,88.7098149552128
248.87217102392015,204.2369444667604,89.55467033573868,88.7098149552128
267.82154544461184,199.32414369102554,89.55467033573868,88.7098149552128
292.58029529056586,200.9140887713902,87.76152103668379,86.93358215897919
324.9057671417318,208.47962473655667,87.76152103668379,86.93358215897919
338.6612870783982,213.2940567143899,87.76152103668379,86.93358215897919
331.09575111323164,211.23072872388997,87.76152103668379,86.93358215897919
307.7113672208988,202.97741676189014,87.76152103668379,86.93358215897919
269.3867579754147,184.59002253236463,86.0042758886536,85.19291479536437
243.77457984158528,164.36988190039403,86.0042758886536,85.19291479536437
255.23265953303527,153.58580689667633,86.0042758886536,85.19291479536437
283.54085641779415,146.84576001935278,86.0042758886536,85.19291479536437
302.41298767430004,135.38768032790279,86.0042758886536,85.19291479536437
308.47902986389124,125.27761001191745,86.0042758886536,85.19291479536437
308.47902986389124,134.03967095243803,86.0042758886536,85.19291479536437
308.47902986389124,158.97784439853513,86.0042758886536,85.19291479536437
312.5230579902854,197.39611159927932,86.0042758886536,85.19291479536437
312.5230579902854,229.74833661043237,86.0042758886536,85.19291479536437
311.84905330255305,233.79236473682653,86.0042758886536,85.19291479536437
309.827039239356,221.66028035764413,86.0042758886536,85.19291479536437
301.0649782988354,209.52819597846172,86.0042758886536,85.19291479536437
297.02095017244125,197.39611159927938,86.0042758886536,85.19291479536437
295.67294079697655,179.19798503050578,86.0042758886536,85.19291479536437
293.6509267337795,150.21578345801458,86.0042758886536,85.19291479536437
293.6509267337795,109.10149750634098,86.0042758886536,85.19291479536437
314.73209731788614,80.29819827417658,84.2822159843817,83.48710073924599
329.26329797898774,102.75550838678816,84.2822159843817,83.48710073924599
336.27052057072797,136.19176456085506,86.11998970392114,85.30753697086524
326.82175925794445,168.58751763325563,86.11998970392114,85.30753697086524
309.2740596770608,188.83486330350598,86.11998970392114,85.30753697086524
297.80056379725227,206.38256288438964,86.11998970392114,85.30753697086524
286.32706791744374,221.23061637590655,86.11998970392114,85.30753697086524
278.90304117168523,232.0292007333734,86.11998970392114,85.30753697086524
272.8288374706101,238.77831595679015,86.11998970392114,85.30753697086524
278.2281296493436,242.15287356849853,86.11998970392114,85.30753697086524
287.0019794397854,240.12813900147347,86.11998970392114,85.30753697086524
294.4260061855439,229.32955464400663,86.11998970392114,85.30753697086524
299.15038684193564,217.8560587641981,86.11998970392114,85.30753697086524
311.2987942440858,202.33309375033951,86.11998970392114,85.30753697086524
321.42246707921106,194.90906700458106,86.11998970392114,85.30753697086524
326.82175925794445,195.58397852692275,86.11998970392114,85.30753697086524
336.9454320930697,205.70765136204795,86.11998970392114,85.30753697086524
337.62034361541134,220.55570485356486,86.11998970392114,85.30753697086524
325.4719362132612,239.45322747913184,86.11998970392114,85.30753697086524
303.19985597598577,257.0009270600155,86.11998970392114,85.30753697086524
281.602687261052,267.79951141748234,86.11998970392114,85.30753697086524
270.8041029035852,267.79951141748234,86.11998970392114,85.30753697086524
264.72989920251007,264.42495380577395,86.11998970392114,85.30753697086524
250.55675723333476,241.4779620461569,86.11998970392114,85.30753697086524
243.807642009918,205.70765136204795,86.11998970392114,85.30753697086524
266.07972224719344,186.81012873648098,86.11998970392114,85.30753697086524
286.32706791744374,181.41083655774753,86.11998970392114,85.30753697086524
298.475475319594,185.4603056917976,86.11998970392114,85.30753697086524
312.6486172887693,198.9585361386312,86.11998970392114,85.30753697086524
330.19631686965295,217.85605876419817,86.11998970392114,85.30753697086524
346.39419340585323,236.0786698674235,86.11998970392114,85.30753697086524
354.49313167395337,257.00092706001556,86.11998970392114,85.30753697086524
349.09383949521987,267.7995114174824,86.11998970392114,85.30753697086524
334.9206975260446,271.1740690291908,86.11998970392114,85.30753697086524
308.78642505087794,275.4026812063949,84.3956128669202,83.59942783987377
274.3937395518493,278.0482723986279,84.3956128669202,83.59942783987377
224.12750689942274,274.74128340833664,84.3956128669202,83.59942783987377
221.48191570718976,256.2221450627058,84.3956128669202,83.59942783987377
228.75729148583045,231.7504265345508,84.3956128669202,83.59942783987377
228.75729148583045,203.97171901610454,84.3956128669202,83.59942783987377
242.64664524505358,194.0507520452309,84.3956128669202,83.59942783987377
272.5930732166242,188.93512573049753,82.70576315290441,81.92552010429209
303.05634216579045,190.23143504748333,82.70576315290441,81.92552010429209
317.96389931112714,191.52774436446913,82.70576315290441,81.92552010429209
322.2474369962958,197.1160979664611,84.50916231845349,83.71190607016618
328.87031370450916,208.3749883704238,84.50916231845349,83.71190607016618
330.19488904615184,220.95845411602926,84.50916231845349,83.71190607016618
320.26057398383176,238.177933557384,84.50916231845349,83.71190607016618
293.2905534642272,241.0028765110142,82.8170390086703,82.0357461878338
257.59408422876373,238.40676965752593,82.8170390086703,82.0357461878338
205.6719471589987,238.40676965752593,82.8170390086703,82.0357461878338
186.85017247120888,237.10871623078182,82.8170390086703,82.0357461878338
199.18168002527807,237.10871623078182,82.8170390086703,82.0357461878338
234.87814926074154,237.10871623078182,82.8170390086703,82.0357461878338
256.2960308020196,235.81066280403772,82.8170390086703,82.0357461878338
263.43532464911226,233.21455595054945,82.8170390086703,82.0357461878338
279.0119657700418,233.21455595054945,82.8170390086703,82.0357461878338
364.6834919351541,224.77720867671266,82.8170390086703,82.0357461878338
374.41889263573506,215.0418079761317,82.8170390086703,82.0357461878338
361.1844723138738,208.95519954634236,84.62286454425436,83.8245356334595
316.0883179355883,208.2920208054852,84.62286454425436,83.8245356334595
237.57380447460906,219.31534114116997,86.46806610564182,85.65232963294709
163.22150943602412,221.5281262975648,84.73671974987184,83.9373167333636
166.5418644849067,216.2155582193527,84.73671974987184,83.9373167333636
193.1047048759674,192.9730728771746,84.73671974987184,83.9373167333636
223.65197132568719,171.0587295545495,84.73671974987184,83.9373167333636
224.9801133452402,163.75394844700782,84.73671974987184,83.9373167333636
226.3082553647932,173.71501359365558,84.73671974987184,83.9373167333636
236.9333915212175,200.27785398471627,84.73671974987184,83.9373167333636
244.90224363853568,230.82512043443606,84.73671974987184,83.9373167333636
241.58188858965312,252.0753927472846,84.73671974987184,83.9373167333636
244.2381726287592,266.684954962368,84.73671974987184,83.9373167333636
254.19923777540694,271.33345203080364,84.73671974987184,83.9373167333636
242.24595959942965,262.7005289037089,84.73671974987184,83.9373167333636
224.9801133452402,260.70831587437937,84.73671974987184,83.9373167333636
229.62861041367583,271.9975230405802,84.73671974987184,83.9373167333636
254.86330878518348,291.2555823240992,84.73671974987184,83.9373167333636
278.1057941273616,291.2555823240992,84.73671974987184,83.9373167333636
278.1057941273616,278.63823313834536,84.73671974987184,83.9373167333636
277.44172311758507,256.0598188059438,84.73671974987184,83.9373167333636
285.41057523490326,217.54370023890576,84.73671974987184,83.9373167333636
277.44172311758507,171.05872955454956,84.73671974987184,83.9373167333636
258.183663834066,157.7773093590192,84.73671974987184,83.9373167333636
242.2459595994296,167.07430349589043,84.73671974987184,83.9373167333636
235.60524950166442,188.9886468185155,84.73671974987184,83.9373167333636
232.94896546255833,223.5203393268944,84.73671974987184,83.9373167333636
231.62082344300532,251.41132173750813,84.73671974987184,83.9373167333636
240.25374657010005,261.3723868841559,84.73671974987184,83.9373167333636
248.22259868741824,254.06760577661416,84.73671974987184,83.9373167333636
252.87109575585387,242.11432760063687,84.73671974987184,83.9373167333636
252.20702474607734,232.15326245398913,84.73671974987184,83.9373167333636
262.1680898927251,230.82512043443612,84.73671974987184,83.9373167333636
284.0824332153502,220.86405528778837,84.73671974987184,83.9373167333636
286.7387172544562,209.5748481215876,84.73671974987184,83.9373167333636
276.113581098032,196.29342792605726,84.73671974987184,83.9373167333636
285.41057523490326,186.3323627794095,84.73671974987184,83.9373167333636
298.6919954304336,186.3323627794095,84.73671974987184,83.9373167333636
300.6842084597631,202.2700670140459,84.73671974987184,83.9373167333636
287.40278826423275,234.14547548331873,84.73671974987184,83.9373167333636
276.77765210780854,257.38796082549686,84.73671974987184,83.9373167333636
288.7309302837858,268.01309698192114,84.73671974987184,83.9373167333636
295.37164038155095,262.700528903709,84.73671974987184,83.9373167333636
282.7542911957971,249.41910870817864,84.73671974987184,83.9373167333636
277.44172311758507,243.44246962019,84.73671974987184,83.9373167333636
278.1057941273616,243.44246962019,84.73671974987184,83.9373167333636
280.0980071566911,242.77839861041346,84.73671974987184,83.9373167333636
273.457297058926,233.4814044735422,84.73671974987184,83.9373167333636
265.4884449416078,224.84848134644747,84.73671974987184,83.9373167333636
262.83216090250164,225.512552356224,84.73671974987184,83.9373167333636
255.52737979495996,233.4814044735422,84.73671974987184,83.9373167333636
245.56631464831221,233.4814044735422,84.73671974987184,83.9373167333636
244.90224363853568,231.48919144421265,84.73671974987184,83.9373167333636
268.80879999049034,225.512552356224,84.73671974987184,83.9373167333636
292.7153563424449,226.84069437577702,84.73671974987184,83.9373167333636
282.75429119579724,236.80175952242476,84.73671974987184,83.9373167333636
262.1680898927252,245.4346826495195,84.73671974987184,83.9373167333636
260.83994787317215,244.77061163974295,84.73671974987184,83.9373167333636
269.4728710002669,234.14547548331868,84.73671974987184,83.9373167333636
275.4495100882556,223.5203393268944,84.73671974987184,83.9373167333636
275.4495100882556,220.19998427801184,84.73671974987184,83.9373167333636
278.1057941273616,223.5203393268944,84.73671974987184,83.9373167333636
288.73093028378594,228.16883639533003,84.73671974987184,83.9373167333636
286.73871725445633,227.5047653855535,84.73671974987184,83.9373167333636
278.1057941273616,227.5047653855535,84.73671974987184,83.9373167333636
278.1057941273616,223.5203393268944,84.73671974987184,83.9373167333636
281.42614917624417,224.84848134644741,84.73671974987184,83.9373167333636
281.42614917624417,234.80954649309516,84.73671974987184,83.9373167333636
273.1975259816295,244.51955605383392,86.58440392401779,85.7675699247346
271.8404238253401,254.01927114785963,86.58440392401779,85.7675699247346
279.30448568493176,242.48390281939982,86.58440392401779,85.7675699247346
289.4827518571022,228.91288125650595,86.58440392401779,85.7675699247346
289.67103867040066,220.95037741611108,84.85072814113147,84.0502495737623
280.3615359617057,232.25477356238352,84.85072814113147,84.0502495737623
273.0469266905883,242.89420522946344,84.85072814113147,84.0502495737623
272.3819622113957,238.9044183543085,84.85072814113147,84.0502495737623
273.71189116978076,219.62044845772616,84.85072814113147,84.0502495737623
279.69657148251315,209.64598126983873,84.85072814113147,84.0502495737623
281.0265004408982,218.29051949934117,84.85072814113147,84.0502495737623
280.3615359617056,230.9248446039986,84.85072814113147,84.0502495737623
275.70678460735814,240.899311791886,84.85072814113147,84.0502495737623
271.0520332530107,242.22924075027098,84.85072814113147,84.0502495737623
272.3819622113957,240.899311791886,84.85072814113147,84.0502495737623
273.71189116978064,234.91463147915354,84.85072814113147,84.0502495737623
267.0622463778557,234.91463147915354,84.85072814113147,84.0502495737623
256.4228147107758,245.55406314623346,84.85072814113147,84.0502495737623
255.75785023158326,256.19349481331335,84.85072814113147,84.0502495737623
255.75785023158326,255.52853033412086,84.85072814113147,84.0502495737623
257.0877791899683,245.55406314623346,84.85072814113147,84.0502495737623
257.0877791899683,241.5642762710785,84.85072814113147,84.0502495737623
255.09288575239074,246.21902762542598,84.85072814113147,84.0502495737623
255.09288575239074,258.18838825089085,84.85072814113147,84.0502495737623
257.75274366916074,267.4978909595858,84.85072814113147,84.0502495737623
258.4177081483532,267.4978909595858,84.85072814113147,84.0502495737623
257.75274366916074,267.4978909595858,84.85072814113147,84.0502495737623
256.4228147107757,262.17817512604586,84.85072814113147,84.0502495737623
247.7782764812733,255.52853033412086,84.85072814113147,84.0502495737623
247.1133120020808,249.5438500213884,84.85072814113147,84.0502495737623
247.7782764812733,236.909524916731,84.85072814113147,84.0502495737623
248.44324096046583,226.27009324965107,84.85072814113147,84.0502495737623
247.7782764812733,226.27009324965107,84.85072814113147,84.0502495737623
249.7731699188508,228.26498668722857,84.85072814113147,84.0502495737623
253.0979923148133,226.9350577288436,84.85072814113147,84.0502495737623
256.4228147107758,216.9605905409562,84.85072814113147,84.0502495737623
260.4126015859307,214.96569710337872,84.85072814113147,84.0502495737623
260.4126015859307,223.61023533288116,84.85072814113147,84.0502495737623
260.4126015859307,237.57448939592356,84.85072814113147,84.0502495737623
262.4074950235082,247.54895658381096,84.85072814113147,84.0502495737623
261.74253054431574,244.889098667041,84.85072814113147,84.0502495737623
261.74253054431574,234.9146314791536,84.85072814113147,84.0502495737623
271.71699773220314,230.25988012480613,84.85072814113147,84.0502495737623
272.3819622113956,231.5898090831911,84.85072814113147,84.0502495737623
270.3870687738181,240.23434731269353,84.85072814113147,84.0502495737623
260.4126015859307,244.889098667041,84.85072814113147,84.0502495737623
258.4177081483532,244.22413418784848,84.85072814113147,84.0502495737623
259.74763710673824,234.24966699996108,84.85072814113147,84.0502495737623
259.74763710673824,229.5949156456136,84.85072814113147,84.0502495737623
249.1082054396583,238.90441835430855,84.85072814113147,84.0502495737623
243.7884896061183,255.52853033412092,84.85072814113147,84.0502495737623
245.1184185645033,257.5234237716984,84.85072814113147,84.0502495737623
255.7578502315832,256.8584592925059,84.85072814113147,84.0502495737623
276.3717490865506,246.8839921046185,84.85072814113147,84.0502495737623
287.01118075363047,235.57959595834606,84.85072814113147,84.0502495737623
269.0571398154332,238.23945387511603,84.85072814113147,84.0502495737623
251.76806335642826,252.8686724173509,84.85072814113147,84.0502495737623
267.72721085704814,260.18328168846836,84.85072814113147,84.0502495737623
289.006074191208,254.86356585492834,84.85072814113147,84.0502495737623
285.68125179524554,240.23434731269347,84.85072814113147,84.0502495737623
263.73742398189313,230.92484460399854,84.85072814113147,84.0502495737623
248.44324096046577,232.91973804157604,84.85072814113147,84.0502495737623
244.45345408531082,236.24456043753852,84.85072814113147,84.0502495737623
245.7833830436958,235.579595958346,84.85072814113147,84.0502495737623
247.7782764812733,232.25477356238352,84.85072814113147,84.0502495737623
243.12352512692584,232.25477356238352,84.85072814113147,84.0502495737623
241.79359616854086,232.25477356238352,84.85072814113147,84.0502495737623
249.7731699188508,240.89931179188594,84.85072814113147,84.0502495737623
249.1082054396583,249.54385002138835,84.85072814113147,84.0502495737623
259.74763710673824,257.5234237716983,84.85072814113147,84.0502495737623
304.3002572126354,256.8584592925058,84.85072814113147,84.0502495737623
324.2491915884102,247.54895658381085,84.85072814113147,84.0502495737623
300.9754348166729,248.21392106300337,84.85072814113147,84.0502495737623
242.45856064773332,261.5132106468533,84.85072814113147,84.0502495737623
225.83444866792095,273.4825712723182,84.85072814113147,84.0502495737623
231.8191289806534,276.8073936682806,84.85072814113147,84.0502495737623
255.7578502315832,268.8278199179707,84.85072814113147,84.0502495737623
265.73231741947063,264.17306856362325,84.85072814113147,84.0502495737623
253.28250906937524,265.67950030266695,83.1517656736224,82.36731505405993
238.29456081450638,267.6344500750412,83.1517656736224,82.36731505405993
227.2165121043859,268.2860999991659,83.1517656736224,82.36731505405993
233.73301134563326,271.5443496197895,83.1517656736224,82.36731505405993
250.0242594487516,272.19599954391424,83.1517656736224,82.36731505405993
253.93415899349998,267.6344500750412,83.1517656736224,82.36731505405993
253.93415899349998,258.5113511372949,83.1517656736224,82.36731505405993
244.81106005575373,257.20805128904544,83.1517656736224,82.36731505405993
244.159410131629,251.99485189604755,83.1517656736224,82.36731505405993
254.58580891762472,241.56845311005182,83.1517656736224,82.36731505405993
255.8891087658742,235.70360379292921,83.1517656736224,82.36731505405993
254.58580891762472,232.44535417230557,83.1517656736224,82.36731505405993
253.93415899349998,223.32225523455932,83.1517656736224,82.36731505405993
257.84405853824836,219.41235568981094,83.1517656736224,82.36731505405993
258.4957084623731,229.18710455168193,83.1517656736224,82.36731505405993
249.37260952462685,261.7696007579186,83.1517656736224,82.36731505405993
240.2495105868806,289.7905474952821,83.1517656736224,82.36731505405993
239.59786066275586,291.0938473435316,83.1517656736224,82.36731505405993
246.76600982812795,270.8926996956649,83.1517656736224,82.36731505405993
255.23745884174946,250.03990212367344,83.1517656736224,82.36731505405993
263.70890785537097,233.09700409643037,83.1517656736224,82.36731505405993
267.61880740011935,216.1541060691873,83.1517656736224,82.36731505405993
261.102308158872,202.4694576625679,83.1517656736224,82.36731505405993
258.49570846237305,188.7848092559485,83.1517656736224,82.36731505405993
257.8440585382483,173.1452110769549,83.1517656736224,82.36731505405993
263.7089078553709,163.3704622150839,83.1517656736224,82.36731505405993
270.877057020743,171.1902613045807,83.1517656736224,82.36731505405993
279.3485060343645,186.8298594835743,83.1517656736224,82.36731505405993
281.95510573086347,214.85080622093784,83.1517656736224,82.36731505405993
284.5617054273624,244.17505280655084,83.1517656736224,82.36731505405993
285.21335535148717,242.22010303417662,83.1517656736224,82.36731505405993
284.5617054273624,220.71565553806042,83.1517656736224,82.36731505405993
282.6067556549882,205.07605735906682,83.1517656736224,82.36731505405993
296.29140406160764,201.81780773844315,83.1517656736224,82.36731505405993
318.4475014818486,210.2892567520647,83.1517656736224,82.36731505405993
324.9640007230959,220.06400561393568,83.1517656736224,82.36731505405993
314.5376019371002,225.92885493105828,83.1517656736224,82.36731505405993
301.5046034546055,227.23215477930776,83.1517656736224,82.36731505405993
300.85295353048076,233.09700409643037,83.1517656736224,82.36731505405993
306.0661529234786,249.3882521995487,83.1517656736224,82.36731505405993
315.8409017853496,274.1509493162886,83.1517656736224,82.36731505405993
323.0090509507217,283.92569817815956,83.1517656736224,82.36731505405993
313.2343020888507,273.49929939216383,83.1517656736224,82.36731505405993
302.807903302855,255.2531015166713,83.1517656736224,82.36731505405993
300.201303606356,233.09700409643037,83.1517656736224,82.36731505405993
298.2463538339818,212.2442065244389,83.1517656736224,82.36731505405993
296.2914040616076,207.03100713144104,83.1517656736224,82.36731505405993
295.63975413748284,212.89585644856365,83.1517656736224,82.36731505405993
302.8079033028549,223.97390515868412,83.1517656736224,82.36731505405993
314.53760193710013,233.09700409643037,83.1517656736224,82.36731505405993
315.8409017853496,237.6585535653035,83.1517656736224,82.36731505405993
313.23430208885065,244.17505280655084,83.1517656736224,82.36731505405993
305.41450299935383,253.94980166842183,83.1517656736224,82.36731505405993
302.1562533787302,253.94980166842183,83.1517656736224,82.36731505405993
300.8529535304807,244.82670273067558,83.1517656736224,82.36731505405993
300.20130360635596,231.7937042481809,83.1517656736224,82.36731505405993
300.8529535304807,216.80575599331203,83.1517656736224,82.36731505405993
304.7628530752291,207.03100713144104,83.1517656736224,82.36731505405993
304.11120315110435,203.77275751081737,83.1517656736224,82.36731505405993
307.369452771728,203.77275751081737,83.1517656736224,82.36731505405993
315.8409017853495,208.98595690381524,83.1517656736224,82.36731505405993
332.7837998125926,220.71565553806042,83.1517656736224,82.36731505405993
338.6486491297152,240.2651532618024,83.1517656736224,82.36731505405993
314.718424120649,259.3359697345189,81.48682145827499,80.71807785961201
286.6199376246371,258.6973677687005,81.48682145827499,80.71807785961201
267.4618786500835,254.86575597378976,81.48682145827499,80.71807785961201
250.2196255729853,245.92532845233143,81.48682145827499,80.71807785961201
239.36339215407162,226.76726947777786,81.48682145827499,80.71807785961201
236.8089842907978,195.47577315267364,81.48682145827499,80.71807785961201
251.4968295046222,182.7037338363046,81.48682145827499,80.71807785961201
271.29349044499423,187.17394759703376,81.48682145827499,80.71807785961201
282.1497238639079,199.9459869134028,81.48682145827499,80.71807785961201
286.6199376246371,210.8022203323165,81.48682145827499,80.71807785961201
290.4515494195478,213.99523016140876,81.48682145827499,80.71807785961201
296.8375690777323,217.18823999050107,81.48682145827499,80.71807785961201
298.11477300936923,217.82684195631953,81.48682145827499,80.71807785961201
299.39197694100613,221.0198517854118,81.48682145827499,80.71807785961201
299.569178529778,222.46656104587157,79.85521434909438,79.10186327032933
