336,165,26,61
337.003937007874,164.66535433070865,26.0,61.0
335.3818893307087,163.33101049212598,26.56693,62.330105
331.6205205314961,163.67295311023622,26.56693,62.330105
330.30504672284036,164.01922699480443,27.14622190865,63.689212939525
334.84722952251605,165.76622037929508,27.14622190865,63.689212939525
334.1484321687198,160.87463890272127,27.14622190865,63.689212939525
332.4014387842292,161.2240375796194,27.14622190865,63.689212939525
330.926219214577,163.9580528219753,26.602674278973126,62.4139665775908
330.926219214577,166.01246891559674,26.602674278973126,62.4139665775908
331.6110245791175,164.98526086878599,26.602674278973126,62.4139665775908
332.295829943658,163.95805282197523,26.602674278973126,62.4139665775908
331.6110245791175,161.90363672835377,26.602674278973126,62.4139665775908
327.50219239187453,163.95805282197523,26.602674278973126,62.4139665775908
326.13258166279354,165.6700662333265,26.602674278973126,62.4139665775908
329.48053790269915,176.56700278096758,26.07001008002638,61.16425441852343
331.1582717434035,175.89590924468587,26.07001008002638,61.16425441852343
322.09850900360027,165.82950620046006,26.07001008002638,61.16425441852343
321.42741546731855,166.83614650488266,26.07001008002638,61.16425441852343
322.09850900360027,165.82950620046006,26.07001008002638,61.16425441852343
329.4805379026992,162.8095852871923,26.07001008002638,61.16425441852343
330.82272497526264,164.15177235975574,26.07001008002638,61.16425441852343
331.15827174340353,161.8029449827697,26.07001008002638,61.16425441852343
331.82936527968525,159.11857083764284,26.07001008002638,61.16425441852343
330.82272497526264,160.46075791020627,26.07001008002638,61.16425441852343
329.86740315408343,160.80055493083088,26.638466649821353,62.49794098611933
328.1530863269826,160.80055493083088,26.638466649821353,62.49794098611933
329.91984063685396,163.2049414180113,27.219318415120707,63.86070858932166
322.8352167326232,163.49394202287237,26.67430717724953,62.58202837739314
324.13223998849037,162.06053263913117,26.140208675872188,61.328951124161684
323.7957896951153,157.68667882525492,26.140208675872188,61.328951124161684
325.47804116199075,157.01377823850473,26.140208675872188,61.328951124161684
331.8705967361176,155.66797706500435,26.140208675872188,61.328951124161684
333.55284820299306,153.31282501137866,26.140208675872188,61.328951124161684
333.8145503380607,155.60906994898983,25.61680440573684,60.10096418269029
333.48483677438907,155.93878351266147,25.61680440573684,60.10096418269029
333.2055495643555,155.2835327506597,26.175378825803932,61.41146570669385
336.9114822115582,157.64185352615232,26.175378825803932,61.41146570669386
327.40335038192495,161.96260573705314,25.651270345274405,60.18182657929766
329.9712577418342,164.21590066686747,25.137656066230598,58.97680846307949
327.31100477968914,162.86506700317906,24.634325863729075,57.795918372595146
328.62776951623067,158.43012986487176,25.171477339187685,59.05615837270958
331.91713689582735,155.84237951023846,25.720341402568675,60.34387790602652
332.6298594348087,154.1913418202452,26.281173446851685,61.65967616376743
335.3359766280036,151.82348927619967,26.281173446851685,61.65967616376743
334.3211826805555,152.5000185744984,26.281173446851685,61.65967616376743
333.6446533822568,154.52960646939457,26.281173446851685,61.65967616376743
332.9681240839581,155.2061357676933,26.281173446851685,61.65967616376743
336.06424008194745,153.8573618500191,26.854234433860285,63.004165402518375
339.52064518018807,155.93120490896348,26.854234433860285,63.004165402518375
332.95347549353085,157.31376694825974,26.854234433860285,63.004165402518375
329.4970703952902,158.696328987556,26.854234433860285,63.004165402518375
336.4098805917715,153.16608083037096,26.854234433860285,63.004165402518375
336.4627428106804,152.47917791707,27.43979101569061,64.37797122912028
337.52227441410275,153.53870952049232,27.43979101569061,64.37797122912028
340.9755820999883,155.24275979363503,26.89036526445357,63.08893388967954
338.55284325499287,154.89665424434997,26.89036526445357,63.08893388967954
338.89894880427795,154.55054869506492,26.89036526445357,63.08893388967954
338.129844467989,154.48995109670807,26.35194064132096,61.825706889253034
342.5909993344765,155.51177379139423,26.926544707004965,63.17381642797319
335.5825783527221,156.83737952016781,26.38739566445561,61.90888982814587
331.21930776395794,155.8227860148554,26.962772826919064,63.25881317084858
328.0188699212677,159.23240030663067,26.42289839028824,61.99218468490703
334.5325700534407,155.1556426221669,26.999049689688473,63.34392427196143
332.10003907746176,154.11312934674737,26.999049689688473,63.34392427196143
333.1425523528813,152.723111646188,26.999049689688473,63.34392427196143
330.7100213769024,153.07061607132783,26.999049689688473,63.34392427196143
326.5399682752243,153.07061607132783,26.999049689688473,63.34392427196143
326.94061998626216,153.07501778723247,27.58776396817213,64.72513854071154
330.49143757756235,154.14026306462253,27.587763968172126,64.72513854071154
330.19066198089934,153.78967900081247,28.189315161498122,66.13647018659175
330.6089766061268,150.52885591638824,28.80398317859459,67.57857591901038
330.2382409050092,154.2362129275641,28.803983178594585,67.57857591901038
329.49676950277404,155.71915573203444,28.803983178594585,67.57857591901038
326.9583198694638,152.38723040025434,29.43205403180384,69.0521267669244
328.0106174294372,150.42680712571263,28.84273728417897,67.66949901288143
328.75308643887246,150.055572620995,28.84273728417897,67.66949901288143
325.78321040113144,151.1692761351479,28.84273728417897,67.66949901288143
324.72628344845543,152.2876819457481,29.471653170660492,69.1450324388573
329.57328954530794,152.97992594589928,28.88154353118735,67.76054443855493
328.74723455683534,155.51697907145825,28.30324963155692,66.40377798172969
328.38294379083254,156.60985136946658,28.30324963155692,66.40377798172969
329.3948826957564,159.09610518978886,27.736534885720282,65.07417800111295
328.9585732407912,164.031552971193,27.18116744478077,63.771200543524095
327.9090278594437,154.23579607861603,27.18116744478077,63.771200543524095
327.55917939899456,152.48655377637016,27.18116744478077,63.771200543524095
328.5309999912122,152.07545239311793,26.636920102142163,62.49431254733351
327.5024696117382,154.1325131520659,26.636920102142163,62.49431254733351
327.5024696117382,155.84673045118925,26.636920102142163,62.49431254733351
328.5309999912122,157.2181042904879,26.636920102142163,62.49431254733351
331.6165911296342,158.58947812978656,26.636920102142163,62.49431254733351
330.2452172903355,166.13203424592916,26.636920102142163,62.49431254733351
326.81678269208885,164.41781694680583,26.636920102142163,62.49431254733351
327.8453130715628,162.36075618785785,26.636920102142163,62.49431254733351
328.8738434510368,163.04644310750717,26.636920102142163,62.49431254733351
334.4117732466425,159.9651946461872,27.217738144969374,63.857001032428116
336.8640073769055,160.6658329691195,27.217738144969374,63.857001032428116
348.074220543822,164.8696629067132,27.217738144969374,63.857001032428116
352.2780504814157,163.46838626084863,27.217738144969374,63.857001032428116
361.38634867953533,151.90785393246597,27.217738144969374,63.857001032428116
361.73666784100146,149.455619802203,27.217738144969374,63.857001032428116
353.32900796581407,154.7104072241951,27.217738144969374,63.857001032428116
355.4309229346109,155.76136470859353,27.217738144969374,63.857001032428116
356.53545819034997,150.51101465577767,27.811220925220432,65.24940293994021
358.02203570812236,147.29392794475157,28.417644597494863,66.6721661710456
353.6328780022706,149.12274365552312,28.417644597494863,66.6721661710456
348.5681337840404,154.24806063831227,29.037291337943238,68.12595275440525
347.50407750029046,152.01036300853144,29.67044947556709,69.61143915421505
355.58213093658975,150.4876483375429,30.31741362638183,71.12931658497271
360.2647114785203,140.34205716335998,30.31741362638183,71.12931658497271
359.15374578613694,139.56656978929232,30.97848483050508,72.68029133310804
357.9575747334751,141.16146452617477,30.97848483050508,72.68029133310804
362.8032396974785,149.5397123869897,31.653970692234246,74.26508508562647
364.7498141586093,151.09805139203627,31.020164603212972,72.77807849215348
363.61309652593275,151.10310867936556,31.69655929238603,74.36500449367489
363.2675247882475,150.29234421787325,32.38770276775651,75.98653341665947
364.5181099193465,152.37665276970495,32.38770276775651,75.98653341665947
364.9987264106537,154.04937985132784,33.09391662660744,77.64341977780973
371.81394849002777,156.6050881310931,33.09391662660744,77.64341977780973
370.53609435014516,151.91962295152348,33.09391662660744,77.64341977780973
368.3117051025393,151.84504561320645,32.43127856228864,76.08876893460024
368.3755456618775,155.18971354853193,33.13844259133934,77.7478845412192
371.7877414465702,155.61623802161853,33.13844259133934,77.7478845412192
378.61213301595564,154.76318907544535,33.13844259133934,77.7478845412192
377.75908406978243,152.6305667100124,33.13844259133934,77.7478845412192
375.6264617043495,154.33666460235875,33.13844259133934,77.7478845412192
370.5081680273104,156.4692869677917,33.13844259133934,77.7478845412192
371.7877414465701,155.61623802161853,33.13844259133934,77.7478845412192
376.81127545341707,154.26198692451493,32.474912985550404,76.19114200456053
377.6472438373576,155.51593950042576,32.474912985550404,76.19114200456053
375.8824447680709,155.44275709050237,31.824669204420996,74.66557005652615
373.8343702054,151.3466079651605,31.824669204420996,74.66557005652615
368.09976142992133,145.61199918968185,31.824669204420996,74.66557005652615
371.37668073019483,146.84084392728442,31.824669204420996,74.66557005652615
377.5209044182077,144.38315445207928,31.824669204420996,74.66557005652615
385.77584912542443,144.38834289960639,32.5186061164234,76.2936528116087
390.3798613481464,144.8068894653084,32.5186061164234,76.2936528116087
389.1242216510404,144.8068894653084,32.5186061164234,76.2936528116087
389.9613147824444,161.96729865909026,32.5186061164234,76.2936528116087
395.3094328942699,161.47547122073408,31.867487469620265,74.76602829410903
396.44880560915163,160.99349162194943,31.22940614338053,73.26899133639273
393.23317929517543,165.8169310929137,31.22940614338053,73.26899133639273
392.8312260059284,167.4247442499018,31.22940614338053,73.26899133639273
392.4907474054502,166.22397578260978,31.91036334433694,74.86662169248277
401.1158229005503,160.47392545254297,31.91036334433694,74.86662169248277
394.9550546897645,155.13459300319528,31.91036334433694,74.86662169248277
394.54433680904543,155.54531088391434,31.91036334433694,74.86662169248277
394.4530888423407,161.2234510200382,31.271423516308225,73.36757055749233
402.10047663441185,156.3935218882038,31.271423516308225,73.36757055749233
402.10047663441185,157.19851007684287,31.271423516308225,73.36757055749233
411.3578408037611,153.9785573222866,31.271423516308225,73.36757055749233
418.2002404071932,164.84589786891402,31.271423516308225,73.36757055749233
415.2933608343509,168.80036847287622,30.645277152880215,71.89853485868046
419.2377105587525,168.01149852799588,30.64527715288022,71.89853485868046
424.75980017291477,168.40593350043605,30.64527715288022,71.89853485868046
427.97560479071694,163.28327502729752,31.31349742119877,73.466282411274
420.720963504461,153.6104199789563,31.31349742119877,73.466282411274
417.96135433674107,153.6155250889958,31.99628823246801,75.06821469925183
420.4952815363155,152.7970938782372,32.69396729737697,76.705077120769
417.54965607569477,165.84200663241472,32.69396729737697,76.705077120769
420.4952815363155,165.84200663241472,32.69396729737697,76.705077120769
425.5449251830939,165.4212029951832,32.69396729737697,76.705077120769
420.916085173547,164.1587920834886,32.69396729737697,76.705077120769
416.77240646000354,162.4809077057164,33.40685925429628,78.37763132738738
423.6520746286654,167.64065883221275,33.40685925429628,78.37763132738738
433.5415976211168,166.78070031113003,33.40685925429628,78.37763132738738
434.8315354027409,164.63080400842318,33.40685925429628,78.37763132738738
430.4362155873092,154.6659984595785,32.73795515324951,76.80827939800842
437.1781324571486,152.13777963338873,32.73795515324951,76.80827939800842
445.2486029883895,159.7277734545512,33.451806265366116,78.48308393028199
449.12362294493175,166.61669782173743,33.451806265366116,78.48308393028199
451.18075607328313,166.54131397698688,32.78200219225656,76.9116205279865
454.5562499392332,164.0096935775243,32.78200219225656,76.9116205279865
460.4633642046459,164.0096935775243,32.78200219225656,76.9116205279865
461.7291744043772,162.74388337779303,32.78200219225656,76.9116205279865
463.05951555845115,160.63954423525536,33.49681375005872,78.58867841359924
460.8080458041948,169.18680024011275,32.82610849402563,77.01510069752162
455.73799270548096,164.96175599118456,32.82610849402563,77.01510069752162
457.33414385697864,165.31028658498298,32.168832740387224,75.47303066013919
458.48429070582995,165.6518385657439,31.52471759079664,73.96183742456128
465.03841453751454,165.6569781114836,32.21211405786396,75.57457528960384
472.08664361286486,159.85255416707747,32.21211405786396,75.57457528960384
477.891067557271,157.77954561550385,32.21211405786396,75.57457528960384
478.36907840438454,154.88258525683534,32.91449920489568,77.22247890379364
474.46218019681686,161.1630437458693,32.25545360786836,75.67625654153724
469.80319057721886,162.7509940214075,31.60960405238666,74.16099412290711
473.4648118824999,151.7661301055645,31.60960405238666,74.16099412290711
475.49904594098933,154.20721097575182,31.60960405238666,74.16099412290711
472.2442714474062,155.42775141084553,31.60960405238666,74.16099412290711
473.4648118824999,155.83459822254343,31.60960405238666,74.16099412290711
471.3401898811657,152.50859129787398,30.976686314680244,72.6760717382882
472.13759095225834,156.09689611779075,30.976686314680244,72.6760717382882
473.33369255889727,166.86181057754106,30.976686314680244,72.6760717382882
472.0490128432922,166.39330389480176,30.35644146151991,71.22088189048895
469.6179040983958,166.71561284501178,29.748615744285345,69.79482924620785
461.577128946435,171.31034150327514,29.748615744285345,69.79482924620785
460.4284467818691,170.92744744841985,29.748615744285345,69.79482924620785
462.7258111110008,160.20641391247204,29.748615744285345,69.79482924620785
465.4060694949877,165.1840366255907,29.748615744285345,69.79482924620785
459.33832438900646,158.29679362204945,30.397284310589487,71.31670549792142
456.51270166715466,153.5333764440684,29.788640798750734,69.88873418168434
458.72797608580044,154.23306599816925,29.192184129681166,68.48935507348267
459.1611727595692,164.38259549249756,29.828719704628863,69.98276546085995
460.3129479752991,165.1504456363175,29.828719704628863,69.98276546085995
466.8396741977686,162.84689520485767,29.828719704628863,69.98276546085995
467.60752434158854,162.07904506103773,29.828719704628863,69.98276546085995
464.06690320612495,161.627900791531,29.231460537356657,68.58150356841362
462.1857144223005,160.49918752123634,29.231460537356654,68.58150356841362
458.04709909788676,160.87542527800122,29.231460537356654,68.58150356841362
461.8094766655356,158.61799873741188,29.231460537356654,68.58150356841362
464.8769204779111,153.73167357034347,29.868852534373715,70.07692325372288
460.6480626463485,152.57834870719003,29.868852534373715,70.07692325372288
462.5702707516042,148.34949087562742,29.868852534373715,70.07692325372288
457.9569712989904,150.6561406019343,29.868852534373715,70.07692325372288
465.17595185050607,148.66662285951082,29.270789789183613,68.6737760438538
456.88758466307826,158.08522193613337,29.270789789183617,68.6737760438538
455.38060881081867,156.57824608387375,29.270789789183617,68.6737760438538
454.6847400620772,152.43883457297153,29.909039360536763,70.17120773049004
464.693670556745,145.89453386491948,29.909039360536763,70.17120773049004
447.75548048884565,147.43436932563762,29.909039360536763,70.17120773049004
450.0652336799228,140.89006861758557,29.909039360536763,70.17120773049004
450.3646673820608,138.51291522808842,29.310171956260817,68.76617266661187
450.04511323230764,137.0086903297178,29.949280255767082,70.26561906160734
450.1040680095494,135.85714261266847,30.602324311744084,71.79776088524568
451.67959651742234,137.03878899357318,30.602324311744084,71.79776088524568
453.31536531145474,138.22542454036298,31.269607993361667,73.36331106134845
458.9499554859097,139.83530744735012,31.269607993361667,73.36331106134845
464.18207493361786,139.83530744735012,31.269607993361667,73.36331106134845
463.77960420687106,133.7982465461484,31.269607993361667,73.36331106134845
463.37713348012426,132.99330509265482,31.269607993361667,73.36331106134845
462.0803055787823,130.105543757486,30.643497982071263,71.89436065024404
457.3473607057186,130.4999558302413,30.643497982071263,71.89436065024404
465.6300142335801,143.9099663039218,30.643497982071263,71.89436065024404
467.20766252460135,138.38819728534747,30.643497982071263,71.89436065024404
468.84563215162837,134.84348450907103,31.311679455570328,73.4620171842226
470.86069329163706,134.4404722810693,31.311679455570328,73.4620171842226
477.2193529148444,131.548825628825,30.684727049207876,71.99109038467992
479.89620878686264,130.29484921891444,30.070328083819465,70.54961588896096
486.8628353719995,130.6818840291998,30.070328083819465,70.54961588896096
494.9905663879925,124.8763618749191,30.070328083819465,70.54961588896096
506.9026591372646,121.32528491883168,29.468231202398268,69.13700397485738
508.79908528217965,118.29100308696754,29.468231202398268,69.13700397485738
515.246934174891,118.67028831595054,29.468231202398268,69.13700397485738
522.8326387545513,120.56671446086564,29.468231202398268,69.13700397485738
530.4183433342117,122.46314060578074,29.468231202398268,69.13700397485738
538.0040479138721,122.46314060578074,29.468231202398268,69.13700397485738
542.2341932709842,132.7086460604524,30.11078598376656,70.64453634652915
539.9088600105782,125.7326462792345,30.11078598376656,70.64453634652915
538.3586378369743,127.28286845283847,30.11078598376656,70.64453634652915
538.7461933803753,127.67042399623946,30.11078598376656,70.64453634652915
532.5453046859594,132.70864606045237,30.11078598376656,70.64453634652915
543.3968599011872,132.70864606045237,30.11078598376656,70.64453634652915
526.7319715349445,134.64642377745733,30.11078598376656,70.64453634652915
525.9568604481425,127.67042399623944,30.11078598376656,70.64453634652915
525.9568604481425,124.1824241056305,30.11078598376656,70.64453634652915
531.7701935991574,124.1824241056305,30.11078598376656,70.64453634652915
531.0543552115683,122.63711096131048,30.76735167214259,72.18494046156522
512.5026293268197,142.0464304411957,31.43823377535366,73.75893308832966
511.755232876042,142.86083810136802,32.12374446282524,75.36724662432069
499.00107456060584,154.44307588647646,32.82420271083715,77.010629436964
498.06225367097284,143.38462906495312,32.16696511661327,75.46864892743875
503.4445214562329,138.83040247742537,32.16696511661327,75.46864892743875
501.78843906076827,139.65844367515768,32.16696511661327,75.46864892743875
502.2024596596344,133.8621552910314,32.16696511661327,75.46864892743875
502.2024596596344,131.7920522967006,32.16696511661327,75.46864892743875
501.78843906076827,121.02751672618042,32.16696511661327,75.46864892743875
506.7566862471622,116.05926953978648,32.16696511661327,75.46864892743875
500.5463772641698,136.3462788842284,32.16696511661327,75.46864892743875
495.90016895489606,137.5158522332611,31.52288736237291,73.9575434271056
489.72406874493896,141.5021220415897,30.891705949208042,72.47669472698803
488.13364172756604,138.71887476118707,30.891705949208042,72.47669472698803
485.35039444716347,137.5260544981574,30.891705949208042,72.47669472698803
484.555180938477,135.14041397209803,30.891705949208042,72.47669472698803
488.5312484819093,127.18827888523343,30.891705949208042,72.47669472698803
479.38629313201506,130.36913291997928,30.891705949208042,72.47669472698803
480.0931715338433,123.93781020705457,30.273162654237904,71.02549699648117
482.04139899114966,121.98958274974821,30.273162654237904,71.02549699648117
480.87246251676584,120.04135529244185,30.273162654237904,71.02549699648117
479.61695966555607,120.75242552293233,29.667004424967327,69.6033565355002
476.9440542093393,121.8979564327395,29.667004424967327,69.6033565355002
487.253832397604,120.37058188632992,29.667004424967327,69.6033565355002
486.10830148779684,107.38789824184843,29.667004424967327,69.6033565355002
484.19908330478484,105.86052369543884,29.667004424967327,69.6033565355002
481.14433421196566,110.44264733466761,29.667004424967327,69.6033565355002
486.40531206240036,117.63082165886271,29.072983275760336,68.20969153159149
482.66333208293395,123.99218762395566,29.072983275760336,68.20969153159149
487.07057360503387,120.55888950138478,28.490856186386644,66.84393182190705
490.0042171857036,121.2923003965522,28.490856186386644,66.84393182190705
486.02654115029435,117.99659629677787,29.112099305530805,68.30146375528372
489.3988542891089,110.87726855928055,29.112099305530805,68.30146375528372
488.27474990950407,115.74838753756818,29.112099305530805,68.30146375528372
487.15064552989924,116.87249191717301,29.112099305530805,68.30146375528372
487.5253469897675,116.49779045730473,29.112099305530805,68.30146375528372
493.1458688877917,116.12308899743645,29.112099305530805,68.30146375528372
491.6470630483186,117.99659629677787,29.112099305530805,68.30146375528372
486.6926977641375,118.68039492725718,28.52918899758122,66.93386649432509
489.63028839380974,117.5787984411301,28.52918899758122,66.93386649432509
488.07991361027024,116.04571242888915,27.95795027756996,65.59365257429869
484.53648425568196,114.6108847868785,28.567573383372373,67.02392216868127
482.6980198874304,113.14011329227725,28.567573383372373,67.02392216868127
475.3441624144242,116.08165628147975,28.567573383372373,67.02392216868127
469.0933835623689,113.14011329227725,28.567573383372373,67.02392216868127
463.94568333126455,110.19857030307475,28.567573383372373,67.02392216868127
458.7979831001602,103.21240570371884,28.567573383372373,67.02392216868127
444.45796102779804,103.94779145101947,28.567573383372373,67.02392216868127
438.57487504939303,102.84471283006854,28.567573383372373,67.02392216868127
431.13932834719213,102.04494988592097,27.995566094461047,65.68190506777393
423.85266327569974,104.86450631179136,27.43501208280841,64.36675911735813
417.7712458591189,105.15579704014033,26.88568201993822,63.0779462775473
417.4252005878144,107.57811393927165,26.88568201993822,63.0779462775473
419.1554269443368,108.61624975318506,26.88568201993822,63.0779462775473
432.7041166482934,120.3861722108552,27.471924316382974,64.45336089612921
430.28305926276244,121.09783259746621,28.070949626101708,65.8587664304693
426.6700509068893,126.51734513127599,28.070949626101708,65.8587664304693
420.88923753749214,137.71767103448283,28.070949626101708,65.8587664304693
418.72143252396825,137.35637019889552,28.070949626101708,65.8587664304693
414.0245216613331,140.9693785547687,28.070949626101708,65.8587664304693
414.38582249692047,141.330679390356,28.070949626101708,65.8587664304693
412.86035002541047,143.07392551604192,27.508886213248495,64.54007919262138
412.5062835008608,143.42799204059162,27.508886213248495,64.54007919262138
412.86035002541047,140.94952636874382,27.508886213248495,64.54007919262138
412.86035002541047,141.3035928932935,27.508886213248495,64.54007919262138
414.6306826481589,147.67679033518786,27.508886213248495,64.54007919262138
416.755081795457,148.03085685973755,27.508886213248495,64.54007919262138
418.1713478936557,146.6145907615388,27.508886213248495,64.54007919262138
418.8794809427551,149.4471229579363,27.508886213248495,64.54007919262138
421.05803098266296,150.51380736728717,28.10871747712838,65.94737561941649
420.33445709242795,152.32274209287462,28.10871747712838,65.94737561941649
423.95232654360285,156.66418543428452,28.10871747712838,65.94737561941649
424.36944514154345,160.64842445812124,28.721628061717166,67.38535814479786
424.36944514154345,160.27874874866546,28.721628061717166,67.38535814479786
417.7718205308524,155.10797136802245,29.347903161602908,68.85469587914518
417.01634755425147,153.97476190312105,29.347903161602908,68.85469587914518
417.01634755425147,152.4638159499192,29.347903161602908,68.85469587914518
418.58506448153435,154.35728304620005,29.987834190041657,70.35607252278994
420.5149296436736,158.9889594353343,29.987834190041657,70.35607252278994
421.2868757085293,157.05909427319503,29.987834190041657,70.35607252278994
422.8307678382407,155.5152021434836,29.987834190041657,70.35607252278994
426.3045251300914,153.58533698134434,29.987834190041657,70.35607252278994
424.43369063812304,155.90606416008745,30.641718914555515,71.89018668414937
423.7052301232572,153.1503355277638,31.309861595487398,73.45775220479725
424.5728408482556,155.9763618574806,31.992573127577003,75.05949849162285
424.98461685004906,150.2114978323721,31.992573127577003,75.05949849162285
424.98461685004906,150.2114978323721,31.992573127577003,75.05949849162285
424.2240418197322,145.68717763392596,32.69017118462382,76.69617085623268
422.1846181183416,148.21703585126647,33.402980367304544,78.36853086175283
420.9605834540145,149.94219895616362,34.13133235421362,80.07735667719335
419.70985871383186,151.70497924256307,34.87556605619724,81.82344343953955
418.8807448877968,152.60843101889276,35.63602777405262,83.6076036237387
418.4922230949902,153.07291170100027,36.413071359665835,85.43066742075432
