288,143,35,42
290.12204724409446,143.0,35.0,42.0
291.6377952755905,142.6968503937008,35.0,42.0
293.1535433070866,142.09055118110237,35.0,42.0
296.1850393700787,141.48425196850394,35.0,42.0
296.1850393700787,140.8779527559055,35.0,42.0
296.7913385826771,140.27165354330708,35.0,42.0
296.7913385826771,139.96850393700788,35.0,42.0
297.3976377952755,139.96850393700788,35.0,42.0
298.30708661417316,140.5748031496063,35.0,42.0
298.91338582677156,140.8779527559055,35.0,42.0
299.21653543307076,141.78740157480314,35.0,42.0
299.21653543307076,142.39370078740157,35.0,42.0
298.3070866141731,142.39370078740157,35.0,42.0
297.39763779527544,141.48425196850394,35.0,42.0
297.39763779527544,141.18110236220474,35.0,42.0
298.00393700787384,141.48425196850394,35.0,42.0
298.00393700787384,141.78740157480314,35.0,42.0
297.39763779527544,142.39370078740157,35.0,42.0
297.09448818897624,143.0,35.0,42.0
297.09448818897624,145.1220472440945,35.0,42.0
296.79133858267704,145.1220472440945,35.0,42.0
296.48818897637784,145.72834645669292,35.0,42.0
296.18503937007864,147.24409448818898,35.0,42.0
294.9724409448818,147.24409448818898,35.0,42.0
293.1535433070865,147.54724409448818,35.0,42.0
292.8503937007873,147.85039370078738,35.0,42.0
292.5472440944881,148.15354330708658,35.0,42.0
292.2440944881889,148.45669291338578,35.0,42.0
292.2440944881889,148.75984251968498,35.0,42.0
291.6377952755905,149.06299212598418,35.0,42.0
291.0314960629921,149.06299212598418,35.0,42.0
291.3346456692913,149.06299212598418,35.0,42.0
291.9409448818897,149.06299212598418,35.0,42.0
291.9409448818897,148.75984251968498,35.0,42.0
292.2440944881889,148.15354330708655,35.0,42.0
292.8503937007873,147.54724409448812,35.0,42.0
293.1535433070865,147.24409448818892,35.0,42.0
293.7598425196849,147.24409448818892,35.0,42.0
293.7598425196849,146.94094488188972,35.0,42.0
294.0629921259841,147.24409448818892,35.0,42.0
294.3661417322833,146.94094488188972,35.0,42.0
294.9724409448817,146.94094488188972,35.0,42.0
294.6692913385825,147.24409448818892,35.0,42.0
294.3661417322833,146.94094488188972,35.0,42.0
294.6692913385825,146.94094488188972,35.0,42.0
294.3661417322833,147.24409448818892,35.0,42.0
293.7598425196849,147.54724409448812,35.0,42.0
291.94094488188966,148.15354330708655,35.0,42.0
291.33464566929126,148.45669291338575,35.0,42.0
291.03149606299206,149.6692913385826,35.0,42.0
290.72834645669286,149.9724409448818,35.0,42.0
290.42519685039366,150.275590551181,35.0,42.0
290.42519685039366,150.275590551181,35.0,42.0
290.42519685039366,150.5787401574802,35.0,42.0
290.42519685039366,151.48818897637784,35.0,42.0
290.12204724409446,152.39763779527547,35.0,42.0
289.81889763779526,153.0039370078739,35.0,42.0
289.51574803149606,153.61023622047233,35.0,42.0
289.21259842519686,154.8228346456692,35.0,42.0
289.81889763779526,155.1259842519684,35.0,42.0
289.81889763779526,154.8228346456692,35.0,42.0
289.81889763779526,154.8228346456692,35.0,42.0
290.12204724409446,154.8228346456692,35.0,42.0
291.0314960629921,154.51968503937,35.0,42.0
292.5472440944882,153.91338582677156,35.0,42.0
292.8503937007874,153.91338582677156,35.0,42.0
293.75984251968504,154.51968503937,35.0,42.0
294.36614173228344,154.51968503937,35.0,42.0
297.09448818897636,154.8228346456692,35.0,42.0
297.39763779527556,156.33858267716525,35.0,42.0
300.1259842519685,156.64173228346445,35.0,42.0
301.33858267716533,158.1574803149605,35.0,42.0
304.9763779527559,158.4606299212597,35.0,42.0
307.40157480314963,161.49212598425183,35.0,42.0
311.3425196850394,163.91732283464552,35.0,42.0
314.6771653543307,168.1614173228345,35.0,42.0
315.2834645669291,173.3149606299211,35.0,42.0
317.1023622047244,179.07480314960614,35.0,42.0
318.01181102362204,185.1377952755904,35.0,42.0
318.9212598425197,190.291338582677,35.0,42.0
318.6181102362205,195.44488188976362,35.0,42.0
315.5866141732284,199.9921259842518,35.0,42.0
313.16141732283467,203.93307086614158,35.0,42.0
310.43307086614175,205.14566929133844,35.0,42.0
305.58267716535437,204.53937007874,35.0,42.0
298.6102362204725,203.62992125984238,35.0,42.0
294.3661417322835,198.47637795275577,35.0,42.0
289.8188976377953,192.4133858267715,35.0,42.0
286.484251968504,182.4094488188975,35.0,42.0
283.4527559055119,172.10236220472427,35.0,42.0
280.9491211614174,161.33737059055105,35.763175000000004,42.91581
279.4003222440946,151.4250575196849,35.763175000000004,42.91581
279.4003222440946,145.22986185039358,35.763175000000004,42.91581
280.3296015944883,139.03466618110224,35.763175000000004,42.91581
281.8784005118111,133.45899007874004,35.763175000000004,42.91581
284.0467189960631,130.9809118110235,35.763175000000004,42.91581
285.28575812992136,130.36139224409436,35.763175000000004,42.91581
287.7638363976379,131.9101911614172,35.763175000000004,42.91581
290.86143423228356,135.93706834645658,35.763175000000004,42.91581
292.71999293307096,141.51274444881878,35.763175000000004,42.91581
295.50783098425205,150.8055379527558,35.763175000000004,42.91581
297.98590925196856,160.40809124015738,35.763175000000004,42.91581
301.08350708661425,174.03752171259833,35.763175000000004,42.91581
302.94206578740165,184.25959456692905,35.763175000000004,42.91581
302.86191755542876,193.08449845234108,36.542991030875,43.85158923705
301.2793470777137,197.51569578994324,36.542991030875,43.85158923705
299.0637484089126,198.14872398102926,36.542991030875,43.85158923705
293.3664946891384,195.30009712114216,36.542991030875,43.85158923705
286.0866704916491,189.28632930582492,36.542991030875,43.85158923705
277.54078991198776,181.0569628217066,36.542991030875,43.85158923705
269.62793752341247,173.77713862421734,36.542991030875,43.85158923705
263.2157597483811,166.96876476170019,37.33981095030323,44.80777314036388
255.45378329886927,164.0580235931332,37.33981095030323,44.80777314036388
246.63787818967907,161.95242841948877,38.15400552807459,45.78480663368951
242.67226501668236,163.27429947715436,38.15400552807459,45.78480663368951
238.04571631485285,162.94383171273796,38.15400552807459,45.78480663368951
235.4019741995217,166.2485093569019,38.15400552807459,45.78480663368951
232.75823208419055,169.55318700106585,38.15400552807459,45.78480663368951
234.08010314185614,173.849267938479,38.15400552807459,45.78480663368951
235.40197419952173,177.81488111147573,38.15400552807459,45.78480663368951
240.68945843018403,177.81488111147573,38.15400552807459,45.78480663368951
246.30741042526276,176.16254228939377,38.15400552807459,45.78480663368951
252.58629794917422,168.8922514722331,38.15400552807459,45.78480663368951
262.50033088166606,160.30008959740687,38.15400552807459,45.78480663368951
272.7448315785743,151.04699219374783,38.15400552807459,45.78480663368951
281.9979289822333,145.42904019866913,38.15400552807459,45.78480663368951
288.27681650614477,142.78529808333798,38.15400552807459,45.78480663368951
295.216639558889,140.80249149683962,38.15400552807459,45.78480663368951
302.4869303760497,140.47202373242322,38.15400552807459,45.78480663368951
308.6803116191077,142.6165969934306,38.98595361861426,46.78314434233712
314.6710659261512,145.82095351645268,39.83604233726815,47.80325080472178
320.10237545651336,150.13029079497883,40.70466724043228,48.845600688518736
323.62797655607835,158.23917332397832,40.70466724043228,48.845600688518736
327.85869787555635,168.46341651271683,40.70466724043228,48.845600688518736
330.32661864525187,178.68765970145535,40.70466724043228,48.845600688518736
329.97405853529534,184.68118157071584,40.70466724043228,48.845600688518736
328.2112579855128,189.61702311010683,40.70466724043228,48.845600688518736
325.7433372158173,190.67470343997633,40.70466724043228,48.845600688518736
321.5126158963393,189.61702311010683,40.70466724043228,48.845600688518736
317.2818945768613,184.32862146075934,40.70466724043228,48.845600688518736
311.2883727076008,177.98253948154235,40.70466724043228,48.845600688518736
305.6474109482968,169.16853673262983,40.70466724043228,48.845600688518736
300.7115694089058,160.00197387376085,40.70466724043228,48.845600688518736
295.0706076496018,151.89309134476136,40.70466724043228,48.845600688518736
290.4873262201673,145.54700936554437,40.70466724043228,48.845600688518736
286.9617251206023,143.07908859584887,40.70466724043228,48.845600688518736
282.0258835812113,141.66884815602288,40.70466724043228,48.845600688518736
279.5579628115158,140.96372793610988,40.70466724043228,48.845600688518736
276.7374819318638,144.84188914563137,40.70466724043228,48.845600688518736
272.85932072234226,149.07261046510936,40.70466724043228,48.845600688518736
272.15420050242926,157.53405310406538,40.70466724043228,48.845600688518736
271.44908028251626,165.29037552310837,40.70466724043228,48.845600688518736
270.74396006260326,169.16853673262986,40.70466724043228,48.845600688518736
266.86579885308174,173.04669794215135,40.70466724043228,48.845600688518736
265.45555841325574,171.63645750232536,40.70466724043228,48.845600688518736
264.3978780833862,170.22621706249936,40.70466724043228,48.845600688518736
263.3401977535167,168.46341651271686,40.70466724043228,48.845600688518736
260.92723077155875,164.01659165055872,39.889639445044196,47.867567334053035
259.1997267011041,161.59808595192217,39.889639445044196,47.867567334053035
254.41656875424846,155.85829641569538,39.09093091602749,46.909117099232994
254.75515162045028,154.84254781708995,39.09093091602749,46.909117099232994
254.75515162045028,153.4882163522827,39.09093091602749,46.909117099232994
255.48509249795788,152.94209736724423,38.308214893415936,45.96985787209913
260.13034060314374,156.591935164176,38.308214893415936,45.969857872099126
260.7939474753132,159.90996952502303,38.308214893415936,45.969857872099126
262.121161219652,164.2234141941242,38.308214893415936,45.969857872099126
262.45296465573665,168.86866229931005,38.308214893415936,45.969857872099126
263.1165715279061,177.8273550735971,38.308214893415936,45.969857872099126
264.1119818361602,182.14079974269825,38.308214893415936,45.969857872099126
264.77558870832956,186.7860478478841,38.308214893415936,45.969857872099126
265.82271744723494,191.55971875706842,37.541171159944,45.04940539193281
265.17239794682644,189.28360050563876,37.541171159944,45.04940539193281
264.8472381966222,182.1300860011455,37.541171159944,45.04940539193281
264.8472381966222,174.9765714966522,37.541171159944,45.04940539193281
265.4975576970307,168.47337649256744,37.541171159944,45.04940539193281
268.4239954488688,165.54693874072927,37.541171159944,45.04940539193281
271.0252734505027,163.59598023950383,37.541171159944,45.04940539193281
275.25235020315785,161.6450217382784,37.541171159944,45.04940539193281
281.1052257068342,160.0192229872572,37.541171159944,45.04940539193281
288.25874021132745,159.36890348684872,37.541171159944,45.04940539193281
297.0380534668419,163.2708204892996,37.541171159944,45.04940539193281
304.51672772153944,167.1727374917505,37.541171159944,45.04940539193281
311.6702422260327,170.09917524358866,37.541171159944,45.04940539193281
315.5721592284836,170.09917524358866,37.541171159944,45.04940539193281
317.1979579795048,169.7740154933844,37.541171159944,45.04940539193281
315.5721592284836,169.7740154933844,37.541171159944,45.04940539193281
312.3205617264412,169.7740154933844,37.541171159944,45.04940539193281
307.44316547337763,171.07465449420138,37.541171159944,45.04940539193281
302.8909289705183,174.65141174644802,37.541171159944,45.04940539193281
298.9890119680674,179.5288079995116,37.541171159944,45.04940539193281
296.38773396643353,187.33264200441334,37.541171159944,45.04940539193281
293.4612962145954,194.81131625911084,37.541171159944,45.04940539193281
288.5838999615318,202.61515026401258,37.541171159944,45.04940539193281
280.78006595663004,209.4435050183016,37.541171159944,45.04940539193281
272.566939333157,210.25299287683302,38.35975639708658,46.0317076765039
266.16822463500375,207.42538317398785,39.19619088532505,47.035429062390065
262.34594249664366,196.7277424069365,40.05086382757956,48.06103659309548
259.91766177638885,185.97392778866515,40.05086382757956,48.06103659309548
261.90928795376345,178.51199742219515,40.92417291333993,49.109007496007926
267.2262080566777,171.4227706183095,40.92417291333993,49.109007496007926
272.89758949978625,166.10585051539525,40.92417291333993,49.109007496007926
283.53142970561476,165.3969278350067,40.92417291333993,49.109007496007926
292.7474245506661,168.94154123694952,40.92417291333993,49.109007496007926
300.9000353751346,173.5495386594752,40.92417291333993,49.109007496007926
308.34372351921456,182.76553350452653,40.92417291333993,49.109007496007926
313.3061822819345,191.27260566918932,40.92417291333993,49.109007496007926
314.98677452791253,196.05411481787834,41.81652450371531,50.179829404458374
317.15991674621586,201.48697036363663,41.81652450371531,50.179829404458374
314.6245841581953,201.12477999391942,41.81652450371531,50.179829404458374
307.0185863941337,199.67601851505054,41.81652450371531,50.179829404458374
299.4125886300721,193.88097259957505,41.81652450371531,50.179829404458374
287.51676129237876,188.22611059361287,40.979234038331,49.1750808459972
278.6433051029764,185.74154286058024,40.979234038331,49.1750808459972
270.4797254087262,183.61191337512366,40.979234038331,49.1750808459972
263.0260222096282,182.90203687997143,40.979234038331,49.1750808459972
258.41182499113893,182.90203687997143,40.979234038331,49.1750808459972
256.63713375325847,186.0964811081563,40.979234038331,49.1750808459972
257.34701024841064,185.74154286058024,40.979234038331,49.1750808459972
261.30665544143784,186.23385812129968,40.15870860379858,48.19045032455829
266.52412545689197,185.19036411820883,40.15870860379858,48.19045032455829
270.00243880052807,179.62506276839107,40.15870860379858,48.19045032455829
275.5677401503458,174.05976141857332,40.15870860379858,48.19045032455829
280.7852101657999,171.62494207802806,40.15870860379858,48.19045032455829
283.5678608407088,173.3640987498461,40.15870860379858,48.19045032455829
284.61135484379963,175.10325542166416,40.15870860379858,48.19045032455829
282.17653550325434,174.05976141857332,40.15870860379858,48.19045032455829
283.56786084070876,177.19024342784581,40.15870860379858,48.19045032455829
284.6113548437996,182.40771344329997,40.15870860379858,48.19045032455829
285.6548488468904,184.14687011511802,40.15870860379858,48.19045032455829
284.26352350943597,183.10337611202718,40.15870860379858,48.19045032455829
279.74171616270905,176.8424120934822,40.15870860379858,48.19045032455829
275.21990881598214,168.8422914031192,40.15870860379858,48.19045032455829
269.30677613180075,160.84217071275617,40.15870860379858,48.19045032455829
263.10002882347703,154.3680016789858,39.354612514628855,47.22553501755463
257.699292393767,152.1138653231727,38.566616806748705,46.27994016809845
254.358876764836,150.7776990716003,38.566616806748705,46.27994016809845
250.40244529914088,152.91123750836397,37.79439910291844,45.35327892350213
246.85258635302438,155.00205619708936,37.03764348084394,44.44517217701273
244.01540305306204,157.37180900028977,36.29604034392952,43.55524841271543
241.8637788570357,161.89473841348402,35.56928629461879,42.68314355354256
240.01529626219724,166.82402533305324,35.56928629461879,42.68314355354256
239.7072158297242,171.75331225262246,35.56928629461879,42.68314355354256
240.9395375596165,172.98563398251477,35.56928629461879,42.68314355354256
242.78802015445495,172.36947311756862,35.56928629461879,42.68314355354256
245.91684518888624,167.55942713613467,34.857084010271535,41.82850081232584
248.63405095031683,162.12501561327343,34.857084010271535,41.82850081232584
252.5589037168277,156.6906040904122,34.857084010271535,41.82850081232584
259.85184494041204,151.9768694520684,34.159142121525925,40.990970545831104
266.111160160718,150.61205015729882,33.47517509309629,40.17021011171554
271.6200669280071,149.74222277299003,33.47517509309629,40.17021011171554
278.28874354104124,149.1623378501175,33.47517509309629,40.17021011171554
282.92782292402154,148.87239538868124,33.47517509309629,40.17021011171554
286.1171899998205,148.2925104658087,33.47517509309629,40.17021011171554
287.27695984556556,151.48187754160764,33.47517509309629,40.17021011171554
285.8272475383842,152.06176246448018,33.47517509309629,40.17021011171554
281.4781106168402,153.5114747716615,33.47517509309629,40.17021011171554
276.88422476549295,149.27455858036444,32.80490310695767,39.36588372834919
270.6332117325136,146.14905206387476,32.80490310695767,39.36588372834919
264.6663356555788,139.6139020748509,32.80490310695767,39.36588372834919
258.9835965346885,133.9311629539606,32.80490310695767,39.36588372834919
251.02776176544205,128.53256078911483,32.80490310695767,39.36588372834919
241.65124221597307,126.54360209680324,32.80490310695767,39.36588372834919
229.43335310605892,129.6691086132929,32.80490310695767,39.36588372834919
211.57701349875413,138.5873279900814,32.14805194786932,38.57766233744317
194.59170416251766,146.9407588111813,32.14805194786932,38.57766233744317
180.11242407261116,157.80021887861113,32.14805194786932,38.57766233744317
168.97451631114464,173.1148420506276,32.14805194786932,38.57766233744317
162.57021934830138,188.98636061071744,32.14805194786932,38.57766233744317
163.68401012444804,195.94755296163402,32.14805194786932,38.57766233744317
165.63314398270467,202.6302976185139,32.14805194786932,38.57766233744317
166.19003937077798,206.25011764099054,32.14805194786932,38.57766233744317
167.86072553499795,201.2380591483306,32.14805194786932,38.57766233744317
170.08830708729127,195.66910526759733,32.14805194786932,38.57766233744317
171.75899325151124,190.65704677493738,32.14805194786932,38.57766233744317
175.65726096802453,182.8605113419108,32.14805194786932,38.57766233744317
182.6184533189411,178.40534823732423,32.14805194786932,38.57766233744317
186.72312228716606,177.14941219158024,32.84904022059261,39.41884826471112
193.83610343729438,179.4255661596213,32.84904022059261,39.41884826471112
199.81100760340217,182.55527786567777,32.84904022059261,39.41884826471112
203.22523855546376,189.9527782618112,32.84904022059261,39.41884826471112
206.63946950752535,196.49672091992926,32.84904022059261,39.41884826471112
205.99681360051517,199.76570712478997,33.56531354260264,40.27837625112315
209.19476867032222,205.5801708880755,33.56531354260264,40.27837625112315
213.77111703821663,209.21116052529743,34.29720520439909,41.15664624527889
215.85055388919204,216.63772070735234,34.29720520439909,41.15664624527889
210.12950527837154,220.34788407361398,35.04505576388101,42.0540669166572
204.66578792305782,223.99036231048981,35.04505576388101,42.0540669166572
203.1480886576929,220.044344220541,35.04505576388101,42.0540669166572
203.1480886576929,214.5806268652273,35.04505576388101,42.0540669166572
204.05870821691187,208.81336965684056,35.04505576388101,42.0540669166572
203.7551683638389,206.68859068532967,35.04505576388101,42.0540669166572
204.36224806998487,206.3850508322567,35.04505576388101,42.0540669166572
206.79056689456874,208.2062899506946,35.04505576388101,42.0540669166572
206.79056689456874,211.24168848142446,35.04505576388101,42.0540669166572
205.87994733534978,215.18770657137327,35.04505576388101,42.0540669166572
205.2728676292038,219.74080436746803,35.04505576388101,42.0540669166572
204.36224806998484,223.68682245741684,35.04505576388101,42.0540669166572
203.75516836383886,223.07974275127086,35.04505576388101,42.0540669166572
202.8445488046199,220.651423926687,35.04505576388101,42.0540669166572
202.23746909847392,213.67000730600833,35.04505576388101,42.0540669166572
202.23746909847392,206.08151097918372,35.04505576388101,42.0540669166572
202.5410089515469,200.01071391772402,35.04505576388101,42.0540669166572
202.5410089515469,195.15407626855625,35.04505576388101,42.0540669166572
201.93392924540092,194.2434567093373,35.04505576388101,42.0540669166572
201.02330968618196,193.93991685626432,35.04505576388101,42.0540669166572
200.41622998003598,194.2434567093373,35.04505576388101,42.0540669166572
200.41622998003598,197.58239509314012,35.04505576388101,42.0540669166572
200.41622998003598,200.92133347694295,35.04505576388101,42.0540669166572
201.02330968618196,205.17089141996473,35.04505576388101,42.0540669166572
200.71976983310898,209.11690950991354,35.04505576388101,42.0540669166572
201.93392924540092,208.50982980376756,35.04505576388101,42.0540669166572
203.45162851076583,203.6531921545998,35.04505576388101,42.0540669166572
204.66578792305776,199.10009435850503,35.04505576388101,42.0540669166572
204.66578792305776,197.8859349462131,35.04505576388101,42.0540669166572
204.96932777613074,196.67177553392116,35.04505576388101,42.0540669166572
205.57640748227672,195.7611559747022,35.04505576388101,42.0540669166572
204.3622480699848,198.18947479928607,35.04505576388101,42.0540669166572
203.14808865769285,201.5284131830889,35.04505576388101,42.0540669166572
203.45162851076583,204.56381171381875,35.04505576388101,42.0540669166572
205.27286762920374,208.20628995069458,35.04505576388101,42.0540669166572
204.66578792305776,216.40186598366518,35.04505576388101,42.0540669166572
201.9339292454009,220.65142392668696,35.04505576388101,42.0540669166572
200.41622998003598,224.59744201663577,35.04505576388101,42.0540669166572
201.32684953925494,222.77620289819785,35.04505576388101,42.0540669166572
203.14808865769285,217.31248554288413,35.04505576388101,42.0540669166572
201.63038939232794,211.24168848142443,35.04505576388101,42.0540669166572
198.33876397497986,201.9494365665222,34.34335012482552,41.21202014979062
195.95906727341713,196.0001948126154,34.34335012482552,41.21202014979062
192.13842575434714,190.4635463091063,33.655694707496025,40.38683364899522
186.89131744561942,188.4230041890455,33.655694707496025,40.38683364899522
181.6442091368917,187.25698012043935,33.655694707496025,40.38683364899522
179.89517303398247,185.50794401753012,33.655694707496025,40.38683364899522
179.60366701683094,185.50794401753012,33.655694707496025,40.38683364899522
175.23107675955782,189.58902825765168,33.655694707496025,40.38683364899522
167.40585154060804,197.57251661714375,32.98180818490929,39.57816982189114
167.6915207453592,204.9999159406745,32.98180818490929,39.57816982189114
168.83419756436393,208.99928480719106,32.98180818490929,39.57816982189114
168.83419756436393,212.99865367370762,32.98180818490929,39.57816982189114
170.8338819976222,212.99865367370762,32.98180818490929,39.57816982189114
171.69088961187575,211.8559768547029,32.98180818490929,39.57816982189114
173.97624324988521,207.28526957868397,32.98180818490929,39.57816982189114
175.11892006888993,206.9996003739328,32.98180818490929,39.57816982189114
175.6902584783923,206.42826196443042,32.98180818490929,39.57816982189114
181.1179733686648,208.4279463976887,32.98180818490929,39.57816982189114
186.83135746368845,211.28463844520053,32.98180818490929,39.57816982189114
192.25907235396093,215.2840073117171,32.98180818490929,39.57816982189114
198.54379485848696,219.85471458773603,32.98180818490929,39.57816982189114
209.3992246390319,223.56841424950142,32.98180818490929,39.57816982189114
221.11166203383038,228.42479073027152,32.98180818490929,39.57816982189114
230.25307658586823,231.8528211872857,32.98180818490929,39.57816982189114
240.82283716166197,226.71077550176443,32.98180818490929,39.57816982189114
253.39228217071403,217.28369174497539,32.98180818490929,39.57816982189114
260.24834308474243,206.9996003739328,32.98180818490929,39.57816982189114
267.390073203522,197.57251661714375,32.98180818490929,39.57816982189114
276.53148775555985,192.43047093162247,32.98180818490929,39.57816982189114
285.3872331028465,188.4311020651059,32.98180818490929,39.57816982189114
293.10030163112845,187.85976365560353,32.98180818490929,39.57816982189114
297.099670497645,188.71677126985708,32.98180818490929,39.57816982189114
297.099670497645,193.0018093411248,32.98180818490929,39.57816982189114
294.81431685963554,200.1435394599044,32.98180818490929,39.57816982189114
292.24329401687487,208.1422771929375,32.98180818490929,39.57816982189114
287.67258674085593,218.99770697348245,32.98180818490929,39.57816982189114
280.5308566220764,226.71077550176437,32.98180818490929,39.57816982189114
270.81810366053617,230.71014436828094,32.98180818490929,39.57816982189114
256.8203126277282,233.56683641579275,32.98180818490929,39.57816982189114
241.3941755711643,233.85250562054392,32.98180818490929,39.57816982189114
223.3970156718398,234.4238440300463,32.98180818490929,39.57816982189114
209.11355543428067,239.5658897155676,32.98180818490929,39.57816982189114
199.68647167749162,243.27958937733297,32.98180818490929,39.57816982189114
194.47051103298554,244.5621036093569,33.70097651238124,40.44117181485747
188.04875015424832,246.0215947181608,33.70097651238124,40.44117181485747
178.4161088361425,245.43779827463922,33.70097651238124,40.44117181485747
165.57258707866808,240.47552850470592,33.70097651238124,40.44117181485747
160.318419086974,230.8428871866001,33.70097651238124,40.44117181485747
159.15082619993086,220.04265298145117,33.70097651238124,40.44117181485747
163.52929952634258,206.3234365586944,33.70097651238124,40.44117181485747
172.57814440092685,196.98269346234937,33.70097651238124,40.44117181485747
183.96217504959736,193.1880165794592,33.70097651238124,40.44117181485747
192.71912170242084,196.98269346234937,33.70097651238124,40.44117181485747
200.5248470152965,200.9202569130496,34.43582630523371,41.322991566280436
213.0518956397201,209.8681487876379,34.43582630523371,41.322991566280436
223.78936588922605,221.20214516211638,34.43582630523371,41.322991566280436
235.64271485487055,232.0856176210435,35.18669949781933,42.22403939738318
253.01441610300654,245.49535191785026,35.18669949781933,42.22403939738318
266.7289170883771,251.59068568912602,35.18669949781933,42.22403939738318
280.74818476231144,255.24788595189148,35.18669949781933,42.22403939738318
292.3293189277354,254.94311926332767,35.18669949781933,42.22403939738318
306.34858660166975,250.06685224630706,35.18669949781933,42.22403939738318
320.67262096416783,244.88581854072265,35.18669949781933,42.22403939738318
334.38712194953837,239.09525145801064,35.18669949781933,42.22403939738318
348.71115631203645,236.65711794950033,35.18669949781933,42.22403939738318
361.8161239202794,231.7808509324797,35.18669949781933,42.22403939738318
370.95912457719305,231.4760842439159,35.18669949781933,42.22403939738318
374.9210915285223,231.1713175553521,35.18669949781933,42.22403939738318
374.3115581513947,232.99991768673482,35.18669949781933,42.22403939738318
369.74005782293784,235.13328450668135,35.18669949781933,42.22403939738318
360.29229047746037,237.57141801519168,35.18669949781933,42.22403939738318
345.3587227378347,241.22861827795714,35.18669949781933,42.22403939738318
326.76795473544354,249.76208555774326,35.18669949781933,42.22403939738318
304.2627239758728,255.06107763402005,34.48215773239238,41.378589278870834
286.94019119377333,258.64504993376477,34.48215773239238,41.378589278870834
269.61765841167386,257.15172814220455,34.48215773239238,41.378589278870834
253.1911187045106,250.28244790102715,34.48215773239238,41.378589278870834
236.76457899734726,242.81583894322566,34.48215773239238,41.378589278870834
220.03937493187192,236.24522306036033,34.48215773239238,41.378589278870834
207.79413624107747,233.85590819386385,34.48215773239238,41.378589278870834
199.1328698500277,231.1679289690553,34.48215773239238,41.378589278870834
195.25023319197095,225.19464180281412,34.48215773239238,41.378589278870834
194.40079313675523,220.23294420683604,33.79172297632735,40.5500675715928
196.74226685479994,219.35489156256926,33.79172297632735,40.5500675715928
199.66910900235587,218.4768389183025,33.79172297632735,40.5500675715928
205.81547751222325,217.8914704887913,33.79172297632735,40.5500675715928
211.9618460220907,220.8183126363472,33.79172297632735,40.5500675715928
220.74237246475843,220.52562842159162,33.79172297632735,40.5500675715928
232.15705684022646,218.4768389183025,33.79172297632735,40.5500675715928
247.96200443702838,212.91583883794627,33.79172297632735,40.5500675715928
258.2059519534741,207.35483875759004,33.79172297632735,40.5500675715928
266.9864783961418,200.91578603296705,33.79172297632735,40.5500675715928
276.3523732683207,195.940154382122,33.79172297632735,40.5500675715928
287.76705764378875,190.96452273127693,33.79172297632735,40.5500675715928
295.3768472274341,190.08647008701016,33.79172297632735,40.5500675715928
302.69395259632387,192.4279438050549,33.79172297632735,40.5500675715928
308.8403211061913,195.940154382122,33.79172297632735,40.5500675715928
316.1574264750811,203.54994396576737,33.79172297632735,40.5500675715928
322.5207491547103,210.42495222295787,34.528551495826164,41.43426179499138
328.80113922993536,222.38759998529133,34.528551495826164,41.43426179499138
333.80788319030216,230.0106501856465,35.28144656119265,42.33773587343117
341.14197916837685,239.1782701582399,35.28144656119265,42.33773587343117
345.4202018222538,242.53973081485748,35.28144656119265,42.33773587343117
348.1704878140318,240.40061948791902,35.28144656119265,42.33773587343117
352.3696418291951,233.82728567416333,36.05075850345946,43.26091020415134
356.11664979963336,226.33326973328673,36.05075850345946,43.26091020415133
354.47460374823663,219.9288550399253,36.8368452926274,44.20421435115285
352.2411887186836,214.82390640094704,36.8368452926274,44.20421435115285
349.0505958193222,212.2714320814579,36.8368452926274,44.20421435115285
343.54403347454104,210.83231776468605,37.64007270423314,45.16808724507974
336.93935140457234,209.68783993799016,38.460814489548945,46.152977387458705
327.27872162333915,212.01971609208093,38.460814489548945,46.152977387458705
316.61871634749565,217.34971873000268,38.460814489548945,46.152977387458705
304.9593355770418,227.01034851123583,38.460814489548945,46.152977387458705
294.2993303011983,237.0041034573391,38.460814489548945,46.152977387458705
282.6399495307445,242.33410609526084,38.460814489548945,46.152977387458705
270.22812456544824,242.16404842416418,39.29945254949356,47.15934305939224
256.2721772427541,237.05821403781263,39.29945254949356,47.15934305939224
244.69895263369065,231.2716017332809,39.29945254949356,47.15934305939224
234.1468949018975,225.14460046965908,39.29945254949356,47.15934305939224
223.93522612919446,219.01759920603726,39.29945254949356,47.15934305939224
213.29509507507055,214.41877695925103,40.156377112335264,48.18765253480229
203.81420052468374,211.45873309508892,41.031986915269734,49.23838429832365
194.9293214682277,209.32636212153946,41.031986915269734,49.23838429832365
187.46602306080462,207.19399114799,41.031986915269734,49.23838429832365
182.135095626931,206.83859598573176,41.031986915269734,49.23838429832365
179.29193432886507,206.83859598573176,41.031986915269734,49.23838429832365
181.77970046467277,204.35082984992405,41.031986915269734,49.23838429832365
187.46602306080464,196.53213628024272,41.031986915269734,49.23838429832365
196.70629727951894,186.22567657475372,41.031986915269734,49.23838429832365
207.98698639669718,177.51476635800168,41.92668938995719,50.3120272679486
224.69163587017619,170.9781643901186,41.92668938995719,50.3120272679486
239.2174180210275,168.7992970674909,41.92668938995719,50.3120272679486
253.01691106433626,171.70445349766115,41.92668938995719,50.3120272679486
264.54357560771456,174.7873721580852,42.84090085210521,51.409081022526216
276.0465261514688,179.61119012804664,42.84090085210521,51.409081022526216
283.09672164602785,184.80607101877436,42.84090085210521,51.409081022526216
291.2601059028857,193.71158111716474,42.84090085210521,51.409081022526216
293.11542050671704,198.90646200789246,42.84090085210521,51.409081022526216
292.74435758595075,203.35921705708765,42.84090085210521,51.409081022526216
290.8890429821194,201.8749653740226,42.84090085210521,51.409081022526216
286.06522501215795,195.93795864176235,42.84090085210521,51.409081022526216
281.2414070421965,188.1456373056708,42.84090085210521,51.409081022526216
278.2729036760664,178.49800136574788,42.84090085210521,51.409081022526216
276.41758907223505,169.96355418812377,42.84090085210521,51.409081022526216
272.3358969438061,163.65548453509726,42.84090085210521,51.409081022526216
268.9963306569097,162.91335869356473,42.84090085210521,51.409081022526216
264.54357560771456,167.73717666352618,42.84090085210521,51.409081022526216
263.0593239246495,171.8188687919551,42.84090085210521,51.409081022526216
262.6882610038832,176.2716238411503,42.84090085210521,51.409081022526216
265.6567643700133,181.09544181111175,42.84090085210521,51.409081022526216
272.70695986457235,189.62988898873587,42.84090085210521,51.409081022526216
274.5622744684037,199.27752492865878,42.84090085210521,51.409081022526216
276.04652615146875,207.44090918551663,42.84090085210521,51.409081022526216
276.10436398510103,208.69771593232747,41.983099343308005,50.37971921196957
277.61557630996043,208.4748251162156,41.142473557099706,49.37096826851962
281.8918019080212,201.34778245278102,41.142473557099706,49.37096826851962
286.16802750608196,188.51910565859876,41.142473557099706,49.37096826851962
290.4442531041427,176.04678099758823,41.142473557099706,49.37096826851962
290.80060523731447,166.78162553512325,41.142473557099706,49.37096826851962
289.73154883779927,157.16011793948655,41.142473557099706,49.37096826851962
286.16802750608196,150.03307527605196,41.142473557099706,49.37096826851962
287.23708390559716,141.48062407993044,41.142473557099706,49.37096826851962
287.23708390559716,136.1353420823545,41.142473557099706,49.37096826851962
282.30369889420695,135.91691419943396,40.31867958472821,48.38241550167382
276.4214441086136,135.70285988858603,39.511380403511495,47.41365648421376
269.6302957926925,137.88866346069844,38.72024573895817,46.46429488674978
263.92896827049947,140.90701332538887,38.72024573895817,46.46429488674978
254.92619337389505,145.06128389004064,37.94495192964873,45.53394231557844
251.96827979827674,149.0051686575317,37.94495192964873,45.53394231557844
247.69573796682812,152.29173929710757,37.94495192964873,45.53394231557844
242.4372249435067,156.56428112855622,37.94495192964873,45.53394231557844
236.8500548562277,163.79473653562314,37.94495192964873,45.53394231557844
227.97631412937284,170.3678778147749,37.94495192964873,45.53394231557844
222.38914404209385,179.57027560558734,37.94495192964873,45.53394231557844
217.13063101877245,187.45804514056942,37.94495192964873,45.53394231557844
214.83003157106933,193.70252935576357,37.94495192964873,45.53394231557844
212.8580891873238,198.63238531512738,37.94495192964873,45.53394231557844
212.9093171907794,199.08824739602323,37.1851817948223,44.62221815378672
216.5023596133875,194.70383610389138,36.440624504614675,43.72874940553757
225.70475291674464,184.72591947573036,35.71097545289464,42.853170543473524
234.67467509743236,174.51876664943055,35.71097545289464,42.853170543473524
240.24221300268678,160.59992188629445,35.71097545289464,42.853170543473524
242.0980589711049,149.15553841438256,35.71097545289464,42.853170543473524
240.5515206640898,139.25769324948578,35.71097545289464,42.853170543473524
238.38636703426863,131.52500171441017,35.71097545289464,42.853170543473524
239.93290534128377,126.26677147055875,35.71097545289464,42.853170543473524
241.17013598689587,125.02954082494665,35.71097545289464,42.853170543473524
237.14913638865656,125.6481561477527,35.71097545289464,42.853170543473524
233.12813679041724,129.97846340739505,35.71097545289464,42.853170543473524
230.65367549919304,138.94838558808277,35.71097545289464,42.853170543473524
229.72575251498398,148.53692309157654,35.71097545289464,42.853170543473524
230.65367549919304,158.74407591787636,35.71097545289464,42.853170543473524
231.89090614480514,169.56984406698223,35.71097545289464,42.853170543473524
235.2932904202384,181.63284286170017,35.71097545289464,42.853170543473524
238.07705937286562,186.27245778274553,35.71097545289464,42.853170543473524
239.93290534128377,190.6027650423879,35.71097545289464,42.853170543473524
237.45844405005957,189.98414971958184,35.71097545289464,42.853170543473524
230.035060176387,188.43761141256672,35.71097545289464,42.853170543473524
222.92098396411743,182.25145818450625,35.71097545289464,42.853170543473524
218.59067670447507,175.13738197223668,35.71097545289464,42.853170543473524
213.64175412202667,170.80707471259433,35.71097545289464,42.853170543473524
205.59975492554804,170.18845938978828,35.71097545289464,42.853170543473524
200.65083234309964,172.66292068101248,35.71097545289464,42.853170543473524
198.17637105187544,173.90015132662458,35.71097545289464,42.853170543473524
196.93914040626333,176.99322794065483,35.71097545289464,42.853170543473524
196.01121742205427,181.3235352002972,35.71097545289464,42.853170543473524
194.77398677644217,187.20038076695465,35.71097545289464,42.853170543473524
194.77398677644217,192.76791867220908,35.71097545289464,42.853170543473524
195.1315064365663,196.2900188783883,34.995936132646364,41.995123359175594
196.64707847380689,195.38067565604396,34.995936132646364,41.995123359175594
197.25330728870313,190.22773072942596,34.995936132646364,41.995123359175594
200.58756577063244,180.8311840985343,34.995936132646364,41.995123359175594
205.1342818823542,172.04086628253887,34.995936132646364,41.995123359175594
211.54693109071616,163.67098173782298,34.29521401384714,41.154256816616524
215.11147301971445,163.37393657707312,34.29521401384714,41.154256816616524
217.78487946646317,163.37393657707312,34.29521401384714,41.154256816616524
220.16124075246202,164.56211722007257,34.29521401384714,41.154256816616524
225.50805364595945,168.72074947057055,34.29521401384714,41.154256816616524
227.58736977120844,174.06756236406798,34.29521401384714,41.154256816616524
228.47850525345802,181.19664622206454,34.29521401384714,41.154256816616524
229.9637310572073,187.1375494370617,34.29521401384714,41.154256816616524
232.34009234320615,195.15776877730784,34.29521401384714,41.154256816616524
229.9637310572073,202.88094295680412,34.29521401384714,41.154256816616524
225.2110084852096,209.11889133255113,34.29521401384714,41.154256816616524
221.0523762347116,212.68343326154942,34.29521401384714,41.154256816616524
217.23708977924207,212.79840305483367,33.60852242379027,40.330226908548276
213.74392051944653,208.72303891840556,33.60852242379027,40.330226908548276
212.57953076618136,200.86340808386564,33.60852242379027,40.330226908548276
211.99733588954876,189.2195105512139,33.60852242379027,40.330226908548276
212.57953076618136,179.03110021014362,33.60852242379027,40.330226908548276
212.87062820449765,167.67830011580816,33.60852242379027,40.330226908548276
210.250751259651,158.36318208968677,33.60852242379027,40.330226908548276
205.5931922465903,153.41452563830978,33.60852242379027,40.330226908548276
201.2267306718459,148.4658691869328,33.60852242379027,40.330226908548276
196.8602690971015,147.30147943366762,33.60852242379027,40.330226908548276
195.11368446720374,146.71928455703502,33.60852242379027,40.330226908548276
195.40478190552003,150.50355125514685,33.60852242379027,40.330226908548276
193.0760023989897,154.57891539157495,33.60852242379027,40.330226908548276
193.65819727562229,162.43854622611488,33.60852242379027,40.330226908548276
194.53148959057117,170.2981770606548,33.60852242379027,40.330226908548276
198.0246588503667,178.15780789519474,33.60852242379027,40.330226908548276
202.9733153017437,188.346218236265,33.60852242379027,40.330226908548276
208.1377497140279,194.01956414203673,34.34135625524102,41.20962750628917
212.22501534683684,197.43705881161355,35.09016952838655,42.10820343406381
215.56825197119494,197.43705881161355,35.09016952838655,42.10820343406381
219.74464043112727,191.507223283815,35.85531067495302,43.02637280994357
226.88747003802735,176.6004484520235,35.85531067495302,43.02637280994357
233.14703307802992,162.1244312231341,35.137381336782816,42.16485760413933
237.4077864054823,152.08122695128202,35.137381336782816,42.16485760413933
239.84250259259795,142.64670172620885,35.137381336782816,42.16485760413933
246.537972107166,132.29915793096728,35.137381336782816,42.16485760413933
251.32865870476252,124.23096748620173,35.90355193683136,43.08426232419758
252.80307410995297,118.47465532236377,36.68642888681397,44.02371466417671
257.5694211700509,116.88587296899782,36.68642888681397,44.02371466417671
267.97316738200084,114.49936559583247,37.48637646869095,44.983651762429076
273.0841197213267,113.03487588094394,38.303766907590756,45.96452028910884
274.6571023639561,116.84669153139387,39.138980545010774,46.966776654012854
278.72509089304384,126.67766381002255,39.138980545010774,46.966776654012854
276.264383893108,133.62358749754634,39.992406015794735,47.9908872189536
272.01806658580335,146.60961266127632,40.86444042896914,49.03732851476288
266.9712703851741,159.17091015926258,41.75548955252281,50.10658746302728
263.6227373960584,170.55945986705777,42.66596800221557,51.19916160265859
260.2011896451151,177.76176384903263,43.59629943450388,52.315559321404564
254.06179484352793,179.8346336654655,44.546916743673236,53.45630009240779
247.78853053829218,178.48014748098296,45.51826226326903,54.62191471592274
247.78853053829218,169.41233617971756,45.51826226326903,54.62191471592274
244.53249902706,160.53751478380664,46.51078797191961,55.81294556630344
242.81686712728012,152.67772594127388,47.524955703647315,57.02994684437668
243.5336267215167,143.82328745383268,48.56123736276534,58.273484835318314
247.21027925629056,139.40247850280636,49.62011514346044,59.54413817215243
248.8181985752621,133.59593223800906,50.7020817541636,60.84249810499622
252.65693802103024,130.73683745637288,51.807640646813134,62.16916877617566
258.0416691748722,130.28810986021938,51.807640646813134,62.16916877617567
262.5289451364072,134.77538582175436,51.807640646813134,62.16916877617567
