73,126,29,23
73.20472440944881,125.59055118110237,29.0,23.0
73.61417322834646,125.59055118110237,29.0,23.0
74.0236220472441,125.38582677165354,29.0,23.0
75.04724409448819,125.59055118110237,29.0,23.0
75.66141732283465,124.77165354330708,29.0,23.0
76.27559055118111,124.97637795275591,29.0,23.0
77.50393700787403,125.18110236220474,29.0,23.0
77.50393700787403,124.97637795275591,29.0,23.0
77.70866141732284,124.77165354330708,29.0,23.0
77.91338582677166,124.56692913385825,29.0,23.0
78.3228346456693,124.36220472440942,29.0,23.0
80.98425196850395,124.1574803149606,29.0,23.0
80.98425196850395,123.95275590551176,29.0,23.0
81.3937007874016,123.3385826771653,29.0,23.0
82.41732283464569,123.13385826771648,29.0,23.0
82.82677165354333,122.72440944881885,29.0,23.0
83.03149606299215,122.31496062992122,29.0,23.0
83.44094488188979,122.51968503937005,29.0,23.0
84.66929133858271,121.90551181102359,29.0,23.0
84.95962421277922,122.13577581469669,28.41933425160698,22.53947199265381
85.56149987708152,122.53702625756488,28.419334251606976,22.53947199265381
85.76212509851561,122.33640103613077,28.419334251606976,22.53947199265381
86.36400076281791,122.33640103613077,28.419334251606976,22.53947199265381
86.564625984252,122.53702625756488,28.419334251606976,22.53947199265381
86.9658764271202,122.73765147899898,28.419334251606976,22.53947199265381
87.76837731285659,122.73765147899898,28.419334251606976,22.53947199265381
88.16962775572478,122.9382767004331,28.419334251606976,22.53947199265381
89.17275386289526,123.1389019218672,28.419334251606976,22.53947199265381
89.77462952719756,123.54015236473539,28.419334251606976,22.53947199265381
89.97525474863166,123.54015236473539,28.419334251606976,22.53947199265381
90.37650519149985,123.33952714330128,28.419334251606976,22.53947199265381
90.17587997006575,123.13890192186717,28.419334251606976,22.53947199265381
90.77775563436805,123.54015236473536,28.419334251606976,22.53947199265381
90.97838085580214,123.33952714330125,28.419334251606976,22.53947199265381
91.37963129867033,123.33952714330125,28.419334251606976,22.53947199265381
91.37963129867033,123.33952714330125,28.419334251606976,22.53947199265381
91.78088174153852,123.33952714330125,28.419334251606976,22.53947199265381
92.18213218440671,123.33952714330125,28.419334251606976,22.53947199265381
92.9846330701431,123.54015236473536,28.419334251606976,22.53947199265381
93.1852582915772,123.94140280760355,28.419334251606976,22.53947199265381
93.1852582915772,124.74390369333993,28.419334251606976,22.53947199265381
93.58650873444539,125.14515413620812,28.419334251606976,22.53947199265381
93.58650873444539,125.9476550219445,28.419334251606976,22.53947199265381
93.58650873444539,126.34890546481269,28.419334251606976,22.53947199265381
93.78713395587948,126.34890546481269,28.419334251606976,22.53947199265381
94.38900962018178,126.5495306862468,28.419334251606976,22.53947199265381
94.38900962018178,126.95078112911499,28.419334251606976,22.53947199265381
94.58963484161588,127.55265679341728,28.419334251606976,22.53947199265381
94.79026006304997,127.55265679341728,28.419334251606976,22.53947199265381
95.19151050591816,127.7532820148514,28.419334251606976,22.53947199265381
95.79338617022046,127.7532820148514,28.419334251606976,22.53947199265381
96.19463661308865,127.7532820148514,28.419334251606976,22.53947199265381
96.59588705595684,127.55265679341728,28.419334251606976,22.53947199265381
96.79651227739093,127.35203157198318,28.419334251606976,22.53947199265381
96.99713749882503,127.15140635054907,28.419334251606976,22.53947199265381
97.39838794169322,127.15140635054907,28.419334251606976,22.53947199265381
97.59901316312731,127.15140635054907,28.419334251606976,22.53947199265381
97.7996383845614,127.15140635054907,28.419334251606976,22.53947199265381
98.2008888274296,126.95078112911496,28.419334251606976,22.53947199265381
98.60213927029778,126.75015590768085,28.419334251606976,22.53947199265381
98.60213927029778,126.75015590768085,28.419334251606976,22.53947199265381
98.60213927029778,126.54953068624674,28.419334251606976,22.53947199265381
98.80276449173188,126.14828024337855,28.419334251606976,22.53947199265381
99.20401493460007,126.14828024337855,28.419334251606976,22.53947199265381
99.60526537746826,126.34890546481266,28.419334251606976,22.53947199265381
99.60526537746826,125.54640457907628,28.419334251606976,22.53947199265381
99.80589059890235,125.54640457907628,28.419334251606976,22.53947199265381
100.20714104177054,125.14515413620809,28.419334251606976,22.53947199265381
100.80901670607284,125.54640457907628,28.419334251606976,22.53947199265381
100.60839148463874,125.54640457907628,28.419334251606976,22.53947199265381
100.60839148463874,125.54640457907628,28.419334251606976,22.53947199265381
100.80901670607284,125.54640457907628,28.419334251606976,22.53947199265381
101.00964192750693,125.54640457907628,28.419334251606976,22.53947199265381
101.21026714894103,125.54640457907628,28.419334251606976,22.53947199265381
101.41089237037512,125.74702980051039,28.419334251606976,22.53947199265381
101.61151759180922,125.54640457907628,28.419334251606976,22.53947199265381
101.81214281324331,125.34577935764217,28.419334251606976,22.53947199265381
102.41401847754561,125.34577935764217,28.419334251606976,22.53947199265381
102.21339325611152,125.14515413620806,28.419334251606976,22.53947199265381
102.6146436989797,125.94765502194444,28.419334251606976,22.53947199265381
102.8152689204138,125.74702980051033,28.419334251606976,22.53947199265381
103.0158941418479,125.74702980051033,28.419334251606976,22.53947199265381
103.41714458471608,125.54640457907622,28.419334251606976,22.53947199265381
103.41714458471608,125.54640457907622,28.419334251606976,22.53947199265381
103.41714458471608,125.34577935764212,28.419334251606976,22.53947199265381
103.81839502758427,125.34577935764212,28.419334251606976,22.53947199265381
103.61776980615018,125.34577935764212,28.419334251606976,22.53947199265381
103.81839502758427,125.145154136208,28.419334251606976,22.53947199265381
104.01902024901837,125.34577935764212,28.419334251606976,22.53947199265381
104.42027069188656,125.34577935764212,28.419334251606976,22.53947199265381
104.21964547045246,125.34577935764212,28.419334251606976,22.53947199265381
104.82152113475476,125.145154136208,28.419334251606976,22.53947199265381
104.82152113475476,125.34577935764212,28.419334251606976,22.53947199265381
104.62089591332067,124.94452891477393,28.419334251606976,22.53947199265381
105.02214635618886,124.94452891477393,28.419334251606976,22.53947199265381
105.02214635618886,125.14515413620803,28.419334251606976,22.53947199265381
105.02214635618886,125.34577935764214,28.419334251606976,22.53947199265381
105.22277157762295,125.14515413620803,28.419334251606976,22.53947199265381
105.62402202049114,125.14515413620803,28.419334251606976,22.53947199265381
105.5148054502471,125.10004276424223,29.039017834963268,23.030945179453624
104.48980617830975,124.89504290985477,29.039017834963268,23.030945179453624
104.69480603269722,124.89504290985477,29.039017834963268,23.030945179453624
104.58320799513899,124.4389481756483,29.67221361885464,23.53313493909161
104.58320799513899,124.4389481756483,29.67221361885464,23.53313493909161
104.67864643858421,123.97290829576248,30.31921623681377,24.0462749464385
104.8926838054474,124.18694566262569,30.31921623681377,24.0462749464385
105.534795906037,124.4009830294889,30.31921623681377,24.0462749464385
105.10672117231061,124.4009830294889,30.31921623681377,24.0462749464385
105.534795906037,124.61502039635211,30.31921623681377,24.0462749464385
105.7488332729002,124.18694566262572,30.31921623681377,24.0462749464385
106.17690800662659,124.18694566262572,30.31921623681377,24.0462749464385
106.17690800662659,124.18694566262572,30.31921623681377,24.0462749464385
106.39094537348979,123.97290829576251,30.31921623681377,24.0462749464385
105.74883327290019,123.7588709288993,30.31921623681377,24.0462749464385
105.96287063976338,123.7588709288993,30.31921623681377,24.0462749464385
106.17690800662658,123.7588709288993,30.31921623681377,24.0462749464385
105.96287063976338,123.33079619517291,30.31921623681377,24.0462749464385
106.17690800662658,123.1167588283097,30.31921623681377,24.0462749464385
106.39094537348977,122.90272146144649,30.31921623681377,24.0462749464385
106.17690800662658,122.68868409458328,30.31921623681377,24.0462749464385
106.17690800662658,122.47464672772007,30.31921623681377,24.0462749464385
106.60498274035297,122.68868409458328,30.31921623681377,24.0462749464385
105.53479590603698,122.26060936085689,30.31921623681377,24.0462749464385
105.74883327290017,122.4746467277201,30.31921623681377,24.0462749464385
105.96287063976337,122.68868409458331,30.31921623681377,24.0462749464385
105.96287063976337,122.26060936085692,30.31921623681377,24.0462749464385
106.17690800662656,122.47464672772013,30.31921623681377,24.0462749464385
106.39094537348976,122.47464672772013,30.31921623681377,24.0462749464385
105.96287063976337,122.68868409458334,30.31921623681377,24.0462749464385
105.96287063976337,122.26060936085695,30.31921623681377,24.0462749464385
106.60498274035297,122.68868409458334,30.31921623681377,24.0462749464385
105.74883327290017,122.47464672772013,30.31921623681377,24.0462749464385
105.96287063976337,123.11675882830973,30.31921623681377,24.0462749464385
105.96287063976337,123.11675882830973,30.31921623681377,24.0462749464385
106.17690800662656,123.11675882830973,30.31921623681377,24.0462749464385
106.17690800662656,123.11675882830973,30.31921623681377,24.0462749464385
106.17690800662656,123.11675882830973,30.31921623681377,24.0462749464385
106.17690800662656,123.11675882830973,30.31921623681377,24.0462749464385
106.17690800662656,122.90272146144652,30.31921623681377,24.0462749464385
106.17690800662656,122.90272146144652,30.31921623681377,24.0462749464385
106.39094537348976,122.47464672772013,30.31921623681377,24.0462749464385
105.53479590603696,122.47464672772013,30.31921623681377,24.0462749464385
105.96287063976335,122.26060936085692,30.31921623681377,24.0462749464385
105.96287063976335,122.26060936085692,30.31921623681377,24.0462749464385
105.74883327290016,122.26060936085692,30.31921623681377,24.0462749464385
105.53479590603696,122.26060936085692,30.31921623681377,24.0462749464385
105.53479590603696,122.26060936085692,30.31921623681377,24.0462749464385
105.53479590603696,122.04657199399371,30.31921623681377,24.0462749464385
105.10672117231057,122.04657199399371,30.31921623681377,24.0462749464385
105.32075853917377,122.04657199399371,30.31921623681377,24.0462749464385
105.74883327290016,121.8325346271305,30.31921623681377,24.0462749464385
105.32075853917377,121.8325346271305,30.31921623681377,24.0462749464385
105.74883327290016,121.8325346271305,30.31921623681377,24.0462749464385
105.74883327290016,121.8325346271305,30.31921623681377,24.0462749464385
105.53479590603696,121.61849726026729,30.31921623681377,24.0462749464385
104.89268380544736,121.40445989340408,30.31921623681377,24.0462749464385
105.10672117231056,122.68868409458328,30.31921623681377,24.0462749464385
105.53479590603695,122.47464672772007,30.31921623681377,24.0462749464385
105.32075853917375,122.68868409458328,30.31921623681377,24.0462749464385
105.74883327290014,122.68868409458328,30.31921623681377,24.0462749464385
105.74883327290014,122.47464672772007,30.31921623681377,24.0462749464385
105.96287063976334,122.90272146144646,30.31921623681377,24.0462749464385
105.96287063976334,122.90272146144646,30.31921623681377,24.0462749464385
105.96287063976334,122.90272146144646,30.31921623681377,24.0462749464385
105.96287063976334,122.90272146144646,30.31921623681377,24.0462749464385
105.96287063976334,122.90272146144646,30.31921623681377,24.0462749464385
106.17690800662653,123.11675882830967,30.31921623681377,24.0462749464385
106.39094537348973,123.11675882830967,30.31921623681377,24.0462749464385
105.74883327290013,123.11675882830967,30.31921623681377,24.0462749464385
105.74883327290013,123.11675882830967,30.31921623681377,24.0462749464385
105.96287063976332,123.11675882830967,30.31921623681377,24.0462749464385
106.17690800662652,123.11675882830967,30.31921623681377,24.0462749464385
105.96287063976332,122.90272146144646,30.31921623681377,24.0462749464385
106.17690800662652,122.68868409458325,30.31921623681377,24.0462749464385
106.39094537348971,122.47464672772004,30.31921623681377,24.0462749464385
106.17690800662652,122.26060936085683,30.31921623681377,24.0462749464385
106.60498274035291,122.47464672772004,30.31921623681377,24.0462749464385
106.60498274035291,122.26060936085683,30.31921623681377,24.0462749464385
106.60498274035291,122.47464672772004,30.31921623681377,24.0462749464385
106.60498274035291,122.90272146144643,30.31921623681377,24.0462749464385
106.60498274035291,122.47464672772004,30.31921623681377,24.0462749464385
106.60498274035291,123.11675882830964,30.31921623681377,24.0462749464385
106.39094537348971,123.11675882830964,30.31921623681377,24.0462749464385
106.39094537348971,122.90272146144643,30.31921623681377,24.0462749464385
106.60498274035291,122.90272146144643,30.31921623681377,24.0462749464385
106.60498274035291,123.11675882830964,30.31921623681377,24.0462749464385
106.8190201072161,123.75887092889924,30.31921623681377,24.0462749464385
107.0330574740793,123.54483356203603,30.31921623681377,24.0462749464385
107.2470948409425,123.11675882830964,30.31921623681377,24.0462749464385
107.34461431964702,123.0686316825693,30.980326746857493,24.570603971645593
107.34461431964702,123.50604058586461,30.980326746857493,24.570603971645593
107.12590986799937,123.0686316825693,30.980326746857493,24.570603971645593
106.90720541635172,123.28733613421696,30.980326746857493,24.570603971645593
107.12590986799937,123.0686316825693,30.980326746857493,24.570603971645593
107.12590986799937,122.84992723092165,30.980326746857493,24.570603971645593
107.65477319233537,123.09591530236413,30.360009001480794,24.078627828760624
108.08342387603805,123.09591530236413,30.360009001480794,24.078627828760624
108.51207455974074,122.88158996051278,30.360009001480794,24.078627828760624
108.51207455974074,122.45293927681008,30.360009001480794,24.078627828760624
108.51207455974074,122.45293927681008,30.360009001480794,24.078627828760624
108.72639990159209,122.66726461866143,30.360009001480794,24.078627828760624
108.94072524344344,122.02428859310741,30.360009001480794,24.078627828760624
109.15505058529479,121.80996325125606,30.360009001480794,24.078627828760624
109.58370126899747,121.59563790940472,30.360009001480794,24.078627828760624
109.58370126899747,121.59563790940472,30.360009001480794,24.078627828760624
109.58370126899747,121.59563790940472,30.360009001480794,24.078627828760624
109.79802661084882,121.59563790940472,30.360009001480794,24.078627828760624
110.01235195270017,121.59563790940472,30.360009001480794,24.078627828760624
110.22667729455152,121.59563790940472,30.360009001480794,24.078627828760624
110.6553279782542,121.80996325125606,30.360009001480794,24.078627828760624
110.86965332010556,122.23861393495876,30.360009001480794,24.078627828760624
111.0839786619569,122.66726461866146,30.360009001480794,24.078627828760624
111.29830400380825,122.45293927681011,30.360009001480794,24.078627828760624
111.29830400380825,123.31024064421548,30.360009001480794,24.078627828760624
111.94128002936229,123.31024064421548,30.360009001480794,24.078627828760624
112.15560537121364,123.9532166697695,30.360009001480794,24.078627828760624
112.36993071306499,123.73889132791815,30.360009001480794,24.078627828760624
112.36993071306499,123.9532166697695,30.360009001480794,24.078627828760624
112.58425605491634,124.16754201162085,30.360009001480794,24.078627828760624
112.79858139676769,124.3818673534722,30.360009001480794,24.078627828760624
113.01290673861904,124.3818673534722,30.360009001480794,24.078627828760624
113.65588276417307,124.3818673534722,30.360009001480794,24.078627828760624
113.65588276417307,124.3818673534722,30.360009001480794,24.078627828760624
113.65588276417307,124.59619269532355,30.360009001480794,24.078627828760624
113.53920810788576,122.83339806246107,31.022008997758082,24.603662308566747
114.4152029316074,123.05239676839147,31.022008997758082,24.603662308566747
115.07219904939863,122.83339806246107,31.022008997758082,24.603662308566747
115.29119775532904,122.61439935653067,31.022008997758082,24.603662308566747
115.72919516718987,122.61439935653067,31.022008997758082,24.603662308566747
115.94819387312027,122.61439935653067,31.022008997758082,24.603662308566747
116.16719257905068,122.61439935653067,31.022008997758082,24.603662308566747
116.82418869684192,122.17640194466983,31.022008997758082,24.603662308566747
116.82418869684192,121.95740323873943,31.022008997758082,24.603662308566747
117.70018352056356,121.73840453280903,31.022008997758082,24.603662308566747
117.26218610870272,121.51940582687863,31.022008997758082,24.603662308566747
117.48118481463312,121.95740323873946,31.022008997758082,24.603662308566747
118.13818093242436,121.95740323873946,31.022008997758082,24.603662308566747
118.13818093242436,122.17640194466986,31.022008997758082,24.603662308566747
118.35717963835476,122.17640194466986,31.022008997758082,24.603662308566747
119.014175756146,122.17640194466986,31.022008997758082,24.603662308566747
118.45695959711755,121.90816051635072,31.698443903954196,25.140145165205045
118.68073356983076,121.90816051635072,31.698443903954196,25.140145165205045
118.90450754254398,122.13193448906394,31.698443903954196,25.140145165205045
119.57582946068366,122.13193448906394,31.698443903954196,25.140145165205045
119.89317774779373,122.83117245530183,31.063747329734067,24.636765123582183
120.11247110390916,122.6118790991864,31.063747329734067,24.636765123582183
120.55105781613999,122.83117245530183,31.063747329734067,24.636765123582183
120.77035117225542,121.95399903084017,31.063747329734067,24.636765123582183
120.98964452837085,122.1732923869556,31.063747329734067,24.636765123582183
121.42823124060168,122.39258574307102,31.063747329734067,24.636765123582183
122.08611130894793,122.39258574307102,31.063747329734067,24.636765123582183
122.7439913772942,121.9539990308402,31.063747329734067,24.636765123582183
123.18257808952502,121.51541231860936,31.063747329734067,24.636765123582183
124.27904487010211,121.7347056747248,31.063747329734067,24.636765123582183
124.71763158233294,120.6382388941477,31.063747329734067,24.636765123582183
125.15621829456377,121.07682560637853,31.063747329734067,24.636765123582183
126.03339171902543,121.07682560637853,31.063747329734067,24.636765123582183
126.47197843125626,121.29611896249396,31.063747329734067,24.636765123582183
126.91056514348709,121.29611896249396,31.063747329734067,24.636765123582183
127.56844521183335,121.29611896249396,31.063747329734067,24.636765123582183
128.00703192406417,121.29611896249396,31.063747329734067,24.636765123582183
128.66491199241045,121.29611896249396,31.063747329734067,24.636765123582183
128.88420534852588,121.29611896249396,31.063747329734067,24.636765123582183
129.1034987046413,121.29611896249396,31.063747329734067,24.636765123582183
129.76137877298757,121.29611896249396,31.063747329734067,24.636765123582183
130.1999654852184,121.51541231860939,31.063747329734067,24.636765123582183
131.51572562191092,121.73470567472482,31.063747329734067,24.636765123582183
132.17360569025718,121.51541231860939,31.063747329734067,24.636765123582183
132.83148575860343,121.73470567472482,31.063747329734067,24.636765123582183
133.4893658269497,121.73470567472482,31.063747329734067,24.636765123582183
134.14724589529595,121.73470567472482,31.063747329734067,24.636765123582183
134.58583260752678,121.51541231860939,31.063747329734067,24.636765123582183
134.8051259636422,121.29611896249396,31.063747329734067,24.636765123582183
135.55470671192668,120.22700926818882,30.441759257626764,24.14346423880743
135.98451162134742,120.01210681347845,30.441759257626764,24.14346423880743
137.27392634960964,119.15249699463698,30.441759257626764,24.14346423880743
138.13353616845112,118.93759453992661,30.441759257626764,24.14346423880743
139.51281545789485,118.53459894702011,29.83222522584297,23.660040696358212
139.7234149300295,118.32399947488547,29.83222522584297,23.660040696358212
140.0220796091156,117.71847357320823,29.234895867670787,23.186296722635447
140.22846225710893,117.51209092521489,29.234895867670787,23.186296722635447
140.6412275530956,117.51209092521489,29.234895867670787,23.186296722635447
141.67314079306226,117.51209092521489,29.234895867670787,23.186296722635447
142.29228873704224,117.71847357320823,29.234895867670787,23.186296722635447
142.49867138503558,118.33762151718821,29.234895867670787,23.186296722635447
142.38632058083164,117.87845026917634,29.872362772065348,23.691873922672514
142.80808622409728,117.66756744754352,29.87236277206535,23.691873922672514
143.0189690457301,117.4566846259107,29.87236277206535,23.691873922672514
143.65161751062857,119.1437471989733,29.87236277206535,23.691873922672514
144.37244966915816,118.95917224022735,29.274229741537447,23.217492553633143
144.99243064114836,118.7525119162306,29.274229741537447,23.217492553633143
145.40575128914182,118.95917224022735,29.274229741537447,23.217492553633143
146.02573226113202,118.54585159223389,29.274229741537447,23.217492553633143
146.23239258512876,118.75251191623063,29.274229741537447,23.217492553633143
146.4390529091255,118.75251191623063,29.274229741537447,23.217492553633143
146.85237355711897,118.54585159223389,29.274229741537447,23.217492553633143
147.88567517710263,118.54585159223389,29.274229741537447,23.217492553633143
147.97209317244207,118.15831204592412,28.688073102865065,22.752609702272288
148.17461554569064,118.15831204592412,28.68807310286506,22.752609702272288
148.86687031698483,118.38609930697005,28.113653053270966,22.297035180180416
149.85920669953308,118.18763203046039,28.113653053270966,22.297035180180416
150.05767397604274,118.18763203046039,28.113653053270966,22.297035180180416
150.05767397604274,118.18763203046039,28.113653053270966,22.297035180180416
150.2561412525524,118.78303385998935,28.113653053270966,22.297035180180416
150.73606775992826,119.0062601465384,27.55073459153858,21.850582607082313
151.1250545095237,119.58974027093156,27.55073459153858,21.850582607082313
151.51404125911913,120.17322039532472,27.55073459153858,21.850582607082313
151.78986484395315,119.80849690717923,26.999087421870534,21.413069334586968
152.25076466740052,122.3100618969197,26.45848585967229,20.98431637146422
152.25076466740052,122.12327921097034,26.45848585967229,20.98431637146422
152.25076466740052,122.87040995476775,26.45848585967229,20.98431637146422
152.25076466740052,123.24397532666646,26.45848585967229,20.98431637146422
151.8771992955018,124.92501950021065,26.45848585967229,20.98431637146422
151.69041660955244,124.36467144236258,26.45848585967229,20.98431637146422
151.8771992955018,126.04571561590677,26.45848585967229,20.98431637146422
151.9553051697775,125.88223427453138,25.928708739222195,20.564148310417593
151.9553051697775,125.51614878595154,25.928708739222195,20.564148310417593
151.9553051697775,126.61440525169107,25.928708739222195,20.564148310417593
151.77226242548758,126.24831976311123,25.928708739222195,20.564148310417593
151.84880438921363,125.35594082441882,25.409539323190295,20.15239325632333
151.31067132725087,124.81780776245607,25.409539323190295,20.15239325632333
150.05502751600443,124.10029701317238,25.409539323190295,20.15239325632333
150.41378289064627,123.38278626388869,25.409539323190295,20.15239325632333
150.30941457061516,122.32889770285075,24.90076521396884,19.748882755906312
150.38292202858105,122.17504118513301,24.402178266778215,19.353451728824094
150.4549576498886,121.85199907000406,23.91357450451274,18.96593840013079
149.94850671006998,121.17673115024589,23.91357450451274,18.96593840013079
149.94850671006998,121.00791417030634,23.91357450451274,18.96593840013079
149.00619808560378,121.02897427338554,23.43475403429153,18.586184234093277
148.01357749658683,120.86353750854938,23.43475403429153,18.586184234093277
147.68270396691452,120.69810074371323,23.43475403429153,18.586184234093277
147.42101020671168,121.2150494557659,22.965520965680213,18.214033869332575
147.0967617434439,121.37717368739979,22.965520965680213,18.214033869332575
146.28614058527432,121.53929791903369,22.965520965680213,18.214033869332575
144.9891467322031,123.48478869864059,22.965520965680213,18.214033869332575
144.50277403730138,123.32266446700669,22.965520965680213,18.214033869332575
144.50277403730138,124.94390678334577,22.965520965680213,18.214033869332575
143.5300286474979,124.94390678334577,22.965520965680213,18.214033869332575
141.26028940462317,125.26815524661359,22.965520965680213,18.214033869332575
141.58453786789102,126.40302486805095,22.965520965680213,18.214033869332575
139.6390470882841,126.56514909968485,22.965520965680213,18.214033869332575
139.47692285665022,127.05152179458656,22.965520965680213,18.214033869332575
139.47692285665022,127.05152179458656,22.965520965680213,18.214033869332575
138.017804771945,127.53789448948828,22.965520965680213,18.214033869332575
137.69355630867722,128.83488834255954,22.965520965680213,18.214033869332575
135.58594129743636,129.48338526909518,22.965520965680213,18.214033869332575
134.93744437090072,129.48338526909518,22.965520965680213,18.214033869332575
133.47832628619557,129.48338526909518,22.965520965680213,18.214033869332575
133.31620205456164,129.64550950072908,22.965520965680213,18.214033869332575
132.18133243312428,129.64550950072908,22.965520965680213,18.214033869332575
130.5600901167852,130.78037912216644,22.965520965680213,18.214033869332575
129.42522049534784,130.78037912216644,22.965520965680213,18.214033869332575
129.10097203208005,131.26675181706815,22.965520965680213,18.214033869332575
127.06722389177871,130.90604908117388,23.46628415033687,18.61119087785337
125.98308597630621,130.70314057262806,23.97796647623497,19.017007894944964
125.47527131837889,130.70314057262806,23.97796647623497,19.017007894944964
123.27474113402717,130.8724121252705,23.97796647623497,19.017007894944964
123.10546958138472,130.8724121252705,23.97796647623497,19.017007894944964
120.47424806488341,130.49580764405343,24.500806035249273,19.431673752094238
120.0341655082363,130.1109913021234,25.035046110847883,19.85538139825865
117.81714728572865,129.54105007328633,25.58093529129492,20.28832798964768
117.27538433359155,129.36046242257396,25.58093529129492,20.28832798964768
115.10833252504307,129.54105007328633,25.58093529129492,20.28832798964768
115.10833252504307,129.36046242257396,25.58093529129492,20.28832798964768
113.20414752161838,129.1392689266668,26.138727585321604,20.730714981461947
111.17436851282068,128.77021819779452,26.138727585321604,20.730714981461947
111.06700509110995,129.34681403234669,25.61535297099843,20.31562477010219
109.88358060020387,129.12532293329065,26.17389574253105,20.758606968214266
108.40539153844811,129.12532293329065,26.17389574253105,20.758606968214266
107.8510706402897,129.12532293329065,26.17389574253105,20.758606968214266
104.97887888388418,129.08377585353918,26.74461753919694,21.21124839315618
104.60127364032235,129.2725784753201,26.74461753919694,21.21124839315618
102.14683955717041,129.65018371888195,26.74461753919694,21.21124839315618
101.0140238264849,129.83898634066287,26.74461753919694,21.21124839315618
100.34483539020198,129.60773070505647,27.327783924639128,21.673759664368948
97.73186067057739,129.37143254031568,27.923666253115886,22.146355993850513
96.15485209586978,129.37143254031568,27.923666253115883,22.146355993850513
95.95772602403133,129.56855861215413,27.923666253115883,22.146355993850513
94.18359137748527,128.78005432480035,27.923666253115883,22.146355993850513
93.00083494645457,128.9771803966388,27.923666253115883,22.146355993850513
91.22670029990852,129.17430646847725,27.923666253115883,22.146355993850513
89.54238002571478,128.9328558222543,28.532541795765077,22.629257286296422
87.61990874210736,128.48471593885557,29.154693869621735,23.122688241424118
85.44970150715675,128.23262083030343,29.790411969448837,23.62687845852837
84.70430295461276,127.97502878790934,30.43999190244267,24.142062543316584
82.98518312954947,127.97502878790934,30.43999190244267,24.142062543316584
81.79375120530145,127.92670992916372,31.103735925875434,24.6684802170736
79.4784618374147,127.8773374777032,31.781952887739145,25.20637642820689
78.80537133368306,128.10170097894706,31.781952887739145,25.20637642820689
75.88864581751258,128.32606448019095,31.781952887739145,25.20637642820689
75.31777957491013,128.05125196118243,32.47495837045629,25.756001466223942
74.2759540991107,127.99970290258543,33.18307483772409,26.317611078194957
