6,166,42,26
7.606299212598426,166.26771653543307,42.0,26.0
9.748031496062993,166.53543307086613,42.0,26.0
11.354330708661418,166.53543307086613,42.0,26.0
14.2992125984252,166.26771653543307,42.0,26.0
15.102362204724415,167.33858267716536,42.0,26.0
16.173228346456696,167.33858267716536,42.0,26.0
17.77952755905512,167.33858267716536,42.0,26.0
19.118110236220474,167.8740157480315,42.0,26.0
20.724409448818896,167.8740157480315,42.0,26.0
20.99212598425197,168.14173228346456,42.0,26.0
22.330708661417326,168.40944881889763,42.0,26.0
24.204724409448822,168.6771653543307,42.0,26.0
25.543307086614178,168.40944881889763,42.0,26.0
26.346456692913392,169.21259842519683,42.0,26.0
29.29133858267717,169.4803149606299,42.0,26.0
29.559055118110244,169.74803149606296,42.0,26.0
30.629921259842526,169.4803149606299,42.0,26.0
30.707449330708666,169.46456649606296,42.91581,26.56693
33.44299027559056,169.46456649606296,42.91581,26.56693
35.63142303149607,169.73812059055115,42.91581,26.56693
35.90497712598426,169.73812059055115,42.91581,26.56693
39.18762625984253,169.73812059055115,42.91581,26.56693
40.55539673228347,170.01167468503934,42.91581,26.56693
41.10250492125985,170.55878287401572,42.91581,26.56693
43.83804586614174,171.1058910629921,42.91581,26.56693
43.83804586614174,171.3794451574803,42.91581,26.56693
46.02647862204725,171.65299925196848,42.91581,26.56693
46.57358681102363,171.92655334645667,42.91581,26.56693
47.3942490944882,171.65299925196848,42.91581,26.56693
49.8562359448819,171.92655334645667,42.91581,26.56693
49.58268185039371,171.3794451574803,42.91581,26.56693
50.12979003937009,171.92655334645667,42.91581,26.56693
51.77111460629922,171.65299925196848,42.91581,26.56693
51.77111460629922,172.20010744094486,42.91581,26.56693
52.86533098425198,171.92655334645667,42.91581,26.56693
53.49165774367974,171.3633532976435,43.85158923705,27.14622190865
55.16877139279076,171.64287223916202,43.85158923705,27.14622190865
55.44829033430926,171.92239118068053,43.85158923705,27.14622190865
57.68444186645729,172.20191012219905,43.85158923705,27.14622190865
57.68444186645729,171.64287223916205,43.85158923705,27.14622190865
59.92059339860532,171.92239118068056,43.85158923705,27.14622190865
60.47963128164233,172.20191012219908,43.85158923705,27.14622190865
63.27482069682736,171.64287223916207,43.85158923705,27.14622190865
63.554339638345866,171.64287223916207,43.85158923705,27.14622190865
65.7904911704939,171.9223911806806,43.85158923705,27.14622190865
66.0700101120124,171.9223911806806,43.85158923705,27.14622190865
67.74712376112342,171.64287223916207,43.85158923705,27.14622190865
68.02664270264192,171.36335329764356,43.85158923705,27.14622190865
69.70375635175294,171.36335329764356,43.85158923705,27.14622190865
70.26279423478995,171.36335329764356,43.85158923705,27.14622190865
72.49894576693798,171.36335329764356,43.85158923705,27.14622190865
73.617021533012,171.08383435612504,43.85158923705,27.14622190865
73.8965404745305,170.80431541460652,43.85158923705,27.14622190865
75.29413518212301,171.64287223916205,43.85158923705,27.14622190865
76.97124883123404,171.64287223916205,43.85158923705,27.14622190865
78.08932459730805,171.92239118068056,43.85158923705,27.14622190865
79.20740036338206,171.92239118068056,43.85158923705,27.14622190865
80.60499507097458,171.92239118068056,43.85158923705,27.14622190865
80.60499507097458,172.20191012219908,43.85158923705,27.14622190865
82.0025897785671,171.64287223916207,43.85158923705,27.14622190865
83.12066554464111,172.20191012219908,43.85158923705,27.14622190865
83.40018448615962,171.64287223916207,43.85158923705,27.14622190865
84.23874131071513,172.20191012219908,43.85158923705,27.14622190865
84.23874131071513,171.92239118068056,43.85158923705,27.14622190865
84.23874131071513,173.3199858882731,43.85158923705,27.14622190865
84.0401683005767,172.1854673793585,44.80777314036388,27.738145277368112
85.18262370872995,171.89985352732018,44.80777314036388,27.738145277368112
84.61139600465332,172.4710812313968,44.80777314036388,27.738145277368112
84.89700985669162,173.04230893547341,44.80777314036388,27.738145277368112
85.18262370872993,173.04230893547341,44.80777314036388,27.738145277368112
84.89700985669162,173.32792278751174,44.80777314036388,27.738145277368112
86.3250791168832,174.18476434362668,44.80777314036388,27.738145277368112
85.46823756076826,173.89915049158836,44.80777314036388,27.738145277368112
85.75385141280657,173.89915049158836,44.80777314036388,27.738145277368112
85.46823756076826,174.18476434362668,44.80777314036388,27.738145277368112
85.18262370872995,174.18476434362668,44.80777314036388,27.738145277368112
85.75385141280658,174.470378195665,44.80777314036388,27.738145277368112
87.18192067299816,175.32721975177995,44.80777314036388,27.738145277368112
86.61069296892153,175.61283360381827,44.80777314036388,27.738145277368112
86.89630682095984,175.8984474558566,44.80777314036388,27.738145277368112
86.3250791168832,175.32721975177998,44.80777314036388,27.738145277368112
85.55094851818208,174.45357691881685,45.78480663368951,28.34297553514112
87.30199849067412,175.32910190506288,45.78480663368951,28.34297553514112
85.92730465010429,174.728250952209,46.78314434233712,28.960994116684873
85.92730465010429,174.728250952209,46.78314434233712,28.960994116684873
85.62909938058058,174.728250952209,46.78314434233712,28.960994116684873
85.33089411105688,174.728250952209,46.78314434233712,28.960994116684873
84.82084087986455,174.1142984443281,47.80325080472178,29.59248859339919
84.2114256090132,175.94254425688214,47.80325080472178,29.59248859339919
84.2114256090132,175.94254425688214,47.80325080472178,29.59248859339919
84.51613324443888,176.24725189230782,47.80325080472178,29.59248859339919
85.12554851529022,176.5519595277335,47.80325080472178,29.59248859339919
85.12554851529022,176.85666716315916,47.80325080472178,29.59248859339919
84.82084087986455,176.24725189230782,47.80325080472178,29.59248859339919
84.2114256090132,175.94254425688214,47.80325080472178,29.59248859339919
84.51613324443888,176.5519595277335,47.80325080472178,29.59248859339919
84.29966593796607,175.9246197854183,48.845600688518736,30.237752807178257
84.29966593796607,175.9246197854183,48.845600688518736,30.237752807178257
84.6110177233822,176.2359715708344,48.845600688518736,30.237752807178257
84.6110177233822,176.2359715708344,48.845600688518736,30.237752807178257
84.38983034729176,175.59495268543802,49.91067901153188,30.89708700713878
84.70797115838889,176.23123430763226,49.91067901153188,30.89708700713878
84.38983034729176,175.59495268543802,49.91067901153188,30.89708700713878
85.02611196948604,176.23123430763226,49.91067901153188,30.89708700713878
85.02611196948604,176.5493751187294,49.91067901153188,30.89708700713878
84.70797115838892,176.23123430763226,49.91067901153188,30.89708700713878
83.84567916936857,175.2580971943427,50.998981367378335,31.570797989329442
85.47106852678405,175.5831750658258,50.998981367378335,31.570797989329442
85.47106852678405,175.9082529373089,50.998981367378335,31.570797989329442
85.79614639826715,175.9082529373089,50.998981367378335,31.570797989329442
86.44630214123336,175.9082529373089,50.998981367378335,31.570797989329442
87.19059723280793,173.93866295481473,52.11101415609402,32.25919923948677
87.28678928991269,173.25479084063542,53.247294819767646,32.96261107890378
87.62619836825391,174.61242715400033,53.247294819767646,32.96261107890378
88.6444256032776,174.61242715400033,53.247294819767646,32.96261107890378
88.30501652493638,174.2730180756591,53.247294819767646,32.96261107890378
88.6444256032776,173.9336089973179,53.247294819767646,32.96261107890378
89.66265283830126,174.95183623234158,53.247294819767646,32.96261107890378
89.32324375996004,174.61242715400036,53.247294819767646,32.96261107890378
88.98383468161882,174.27301807565914,53.247294819767646,32.96261107890378
89.66265283830128,173.5941999189767,53.247294819767646,32.96261107890378
90.68088007332494,173.93360899731792,53.247294819767646,32.96261107890378
91.35969823000741,174.9518362323416,53.247294819767646,32.96261107890378
92.03851638668985,174.6124271540004,53.247294819767646,32.96261107890378
93.39615270005476,174.27301807565917,53.247294819767646,32.96261107890378
94.75378901341966,173.59419991897673,53.247294819767646,32.96261107890378
96.45083440512579,173.93360899731795,53.247294819767646,32.96261107890378
96.79024348346701,174.95183623234163,53.247294819767646,32.96261107890378
97.46906164014948,174.61242715400041,53.247294819767646,32.96261107890378
98.24616932174186,173.57423413003022,54.40835208331268,33.68136081347927
99.63340889491968,175.3082835965025,54.40835208331268,33.68136081347927
100.67383857480306,174.26785391661912,54.40835208331268,33.68136081347927
102.40788804127534,173.92104402332467,54.40835208331268,33.68136081347927
103.10150782786427,174.26785391661912,54.40835208331268,33.68136081347927
104.48874740104209,174.61466380991357,54.40835208331268,33.68136081347927
104.83555729433654,174.96147370320801,54.40835208331268,33.68136081347927
106.22279686751436,173.92104402332464,54.40835208331268,33.68136081347927
107.7104691686928,172.86021320046677,55.59472620048931,34.41578288601718
107.35609708567505,174.63207361555544,55.59472620048931,34.41578288601718
110.191073749817,173.92332944952,55.59472620048931,34.41578288601718
110.89981791585247,174.27770153253772,55.59472620048931,34.41578288601718
111.60856208188794,174.27770153253772,55.59472620048931,34.41578288601718
115.86102707810083,173.92332944952,55.59472620048931,34.41578288601718
116.5697712441363,173.56895736650222,55.59472620048931,34.41578288601718
118.341631659225,174.27770153253772,55.59472620048931,34.41578288601718
117.98725957620725,175.34081778159094,55.59472620048931,34.41578288601718
120.1134920743137,174.27770153253772,55.59472620048931,34.41578288601718
124.36595707052659,174.27770153253772,55.59472620048931,34.41578288601718
125.07470123656206,174.27770153253772,55.59472620048931,34.41578288601718
123.75983556812575,172.48499512755194,56.80696920529098,35.166219031846786
129.9155213950208,171.76079679497605,56.80696920529098,35.166219031846786
128.82922389615698,172.8470942938399,56.80696920529098,35.166219031846786
128.467124729869,173.20919346012784,56.80696920529098,35.166219031846786
133.89861222418818,171.39869762868813,56.80696920529098,35.166219031846786
132.91717507613953,171.37739709198135,58.04564516881236,35.9330184378362
137.35711193944576,168.04744444450168,58.04564516881236,35.9330184378362
135.87713298501035,172.85737604641676,58.04564516881236,35.9330184378362
135.5071382464015,171.37739709198135,58.04564516881236,35.9330184378362
140.15820309511446,163.59725548126292,56.88339972078118,35.21353316048357
125.86164967693188,151.9844454610452,55.744425863194735,34.50845410578721
117.18125001717581,154.1065576001049,54.62825763000194,33.81749281857262
121.35978940844706,157.24046214355832,54.62825763000194,33.81749281857262
114.39555708966165,155.84761567980127,54.62825763000194,33.81749281857262
117.87767324905434,162.4636363826474,54.62825763000194,33.81749281857262
143.49581921909783,168.3735853372666,53.53443838516981,33.140366619390825
133.25863752564578,169.39730350661182,53.53443838516981,33.140366619390825
116.05014813164601,167.34041184339947,52.462520635868955,32.47679848887125
154.17251970731678,180.0478690352897,52.462520635868955,32.47679848887125
152.83489263448624,175.03176751217512,52.462520635868955,32.47679848887125
152.5004858662786,175.36617428038278,52.462520635868955,32.47679848887125
140.9870696040383,175.022501511208,51.4120658493996,31.82651695439023
125.44394355174529,179.60137442586438,50.3826442737833,31.189255979008703
117.0940639983099,178.3167775714897,50.3826442737833,31.189255979008703
122.87474984299595,181.20712049383272,50.3826442737833,31.189255979008703
126.17924362692504,183.4362733392709,51.48123783217315,31.86933770563099
127.82000298790543,190.98376639978073,51.48123783217315,31.86933770563099
133.82176623636175,191.29261468983725,52.60378622310369,32.56424861430227
138.51606736913214,193.3044580324531,52.60378622310368,32.56424861430227
134.15707346013104,192.96915080868382,52.60378622310368,32.56424861430227
142.63685572260513,193.28473353570502,53.75081178169846,33.274312055337134
136.91155853040112,192.9219603485217,54.9228482325984,33.999858429703764
139.71227370086734,205.17508921931136,54.9228482325984,33.999858429703764
146.11526527417695,198.50279662923253,56.12044093831021,34.74122534276346
150.51153550517392,197.7663073243383,57.344147152970066,35.49875776136241
141.37345431281835,201.0560165535863,57.344147152970066,35.49875776136241
142.94139923464846,202.49660758556413,58.59453628164058,36.272808174348924
150.14593542715195,200.23367588389232,59.87219014526175,37.0637367565906
149.11154136660565,201.35613852385404,61.17770325137918,37.87191153656806
153.9039790436447,200.55328089498823,62.5116830707755,38.697708567622925
147.64397501369956,199.3344547837203,63.87475032013376,39.54151210293994
158.86937232413274,196.88026930262913,62.595788951235214,38.749774112669414
167.87501258979873,194.87422215128515,61.34243617062761,37.97388905800756
177.65024145088486,197.61128623238926,61.34243617062761,37.97388905800756
180.5005379305256,198.37030337026465,62.68000799132814,38.801909708917414
176.62088827095147,194.75098467721452,64.04674556557904,39.64798535012036
170.7301393283441,191.47369687798482,62.76434034330407,38.8541154506168
168.72977602531418,192.2738421991968,62.76434034330407,38.8541154506168
166.72941272228425,193.07398752040876,62.76434034330407,38.8541154506168
165.92926740107228,192.67391485980278,62.76434034330407,38.8541154506168
163.35704995515266,186.66173942849113,61.50761266544755,38.076141173848484
157.98171893219535,188.5989864372794,62.84878615961763,38.90639143214425
149.79748761977734,188.5878860001239,61.59036762682565,38.12737043565397
161.96776273763902,190.550833599779,61.59036762682565,38.12737043565397
155.80002047555325,186.99443378415612,62.93334559292859,38.95873774800341
161.53228862583623,173.3317383102256,64.30560719358239,39.80823302459862
165.74996084820413,163.470097848816,65.70779095843845,40.67625154569999
170.35714379129672,161.3759237837739,65.70779095843845,40.67625154569999
157.37326458803574,159.70058453174025,65.70779095843845,40.67625154569999
167.9654253483387,158.41944207324642,67.1405493402872,41.56319721065398
165.949522990838,150.69085171185412,68.60454901865216,42.46948272583229
166.51345990789227,133.17315401094405,70.10047121000387,43.39552979666907
167.0896934694229,123.76334125468443,71.62901198473801,44.34176932388544
171.3311148371052,121.45359359795954,73.19088259106523,45.308641603992754
180.66178603356644,117.72132511937504,73.19088259106523,45.308641603992754
193.7247257086122,124.71932851672098,73.19088259106523,45.308641603992754
201.65579622560426,121.9201271577826,73.19088259106523,45.308641603992754
205.98970178620885,118.6269483337567,74.78680978596341,46.29659653416782
210.41810815756247,118.59890601413794,76.41753617334635,47.30609382159535
217.86568136279476,119.54445404272369,78.08382054960617,48.33760319737523
220.14058226943115,116.04660778814707,76.5203515807502,47.3697414547501
224.32095802056938,110.66777367098959,74.98818788358008,46.421259166025735
230.05683740873974,108.75581387493281,74.98818788358008,46.421259166025735
219.6794797100551,111.59563573997457,76.62330532038155,47.43347472214093
219.33250664365204,111.07849228181644,78.29407649289247,48.46776163845721
226.3193796115217,115.0709911205991,78.29407649289247,48.46776163845721
231.80906551484787,110.5794299269686,78.29407649289247,48.46776163845721
239.7940631924132,106.0878687333381,78.29407649289247,48.46776163845721
244.43014792677562,105.55944896207481,80.00127883082,49.52460118098377
251.71704453624724,98.90017408375566,81.74570671572603,50.60448510973512
252.23810828359157,99.42123783109999,81.74570671572603,50.60448510973512
257.0785769369111,101.47484116891277,83.52817185066243,51.7079159075529
257.6110024792662,91.35875586416441,83.52817185066243,51.7079159075529
263.62186863628165,93.98956356511337,85.34950363786612,52.83540701391709
266.4995912420135,97.22177110928776,87.21054956468979,53.98748306385556
266.4995912420135,99.44536217430422,87.21054956468979,53.98748306385555
272.05856890455465,95.55407781052543,87.21054956468979,53.98748306385555
277.6175465670958,93.33048674550898,87.21054956468979,53.98748306385555
276.2670620370922,96.09457233220007,85.46433649466401,52.906494020506265
286.072868923994,98.27364052928937,85.46433649466401,52.90649402050626
293.6996076138065,93.37073708583847,85.46433649466401,52.90649402050626
300.5476695163467,98.80331275248365,83.7530877735748,51.8471495741177
305.35240233575314,96.13401674170231,83.7530877735748,51.8471495741177
313.8941495702534,92.39700232660843,83.7530877735748,51.8471495741177
317.63116398534726,95.60015753954605,83.7530877735748,51.8471495741177
326.70677042200384,91.86314312445217,83.7530877735748,51.8471495741177
343.7902648910044,97.20173514601485,83.7530877735748,51.8471495741177
356.90751877149984,96.11922415867537,82.07610331177241,50.809016335859084
367.3709140193448,96.6423939210676,82.07610331177241,50.809016335859084
369.98676283130607,98.21190320824434,82.07610331177241,50.809016335859084
361.39141024539583,88.25718133101617,80.43269703747195,49.791669594625475
361.9041046022151,89.79526440147401,80.43269703747195,49.791669594625475
