143,125,30,54
143.0,125.0,30.0,54.0
143.0,125.0,30.0,54.0
143.0,125.0,30.0,54.0
143.0,125.32677165354332,30.0,54.0
143.0,125.65354330708664,30.0,54.0
143.0,125.65354330708664,30.0,54.0
143.0,125.65354330708664,30.0,54.0
143.0,125.98031496062995,30.0,54.0
143.0,126.30708661417327,30.0,54.0
143.0,126.63385826771659,30.0,54.0
143.0,126.63385826771659,30.0,54.0
143.0,126.30708661417327,30.0,54.0
143.0,126.30708661417327,30.0,54.0
143.0,125.98031496062995,30.0,54.0
142.67322834645668,125.00000000000003,30.0,54.0
142.01968503937007,124.34645669291342,30.0,54.0
141.69261003937007,123.75772169291342,30.65415,55.17747
141.35840316899507,123.49004623568723,31.32256374075,56.38061473335
141.01690891781155,123.21653411511622,32.00555224311705,57.60999403761069
140.31935147684595,123.28567497039118,32.70343330977822,58.866179957600785
140.67556997615193,125.06676746692109,32.70343330977822,58.866179957600785
140.31902079449208,124.78119743923934,33.416531673097936,60.14975701157627
139.95469705792613,124.48940055710396,34.145179146229836,61.46132246321369
139.58242924228438,123.81931848894877,34.889714777513376,62.80148659952407
138.82201180060576,123.51465760761421,35.650485008237055,64.1708730148267
138.04501345661137,123.20335359576215,36.42784383384166,65.57011890091499
137.2510726637262,122.88526159993165,37.22215296863858,66.99987534354943
136.8452581409856,122.56023360813207,38.033782014119744,68.46080762541553
137.67343101650263,122.6423971089466,38.863108630937624,69.95359553568771
137.67303805029266,122.30304010925758,39.71051871463522,71.47893368634338
137.67263651545449,122.38882582563848,40.57640657520784,73.0375318353741
137.23025224276827,122.47648209956506,41.46117512058025,74.63011521704442
136.77822178101616,121.66282726841123,42.365236044084504,76.25742487935207
136.77779340287478,121.29288930149335,43.28901001602577,77.92021802884635
135.83431425840206,120.44336412443386,44.232926879425214,79.61926838296534
135.83431425840206,120.44336412443386,44.232926879425214,79.61926838296534
135.35251203648707,120.92516634634885,44.232926879425214,79.61926838296534
133.42530314882708,121.88877079017885,44.232926879425214,79.61926838296534
131.9798964830821,122.37057301209384,44.232926879425214,79.61926838296534
129.0501179226091,123.6494818212864,43.34725289356124,78.0250552084102
129.0119328927243,124.43062797776913,42.47931271969154,76.46276289544474
128.51181126475166,124.27073092788753,41.62875127446392,74.93175229403502
127.11483049129124,125.0209085489947,40.79522058434483,73.43139705182067
124.44868615388917,122.79912160115964,40.79522058434483,73.43139705182067
125.30146401399873,118.20198977333209,39.978379643259764,71.96108335786755
126.1371667398202,118.92242660649018,39.17789427308412,70.52020969155139
129.51658128482268,120.90866069342721,38.39343698692747,69.10818657646941
134.50111487683276,121.6005358120222,37.62468685515525,67.7244363392794
137.33672984490545,122.27855754497813,36.871329374093115,66.36839287336757
141.3204179436456,123.34462012030144,36.13305633736024,65.0395014072484
146.40506668420934,124.78291225625355,35.409565709778846,63.73721827760188
149.0737372548415,125.03532129701904,34.70056150380848,62.461010706855234
149.7991131729012,127.17253633936842,34.005753658454445,61.210356585217966
149.05830541603723,129.39495960996032,34.005753658454445,61.210356585217966
144.95390674378024,130.00776577402857,33.32485792060082,59.98474425708144
144.59091944621989,129.28179117890787,33.32485792060082,59.98474425708144
142.38363945923805,130.97128904428206,32.65759572871955,58.783672311695156
140.24932414783356,134.1727620113888,32.65759572871955,58.783672311695156
138.11500883642907,138.0856734156304,32.65759572871955,58.783672311695156
138.11500883642907,138.44139263419783,32.65759572871955,58.783672311695156
138.4707280549965,139.50855028990009,32.65759572871955,58.783672311695156
139.53788571069876,140.21998872703492,32.65759572871955,58.783672311695156
140.24899392896867,139.22338052108924,33.36969460358428,60.06545028645167
140.24865650968135,137.47808992095634,34.09732079441544,61.375177429947755
140.24865650968135,133.76407728849375,34.09732079441544,61.375177429947755
139.13410794322775,132.35213189007123,34.840812874337665,62.71346317380777
136.8567576419086,130.52989935444478,35.600516799062596,64.08093023831265
134.52974971726914,128.66793303837898,36.376786067866156,65.47821492215905
133.3406916382317,124.38798603999382,37.16998188807598,66.90596739853673
133.74518567361304,117.99036539001867,37.980473343145476,68.36485201766182
137.05438618599854,106.90256586031516,38.80863756439276,69.85554761590694
138.32215003744335,97.26387188435707,39.65485990648435,71.3787478316718
137.88981292731293,90.87049529096524,40.519534126745235,72.93516142814141
137.44804870649608,84.33771112095451,41.403062568378914,74.52551262308204
134.7417606139733,79.01541431383929,42.305856347682415,76.15054142582835
128.29039511843433,79.93703795605914,42.305856347682415,76.15054142582835
119.53497051734574,82.24109706160877,42.305856347682415,76.15054142582835
108.0146749895976,92.83976894713706,42.305856347682415,76.15054142582835
97.87638714745853,107.21632776586954,43.22833554534363,77.81100398161854
91.28391252187546,122.84808709538294,44.170929401909845,79.50767292343772
91.76459280668492,132.56604696008677,45.13407651751849,81.24133773153329
97.66355115719051,143.47914272729247,46.118225055982975,83.01280510076938
108.71497884120953,157.54459614331665,46.118225055982975,83.01280510076938
120.2687441472294,165.07966047332962,46.118225055982975,83.01280510076938
131.82250945324927,170.10303669333825,46.118225055982975,83.01280510076938
143.87861238127,172.61472480334254,46.118225055982975,83.01280510076938
151.41367671128296,172.61472480334254,46.118225055982975,83.01280510076938
157.9440657972942,171.61004955934084,46.118225055982975,83.01280510076938
157.44172817529335,166.08433571733133,46.118225055982975,83.01280510076938
156.43705293129162,157.54459614331665,46.118225055982975,83.01280510076938
154.93004006528903,148.5025189473011,46.118225055982975,83.01280510076938
152.92068957728557,138.45576650728378,46.118225055982975,83.01280510076938
149.40432622327953,128.9113516892674,46.118225055982975,83.01280510076938
143.33564875221123,121.70503064415085,45.194801826097105,81.35064328697482
135.41936679832548,116.11983946673165,44.28986825968935,79.72176286744084
128.14401466589246,114.5058599275898,43.40305413902587,78.12549745024658
120.54157366954993,113.86972288242526,42.533996659226545,76.5611939866078
112.62805920715977,116.48940087989402,41.68234027983772,75.0282125037079
108.08785678822731,120.57558305693323,41.68234027983772,75.0282125037079
108.95917888035098,123.14280735492096,40.84773657937687,73.52592584287838
111.59277218456859,127.88327530251266,40.02984411278981,72.05371940302166
115.48169499890044,129.9127013946195,39.22832827176191,70.61099088917143
121.00191083890951,131.474202185835,38.442861147826406,69.19715006608752
127.28292949101501,131.474202185835,38.442861147826406,69.19715006608752
132.69261428750582,130.4920296532584,37.673121398213596,67.81161851678445
138.40433147124006,126.657071211778,36.91879411438619,66.45382940589512
143.59954934166282,124.90956921092274,36.17957069320695,65.12322724777249
144.74992420891707,124.7733851191979,35.45514871068594,63.81926767923468
149.73917769345806,120.77801531205921,34.74523179825572,62.54141723686029
150.49609481662216,118.88572250414896,34.74523179825572,62.54141723686029
150.49609481662216,116.61497113465666,34.74523179825572,62.54141723686029
148.98226057029396,114.7226783267464,34.74523179825572,62.54141723686029
146.30244321600347,112.32114188314866,34.04952952152389,61.28915313874299
142.59363619463014,112.69202258528598,34.04952952152389,61.28915313874299
136.2586696861934,113.30561761934948,33.367757261453335,60.061963070616
132.95818452950698,116.08765410959934,32.69963609792166,58.859344976258996
132.24583025230817,119.64942549559343,32.69963609792166,58.859344976258996
131.88965311370876,123.56737402018693,32.69963609792166,58.859344976258996
131.88965311370876,126.77296826758162,32.69963609792166,58.859344976258996
133.3143616681064,127.84149968337984,32.69963609792166,58.859344976258996
134.0267159453052,129.62238537637688,32.69963609792166,58.859344976258996
135.09524736110342,126.06061399038278,32.69963609792166,58.859344976258996
137.23231019269988,124.27972829738574,32.69963609792166,58.859344976258996
137.23231019269988,123.21119688158753,32.69963609792166,58.859344976258996
136.51995591550107,122.49884260438871,32.69963609792166,58.859344976258996
135.45142449970285,121.07413404999109,32.69963609792166,58.859344976258996
132.95818452950698,117.15618552539759,32.69963609792166,58.859344976258996
131.53347597510935,115.73147697099996,32.69963609792166,58.859344976258996
131.88965311370876,115.37529983240056,32.69963609792166,58.859344976258996
131.17729883650995,115.01912269380115,32.69963609792166,58.859344976258996
130.46494455931114,115.01912269380115,32.69963609792166,58.859344976258996
129.39641314351292,114.30676841660234,32.69963609792166,58.859344976258996
131.53347597510938,112.5258827236053,32.69963609792166,58.859344976258996
130.82112169791057,112.1697055850059,32.69963609792166,58.859344976258996
128.6840588663141,111.10117416920768,32.69963609792166,58.859344976258996
129.0402360049135,109.67646561481006,32.69963609792166,58.859344976258996
128.2990762902701,110.97808895408753,32.044892695612035,57.68080685210167
128.64812170939555,112.02522521146383,32.044892695612035,57.68080685210167
128.997167128521,112.7233160497147,32.044892695612035,57.68080685210167
127.95003087114469,113.770452307091,32.044892695612035,57.68080685210167
128.64812170939555,114.11949772621645,32.044892695612035,57.68080685210167
129.34621254764642,114.4685431453419,32.044892695612035,57.68080685210167
129.66702929935798,116.44219497492448,31.403259192188873,56.52586654593998
131.37731178817143,118.49453396150061,31.403259192188873,56.52586654593998
131.7193682859341,120.20481645031406,31.403259192188873,56.52586654593998
131.7193682859341,120.20481645031406,31.403259192188873,56.52586654593998
130.69319879264606,119.86275995255137,31.403259192188873,56.52586654593998
129.32497280159532,117.46836446821256,31.403259192188873,56.52586654593998
127.2726338150192,119.178646957026,31.403259192188873,56.52586654593998
124.16646188913049,118.37632845910393,30.774473088712583,55.39405155968265
121.14959425169371,117.37070591329167,30.774473088712583,55.39405155968265
109.05501415990786,114.90841462767257,30.158277142248505,54.28489885604731
96.90036943561665,113.33108650891552,30.81587837533523,55.468581075603424
87.5019309389921,104.93962356550074,30.81587837533523,55.468581075603424
84.48069268311227,103.3279018071142,31.487818603309414,56.67807348595696
83.79473757968059,101.27003649681917,31.487818603309414,56.67807348595696
87.5674906485548,99.55514873823999,31.487818603309414,56.67807348595696
90.31099267167477,96.87935073176432,32.174410487954574,57.91393887831825
91.68447461966245,95.35641781770877,31.53018365536518,56.754330579657335
94.0607724228423,96.26805158190047,30.89885614884063,55.617941067913144
93.05077295592267,95.99823932328599,31.5726057071661,56.83069027289899
93.7385751274961,96.3421404090727,31.5726057071661,56.83069027289899
93.3946740417094,95.99823932328599,31.5726057071661,56.83069027289899
94.42637729906954,96.3421404090727,31.5726057071661,56.83069027289899
94.77027838485625,96.3421404090727,31.5726057071661,56.83069027289899
94.08247621328282,96.68604149485941,31.5726057071661,56.83069027289899
93.39467404170938,97.37384366643283,31.5726057071661,56.83069027289899
92.36297078434923,98.06164583800629,31.5726057071661,56.83069027289899
90.29924502169327,98.47375249466614,32.261046374610856,58.06988347429955
88.54191956774488,98.1920454390499,32.96449849080925,59.33609728345665
87.07663231968593,99.14514961923294,32.304451760237995,58.14801316842839
84.96506984795276,100.62242672936475,33.00885033086999,59.41593059556597
82.44791953638406,99.61509932590717,33.72860831233461,60.71149496220229
80.97803807326522,99.3205773557463,34.464060616585066,62.03530910985311
79.47645432986546,98.56978548404642,34.464060616585066,62.0353091098531
79.44609459316366,98.06466283496323,33.77398821828879,60.79317879291982
77.97457699625134,97.69678343573517,33.77398821828879,60.79317879291982
78.7103357947075,96.961024637279,33.77398821828879,60.79317879291982
78.7103357947075,96.961024637279,33.77398821828879,60.79317879291982
79.07821519393558,97.32890403650708,33.77398821828879,60.79317879291982
80.91761219007597,97.69678343573514,33.77398821828879,60.79317879291982
80.5497327908479,96.59314523805091,33.77398821828879,60.79317879291982
80.18185339161982,97.69678343573514,33.77398821828879,60.79317879291982
79.81397399239175,95.12162764113859,33.77398821828879,60.79317879291982
82.3891297869883,95.48950704036668,33.77398821828879,60.79317879291982
82.3891297869883,95.12162764113859,33.77398821828879,60.79317879291982
82.75700918621638,94.01798944345435,33.77398821828879,60.79317879291982
82.75700918621638,94.01798944345435,33.77398821828879,60.79317879291982
82.3891297869883,93.6501100442263,33.77398821828879,60.79317879291982
82.75700918621638,92.91435124577012,33.77398821828879,60.79317879291982
82.38878827966649,92.25155361398032,34.51043003138858,62.11877405649943
82.38878827966649,92.62745462350857,34.51043003138858,62.11877405649943
79.75713225907978,91.19840267030108,35.262929958223005,63.473273924801404
63.62503595535729,77.7549890838657,35.262929958223005,63.473273924801404
59.01550902003664,72.06970381136739,36.031838145962055,64.8573086627317
59.01550902003664,69.32239436742987,36.031838145962055,64.8573086627317
57.445617909215194,72.06970381136739,36.031838145962055,64.8573086627317
54.305835687572305,73.24712214448347,36.031838145962055,64.8573086627317
49.988635132813336,75.20948603301028,36.031838145962055,64.8573086627317
45.67143457805437,74.81701325530491,36.031838145962055,64.8573086627317
43.709070689527564,74.42454047759955,36.031838145962055,64.8573086627317
42.10743877105251,75.0738580236927,35.310374205858565,63.558673570545416
43.230176444868775,75.71017431258421,34.60335610709021,62.28604099276236
43.9836529442374,72.76962157200828,35.35788228700531,63.64418811660954
45.13904831030883,70.84396262855589,35.35788228700531,63.64418811660954
55.922738393642206,68.14804010772254,35.35788228700531,63.64418811660954
54.76698550462717,67.83929113547168,36.12886091027346,65.03194963849221
54.76662018589578,67.13028030453802,36.91665072242198,66.44997130035952
54.76662018589578,67.93450130452779,36.91665072242198,66.44997130035952
54.331989437973235,69.40398475823855,36.17747021828753,65.11944639291752
55.908225673205706,70.58616193466291,36.17747021828753,65.11944639291752
56.30191892176707,67.90590187632353,36.966319956397285,66.53937592151509
55.89926740518163,68.7112049094944,36.966319956397285,66.53937592151509
55.496615888596196,69.51650794266524,36.966319956397285,66.53937592151509
56.70457043835249,69.11385642607982,36.966319956397285,66.53937592151509
56.26935491971297,69.7800139522362,36.226144927334616,65.2070608692023
56.66394416235978,70.17460319488302,36.226144927334616,65.2070608692023
57.0585334050066,70.17460319488302,36.226144927334616,65.2070608692023
57.453122647653416,70.17460319488302,36.226144927334616,65.2070608692023
56.63203218791338,71.61660076293745,35.50079039093376,63.90142270368075
57.4050500184902,67.82640830773997,36.27488512540807,65.29479322573451
56.61480973885533,69.80200900682715,36.27488512540807,65.29479322573451
56.61480973885533,70.19712914664458,36.27488512540807,65.29479322573451
58.590043642680186,71.85597350240563,37.065858995567595,66.71854619202165
55.76351870818408,72.74351749041175,37.874080050965944,68.17334409173867
46.654292823720866,74.6636510301128,37.11572898070762,66.80831216527369
44.63252283764322,62.211184212956205,37.92503745113195,68.26506741203748
43.39324011778341,59.73261877323656,37.92503745113195,68.26506741203748
42.94673733191814,61.65533574237071,37.165666063049365,66.89819891348884
42.13709158828742,64.08427297326291,37.165666063049365,66.89819891348884
42.13709158828742,66.91803307597048,37.165666063049365,66.89819891348884
42.94636152948112,68.61761269320837,37.97606341155416,68.35691414079747
40.05081128773401,64.06746231332006,37.97606341155416,68.35691414079747
41.70541142587521,65.30841241692596,37.97606341155416,68.35691414079747
45.39480824150057,65.16546611867267,37.215670332868264,66.98820659916287
49.4156999616633,69.07905740544456,36.470502571979196,65.64690462956254
54.97721229613047,67.09280300027771,36.470502571979196,65.64690462956254
56.963466701297314,69.07905740544456,36.470502571979196,65.64690462956254
56.963466701297314,70.27081004854466,36.470502571979196,65.64690462956254
56.963466701297314,70.66806092957802,36.470502571979196,65.64690462956254
56.963466701297314,71.46256269164476,36.470502571979196,65.64690462956254
57.360717582330686,71.85981357267815,36.470502571979196,65.64690462956254
57.360717582330686,69.8735591675113,36.470502571979196,65.64690462956254
57.328590350784,72.11978526072082,35.74025527300582,64.33245949141046
57.717887094571324,70.95189502935881,35.74025527300582,64.33245949141046
58.10718383835865,71.73048851693349,35.74025527300582,64.33245949141046
58.88577732593332,72.11978526072082,35.74025527300582,64.33245949141046
59.243590120344656,72.76384829066122,35.024629684183154,63.044333431529644
58.862088248456566,72.76384829066122,35.024629684183154,63.044333431529644
58.480586376568475,72.76384829066122,35.024629684183154,63.044333431529644
58.480586376568475,72.76384829066122,35.024629684183154,63.044333431529644
58.480586376568475,72.76384829066122,35.024629684183154,63.044333431529644
58.480586376568475,72.00084454688505,35.024629684183154,63.044333431529644
58.480586376568475,72.76384829066122,35.024629684183154,63.044333431529644
58.099084504680384,72.76384829066122,35.024629684183154,63.044333431529644
57.71758263279229,72.76384829066122,35.024629684183154,63.044333431529644
57.3360807609042,72.76384829066122,35.024629684183154,63.044333431529644
56.95457888901611,73.52685203443738,35.024629684183154,63.044333431529644
56.191575145239945,72.38234641877312,35.024629684183154,63.044333431529644
56.191575145239945,73.52685203443738,35.024629684183154,63.044333431529644
55.80971912010814,70.55049995787164,35.78834173444677,64.41901512200414
55.80971912010814,72.10978203869006,35.78834173444677,64.41901512200414
56.19953964031275,73.66906411950848,35.78834173444677,64.41901512200414
56.19917776475755,70.6278126859132,36.56870652596638,65.82367174673944
56.59749832140521,71.02613324256086,36.56870652596638,65.82367174673944
56.59749832140521,71.82277435585621,36.56870652596638,65.82367174673944
56.16696402436272,73.67672829505432,35.83649289346069,64.50568720822919
56.166601661924744,70.63138503226878,36.617907621002594,65.91223371780463
56.565458136011785,72.22681092861694,36.617907621002594,65.91223371780463
56.56508787226084,68.71620748189932,37.41636109667856,67.34944997402135
55.34204891639529,68.79703718256656,38.23222485039163,68.81800473070489
56.1749294052621,70.04635791586676,38.23222485039163,68.81800473070489
57.007809894128904,71.71211889360035,38.23222485039163,68.81800473070489
55.75848916082871,69.62991767143336,38.23222485039163,68.81800473070489
56.14125025488876,71.15176812960826,37.46670266227153,67.4400647920887
56.14125025488876,71.55987000900043,37.46670266227153,67.4400647920887
55.32466764972115,68.37599342625151,38.28366411382236,68.9105954048802
55.74166819059349,70.46099613061324,38.28366411382236,68.9105954048802
55.32428054259255,68.45869674159451,39.118439409824255,70.41319093768361
56.17646701792468,68.88478997926057,39.118439409824255,70.41319093768361
55.71591395459035,70.01582335852268,38.335172585828644,69.00331065449151
56.133475545748325,67.9280154027328,38.335172585828644,69.00331065449151
56.133475545748325,70.01582335852268,38.335172585828644,69.00331065449151
55.26458252536622,70.70664851408796,37.567589079644996,67.62166034336094
55.2642026588651,67.10499794811655,38.38675035952665,69.09615064714794
55.2642026588651,69.19561492963932,38.38675035952665,69.09615064714794
55.68232605516965,70.03186172224844,38.38675035952665,69.09615064714794
55.68232605516965,67.5231213444211,38.38675035952665,69.09615064714794
56.100449451474205,68.77749153333477,38.38675035952665,69.09615064714794
56.518572847778756,70.03186172224844,38.38675035952665,69.09615064714794
55.648510781725264,70.72361634339677,37.618134113806285,67.71264140485128
55.648510781725264,67.85535703629421,37.618134113806285,67.71264140485128
55.648510781725264,69.49436235463853,37.618134113806285,67.71264140485128
56.058262111311336,70.72361634339677,37.618134113806285,67.71264140485128
56.46801344089741,67.85535703629421,37.618134113806285,67.71264140485128
56.434875249213796,72.63077398037943,36.86490783800137,66.35683410840244
55.631408695111816,69.09649032172533,37.668747153408994,67.80374487613615
56.04171132158595,69.50679294819946,37.668747153408994,67.80374487613615
56.452013948060085,70.32739820114776,37.668747153408994,67.80374487613615
56.41883117084218,71.82681918275726,36.91450745489652,66.4461134188137
55.61465686145729,70.2184705639875,36.91450745489652,66.4461134188137
56.01674401614973,71.02264487337239,36.91450745489652,66.4461134188137
56.41883117084217,69.01220909991018,36.91450745489652,66.4461134188137
56.418457908007596,69.4940418124389,37.71942828995054,67.89497092191093
56.82931257310811,70.31575114263991,37.71942828995054,67.89497092191093
57.20693981546917,72.22804417419134,36.964173805228434,66.53551284941113
56.80431167559594,70.61753161469845,36.964173805228434,66.53551284941113
57.609567955342385,73.03330045393778,36.964173805228434,66.53551284941113
55.999055395849496,71.02015975457167,36.964173805228434,66.53551284941113
55.999055395849496,69.00701905520555,36.964173805228434,66.53551284941113
56.401683535722725,70.21490347482522,36.964173805228434,66.53551284941113
56.804311675595955,71.4227878944449,36.964173805228434,66.53551284941113
56.36912142423473,72.89416302528474,36.22404174845799,65.20327514722435
56.36912142423473,70.52676502125166,36.22404174845799,65.20327514722435
56.763687758240245,72.1050303572737,36.22404174845799,65.20327514722435
56.36912142423473,72.49959669127924,36.22404174845799,65.20327514722435
56.36912142423473,70.13219868724616,36.22404174845799,65.20327514722435
56.763687758240245,71.7104640232682,36.22404174845799,65.20327514722435
56.763687758240245,72.89416302528474,36.22404174845799,65.20327514722435
56.36912142423473,73.28872935929027,36.22404174845799,65.20327514722435
56.36875514307768,69.81588631395906,37.01390697878312,66.62503256180958
56.77192499599619,71.42856572563306,37.01390697878312,66.62503256180958
56.336149221138236,72.49875065431385,36.27277911682502,65.291002410285
56.73124642149211,70.12816745219064,36.27277911682502,65.291002410285
56.73124642149211,72.49875065431385,36.27277911682502,65.291002410285
56.336149221138236,73.2889450550216,36.27277911682502,65.291002410285
56.33578244717093,69.81142949876639,37.06370706546739,66.71467271784127
56.33578244717093,71.02256638318914,37.06370706546739,66.71467271784127
56.33578244717093,68.60029261434364,37.06370706546739,66.71467271784127
56.30313265583556,73.3053280686695,36.321582058522935,65.37884770534124
55.90750387488314,70.5359266020026,36.321582058522935,65.37884770534124
55.90750387488314,70.93155538295503,36.321582058522935,65.37884770534124
55.90750387488314,71.72281294485984,36.321582058522935,65.37884770534124
55.90750387488314,70.14029782105018,36.321582058522935,65.37884770534124
55.90750387488314,70.93155538295503,36.321582058522935,65.37884770534124
55.90750387488314,71.72281294485984,36.321582058522935,65.37884770534124
55.90750387488314,70.14029782105018,36.321582058522935,65.37884770534124
55.90750387488314,70.93155538295503,36.321582058522935,65.37884770534124
55.90750387488314,71.72281294485984,36.321582058522935,65.37884770534124
55.90750387488314,69.74466904009776,36.321582058522935,65.37884770534124
56.30313265583556,70.5359266020026,36.321582058522935,65.37884770534124
56.30313265583556,71.32718416390742,36.321582058522935,65.37884770534124
56.30313265583556,69.74466904009776,36.321582058522935,65.37884770534124
56.69876143678798,70.93155538295503,36.321582058522935,65.37884770534124
56.69876143678798,72.11844172581226,36.321582058522935,65.37884770534124
56.69876143678798,70.5359266020026,36.321582058522935,65.37884770534124
56.69876143678798,71.32718416390745,36.321582058522935,65.37884770534124
56.69876143678798,69.74466904009779,36.321582058522935,65.37884770534124
56.69876143678798,70.14029782105021,36.321582058522935,65.37884770534124
56.69876143678798,70.53592660200263,36.321582058522935,65.37884770534124
56.69876143678798,71.32718416390745,36.321582058522935,65.37884770534124
56.30313265583556,69.34904025914537,36.321582058522935,65.37884770534124
56.30313265583556,69.74466904009779,36.321582058522935,65.37884770534124
56.30313265583556,70.14029782105021,36.321582058522935,65.37884770534124
56.30313265583556,70.93155538295505,36.321582058522935,65.37884770534124
56.30313265583556,71.72281294485987,36.321582058522935,65.37884770534124
55.90750387488314,69.74466904009779,36.321582058522935,65.37884770534124
55.90750387488314,70.53592660200263,36.321582058522935,65.37884770534124
55.90750387488314,71.32718416390745,36.321582058522935,65.37884770534124
55.90750387488314,69.74466904009779,36.321582058522935,65.37884770534124
55.90750387488314,70.53592660200263,36.321582058522935,65.37884770534124
55.90750387488314,71.32718416390745,36.321582058522935,65.37884770534124
55.90750387488314,69.74466904009779,36.321582058522935,65.37884770534124
55.90750387488314,70.53592660200263,36.321582058522935,65.37884770534124
55.90750387488314,71.72281294485987,36.321582058522935,65.37884770534124
55.90750387488314,70.14029782105021,36.321582058522935,65.37884770534124
55.90750387488314,70.93155538295505,36.321582058522935,65.37884770534124
55.90750387488314,71.72281294485987,36.321582058522935,65.37884770534124
55.90750387488314,69.74466904009779,36.321582058522935,65.37884770534124
55.90750387488314,70.14029782105021,36.321582058522935,65.37884770534124
55.90750387488314,70.53592660200263,36.321582058522935,65.37884770534124
55.90750387488314,71.32718416390748,36.321582058522935,65.37884770534124
55.90750387488314,69.74466904009782,36.321582058522935,65.37884770534124
56.30313265583556,70.14029782105024,36.321582058522935,65.37884770534124
56.69876143678798,70.53592660200266,36.321582058522935,65.37884770534124
57.094390217740404,71.32718416390748,36.321582058522935,65.37884770534124
57.094390217740404,71.32718416390748,36.321582058522935,65.37884770534124
57.094390217740404,71.32718416390748,36.321582058522935,65.37884770534124
57.094390217740404,71.32718416390748,36.321582058522935,65.37884770534124
57.094390217740404,71.32718416390748,36.321582058522935,65.37884770534124
57.490018998692825,71.7228129448599,36.321582058522935,65.37884770534124
57.490018998692825,71.7228129448599,36.321582058522935,65.37884770534124
57.88564777964525,70.93155538295508,36.321582058522935,65.37884770534124
57.88564777964525,72.11844172581232,36.321582058522935,65.37884770534124
57.458022952720256,73.16860942972846,35.59431658856326,64.06976985941382
57.07031582977396,73.16860942972846,35.59431658856326,64.06976985941382
56.29490158388137,72.78090230678217,35.59431658856326,64.06976985941382
55.907194460935074,71.23007381499698,35.59431658856326,64.06976985941382
56.29454167022085,70.91926027205102,36.37045066177688,65.46681119119835
56.69070274698299,72.10774350233743,36.37045066177688,65.46681119119835
56.29454167022085,70.12693811852677,36.37045066177688,65.46681119119835
56.29454167022085,71.31542134881317,36.37045066177688,65.46681119119835
55.89838059345871,69.33461596500248,36.37045066177688,65.46681119119835
55.89838059345871,70.52309919528889,36.37045066177688,65.46681119119835
55.89838059345871,70.91926027205105,36.37045066177688,65.46681119119835
55.89838059345871,71.31542134881317,36.37045066177688,65.46681119119835
55.89838059345871,69.33461596500251,36.37045066177688,65.46681119119835
56.29454167022085,70.52309919528892,36.37045066177688,65.46681119119835
56.69070274698299,71.31542134881317,36.37045066177688,65.46681119119835
56.69070274698299,69.33461596500251,36.37045066177688,65.46681119119835
56.69070274698299,69.73077704176464,36.37045066177688,65.46681119119835
56.69070274698299,70.52309919528892,36.37045066177688,65.46681119119835
56.69070274698299,71.31542134881317,36.37045066177688,65.46681119119835
56.69070274698299,70.12693811852677,36.37045066177688,65.46681119119835
57.086863823745134,71.31542134881317,36.37045066177688,65.46681119119835
57.086863823745134,71.71158242557533,36.37045066177688,65.46681119119835
57.086863823745134,72.10774350233746,36.37045066177688,65.46681119119835
57.086863823745134,72.50390457909961,36.37045066177688,65.46681119119835
56.294541670220866,72.10774350233746,36.37045066177688,65.46681119119835
56.294541670220866,72.10774350233746,36.37045066177688,65.46681119119835
56.294541670220866,70.91926027205105,36.37045066177688,65.46681119119835
56.69070274698301,72.10774350233746,36.37045066177688,65.46681119119835
56.69070274698301,71.3154213488132,36.37045066177688,65.46681119119835
56.69070274698301,70.52309919528892,36.37045066177688,65.46681119119835
56.69070274698301,71.71158242557533,36.37045066177688,65.46681119119835
56.69070274698301,70.52309919528892,36.37045066177688,65.46681119119835
56.69070274698301,71.3154213488132,36.37045066177688,65.46681119119835
56.69070274698301,68.93845488824039,36.37045066177688,65.46681119119835
57.483024900507274,70.52309919528892,36.37045066177688,65.46681119119835
58.27534705403154,71.71158242557533,36.37045066177688,65.46681119119835
58.67150813079368,69.33461596500251,36.37045066177688,65.46681119119835
57.4826571389294,69.41318620951475,37.16350833845692,66.89431500922242
56.26825903180659,70.22278494759662,37.16350833845692,66.89431500922242
55.02112321740597,68.86849909356555,36.4193850149307,65.55489302687522
52.6088764833562,73.0950472891746,35.69016124059593,64.24229023307264
48.33225349915834,71.61714351965409,36.468385206447124,65.64309337160478
48.33225349915834,74.0005104268471,36.468385206447124,65.64309337160478
47.53779786342734,73.6032826089816,36.468385206447124,65.64309337160478
47.537429111579556,72.49038096563218,37.263578345873704,67.07444102257261
50.78454407505201,68.43148726129161,37.263578345873704,67.07444102257261
53.625392875608576,67.70020816804302,38.07611067170548,68.5369992090698
55.69909181639044,68.11494795619939,38.07611067170548,68.5369992090698
55.28396701979217,67.78246311047886,38.90636026490201,70.03144847682357
55.7077502090293,69.05381267819024,38.90636026490201,70.03144847682357
55.28357361624121,68.29029481117166,39.7547134504782,71.55848421086071
54.41752605288434,64.39308077606573,39.7547134504782,71.55848421086071
54.850549834562784,65.69215212110105,39.7547134504782,71.55848421086071
55.28357361624123,66.99122346613636,39.7547134504782,71.55848421086071
54.417526052884355,68.7233185928501,39.7547134504782,71.55848421086071
54.8505498345628,66.12517590277949,39.7547134504782,71.55848421086071
55.28357361624124,67.85727102949323,39.7547134504782,71.55848421086071
55.68157707206662,70.30577237669266,38.95870653882744,70.12567176988935
55.68157707206662,69.03271228113255,38.95870653882744,70.12567176988935
55.22290459149997,69.73477393078471,38.178638039213915,68.721548470585
56.88633081578068,70.56648704292508,38.178638039213915,68.721548470585
56.88633081578068,68.90306081864435,38.178638039213915,68.721548470585
56.88633081578068,70.56648704292508,38.178638039213915,68.721548470585
56.05423165848798,68.1538241364438,39.01112324165897,70.22002183498611
56.47915596676327,69.00367275299438,39.01112324165897,70.22002183498611
56.47876150389638,68.66302327321374,39.861760783943346,71.75116941109798
56.47876150389638,66.49207435912759,39.861760783943346,71.75116941109798
56.47876150389638,67.36045392476204,39.861760783943346,71.75116941109798
56.04416865694944,67.446566365892,40.73094647783723,73.31570366010698
56.04416865694944,68.77753823898668,40.73094647783723,73.31570366010698
55.60051136591788,66.11559449279731,40.73094647783723,73.31570366010698
55.60051136591788,67.446566365892,40.73094647783723,73.31570366010698
55.12097377556698,66.40593578684778,39.915392494412764,71.84770648994294
54.686199815326006,67.71025766757072,39.915392494412764,71.84770648994294
55.52058586617335,68.86433339090316,39.11616831320003,70.40910296376
56.79879136617161,69.716470390902,39.11616831320003,70.40910296376
56.79879136617161,68.43826489090374,39.11616831320003,70.40910296376
56.33826504113573,70.42136960583534,38.33294696327411,68.99930453389335
56.33826504113573,71.67398165227303,38.33294696327411,68.99930453389335
55.503190343510596,70.83890695464791,38.33294696327411,68.99930453389335
55.92072769232317,68.3336828617725,38.33294696327411,68.99930453389335
55.92072769232317,70.83890695464791,38.33294696327411,68.99930453389335
55.503190343510596,69.16875755939765,38.33294696327411,68.99930453389335
55.92072769232317,70.42136960583534,38.33294696327411,68.99930453389335
55.05188511720511,71.94722935183584,37.56540802063482,67.61773443714262
55.05188511720511,69.9013442693472,37.56540802063482,67.61773443714262
55.05188511720511,67.85545918685857,37.56540802063482,67.61773443714262
