298,160,48,80
297.5,162.0,48.0,80.0
298.0,165.5,48.0,80.0
299.0,169.0,48.0,80.0
301.5,173.0,48.0,80.0
303.0,176.5,48.0,80.0
307.0,178.5,48.0,80.0
312.0,182.0,48.0,80.0
315.0,182.0,48.0,80.0
320.0,182.5,48.0,80.0
322.98055096418733,183.30091827364555,47.03889807162535,78.3981634527089
324.4314569203176,184.08579979526462,46.09704024568247,76.82840040947079
325.391811925436,183.6056222927054,46.097040245682464,76.82840040947079
323.9512794177584,185.5263323029422,46.097040245682464,76.82840040947079
323.47110191519926,183.12544479014622,46.097040245682464,76.82840040947079
321.05153642351587,184.37478816549168,45.174041198338934,75.29006866389824
320.09210657469487,186.54024185065157,44.26952332108477,73.78253886847463
318.70868397091095,187.92366445443548,44.26952332108477,73.78253886847463
318.70868397091095,189.3070870582194,44.26952332108477,73.78253886847463
317.786402235055,188.84594619029144,44.26952332108477,73.78253886847463
315.4806978954152,189.76822792614735,44.26952332108477,73.78253886847463
310.8513517256255,188.66233675013206,43.3831165662489,72.30519427708153
308.13990694023494,189.11424421436382,43.3831165662489,72.30519427708153
303.62083229791733,190.01805914282735,43.3831165662489,72.30519427708153
300.9093875125268,190.9218740712909,43.3831165662489,72.30519427708153
299.1017576555997,192.27759646398616,43.3831165662489,72.30519427708153
301.79562411207854,194.80910821311326,42.514458295608804,70.85743049268137
307.99564928018816,196.5805439754303,42.514458295608804,70.85743049268137
316.83560173298275,196.40421373058626,41.66319313203144,69.43865522005242
325.081442040364,200.74412968183952,41.66319313203144,69.43865522005242
334.6123756969692,206.21322082650704,40.82897281408475,68.04828802347461
343.95247188031243,209.02099379434435,40.01145605356031,66.6857600892672
353.9391237220004,212.60611884634275,39.210308395848756,65.35051399308128
359.64140614030714,221.42918835609277,38.42520208311094,64.04200347185159
362.04298127050157,228.63391374667606,38.42520208311094,64.04200347185159
357.6400935318118,233.43706400706492,38.42520208311094,64.04200347185159
350.83563066292754,239.44100183255102,38.42520208311094,64.04200347185159
337.2267049251591,241.84257696274545,38.42520208311094,64.04200347185159
332.02329214307116,236.63916418065753,38.42520208311094,64.04200347185159
329.2058850509397,237.280319316426,37.65581592018878,62.75969320031465
294.6880537907666,234.9268308214142,37.65581592018878,62.75969320031465
282.9206113157076,234.14233465641027,37.65581592018878,62.75969320031465
271.5271224725827,229.5356162762742,38.476900986328495,64.12816831054751
260.28599965717433,221.62203998633186,39.315889812335385,65.526483020559
252.50472979848297,211.793067533248,39.315889812335385,65.526483020559
248.81886512857653,203.60225715567813,39.315889812335385,65.526483020559
249.6379461663335,197.86868989137923,39.315889812335385,65.526483020559
255.78105394951092,189.67787951380936,39.315889812335385,65.526483020559
266.01956692147326,185.17293380614592,39.315889812335385,65.526483020559
276.6676204123141,181.48706913623948,39.315889812335385,65.526483020559
293.44285134989553,183.3717076636111,38.52866944745203,64.21444907908675
305.4830605522243,184.17438827709967,38.52866944745203,64.21444907908675
317.50455124264647,184.2769708595035,39.36878708475372,65.61464514125623
331.0375718030306,183.86687932737067,39.36878708475372,65.61464514125623
343.34031776701613,183.04669626310496,39.36878708475372,65.61464514125623
354.4127891346031,181.40633013457355,39.36878708475372,65.61464514125623
368.35590122712006,175.66504868471364,39.36878708475372,65.61464514125623
381.88892178750416,175.66504868471364,39.36878708475372,65.61464514125623
397.88249154068535,180.58614707030785,39.36878708475372,65.61464514125623
412.2197433955453,182.06322973847855,38.580507560067716,64.30084593344623
427.877442223631,186.72577914080597,37.808011722283254,63.01335287047213
438.5109455205232,194.60244824961498,37.808011722283254,63.01335287047213
451.09829673265943,199.17163962648996,37.05098353531871,61.75163922553123
455.7146570515394,206.35097649774383,36.30911329106928,60.51518881844885
453.05240551480045,214.1430016769072,35.58209748270219,59.30349580450369
444.1568811441249,219.33205755980129,35.58209748270219,59.30349580450369
430.07230089055525,221.92658550124833,35.58209748270219,59.30349580450369
413.3931926955386,218.96141071102315,35.58209748270219,59.30349580450369
394.490203407853,224.52111344269537,35.58209748270219,59.30349580450369
377.7938082438094,220.9093822894616,36.35796511831251,60.596608530520896
361.88719850454765,221.6668398960931,36.35796511831251,60.596608530520896
349.3891479951277,222.4242975027246,36.35796511831251,60.596608530520896
339.92092791223376,222.80302630604038,36.35796511831251,60.596608530520896
330.45270782933994,217.12209425630405,36.35796511831251,60.596608530520896
320.2093662284279,211.91669409201097,37.15075054771731,61.917917579528904
310.14770462175443,208.82079821303455,37.15075054771731,61.917917579528904
300.4549809269786,204.66285525277522,37.96082266341028,63.26803777235054
292.1510509693576,201.49945336415772,37.96082266341028,63.26803777235054
285.0149540869575,201.20509881842185,38.788558401585945,64.64759733597664
279.33944454543615,197.6719460050174,39.63434291753253,66.0572381958876
275.62372489691745,196.0205150501202,39.63434291753253,66.0572381958876
271.88874956346467,196.12604148813813,40.49856976484933,67.49761627474894
266.8264283428585,196.54790158985531,40.49856976484933,67.49761627474894
264.7171278342726,198.6572020984412,40.49856976484933,67.49761627474894
263.0100118722598,198.76502954044014,41.38164107857187,68.96940179761984
257.83730673743827,200.48926458538062,41.38164107857187,68.96940179761984
253.95777788632216,199.19608830167522,41.38164107857187,68.96940179761984
252.6646016026168,196.60973573426446,41.38164107857187,68.96940179761984
250.94036655767633,195.74761821179425,41.38164107857187,68.96940179761984
248.35401399026557,196.60973573426446,41.38164107857187,68.96940179761984
244.4577177845802,196.00704512833556,40.55305826524013,67.58843044206694
240.63943694966156,195.83884986066062,39.741066129819046,66.23511021636513
238.96745658136928,194.0181446041621,38.94533247788084,64.90888746313479
237.34473439479092,192.39542241758375,38.94533247788084,64.90888746313479
234.91065111492333,188.74429749778238,38.94533247788084,64.90888746313479
234.0835098306738,187.7714092373444,38.16553176651243,63.60921961085411
233.27293036066024,184.83021296371717,37.401344971132445,62.335574951887466
232.86817843184042,183.50629750993528,36.652459454974924,61.08743242495826
231.72278907387246,185.41527977321522,36.652459454974924,61.08743242495826
230.1956032632485,188.46965139446314,36.652459454974924,61.08743242495826
228.66841745262454,186.94246558383918,36.652459454974924,61.08743242495826
263.7936910969755,183.1245010572793,36.652459454974924,61.08743242495826
262.26650528635156,184.26989041524726,36.652459454974924,61.08743242495826
261.5029123810396,184.65168686790324,36.652459454974924,61.08743242495826
261.5029123810396,184.26989041524726,36.652459454974924,61.08743242495826
264.16063640386983,184.49966947408174,35.91856884118637,59.864281401977344
266.40554695644397,185.24797299160645,35.91856884118637,59.864281401977344
271.2695198203546,184.49966947408174,35.91856884118637,59.864281401977344
274.2627338904535,184.8738212328441,35.91856884118637,59.864281401977344
245.06434292507845,201.5616768210443,35.199372887483825,58.66562147913977
252.76420574421553,199.72837614982117,35.199372887483825,58.66562147913977
258.26410775788486,198.99505588133192,35.199372887483825,58.66562147913977
265.2306503085327,196.79509507586417,35.199372887483825,58.66562147913977
271.8305327249359,200.4616964183104,35.199372887483825,58.66562147913977
275.49713406738215,198.9950558813319,35.199372887483825,58.66562147913977
278.7970752755838,197.5284153443534,35.199372887483825,58.66562147913977
282.46367661803004,196.0617748073749,35.199372887483825,58.66562147913977
284.29697728925316,194.22847413615176,35.199372887483825,58.66562147913977
287.9635786316994,185.06197078003618,35.199372887483825,58.66562147913977
289.4302191686779,185.4286309142808,35.199372887483825,58.66562147913977
291.26351983990105,181.76202957183457,35.199372887483825,58.66562147913977
293.4634806453688,181.39536943758995,35.199372887483825,58.66562147913977
293.4634806453688,178.8287484978776,35.199372887483825,58.66562147913977
293.44637961670765,173.42256481452117,35.96689521329541,59.94482535549241
294.94500025059494,172.67325449757752,35.96689521329541,59.94482535549241
296.06896572601045,172.2985993391057,35.96689521329541,59.94482535549241
296.8182760429541,169.30135807133107,35.96689521329541,59.94482535549241
297.9422415183696,167.80273743744377,35.96689521329541,59.94482535549241
297.56758635989775,165.5548064866128,35.96689521329541,59.94482535549241
296.06896572601045,159.1856687925917,35.96689521329541,59.94482535549241
294.57034509212315,157.3123930002326,35.96689521329541,59.94482535549241
294.1956899336513,152.44187594009884,35.96689521329541,59.94482535549241
294.1956899336513,148.69532435538056,35.96689521329541,59.94482535549241
295.6943105675386,145.69808308760594,35.96689521329541,59.94482535549241
296.44362088448224,143.07549697830314,35.96689521329541,59.94482535549241
297.9276681551805,139.92908171905617,35.24673162272984,58.74455270454979
299.3820004114274,138.31428081436314,34.540987836656726,57.5683130610946
301.88661850557025,139.97003060817838,33.84937512795305,56.41562521325514
304.69368439729345,140.88743208016666,33.171610550666536,55.286017584444274
305.3713188703997,139.71323880265865,32.50741682425948,54.17902804043251
307.7416513471686,141.74495235417487,32.50741682425948,54.17902804043251
308.06709864921316,141.61012667374368,31.856522220170426,53.09420370028409
307.72235198772125,141.8098393752196,31.218660450647178,52.03110075107868
307.0719632283327,141.8098393752196,31.218660450647178,52.03110075107868
305.4459913298615,142.78542251430233,31.218660450647178,52.03110075107868
303.47965798582715,143.8441253368349,31.89938334177354,53.165638902955955
299.49223506810546,144.17641057997838,31.89938334177354,53.16563890295595
296.486170096074,147.5841951195606,32.59494939554091,54.324915659234904
291.0404714397732,152.88149796056533,31.942302130554893,53.23717021759155
288.7113452427536,151.55056870512553,31.942302130554893,53.23717021759155
284.7185574764343,158.20521498232446,31.942302130554893,53.23717021759155
282.0566989655547,159.8688765516242,31.942302130554893,53.23717021759155
278.3966435130953,165.85805820110323,31.942302130554893,53.23717021759155
275.40205268835575,171.1817752228624,31.942302130554893,53.23717021759155
275.0693203744958,180.16554769708097,31.942302130554893,53.23717021759155
275.40205268835575,184.82380009112023,31.942302130554893,53.23717021759155
278.06391119923535,188.8165878574396,31.942302130554893,53.23717021759155
281.72396665169475,183.49287083568043,31.942302130554893,53.23717021759155
286.71495135959395,184.82380009112023,31.942302130554893,53.23717021759155
293.3695976367929,188.48385554357966,31.942302130554893,53.23717021759155
302.0206377971515,191.81117868217913,31.942302130554893,53.23717021759155
309.34074870207036,195.1385018207786,31.942302130554893,53.23717021759155
319.32271811786876,203.78954198113723,31.942302130554893,53.23717021759155
327.958239643109,206.5364468714394,32.63880402851164,54.398006714186124
339.1619715089527,210.36321064876563,33.35049315035334,55.58415525058895
351.32100547001903,214.87942326287597,33.35049315035334,55.58415525058895
361.3956336091883,213.48981938161126,33.35049315035334,55.58415525058895
371.10934755021526,207.44568051642065,32.682717665373126,54.471196108955255
378.25869203951567,201.65811592984414,32.682717665373126,54.471196108955255
381.3226968206444,193.82788148918183,32.682717665373126,54.471196108955255
379.96091691792054,181.5718623646669,32.682717665373126,54.471196108955255
377.57780208815376,172.7202929969617,32.682717665373126,54.471196108955255
368.0453427690866,159.7833839210848,32.682717665373126,54.471196108955255
357.4915485229765,157.40026909131802,32.682717665373126,54.471196108955255
340.80974471460894,152.29359445610348,32.682717665373126,54.471196108955255
324.8088308576033,153.3149293831464,32.682717665373126,54.471196108955255
307.4461370978738,160.80471884812775,32.682717665373126,54.471196108955255
294.4933496683312,166.67930117048832,33.39536432406659,55.658940540111026
283.70942993868465,179.8982995487647,33.39536432406659,55.658940540111026
276.40419399279506,194.16090306216816,33.39536432406659,55.658940540111026
272.5776418306624,206.33629630531746,33.39536432406659,55.658940540111026
271.881905073911,217.46808441333965,33.39536432406659,55.658940540111026
273.9691153441652,227.20839900785907,33.39536432406659,55.658940540111026
278.47517968188174,232.1674714626316,34.12355024315286,56.87258373858815
285.5676742910455,235.10195460208342,34.86761425620481,58.11269042700806
293.9072455924618,238.22617875443626,34.169461520799345,56.94910253466563
274.33099159617046,218.2939928673033,34.169461520799345,56.94910253466563
282.1448925312981,216.6053096043941,34.91452662926037,58.190877715434006
292.6750264763665,218.5167344601518,35.67583788241139,59.45972980401905
305.29288654848267,211.55087846428646,36.453749527437374,60.75624921239568
318.20358950611677,208.51306600366667,36.453749527437374,60.75624921239568
368.7072216639207,239.65064372501945,36.453749527437374,60.75624921239568
375.92202625789264,233.19529224620243,36.453749527437374,60.75624921239568
378.20038560335746,225.60076109465297,36.453749527437374,60.75624921239568
374.00568302335984,218.4830146087978,37.24862353588315,62.081039226471965
363.52950765389267,210.33487821032332,37.24862353588315,62.08103922647197
353.8293452747564,204.90278727800705,37.24862353588315,62.08103922647197
340.6371244391311,199.47069634569073,37.24862353588315,62.08103922647197
327.44490360350585,195.2026248988708,37.24862353588315,62.08103922647197
313.47666977754966,192.48657943271263,37.24862353588315,62.08103922647197
299.12042945642804,189.38252747138904,37.24862353588315,62.08103922647197
282.8241566594792,186.27847551006545,37.24862353588315,62.08103922647197
269.2439293286884,187.05448850039636,37.24862353588315,62.08103922647197
255.66370199789762,183.95043653907277,37.24862353588315,62.08103922647197
244.4115136380996,185.89046901490002,37.24862353588315,62.08103922647197
234.71135125896333,186.66648200523093,37.24862353588315,62.08103922647197
227.32113122788527,187.15366296056067,38.06082977208308,63.43471628680519
219.76976744902956,187.65146689662137,38.89074616526335,64.81791027543898
212.88286448226415,189.27191465350734,38.89074616526335,64.81791027543898
209.2368570292707,186.03101913973538,38.89074616526335,64.81791027543898
207.21129733316323,188.86680271428583,38.89074616526335,64.81791027543898
207.59751485153944,192.6163567789443,39.73875888539692,66.23126480899492
213.80669592738272,194.68608380422538,39.73875888539692,66.23126480899492
220.4105159945904,199.34528770537614,40.605262522893,67.67543753815505
232.676689048381,203.15203106689737,40.605262522893,67.67543753815505
248.32663397907936,212.03443224378023,40.605262522893,67.67543753815505
265.6684648482316,213.7263181822341,40.605262522893,67.67543753815505
282.5873242327704,216.26414708991493,40.605262522893,67.67543753815505
296.12241174040145,217.9560330283688,40.605262522893,67.67543753815505
313.44778983444974,212.28899194168258,39.79222510387401,66.3203751731234
322.98134376558625,210.6309825623545,39.79222510387401,66.3203751731234
329.61338128289856,207.72946614853035,39.79222510387401,66.3203751731234
331.2713906622266,201.51193097605002,39.79222510387401,66.3203751731234
329.61338128289856,195.2943958035697,39.79222510387401,66.3203751731234
322.96522042368804,191.39883501530727,38.995467098006266,64.99244516334383
318.09078703643723,188.96161832168184,38.995467098006266,64.99244516334383
311.18533973783195,186.11819884578557,38.995467098006266,64.99244516334383
305.09229800376846,186.52440162805647,38.995467098006266,64.99244516334383
299.81166183424676,185.30579328124378,38.995467098006266,64.99244516334383
296.5620395760796,185.71199606351468,38.995467098006266,64.99244516334383
294.937228446996,184.0871849344311,38.995467098006266,64.99244516334383
296.1558367938087,184.89959049897288,38.995467098006266,64.99244516334383
301.0302701810595,186.11819884578557,38.995467098006266,64.99244516334383
305.9047035683103,186.52440162805647,38.995467098006266,64.99244516334383
311.9977453023738,186.93060441032736,38.995467098006266,64.99244516334383
318.9031926009791,186.11819884578557,38.995467098006266,64.99244516334383
324.9962343350426,183.27477936988925,38.995467098006266,64.99244516334383
328.2269112954447,178.50417141378693,39.84576325807829,66.40960543013054
332.7925716687662,173.52345100652713,39.84576325807829,66.40960543013054
333.6226917366428,168.95779063320566,39.84576325807829,66.40960543013054
334.0377517705811,163.9770702259459,39.84576325807829,66.40960543013054
334.4528118045194,159.41140985262444,39.84576325807829,66.40960543013054
333.62269173664276,154.01562941142635,39.84576325807829,66.40960543013054
332.79257166876613,149.86502907204317,39.84576325807829,66.40960543013054
334.03775177058105,150.6951491399198,39.84576325807829,66.40960543013054
335.282931872396,151.11020917385815,39.84576325807829,66.40960543013054
336.94317200814925,158.16622975080952,39.84576325807829,66.40960543013054
336.1130519402726,166.4674304295758,39.84576325807829,66.40960543013054
334.0183933705981,175.7048405208934,40.71460012592069,67.85766687653454
329.7772891908147,187.1558218063086,40.71460012592069,67.85766687653454
325.11207459305297,201.5755760175722,40.71460012592069,67.85766687653454
321.70269417181066,211.16125036272194,39.89937344479516,66.49895574132532
325.4432604322602,219.88923830377092,39.89937344479516,66.49895574132532
302.1492414771978,210.43624549775217,40.76937928275892,67.94896547126491
293.63910152000363,225.55567026191153,39.953055760940224,66.58842626823375
291.9743908632978,229.71744690367615,39.953055760940224,66.58842626823375
291.5388026728641,235.65030921311015,40.82423214180752,68.04038690301259
291.1135502547203,237.35131888568546,40.82423214180752,68.04038690301259
289.8179592275066,236.60950856747536,41.71440452365963,69.52400753943277
289.36316793218737,234.1134228867909,42.62398711429803,71.0399785238301
288.0311683348655,232.78142328946905,42.62398711429803,71.0399785238301
287.5871684690916,235.00142261833872,42.62398711429803,71.0399785238301
283.1298990727717,244.14863528003258,41.77052885991119,69.61754809985203
283.1129741454444,246.15093888739943,40.93415936331765,68.22359893886279
283.52278559857444,237.4532131218558,40.114536457057646,66.85756076176278
281.01562707000835,227.8424387623524,40.114536457057646,66.85756076176278
277.23863533848913,215.55812939157914,39.3113248248757,65.5188747081262
275.1911705038602,204.91131225150863,39.3113248248757,65.5188747081262
274.7816775369344,195.49297401221548,39.3113248248757,65.5188747081262
279.69559314004385,187.3031146736997,39.3113248248757,65.5188747081262
289.0980028925794,182.22615393701903,38.52419586453923,64.20699310756542
299.1303455656365,177.41062945395163,38.52419586453923,64.20699310756542
309.9652756525382,170.5886364362728,38.52419586453923,64.20699310756542
323.2079679809736,166.97699307397224,38.52419586453923,64.20699310756542
338.0558351370981,162.9640560047494,38.52419586453923,64.20699310756542
374.97485617394824,206.3037763523561,38.52419586453923,64.20699310756542
390.22401703699506,205.50118893851152,38.52419586453923,64.20699310756542
405.47317790004183,199.88307704159953,38.52419586453923,64.20699310756542
411.0912897969538,197.07402109314356,38.52419586453923,64.20699310756542
411.0912897969538,189.85073436854245,38.52419586453923,64.20699310756542
403.8680030723527,181.4235665231745,38.52419586453923,64.20699310756542
393.033072985451,170.9899301431951,38.52419586453923,64.20699310756542
380.5929680708602,161.76017488398256,38.52419586453923,64.20699310756542
366.54768832858025,154.13559445245917,38.52419586453923,64.20699310756542
351.69982117245576,148.9187762624695,38.52419586453923,64.20699310756542
335.23116963728745,143.14088387765898,37.75282755340399,62.92137925567336
318.7143075826732,138.81503905383144,37.75282755340399,62.92137925567336
302.98396276875485,140.78133215557122,37.75282755340399,62.92137925567336
285.6652864714631,141.41126818618184,36.996904316671234,61.66150719445209
269.86452525288473,143.33819028600848,36.996904316671234,61.66150719445209
255.990686134133,146.03588122576576,36.996904316671234,61.66150719445209
