144,63,57,89
144.0,62.42913385826772,57.0,89.0
144.0,63.0,57.0,89.0
144.0,62.42913385826772,57.0,89.0
144.0,62.42913385826772,57.0,89.0
144.0,62.42913385826772,57.0,89.0
144.0,62.42913385826772,57.0,89.0
144.0,62.42913385826772,57.0,89.0
144.0,62.42913385826772,57.0,89.0
144.0,62.42913385826772,57.0,89.0
144.0,63.0,57.0,89.0
144.0,62.42913385826772,57.0,89.0
144.0,62.42913385826772,57.0,89.0
144.0,62.42913385826772,57.0,89.0
144.0,62.42913385826772,57.0,89.0
144.0,62.42913385826772,57.0,89.0
144.0,62.42913385826772,57.0,89.0
144.0,62.42913385826772,57.0,89.0
144.0,62.42913385826772,57.0,89.0
144.0,62.42913385826772,57.0,89.0
144.0,62.42913385826772,57.0,89.0
144.0,62.42913385826772,57.0,89.0
144.0,62.42913385826772,57.0,89.0
144.0,62.42913385826772,57.0,89.0
144.0,62.42913385826772,57.0,89.0
144.0,62.42913385826772,57.0,89.0
144.0,62.42913385826772,57.0,89.0
144.0,62.42913385826772,57.0,89.0
144.0,62.42913385826772,57.0,89.0
144.0,62.42913385826772,57.0,89.0
144.0,62.42913385826772,57.0,89.0
144.0,62.42913385826772,57.0,89.0
144.0,62.42913385826772,57.0,89.0
144.0,62.42913385826772,57.0,89.0
144.0,62.42913385826772,57.0,89.0
143.4291338582677,62.42913385826772,57.0,89.0
142.8582677165354,61.85826771653544,57.0,89.0
142.8582677165354,61.85826771653544,57.0,89.0
142.2874015748031,61.85826771653544,57.0,89.0
141.71653543307082,61.85826771653544,57.0,89.0
141.71653543307082,62.42913385826772,57.0,89.0
141.09509293307082,59.74621293307087,58.242885,90.940645
140.51177905511807,59.74621293307087,58.242885,90.940645
140.51177905511807,59.16289905511811,58.242885,90.940645
141.09487644144727,59.490035482135504,57.0766902273416,89.1197443900597
141.09487644144727,58.918401272785836,57.0766902273416,89.1197443900597
141.09487644144727,58.918401272785836,57.0766902273416,89.1197443900597
141.09487644144727,57.7751328540865,57.0766902273416,89.1197443900597
141.09487644144727,53.77369338863881,57.0766902273416,89.1197443900597
141.66629849397583,46.66303485555116,55.9338461222845,87.33530359444421
142.2262789874085,41.375317938124425,54.813885135419106,85.58659257986491
142.22627898740853,40.27737439003273,54.8138851354191,85.58659257986491
142.22627898740853,40.826346164078586,54.8138851354191,85.58659257986491
142.22627898740853,41.37531793812444,54.8138851354191,85.58659257986491
142.22627898740853,43.57120503430782,54.8138851354191,85.58659257986491
142.77525076145434,45.21812035644537,54.8138851354191,85.58659257986491
142.77525076145434,44.669148582399515,54.8138851354191,85.58659257986491
142.17764237876546,44.83398430488923,56.009101900796914,87.45280823106887
142.17764237876546,44.83398430488923,56.009101900796914,87.45280823106887
142.17764237876546,44.27304220131032,56.009101900796914,87.45280823106887
142.17764237876546,44.27304220131032,56.009101900796914,87.45280823106887
142.17764237876546,44.27304220131032,56.009101900796914,87.45280823106887
142.17764237876546,44.27304220131032,56.009101900796914,87.45280823106887
142.17764237876546,43.71210009773141,56.009101900796914,87.45280823106887
142.17764237876546,44.83398430488924,56.009101900796914,87.45280823106887
142.17764237876546,45.955868512047076,56.009101900796914,87.45280823106887
142.17764237876546,47.07775271920491,56.009101900796914,87.45280823106887
141.61670027518653,47.07775271920491,56.009101900796914,87.45280823106887
142.17764237876546,47.07775271920491,56.009101900796914,87.45280823106887
142.17764237876546,49.32152113352058,56.009101900796914,87.45280823106887
142.73858448234438,43.71210009773141,56.009101900796914,87.45280823106887
143.2995265859233,44.83398430488924,56.009101900796914,87.45280823106887
143.2995265859233,44.83398430488924,56.009101900796914,87.45280823106887
143.2995265859233,44.83398430488924,56.009101900796914,87.45280823106887
143.29931839737966,43.465747792997114,54.88763407072632,85.7017444262218
143.29931839737966,44.015458177045694,54.88763407072632,85.7017444262218
143.29931839737966,42.91603740894853,54.88763407072632,85.7017444262218
143.84902878142825,42.36632702489995,54.88763407072632,85.7017444262218
143.84902878142825,44.01545817704568,54.88763407072632,85.7017444262218
144.39873916547683,43.4657477929971,54.88763407072632,85.7017444262218
144.39873916547683,42.91603740894852,54.88763407072632,85.7017444262218
144.39873916547683,42.36632702489994,54.88763407072632,85.7017444262218
143.84882476143486,43.224328189828206,53.788621342615954,83.98574209636526
143.84882476143486,45.379142416842804,53.788621342615954,83.98574209636526
144.38752831818852,45.379142416842804,53.788621342615954,83.98574209636526
144.92623187494218,45.91784597359645,53.788621342615954,83.98574209636526
144.9260319400323,43.526446077707824,52.71161409892841,82.30409920709873
144.9260319400323,46.166031671140836,52.71161409892841,82.30409920709873
144.8792606860053,48.96413106034166,53.86099084435554,84.09874009030952
144.83146958478432,53.44152806110269,55.03542974971671,85.93251311797871
144.23144581193802,54.15822059682334,56.23547729540928,87.80627156651624
144.23144581193802,48.52612762277006,56.23547729540928,87.80627156651624
144.23144581193802,51.3421741097967,56.23547729540928,87.80627156651624
144.23144581193802,51.905383407202024,56.23547729540928,87.80627156651624
144.23144581193802,51.905383407202024,56.23547729540928,87.80627156651624
144.23144581193802,51.905383407202024,56.23547729540928,87.80627156651624
144.23144581193802,53.03180200201268,56.23547729540928,87.80627156651624
144.23144581193802,53.595011299418005,56.23547729540928,87.80627156651624
144.23144581193802,53.595011299418005,56.23547729540928,87.80627156651624
144.23144581193802,53.595011299418005,56.23547729540928,87.80627156651624
143.66823651453268,53.595011299418005,56.23547729540928,87.80627156651624
143.10502721712734,53.595011299418005,56.23547729540928,87.80627156651624
143.10502721712734,53.595011299418005,56.23547729540928,87.80627156651624
143.10502721712734,53.595011299418005,56.23547729540928,87.80627156651624
143.10502721712734,52.468592704607346,56.23547729540928,87.80627156651624
143.10502721712734,51.905383407202024,56.23547729540928,87.80627156651624
143.10502721712734,52.468592704607346,56.23547729540928,87.80627156651624
143.10502721712734,53.03180200201267,56.23547729540928,87.80627156651624
143.10502721712734,53.03180200201267,56.23547729540928,87.80627156651624
143.10502721712734,54.72142989422865,56.23547729540928,87.80627156651624
143.66823651453268,55.84784848903931,56.23547729540928,87.80627156651624
143.61833852072482,57.143377802906684,57.46169187783568,89.72088731802413
141.8408822727562,56.74068590505718,58.714644069231895,91.67725126599365
142.42870266482672,52.36616299255536,57.53900328509085,89.84160162058043
143.5812313948085,55.24748481750983,57.53900328509085,89.84160162058043
142.9539124114928,60.60689477074129,58.793641251722256,91.8005977439172
142.3129147377459,59.01720894436872,60.07563659921606,93.80230977772331
142.9145839812109,60.82221667476374,60.07563659921606,93.80230977772331
142.9145839812109,65.03390137901877,60.07563659921606,93.80230977772331
143.51625322467592,60.82221667476374,60.07563659921606,93.80230977772331
142.25960935318795,62.807883209737135,61.385585855261965,95.84766914242657
142.25960935318795,60.96351728578086,61.385585855261965,95.84766914242657
140.4150152560369,70.53013513552474,60.15646491901404,93.92851539986403
141.0174940109241,65.10782634153986,60.15646491901404,93.92851539986403
135.59496161244644,75.68784972473708,58.95195461822515,92.04778878986032
127.91934295103158,88.41769115147594,57.77156217520367,90.20471988759869
126.18334774813749,87.58499329486385,56.61480467912441,88.39855467442229
124.48232274223756,92.12105997726364,56.61480467912441,88.39855467442229
117.11100394336769,93.00606019979614,55.481208888464806,86.62855422935729
113.22121165391208,94.42899525294217,54.370311037396874,84.89399442681264
166.58488024625254,70.23056217972011,53.281656646055794,83.1941656403327
164.45037542136566,73.43231941705044,53.281656646055794,83.1941656403327
165.51762783380912,74.49957182949387,53.281656646055794,83.1941656403327
167.652132658696,75.0331980357156,53.281656646055794,83.1941656403327
167.6048556033341,74.12617364482188,54.44346316922304,85.00821442212015
167.01128574613165,72.65410966143632,55.630602883627944,86.86181853759447
167.01128574613165,73.21126102337347,55.630602883627944,86.86181853759447
167.01128574613165,73.76841238531061,55.630602883627944,86.86181853759447
167.01128574613165,74.32556374724776,55.630602883627944,86.86181853759447
167.01128574613165,74.32556374724776,55.630602883627944,86.86181853759447
167.01128574613165,74.32556374724776,55.630602883627944,86.86181853759447
167.01128574613165,74.32556374724776,55.630602883627944,86.86181853759447
167.5684371080688,74.32556374724776,55.630602883627944,86.86181853759447
168.12558847000594,74.8827151091849,55.630602883627944,86.86181853759447
168.12558847000594,75.43986647112204,55.630602883627944,86.86181853759447
168.12558847000594,75.99701783305919,55.630602883627944,86.86181853759447
168.12558847000594,76.55416919499633,55.630602883627944,86.86181853759447
168.12558847000594,76.55416919499633,55.630602883627944,86.86181853759447
168.12558847000594,76.55416919499633,55.630602883627944,86.86181853759447
168.12558847000594,76.55416919499633,55.630602883627944,86.86181853759447
168.12558847000594,76.55416919499633,55.630602883627944,86.86181853759447
168.12558847000594,77.11132055693348,55.630602883627944,86.86181853759447
168.12558847000594,76.55416919499633,55.630602883627944,86.86181853759447
168.12558847000594,77.11132055693348,55.630602883627944,86.86181853759447
168.12558847000594,77.11132055693348,55.630602883627944,86.86181853759447
168.12558847000594,77.11132055693348,55.630602883627944,86.86181853759447
168.12558847000594,76.55416919499633,55.630602883627944,86.86181853759447
168.12558847000594,76.55416919499633,55.630602883627944,86.86181853759447
168.12558847000594,76.55416919499633,55.630602883627944,86.86181853759447
168.12558847000594,76.55416919499633,55.630602883627944,86.86181853759447
168.12558847000594,76.55416919499633,55.630602883627944,86.86181853759447
168.12558847000594,76.55416919499633,55.630602883627944,86.86181853759447
168.12558847000594,76.55416919499633,55.630602883627944,86.86181853759447
168.12558847000594,76.55416919499633,55.630602883627944,86.86181853759447
168.12558847000594,76.55416919499633,55.630602883627944,86.86181853759447
168.12558847000594,76.55416919499633,55.630602883627944,86.86181853759447
168.12558847000594,76.55416919499633,55.630602883627944,86.86181853759447
168.12558847000594,76.55416919499633,55.630602883627944,86.86181853759447
168.12558847000594,76.55416919499633,55.630602883627944,86.86181853759447
168.12558847000594,76.55416919499633,55.630602883627944,86.86181853759447
168.12558847000594,76.55416919499633,55.630602883627944,86.86181853759447
168.12558847000594,76.55416919499633,55.630602883627944,86.86181853759447
168.12558847000594,76.55416919499633,55.630602883627944,86.86181853759447
168.12558847000594,76.55416919499633,55.630602883627944,86.86181853759447
168.12558847000594,76.55416919499633,55.630602883627944,86.86181853759447
168.12558847000594,76.55416919499633,55.630602883627944,86.86181853759447
168.12558847000594,76.55416919499633,55.630602883627944,86.86181853759447
168.12558847000594,76.55416919499633,55.630602883627944,86.86181853759447
168.12558847000594,76.55416919499633,55.630602883627944,86.86181853759447
168.12558847000594,76.55416919499633,55.630602883627944,86.86181853759447
168.12558847000594,76.55416919499633,55.630602883627944,86.86181853759447
168.12558847000594,76.55416919499633,55.630602883627944,86.86181853759447
168.12558847000594,76.55416919499633,55.630602883627944,86.86181853759447
168.12558847000594,76.55416919499633,55.630602883627944,86.86181853759447
168.12558847000594,76.55416919499633,55.630602883627944,86.86181853759447
168.12558847000594,76.55416919499633,55.630602883627944,86.86181853759447
168.12558847000594,76.55416919499633,55.630602883627944,86.86181853759447
168.12558847000594,76.55416919499633,55.630602883627944,86.86181853759447
168.07622718400432,75.60715821839021,56.843628179505444,88.75584049080672
169.2148272787727,76.74575831315859,56.843628179505444,88.75584049080672
170.35342737354108,76.74575831315859,56.843628179505444,88.75584049080672
172.06132751569365,77.31505836054278,56.843628179505444,88.75584049080672
173.19992761046203,77.88435840792697,56.843628179505444,88.75584049080672
174.3385277052304,77.88435840792697,56.843628179505444,88.75584049080672
175.47712779999878,78.45365845531116,56.843628179505444,88.75584049080672
176.61572789476716,79.02295850269535,56.843628179505444,88.75584049080672
177.75432798953554,78.45365845531116,56.843628179505444,88.75584049080672
178.89292808430392,79.02295850269535,56.843628179505444,88.75584049080672
178.84249047546106,76.91669785697596,58.08310349195956,90.69116159270875
178.79095307455736,76.50965110262885,59.34960556360174,92.66868237123776
179.97974887601092,77.10404900335563,59.34960556360174,92.66868237123776
179.97974887601092,75.91525320190208,59.34960556360174,92.66868237123776
179.97974887601092,75.91525320190208,59.34960556360174,92.66868237123776
179.97974887601092,75.91525320190208,59.34960556360174,92.66868237123776
179.97974887601092,75.91525320190208,59.34960556360174,92.66868237123776
180.57414677673768,76.50965110262885,59.34960556360174,92.66868237123776
180.57414677673768,77.10404900335563,59.34960556360174,92.66868237123776
180.52148560280727,76.0937286938032,60.64372371291607,94.6893229903426
182.34356184366365,78.52316368161169,60.64372371291607,94.6893229903426
184.77299683147214,79.13052242856384,60.64372371291607,94.6893229903426
189.63186680708912,80.34523992246807,60.64372371291607,94.6893229903426
192.66866054184973,80.95259866942021,60.64372371291607,94.6893229903426
196.9201717705146,82.16731616332447,60.64372371291607,94.6893229903426
199.3496067583231,82.16731616332447,60.64372371291607,94.6893229903426
200.56432425222732,83.3820336572287,60.64372371291607,94.6893229903426
201.1178735483515,82.3496833133265,61.966060108476206,96.75402367814702
204.22088457049855,84.21148992661475,61.966060108476206,96.75402367814702
206.70329338821622,84.83209213104416,61.966060108476206,96.75402367814702
207.32389559264564,84.83209213104416,61.966060108476206,96.75402367814702
207.94449779707506,84.83209213104416,61.966060108476206,96.75402367814702
207.94449779707506,84.83209213104416,61.966060108476206,96.75402367814702
207.94449779707506,85.45269433547358,61.966060108476206,96.75402367814702
207.8895150311718,85.01843579675199,63.31723004914153,98.86374516444903
211.0601872086568,86.92083910324297,63.31723004914153,98.86374516444903
211.0601872086568,86.28670466774597,63.31723004914153,98.86374516444903
211.0601872086568,86.28670466774597,63.31723004914153,98.86374516444903
211.6943216441538,85.65257023224896,63.31723004914153,98.86374516444903
211.6943216441538,81.84776361926697,63.31723004914153,98.86374516444903
212.3284560796508,80.57949474827296,63.31723004914153,98.86374516444903
213.5967249506448,78.04295700628498,63.31723004914153,98.86374516444903
214.23085938614182,76.77468813529099,63.31723004914153,98.86374516444903
214.86499382163882,76.77468813529099,63.31723004914153,98.86374516444903
214.86499382163882,76.14055369979398,63.31723004914153,98.86374516444903
214.86499382163882,76.77468813529099,63.31723004914153,98.86374516444903
214.23085938614182,77.40882257078799,63.31723004914153,98.86374516444903
212.9625905151478,78.67709144178198,63.31723004914153,98.86374516444903
206.62124616017783,78.04295700628498,63.31723004914153,98.86374516444903
203.45057398269284,77.40882257078798,63.31723004914153,98.86374516444903
195.8409607567289,77.40882257078798,63.31723004914153,98.86374516444903
195.2068263212319,77.40882257078798,63.31723004914153,98.86374516444903
187.59721309526793,77.40882257078798,63.31723004914153,98.86374516444903
185.69480978877695,76.14055369979398,63.31723004914153,98.86374516444903
178.71933099830997,76.14055369979398,63.31723004914153,98.86374516444903
178.08519656281297,75.50641926429698,63.31723004914153,98.86374516444903
176.182793256322,74.87228482879998,63.31723004914153,98.86374516444903
172.37798664334,74.23815039330297,63.31723004914153,98.86374516444903
170.475583336849,73.60401595780597,63.31723004914153,98.86374516444903
167.30491115936402,72.96988152230897,63.31723004914153,98.86374516444903
166.67077672386702,72.33574708681196,63.31723004914153,98.86374516444903
160.96333145118425,73.32551933810251,62.04943188456711,96.88420066186794
160.96333145118425,73.32551933810251,62.04943188456711,96.88420066186794
160.96333145118425,73.32551933810251,62.04943188456711,96.88420066186794
161.5845379995052,74.29547342232291,60.80701878792525,94.94429249342714
162.19353217855266,74.29547342232291,60.80701878792525,94.94429249342714
162.19353217855266,74.90446760137036,60.80701878792525,94.94429249342714
162.19353217855266,74.90446760137036,60.80701878792525,94.94429249342714
162.19353217855266,74.90446760137036,60.80701878792525,94.94429249342714
162.19353217855266,74.90446760137036,60.80701878792525,94.94429249342714
164.02028869306204,75.85500033682453,59.58948247509632,93.0432270225188
167.0042902674815,78.24220159636009,59.58948247509632,93.0432270225188
169.39149152701708,78.83900191124398,59.58948247509632,93.0432270225188
174.7626943609721,80.62940285589565,59.58948247509632,93.0432270225188
177.74669593539156,81.82300348566343,59.58948247509632,93.0432270225188
183.11789876934657,83.01660411543122,59.58948247509632,93.0432270225188
187.2955009735338,83.01660411543122,59.58948247509632,93.0432270225188
193.8603044372566,84.8070050600829,59.58948247509632,93.0432270225188
196.24750569679216,86.59740600473458,59.58948247509632,93.0432270225188
200.42510790097938,87.19420631961847,59.58948247509632,93.0432270225188
202.21550884563106,86.59740600473458,59.58948247509632,93.0432270225188
202.81230916051496,86.59740600473458,59.58948247509632,93.0432270225188
202.81230916051496,87.19420631961847,59.58948247509632,93.0432270225188
202.81230916051496,86.59740600473458,59.58948247509632,93.0432270225188
202.81230916051496,87.19420631961847,59.58948247509632,93.0432270225188
202.21550884563106,87.19420631961847,59.58948247509632,93.0432270225188
201.02190821586328,87.79100663450237,59.58948247509632,93.0432270225188
193.2635041223727,87.79100663450237,59.58948247509632,93.0432270225188
189.68270223306936,87.79100663450237,59.58948247509632,93.0432270225188
185.50510002888214,86.59740600473458,59.58948247509632,93.0432270225188
180.13389719492713,85.4038053749668,59.58948247509632,93.0432270225188
176.5002212878229,82.5990006477021,60.88883114046579,95.07203458774484
170.40208583032356,81.98918710195215,60.88883114046579,95.07203458774484
169.7922722845736,80.76956001045228,60.88883114046579,95.07203458774484
164.3039503728242,80.76956001045228,60.88883114046579,95.07203458774484
164.3039503728242,80.76956001045228,60.88883114046579,95.07203458774484
164.3039503728242,80.76956001045228,60.88883114046579,95.07203458774484
164.3039503728242,80.76956001045228,60.88883114046579,95.07203458774484
164.3039503728242,80.76956001045228,60.88883114046579,95.07203458774484
164.3039503728242,80.76956001045228,60.88883114046579,95.07203458774484
164.3039503728242,80.76956001045228,60.88883114046579,95.07203458774484
164.3039503728242,80.76956001045228,60.88883114046579,95.07203458774484
164.91376391857415,80.15974646470235,60.88883114046579,95.07203458774484
166.74320455582395,80.76956001045228,60.88883114046579,95.07203458774484
169.1824587388237,81.98918710195215,60.88883114046579,95.07203458774484
171.62171292182344,81.98918710195215,60.88883114046579,95.07203458774484
177.11003483357285,81.98918710195215,60.88883114046579,95.07203458774484
180.15910256232252,83.20881419345201,60.88883114046579,95.07203458774484
184.42779738257207,84.42844128495187,60.88883114046579,95.07203458774484
189.30630574857153,85.64806837645173,60.88883114046579,95.07203458774484
191.74555993157128,86.86769546795159,60.88883114046579,95.07203458774484
194.18481411457103,88.08732255945145,60.88883114046579,95.07203458774484
195.40444120607089,87.4775090137015,60.88883114046579,95.07203458774484
196.62406829757074,87.4775090137015,60.88883114046579,95.07203458774484
197.8436953890706,88.08732255945145,60.88883114046579,95.07203458774484
199.06332248057046,88.08732255945145,60.88883114046579,95.07203458774484
199.06332248057046,86.86769546795159,60.88883114046579,95.07203458774484
199.06332248057046,86.86769546795159,60.88883114046579,95.07203458774484
199.6731360263204,86.86769546795159,60.88883114046579,95.07203458774484
200.28294957207035,86.25788192220165,60.88883114046579,95.07203458774484
200.28294957207035,85.6480683764517,60.88883114046579,95.07203458774484
200.28294957207035,85.6480683764517,60.88883114046579,95.07203458774484
200.28294957207035,85.6480683764517,60.88883114046579,95.07203458774484
200.28294957207035,85.6480683764517,60.88883114046579,95.07203458774484
200.28294957207035,85.6480683764517,60.88883114046579,95.07203458774484
200.28294957207035,85.6480683764517,60.88883114046579,95.07203458774484
200.28294957207035,85.6480683764517,60.88883114046579,95.07203458774484
200.28294957207035,85.6480683764517,60.88883114046579,95.07203458774484
200.28294957207035,85.6480683764517,60.88883114046579,95.07203458774484
200.28294957207035,85.6480683764517,60.88883114046579,95.07203458774484
200.28294957207035,85.6480683764517,60.88883114046579,95.07203458774484
200.28294957207035,85.6480683764517,60.88883114046579,95.07203458774484
200.28294957207035,85.6480683764517,60.88883114046579,95.07203458774484
200.28294957207035,85.6480683764517,60.88883114046579,95.07203458774484
200.28294957207035,85.6480683764517,60.88883114046579,95.07203458774484
200.28294957207035,85.6480683764517,60.88883114046579,95.07203458774484
200.28294957207035,85.6480683764517,60.88883114046579,95.07203458774484
200.28294957207035,85.6480683764517,60.88883114046579,95.07203458774484
200.28294957207035,85.6480683764517,60.88883114046579,95.07203458774484
