205,151,17,50
204.48818897637796,149.46456692913387,17.0,50.0
203.9763779527559,149.20866141732284,17.0,50.0
201.92913385826773,148.95275590551182,17.0,50.0
200.90551181102364,149.46456692913387,17.0,50.0
200.13779527559058,148.6968503937008,17.0,50.0
198.85826771653547,148.18503937007875,17.0,50.0
195.0196850393701,147.4173228346457,17.0,50.0
194.50787401574806,146.90551181102364,17.0,50.0
193.48425196850397,147.16141732283467,17.0,50.0
191.4370078740158,144.60236220472444,17.0,50.0
190.92519685039375,144.34645669291342,17.0,50.0
188.62204724409455,143.0669291338583,17.0,50.0
187.59842519685046,142.29921259842524,17.0,50.0
185.29527559055126,141.7874015748032,17.0,50.0
184.27165354330717,141.7874015748032,17.0,50.0
183.5039370078741,141.53149606299218,17.0,50.0
181.96850393700797,140.7637795275591,17.0,50.0
181.71259842519694,140.5078740157481,17.0,50.0
180.94488188976388,139.484251968504,17.0,50.0
180.1771653543308,138.4606299212599,17.0,50.0
179.40944881889774,137.43700787401582,17.0,50.0
178.64173228346468,136.92519685039377,17.0,50.0
177.6181102362206,136.92519685039377,17.0,50.0
176.5944881889765,136.66929133858275,17.0,50.0
175.5708661417324,136.1574803149607,17.0,50.0
174.80314960629934,135.64566929133866,17.0,50.0
173.52362204724423,135.64566929133866,17.0,50.0
172.50000000000014,135.64566929133866,17.0,50.0
170.708661417323,134.36614173228355,17.0,50.0
168.91732283464583,132.31889763779537,17.0,50.0
168.40551181102379,131.5511811023623,17.0,50.0
167.89370078740174,130.52755905511822,17.0,50.0
167.12598425196867,129.75984251968515,17.0,50.0
166.3582677165356,128.99212598425208,17.0,50.0
165.59055118110254,128.73622047244106,17.0,50.0
164.82283464566947,128.73622047244106,17.0,50.0
164.31102362204743,128.22440944881902,17.0,50.0
163.79921259842538,126.43307086614186,17.0,50.0
163.201691196142,125.91002273992623,16.659609733700645,48.99885215794307
162.9509096693494,125.65924121313361,16.659609733700645,48.99885215794307
162.9509096693494,124.15455205237788,16.659609733700645,48.99885215794307
162.70012814255676,122.39908136482953,16.659609733700645,48.99885215794307
161.86378935873032,123.64197689621932,16.326035087012542,48.01775025591924
160.8807488023099,123.39621675711422,16.326035087012542,48.01775025591924
160.1434683849946,123.64197689621932,16.326035087012542,48.01775025591924
159.4061879676793,123.64197689621932,16.326035087012542,48.01775025591924
158.58659515922596,123.87694542760563,15.999139591078375,47.05629291493639
157.38239868699338,122.91358824981954,15.999139591078375,47.05629291493639
156.41904150920726,122.67274895537302,15.999139591078375,47.05629291493639
155.21484503697468,120.98687389424735,15.999139591078375,47.05629291493639
153.528969975849,120.50519530535429,15.999139591078375,47.05629291493639
152.08393420916985,118.33764165533556,15.999139591078375,47.05629291493639
150.15721985359767,118.09680236088904,15.999139591078375,47.05629291493639
149.59487701102182,118.08622683306587,15.67878950955086,46.11408679279664
149.83089399067,118.5582607923622,15.67878950955086,46.11408679279664
147.863709036672,118.31188003822803,15.364853783879825,45.19074642317595
146.6297866076591,119.92076233010755,15.057203979694794,44.28589405792586
145.6472310418857,119.68414933970996,14.755714234261143,43.39915951253277
144.31450094661895,120.5726360698878,14.755714234261143,43.39915951253277
141.35252390563292,119.8965174060961,14.460261204988356,42.530180014671636
138.95810825913762,118.37279835832636,14.460261204988356,42.530180014671636
138.66752855278438,117.27486928999645,14.170724018969283,41.678600055792
137.81426587447683,117.06155362041955,14.170724018969283,41.678600055792
136.7476875265924,117.70150062915022,14.170724018969283,41.678600055792
136.1077405178617,117.91481629872712,14.170724018969283,41.678600055792
133.54795248293905,117.91481629872712,14.170724018969283,41.678600055792
132.90800547420838,117.91481629872712,14.170724018969283,41.678600055792
130.34821743928572,116.6349222812658,14.170724018969283,41.678600055792
127.57511373478616,115.35502826380448,14.170724018969283,41.678600055792
126.50853538690171,113.86181857676627,14.170724018969283,41.678600055792
126.0104582758908,113.8524516426706,13.886984223529774,40.8440712456758
125.17428043936515,112.1800959696193,13.886984223529774,40.8440712456758
124.1290581437081,111.13487367396225,13.886984223529774,40.8440712456758
122.03861355239398,111.13487367396225,13.886984223529774,40.8440712456758
122.24765801152539,110.92582921483084,13.886984223529774,40.8440712456758
118.69390220629138,109.88060691917379,13.886984223529774,40.8440712456758
118.27581328802856,108.83538462351673,13.886984223529774,40.8440712456758
116.74248685785791,108.40811632487535,13.608925737768464,40.02625216990724
116.12791054501288,107.99839878297868,13.608925737768466,40.02625216990724
115.3084754612195,106.35952861539192,13.608925737768466,40.02625216990724
113.05502898078771,105.74495230254689,13.608925737768466,40.02625216990724
112.85017020983936,106.76924615728859,13.608925737768466,40.02625216990724
111.14268673765507,106.55539180429886,13.336434805066865,39.22480825019665
109.73738848932125,107.35841937477534,13.336434805066865,39.22480825019665
107.72981956313008,106.55539180429886,13.336434805066865,39.22480825019665
106.32452131479626,106.55539180429886,13.336434805066865,39.22480825019665
104.11619549598598,106.35463491167975,13.336434805066865,39.22480825019665
102.71089724765216,105.55160734120328,13.336434805066865,39.22480825019665
101.50635589193746,104.14630909286946,13.336434805066865,39.22480825019665
99.49878696574629,102.3394970592974,13.336434805066865,39.22480825019665
98.69575939526982,101.93798327405916,13.336434805066865,39.22480825019665
96.01868032786044,101.5276540249305,13.069399946550352,38.43941160750103
93.85457172161136,102.11786546299842,13.069399946550352,38.43941160750103
93.65783457558872,102.31460260902107,13.069399946550352,38.43941160750103
92.87088599149816,101.5276540249305,13.069399946550352,38.43941160750103
89.91982880115852,101.5276540249305,13.069399946550352,38.43941160750103
89.52635450911323,100.74070544083993,13.069399946550352,38.43941160750103
85.98508588070565,100.150494002772,13.069399946550352,38.43941160750103
84.80466300456979,99.56028256470408,13.069399946550352,38.43941160750103
84.21445156650186,98.97007112663616,13.069399946550352,38.43941160750103
82.05034296025279,99.75701971072672,13.069399946550352,38.43941160750103
81.26339437616222,98.97007112663616,13.069399946550352,38.43941160750103
79.88623435400372,100.15049400277202,13.069399946550352,38.43941160750103
79.2960229159358,101.13417973288523,13.069399946550352,38.43941160750103
76.5417028716188,100.74070544083995,13.069399946550352,38.43941160750103
74.90191257294968,98.96143217439875,12.807711915480995,37.66974092788527
74.13072102639455,97.61184696792728,12.807711915480995,37.66974092788527
71.81714638672916,96.64785753473336,12.807711915480995,37.66974092788527
70.46756118025769,95.87666598817823,12.807711915480995,37.66974092788527
69.11797597378622,95.49107021490066,12.807711915480995,37.66974092788527
66.93262546557953,96.06099789994741,12.551263652563582,36.91548133106935
66.17687545407733,95.49418539132076,12.551263652563582,36.91548133106935
65.61006294545068,95.6831228941963,12.551263652563582,36.91548133106935
63.34281291094407,95.87206039707185,12.551263652563582,36.91548133106935
61.264500379313,95.49418539132074,12.551263652563582,36.91548133106935
59.94193785918413,94.73843537981854,12.551263652563582,36.91548133106935
58.99725034480637,94.17162287119189,12.551263652563582,36.91548133106935
58.61937533905527,92.84906035106302,12.551263652563582,36.91548133106935
57.48575032180196,94.17162287119189,12.551263652563582,36.91548133106935
