176,75,47,102
175.4251968503937,76.14960629921259,47.0,102.0
173.1259842519685,81.32283464566927,47.0,102.0
171.4015748031496,82.47244094488187,47.0,102.0
170.251968503937,84.19685039370077,47.0,102.0
169.10236220472441,85.34645669291336,47.0,102.0
166.80314960629923,87.64566929133855,47.0,102.0
165.07874015748033,87.07086614173224,47.0,102.0
161.05511811023624,86.49606299212593,47.0,102.0
157.60629921259843,84.77165354330702,47.0,102.0
152.43307086614175,77.29921259842513,47.0,102.0
151.28346456692915,76.72440944881883,47.0,102.0
147.83464566929135,75.57480314960624,47.0,102.0
147.25984251968504,75.57480314960624,47.0,102.0
143.23622047244095,73.27559055118104,47.0,102.0
142.08661417322836,72.12598425196845,47.0,102.0
140.36220472440945,68.67716535433065,47.0,102.0
139.21259842519686,65.22834645669286,47.0,102.0
136.91338582677167,60.62992125984246,47.0,102.0
135.76377952755908,58.90551181102356,47.0,102.0
135.76377952755908,58.33070866141726,47.0,102.0
135.18897637795277,59.480314960629855,47.0,102.0
134.61417322834646,66.95275590551174,47.0,102.0
134.61417322834646,69.82677165354323,47.0,102.0
136.33858267716536,74.99999999999993,47.0,102.0
136.33858267716536,78.44881889763772,47.0,102.0
135.18897637795277,79.02362204724403,47.0,102.0
134.61417322834646,74.99999999999994,47.0,102.0
134.03937007874015,67.52755905511805,47.0,102.0
133.3603032652943,59.35187946031533,46.058921028466486,99.95765840220386
134.48689104719347,52.59235276892035,46.058921028466486,99.95765840220386
132.23371548339514,49.212589423222866,46.058921028466486,99.95765840220386
132.79700937434473,46.39611996847496,46.058921028466486,99.95765840220386
129.41724602864724,45.83282607752538,46.058921028466486,99.95765840220386
127.16407046484892,44.70623829562622,46.058921028466486,99.95765840220386
125.37201279500181,47.96013779948885,45.136685240564084,97.95621052207525
125.27188266358152,51.14888461402023,44.23291534004021,95.99483754647025
126.79664375603929,55.896669611285056,43.34724158522884,94.07273705730516
125.73638286285058,59.07745229085119,43.34724158522884,94.07273705730516
133.15820911517156,60.1377131840399,43.34724158522884,94.07273705730516
159.6647314448893,56.42680005787941,43.34724158522884,94.07273705730516
162.84551412445543,60.1377131840399,43.34724158522884,94.07273705730516
162.21922320498845,66.9109552735909,42.4793016377854,92.18912270327895
161.08595681402994,77.18518670190241,41.628740414450306,90.34322387816876
162.52094890586977,84.70813049898629,40.795209941780804,88.53428540556686
138.07389479936117,81.2156941980565,40.795209941780804,88.53428540556686
136.6312860798481,80.2504491514223,41.68474949456134,90.46477549883525
136.6312860798481,78.21125550886711,41.68474949456134,90.46477549883525
134.64742286656727,75.69556806207467,42.59368545729025,92.43735992858736
133.60559373660172,70.4864224122469,42.59368545729025,92.43735992858736
132.0428500416534,71.00733697722967,42.59368545729025,92.43735992858736
130.48010634670507,73.61190980214354,42.59368545729025,92.43735992858736
128.39644808677397,74.65373893210909,42.59368545729025,92.43735992858736
128.39644808677397,76.73739719204019,42.59368545729025,92.43735992858736
129.43827721673952,76.21648262705742,42.59368545729025,92.43735992858736
130.48010634670507,74.65373893210909,42.59368545729025,92.43735992858736
131.52193547667062,73.09099523716077,42.59368545729025,92.43735992858736
131.57847238595528,72.60411148552213,43.522440768686465,94.4529565618302
136.90120345667754,71.53956527137767,43.522440768686465,94.4529565618302
138.49802277789422,72.60411148552213,43.522440768686465,94.4529565618302
139.56256899203868,72.60411148552213,43.522440768686465,94.4529565618302
140.62711520618313,71.00729216430545,43.522440768686465,94.4529565618302
148.07893870519428,61.95864934407763,43.522440768686465,94.4529565618302
149.14348491933873,57.70046448749983,43.522440768686465,94.4529565618302
151.33034704421925,55.60614491444002,44.47144758964767,96.5125032796609
153.56489369773277,52.378400058745775,45.44114750433994,98.61695841367391
160.29407352736135,48.524535615681216,46.43199172567207,100.76730119188409
161.42978650976175,47.388822633280796,46.43199172567208,100.76730119188409
163.13335598336238,46.253109650880376,46.43199172567208,100.76730119188409
164.836925456963,44.54954017727974,46.43199172567208,100.76730119188409
167.73783961437516,43.45092467603522,47.44444130525035,102.96453219437312
168.89831681835682,42.290447472053565,47.44444130525035,102.96453219437312
170.05879402233847,41.710208870062736,47.44444130525035,102.96453219437312
171.79950982831096,41.12997026807191,47.44444130525035,102.96453219437312
174.70070283826513,44.61140188001689,47.44444130525035,102.96453219437312
175.8611800422468,45.77187908399855,47.44444130525035,102.96453219437312
177.02165724622844,50.99402650191603,47.44444130525035,102.96453219437312
178.76237305220093,55.05569671585186,47.44444130525035,102.96453219437312
180.5030888581734,60.85808273576017,47.44444130525035,102.96453219437312
181.08332746016424,62.01855993974183,47.44444130525035,102.96453219437312
183.40428186812755,64.33951434770515,47.44444130525035,102.96453219437312
182.82404326613673,65.4999915516868,47.44444130525035,102.96453219437312
182.2438046641459,58.53712832779683,47.44444130525035,102.96453219437312
182.82404326613673,52.154503705897675,47.44444130525035,102.96453219437312
182.2438046641459,49.25331069594352,47.44444130525035,102.96453219437312
181.66356606215507,48.09283349196186,47.44444130525035,102.96453219437312
179.34261165419176,43.45092467603521,47.44444130525035,102.96453219437312
178.1821344502101,44.031163278026035,47.44444130525035,102.96453219437312
176.50439422489794,43.488831067767705,48.478967347911336,105.20967381887144
174.79007087397287,42.9346733036647,49.53605123093254,107.50377075649193
169.3377026952624,41.72303593061793,49.53605123093254,107.50377075649193
166.91442794916884,43.54049199018808,49.53605123093254,107.50377075649193
165.59290099753738,47.64585710386345,48.54419301505515,105.35122739437503
166.67258854346113,48.106890238393156,47.5721947334268,103.24178431509647
166.67258854346113,48.106890238393156,47.5721947334268,103.24178431509647
167.2543895512581,48.68869124619014,47.5721947334268,103.24178431509647
166.67258854346113,49.85229326178409,47.5721947334268,103.24178431509647
167.2543895512581,51.01589527737804,47.5721947334268,103.24178431509647
167.2543895512581,55.67030333975385,47.5721947334268,103.24178431509647
167.2543895512581,59.74291039433269,47.5721947334268,103.24178431509647
167.83619055905507,62.07011442552059,47.5721947334268,103.24178431509647
167.83619055905507,63.81551744891153,47.5721947334268,103.24178431509647
167.2543895512581,66.14272148009942,47.5721947334268,103.24178431509647
166.09078753566413,66.72452248789642,47.5721947334268,103.24178431509647
163.76358350447623,66.14272148009942,47.5721947334268,103.24178431509647
161.43637947328833,63.233716441114545,47.5721947334268,103.24178431509647
156.20017040311552,56.8339053553478,47.5721947334268,103.24178431509647
153.29116536413065,53.34309930856595,47.5721947334268,103.24178431509647
150.38216032514578,48.106890238393156,47.5721947334268,103.24178431509647
148.05495629395787,44.03428318381432,47.5721947334268,103.24178431509647
143.98234923937903,41.70707915262641,47.5721947334268,103.24178431509647
141.65514520819113,42.870681168220365,47.5721947334268,103.24178431509647
141.07334420039416,43.45248217601735,47.5721947334268,103.24178431509647
141.07334420039416,45.77968620720525,47.5721947334268,103.24178431509647
140.4915431925972,55.67030333975385,47.5721947334268,103.24178431509647
139.90974218480022,63.81551744891153,47.5721947334268,103.24178431509647
141.71829036290694,66.18072994219804,48.60950643958917,105.49297142208714
141.7828123977213,66.81405435758471,49.66943672750441,107.79324566394575
140.56791245431108,62.56190455564892,49.66943672750441,107.79324566394575
141.1753624260162,52.84270500836712,49.66943672750441,107.79324566394575
140.56791245431108,44.945855376200655,49.66943672750441,107.79324566394575
140.56791245431108,38.87135565914953,49.66943672750441,107.79324566394575
138.13811256749062,30.367056055277942,49.66943672750441,107.79324566394575
135.70831268067016,29.15215611186771,49.66943672750441,107.79324566394575
133.2785127938497,26.11490625334214,49.66943672750441,107.79324566394575
130.84871290702924,25.507456281637033,49.66943672750441,107.79324566394575
127.20401307679857,32.18940597039328,49.66943672750441,107.79324566394575
123.5593132465679,38.26390568744441,49.66943672750441,107.79324566394575
127.0938275990527,42.3803252988177,48.67490773958592,105.6349061582503
124.60470025181823,47.009609045110956,47.70029216266978,103.51978299132593
128.1049059759344,54.01002049334327,47.70029216266978,103.51978299132593
164.27369845846803,39.42582997619261,47.70029216266978,103.51978299132593
166.60716894121214,41.759300458936714,47.70029216266978,103.51978299132593
164.85706607915407,46.42624142442492,47.70029216266978,103.51978299132593
163.5845136627374,63.213553256467314,46.74519127138694,101.44701084428657
137.85860424298434,62.07017950447828,46.74519127138694,101.44701084428657
138.49233854713708,60.96415346874845,47.764470167059535,103.65906291574623
139.72404393611743,62.17062056861182,48.80597443905227,105.91934878262408
143.37016647618293,59.822054960970036,49.8701887116958,108.2289201828292
145.26607730059987,57.42227888025363,50.95760817655433,110.58885178741579
146.5801243397712,55.59337980286925,52.0687388228441,113.0002417006404
149.1272966862732,54.95658671624375,52.0687388228441,113.0002417006404
150.46999652113362,57.54536010085553,53.20409767287621,115.46421197092286
151.77135324089235,58.1960384607349,53.204097672876216,115.46421197092286
152.42203160077173,60.798751900252384,53.204097672876216,115.46421197092286
153.72338832053046,60.14807354037302,53.204097672876216,115.46421197092286
156.97678011992733,59.497395180493655,53.204097672876216,115.46421197092286
156.97678011992733,58.84671682061429,53.204097672876216,115.46421197092286
160.300792604325,54.98515481008382,54.36421302263328,117.98190911294883
161.03781957487882,51.039391439913736,55.5496246875918,120.55450464115667
162.39654720168204,50.36002762651212,55.5496246875918,120.55450464115668
161.71718338828043,49.68066381311051,55.5496246875918,120.55450464115668
163.07591101508365,49.001299999708905,55.5496246875918,120.55450464115668
163.07591101508365,47.64257237290569,55.5496246875918,120.55450464115668
165.8671002989352,42.93140781904744,56.76088425390474,123.1831956148571
167.33079678241552,38.117516322092314,57.99855533506113,125.86920519523906
171.58668005210166,36.698888565530254,57.99855533506113,125.86920519523906
175.13324944350683,35.280260808968194,57.99855533506113,125.86920519523906
177.2611910783499,30.31506366100099,57.99855533506113,125.86920519523906
178.67981883491194,28.18712202615791,57.99855533506113,125.86920519523906
180.098446591474,27.477808147876885,57.99855533506113,125.86920519523906
180.807760469755,26.768494269595863,57.99855533506113,125.86920519523906
183.64501598287916,25.349866513033803,57.99855533506113,125.86920519523906
183.72200061161965,23.268263625111686,59.263213834142135,128.61378321452125
183.8006638901899,21.866051853615375,60.5554482117956,131.41820675751387
183.80066389018987,24.82838907556952,60.55544821179561,131.41820675751387
183.80066389018987,30.01247921398928,60.55544821179561,131.41820675751387
184.5412481956784,36.67773796338611,60.55544821179561,131.41820675751387
185.28183250116695,43.342996712782934,60.55544821179561,131.41820675751387
185.28183250116695,48.5270868512027,60.55544821179561,131.41820675751387
183.88104242154932,44.87254693556329,61.875859760053814,134.28378075586147
183.88104242154932,44.11581418929357,61.875859760053814,134.28378075586147
182.36757692900989,38.818684965405566,61.875859760053814,134.28378075586147
180.85411143647045,32.008090248978135,61.875859760053814,134.28378075586147
178.5839131976613,29.73789201016899,61.875859760053814,134.28378075586147
177.07044770512186,29.73789201016899,61.875859760053814,134.28378075586147
175.55698221258243,29.73789201016899,61.875859760053814,134.28378075586147
176.31371495885213,30.49462475643871,61.875859760053814,134.28378075586147
172.53005122750355,30.49462475643871,61.875859760053814,134.28378075586147
169.5031202424247,31.25135750270843,61.875859760053814,134.28378075586147
167.98965474988526,30.49462475643871,61.875859760053814,134.28378075586147
167.98965474988526,32.764822995247854,61.875859760053814,134.28378075586147
167.09565809208777,37.13613315359649,60.63692209056991,131.59502240932193
167.83723881123865,37.13613315359649,60.63692209056991,131.59502240932193
168.57881953038952,37.877713872747364,60.63692209056991,131.59502240932193
170.06198096869127,37.13613315359649,60.63692209056991,131.59502240932193
170.80356168784215,37.877713872747364,60.63692209056991,131.59502240932193
172.2867231261439,39.36087531104913,60.63692209056991,131.59502240932193
172.8937883631434,41.41991675730526,59.42279161657094,128.96010095511141
174.21543043951976,45.6179263468002,58.232971624652365,126.37793841945833
174.92761119485561,53.451914655494434,58.232971624652365,126.37793841945833
174.92761119485561,54.87627616616611,58.232971624652365,126.37793841945833
173.50324968418394,55.588456921501944,58.232971624652365,126.37793841945833
172.07888817351227,56.30063767683778,58.232971624652365,126.37793841945833
167.80580364149725,52.02755314482275,58.232971624652365,126.37793841945833
165.66926137548973,47.75446861280771,58.232971624652365,126.37793841945833
162.82053835414638,44.193564836128516,58.232971624652365,126.37793841945833
159.25963457746718,39.208299548777646,58.232971624652365,126.37793841945833
150.0012847581013,32.7986727507551,58.232971624652365,126.37793841945833
148.57692324742962,32.7986727507551,58.232971624652365,126.37793841945833
147.15256173675795,32.7986727507551,58.232971624652365,126.37793841945833
144.3038387154146,33.51085350609094,58.232971624652365,126.37793841945833
140.7429349387354,39.92048030411348,58.232971624652365,126.37793841945833
140.03075418339955,44.193564836128516,58.232971624652365,126.37793841945833
137.89421191739203,51.31537238948691,58.232971624652365,126.37793841945833
138.60639267272788,58.437179942845304,58.232971624652365,126.37793841945833
144.3038387154146,62.71026447486034,58.232971624652365,126.37793841945833
142.16729644940708,57.01281843217363,58.232971624652365,126.37793841945833
142.16729644940708,47.75446861280773,58.232971624652365,126.37793841945833
142.87947720474293,39.9204803041135,58.232971624652365,126.37793841945833
143.59165796007878,29.23776897407592,58.232971624652365,126.37793841945833
142.1672964494071,24.964684442060886,58.232971624652365,126.37793841945833
139.31857342806376,21.40378066538169,58.232971624652365,126.37793841945833
139.31857342806376,17.130696133366655,58.232971624652365,126.37793841945833
131.35540250281952,22.669010668704132,57.0669753470807,123.84747841281344
129.26164013039354,26.158614622747436,57.0669753470807,123.84747841281344
127.73920255018203,28.794352561936563,55.924325762651776,121.36768569766983
120.21579266788862,37.00170879716573,55.924325762651776,121.36768569766983
122.95157807963167,41.78933326771609,55.924325762651776,121.36768569766983
115.42816819733827,43.157225973587614,55.924325762651776,121.36768569766983
155.85523441185683,24.735355956874656,57.1437556859064,124.01410808430751
162.8438324434721,28.928514775843823,57.1437556859064,124.01410808430751
160.048393230826,39.41141182326676,57.1437556859064,124.01410808430751
154.5333648123297,42.25250682884676,58.389775278637586,126.71823571108584
151.67697104765182,47.965294358202485,58.389775278637586,126.71823571108584
