83,200,35,131
84.87795275590551,198.748031496063,35.0,131.0
88.00787401574803,197.49606299212599,35.0,131.0
92.38976377952756,197.49606299212599,35.0,131.0
100.87796079983804,200.05953516915758,34.29919651056015,128.37699265381085
105.78556237030287,200.6729853654657,34.29919651056015,128.37699265381085
108.8528133518434,201.8998857580819,34.29919651056015,128.37699265381085
111.92006433338395,201.8998857580819,34.29919651056015,128.37699265381085
114.37386511861638,201.8998857580819,34.29919651056015,128.37699265381085
116.21421570754069,201.28643556177377,34.29919651056015,128.37699265381085
119.28146668908121,203.12678615069808,34.29919651056015,128.37699265381085
121.12181727800552,201.8998857580819,34.29919651056015,128.37699265381085
123.57561806323795,201.28643556177377,34.29919651056015,128.37699265381085
124.80251845585417,201.28643556177377,34.29919651056015,128.37699265381085
128.48321963370282,204.9671367396224,34.29919651056015,128.37699265381085
132.16392081155146,203.7402363470062,34.29919651056015,128.37699265381085
138.2984227746325,203.12678615069808,34.29919651056015,128.37699265381085
143.20602434509738,203.12678615069808,34.29919651056015,128.37699265381085
146.88672552294602,201.8998857580819,34.29919651056015,128.37699265381085
149.95397650448655,200.6729853654657,34.29919651056015,128.37699265381085
152.40777728971898,200.05953516915758,34.29919651056015,128.37699265381085
153.6346776823352,201.28643556177377,34.29919651056015,128.37699265381085
154.8615780749514,201.28643556177377,34.29919651056015,128.37699265381085
159.76917964541627,201.28643556177377,34.29919651056015,128.37699265381085
161.60953023434058,200.67298536546565,34.29919651056015,128.37699265381085
165.29023141218923,200.05953516915753,34.29919651056015,128.37699265381085
173.26508396419462,200.05953516915753,34.29919651056015,128.37699265381085
176.33233494573514,200.67298536546565,34.29919651056015,128.37699265381085
181.23993651619998,200.05953516915753,34.29919651056015,128.37699265381085
183.6937373014324,199.4460849728494,34.29919651056015,128.37699265381085
184.92063769404862,197.6057343839251,34.29919651056015,128.37699265381085
187.37443847928105,196.3788339913089,34.29919651056015,128.37699265381085
189.21478906820536,195.7653837950008,34.29919651056015,128.37699265381085
190.6811926671733,193.1388532399764,35.04709049047292,131.1762529786272
193.8153250563663,193.76567971781503,35.04709049047292,131.1762529786272
199.45676335691374,192.51202676213785,35.04709049047292,131.1762529786272
203.84454870178396,191.25837380646064,35.04709049047292,131.1762529786272
208.2323340466542,192.51202676213785,35.04709049047292,131.1762529786272
215.75425178071742,191.25837380646064,35.04709049047292,131.1762529786272
221.39569008126486,193.13885323997647,35.04709049047292,131.1762529786272
226.4103019039737,191.8852002842993,35.04709049047292,131.1762529786272
229.8953074833158,191.31798907677015,34.3453441101747,128.54971652665387
233.9248085046776,191.37641067309514,33.657648767362616,125.97577110070007
237.2716510556643,191.4336624963183,32.98372311871951,123.45336367292158
239.6313414835052,192.02358510327852,32.98372311871951,123.45336367292157
241.99103191134608,190.25381728239785,32.98372311871951,123.45336367292157
246.45070599230075,190.89984536179577,32.32329145425332,120.98146230020527
251.6537015008538,194.94661964622594,32.32329145425332,120.98146230020527
256.2785863973454,191.47795597385726,32.32329145425332,120.98146230020527
264.95024557826713,195.52473025828738,32.32329145425332,120.98146230020527
267.84079863857437,193.79039842210307,32.32329145425332,120.98146230020527
273.0437941471274,195.52473025828738,32.32329145425332,120.98146230020527
278.24678965568046,196.68095148241025,32.32329145425332,120.98146230020527
282.87167455217207,196.1028408703488,32.32329145425332,120.98146230020527
286.9184488366022,196.68095148241025,32.32329145425332,120.98146230020527
291.5433337330938,198.41528331859462,32.32329145425332,120.98146230020527
294.43388679340103,197.25906209447174,32.32329145425332,120.98146230020527
299.6368823019541,197.25906209447174,32.32329145425332,120.98146230020527
305.99609903463,197.83717270653318,32.32329145425332,120.98146230020527
311.19909454318304,198.41528331859462,32.32329145425332,120.98146230020527
316.4020900517361,198.41528331859462,32.32329145425332,120.98146230020527
319.87075372410476,198.99339393065605,32.32329145425332,120.98146230020527
324.49563862059637,197.83717270653318,32.32329145425332,120.98146230020527
327.3861916809036,198.99339393065605,32.32329145425332,120.98146230020527
332.0110765773952,197.83717270653318,32.32329145425332,120.98146230020527
336.05785086182533,197.83717270653318,32.32329145425332,120.98146230020527
340.10462514625544,198.41528331859462,32.32329145425332,120.98146230020527
345.8857312668699,199.5715045427175,32.32329145425332,120.98146230020527
351.08872677542297,201.30583637890186,32.32329145425332,120.98146230020527
356.86983289603745,202.46205760302473,32.32329145425332,120.98146230020527
362.0728284045905,204.1963894392091,32.32329145425332,120.98146230020527
366.6977133010821,205.35261066333197,32.32329145425332,120.98146230020527
369.0101557493279,204.1963894392091,32.32329145425332,120.98146230020527
373.6350406458195,204.77450005127054,32.32329145425332,120.98146230020527
375.3693724820039,205.35261066333197,32.32329145425332,120.98146230020527
378.2599255423111,205.35261066333197,32.32329145425332,120.98146230020527
382.0521931495558,205.40759273831654,31.676083584501264,118.55905570199042
386.3350634743974,208.29414955072033,31.041834729992495,116.1851528465433
390.22140341303424,207.18376671110983,31.041834729992495,116.1851528465433
397.6556496871642,204.80667524258988,31.71870193627998,118.71857010436219
399.9248391620207,204.23937787387578,31.718701936279984,118.71857010436219
403.32862337430544,204.23937787387578,31.718701936279984,118.71857010436219
401.05943389944895,203.10478313644754,31.718701936279984,118.71857010436219
399.3575417933066,201.4028910303052,31.718701936279984,118.71857010436219
397.97320078712784,200.88954732688353,31.08359973635291,116.34147329892085
394.081632001238,197.55391693897795,31.08359973635291,116.34147329892085
390.1900632153482,202.0014241228521,31.08359973635291,116.34147329892085
386.85443282744257,199.77767053091503,31.08359973635291,116.34147329892085
384.07474083752123,204.22517771478914,31.08359973635291,116.34147329892085
385.4978104214839,201.4983590782487,30.461214160364683,114.01197300022206
384.40819668661373,196.59509727133286,30.461214160364683,114.01197300022207
382.53393100510414,204.8190149553673,29.85129058390302,111.72911618546556
381.46613455902076,209.09020073970075,29.85129058390302,111.72911618546556
377.4938043261942,212.87826549054924,29.25357948088924,109.49196891418542
374.6474278941066,216.0672739824159,28.667836321494576,107.29961594616539
372.59650057121905,216.58000581313783,28.667836321494576,107.29961594616539
371.5710369097752,217.09273764385975,28.667836321494576,107.29961594616539
371.5710369097752,216.06727398241597,28.667836321494576,107.29961594616539
373.6219642326628,216.5800058131379,28.667836321494576,107.29961594616539
375.16015972482853,217.0927376438598,28.667836321494576,107.29961594616539
375.36034047005535,215.4101717502848,29.292938492484765,109.63928407187151
376.4081643666369,214.36234785370323,29.292938492484765,109.63928407187151
376.08879810472257,212.64309361081888,29.931671016313395,112.02996866105866
377.1594698013691,211.0370860658491,29.931671016313395,112.02996866105866
377.1594698013691,211.57242191417237,29.931671016313395,112.02996866105866
376.6241339530458,212.10775776249562,29.931671016313395,112.02996866105866
376.08879810472257,214.2491011557887,29.931671016313395,112.02996866105866
374.4827905597528,215.85510870075848,29.931671016313395,112.02996866105866
373.4121188631063,215.85510870075848,29.931671016313395,112.02996866105866
372.3414471664598,214.78443700411196,29.931671016313395,112.02996866105866
371.27077546981326,213.71376530746545,29.931671016313395,112.02996866105866
372.87678301478303,213.1784294591422,29.931671016313395,112.02996866105866
372.87678301478303,213.1784294591422,29.931671016313395,112.02996866105866
375.0181264080761,216.92578039740505,29.931671016313395,112.02996866105866
375.0181264080761,215.31977285243528,29.931671016313395,112.02996866105866
375.55346225639937,213.1784294591422,29.931671016313395,112.02996866105866
376.6241339530459,217.99645209405156,29.931671016313395,112.02996866105866
377.15946980136914,215.85510870075848,29.931671016313395,112.02996866105866
378.7654773463389,216.925780397405,29.931671016313395,112.02996866105866
378.7654773463389,216.39044454908174,29.931671016313395,112.02996866105866
378.97448315140684,216.7750453607243,30.58433110282411,114.47278212771305
380.6155096908947,218.96308074670813,30.58433110282411,114.47278212771305
382.47009940703,217.71504123956075,31.25122244252119,116.96886114200782
384.14690853021136,216.59716849077316,31.25122244252119,116.96886114200782
389.3955558214698,216.43978823096,31.932655347880363,119.51936715920931
392.8222997136946,214.72641628484763,31.932655347880363,119.51936715920931
397.6142697771014,212.85223240235686,32.628946897740896,122.12548696011588
404.033620522225,212.26865506189108,32.628946897740896,122.12548696011586
411.0365486078144,212.8522324023569,32.628946897740896,122.12548696011586
419.2066313743353,215.77011910468582,32.628946897740896,122.12548696011586
426.4373997068378,212.10433662124,33.340421084846135,124.78843320328119
436.2110439203292,213.1290397057398,34.06740896660121,127.50944498927873
445.5884978310824,207.47373567805158,34.810248819117945,130.28978843726995
453.30265561854196,205.43066075767504,35.56928629461881,133.13075727414463
461.8211867043911,202.07070441299163,36.34487458227298,136.03367343650734
470.2716766663211,202.07070441299163,36.34487458227298,136.03367343650734
477.0258412543595,196.6873711520747,37.13737457253944,138.99988768579038
483.667958866321,194.69473586848622,37.13737457253944,138.99988768579038
489.64586471708634,193.3663123460939,37.13737457253944,138.99988768579038
488.317441194694,196.02315939087848,37.13737457253944,138.99988768579038
492.96692352306707,196.02315939087848,37.13737457253944,138.99988768579038
495.62377056785164,194.03052410729,37.13737457253944,138.99988768579038
497.87572738635913,196.50034839897256,37.947155025093664,142.03078023677904
504.66267637284943,199.21512799356867,37.947155025093664,142.03078023677904
509.4135406633926,201.25121268951574,37.947155025093664,142.03078023677904
515.5217947512339,203.96599228411185,37.947155025093664,142.03078023677904
518.9152692444791,198.53643309491957,37.947155025093664,142.03078023677904
525.0235233323203,204.64468718276083,37.947155025093664,142.03078023677904
527.7383029269165,200.57251779086664,37.947155025093664,142.03078023677904
530.4530825215127,204.64468718276083,37.947155025093664,142.03078023677904
533.1678621161088,199.8938228922176,37.947155025093664,142.03078023677904
531.1317774201617,203.28729738546275,37.947155025093664,142.03078023677904
525.9671942719575,200.38141700663317,38.774592740415834,145.127761399842
520.4192435446449,201.76840468846132,38.774592740415834,145.127761399842
514.1777989764182,198.99442932480503,38.774592740415834,145.127761399842
503.081897521793,196.9139478020628,38.774592740415834,145.127761399842
496.4177129562139,198.7991615879714,39.6200727351206,148.29227223716555
486.49709631860105,202.34223895854745,39.6200727351206,148.29227223716555
480.1195570515642,201.63362348443223,39.6200727351206,148.29227223716555
474.45063325864254,202.34223895854745,39.6200727351206,148.29227223716555
465.94724756926007,201.63362348443223,39.6200727351206,148.29227223716555
462.0922102277779,203.11824836787181,38.82676172870251,145.3230224702864
457.6199352355452,202.4898659801649,38.04933515432752,142.41322586334002
455.9592980815471,201.87406566588675,37.2874749586984,139.56169198827104
457.6663935250145,201.9374918410046,36.54086945688534,136.7672542529136
456.3593073059718,203.89812116956864,36.54086945688534,136.7672542529136
456.7251354320083,202.6531911460768,35.809213204812444,134.0287694237265
459.2869644081906,202.6531911460768,35.809213204812444,134.0287694237265
458.0060499200995,202.6531911460768,35.809213204812444,134.0287694237265
457.3655926760539,205.21502012225912,35.809213204812444,134.0287694237265
454.4133537529061,203.11331421957135,36.590033098743376,136.95126674101084
451.79566409589813,200.49562456256336,36.590033098743376,136.95126674101084
449.43347401728306,196.3848237199115,37.38787877046148,139.93748911229858
447.4273977322988,195.047439529922,37.38787877046148,139.93748911229858
447.4273977322988,193.7100553399325,37.38787877046148,139.93748911229858
446.0900135423093,195.047439529922,37.38787877046148,139.93748911229858
444.08393725732503,195.047439529922,37.38787877046148,139.93748911229858
443.4152451623303,190.36659486495873,37.38787877046148,139.93748911229858
437.77132424887884,181.0685024975191,36.6392628874588,137.1355268073457
435.51692583047554,182.44143186484422,35.905636507972076,134.38966807269543
433.5903804295416,180.51488646391027,35.905636507972076,134.38966807269543
423.56619222284377,182.90279390961558,36.68855891202841,137.32003478502054
418.9729002015741,198.65122369682598,36.68855891202841,137.32003478502054
406.5053932866992,197.9950391223589,36.68855891202841,137.32003478502054
406.7615808476279,194.52935371971392,37.48855293910519,140.31429814350793
406.09108816851455,196.54083175705398,37.48855293910519,140.31429814350793
408.4778820446228,195.26361460856162,36.737921261568744,137.5047910075858
410.8168852499611,188.755431658813,36.0023194497152,134.7515385117911
414.0364402513698,187.4676096582495,36.0023194497152,134.7515385117911
412.7486182508063,194.5506306613487,36.0023194497152,134.7515385117911
407.3138556925319,201.69489178383367,35.281446561192666,132.05341427189248
409.83792768498614,202.95692778006082,35.281446561192666,132.05341427189248
399.11062171705544,202.32590978194725,35.281446561192666,132.05341427189248
394.0624777321469,201.69489178383367,35.281446561192666,132.05341427189248
390.27636974346547,202.95692778006082,35.281446561192666,132.05341427189248
389.0143337472383,202.95692778006082,35.281446561192666,132.05341427189248
388.38331574912473,203.5879457781744,35.281446561192666,132.05341427189248
386.2124631975643,204.90999568551996,34.57500767940497,129.40931445720136
386.2124631975643,204.90999568551996,34.57500767940497,129.40931445720136
384.9756968936216,204.29161253354857,34.57500767940497,129.40931445720136
381.26539798179346,204.29161253354857,34.57500767940497,129.40931445720136
376.9367159179939,202.43646307763447,34.57500767940497,129.40931445720136
373.8448001581371,202.43646307763447,34.57500767940497,129.40931445720136
370.13450124630896,201.81807992566308,34.57500767940497,129.40931445720136
371.0990313415537,201.25850902885793,33.882713792858205,126.81815733898347
371.7050326343619,203.0765129072824,33.882713792858205,126.81815733898347
371.7050326343619,204.28851549289868,33.882713792858205,126.81815733898347
371.33562634723523,203.5118818253186,34.62152636711148,129.58342725976001
371.5773803070157,202.7183136606169,35.37644874954634,132.40899389115907
370.9446631696503,200.8201622485209,35.37644874954634,132.40899389115907
368.6608200250624,201.27472460471853,36.1478322145302,135.29617200295579
366.07476588688,199.33518400108176,36.1478322145302,135.29617200295579
363.48871174869765,197.39564339744499,36.1478322145302,135.29617200295579
361.91106438722704,198.75015810383823,35.42404573019794,132.58714259016932
362.26571145662416,199.4439829987785,34.71475159140366,129.93235595639646
361.6448289478465,198.82310049000085,34.71475159140366,129.93235595639646
361.6448289478465,196.96045296366793,34.71475159140366,129.93235595639646
361.6448289478465,195.71868794611265,34.71475159140366,129.93235595639646
356.40443235528056,194.53597288879328,34.019659618538135,127.33072600081407
355.7959817501796,191.49371986328848,34.019659618538135,127.33072600081407
350.66051339241704,189.72623565341627,33.33848544224592,124.78118836954891
350.064245767522,194.49637665257677,33.33848544224592,124.78118836954891
349.20547804531134,195.14935320233644,32.6709503870869,122.28270002023945
349.53256256009115,194.03626947889393,32.01678135752727,119.83423879531628
350.99835507166415,194.09073017872254,31.375710726213327,117.43480300382696
348.7537035506437,198.5800332207634,31.375710726213327,117.43480300382697
348.7537035506437,196.33538169974295,31.375710726213327,117.43480300382697
345.38672626911307,193.5295672984674,31.375710726213327,117.43480300382697
340.8974232270722,199.1411961010185,31.375710726213327,117.43480300382697
338.09160882579664,197.45770746025318,31.375710726213327,117.43480300382697
336.96928306528645,196.33538169974295,31.375710726213327,117.43480300382697
332.13790633705304,200.1055146822897,32.05985809859841,119.99546888332542
330.41770922647584,198.3853175717125,32.05985809859841,119.99546888332542
328.69751211589863,197.81191853485342,32.05985809859841,119.99546888332542
328.12411307903955,198.3853175717125,32.05985809859841,119.99546888332542
326.40391596846234,200.6789137191488,32.05985809859841,119.99546888332542
326.40391596846234,200.1055146822897,32.05985809859841,119.99546888332542
324.90758529182426,197.07706697221207,32.75892330443835,122.61197008232632
322.56397728039315,196.4911649693543,32.75892330443835,122.61197008232632
320.22036926896203,194.73345896078095,32.75892330443835,122.61197008232632
314.3613492403842,192.9757529522076,32.75892330443835,122.61197008232632
313.41829307619975,189.88126993981172,33.47323162709162,125.28552408997146
312.2209378841396,187.48655955569131,33.47323162709162,125.28552408997146
311.0235826920794,185.0918491715709,33.47323162709162,125.28552408997146
309.2275499039891,183.2958163834806,33.47323162709162,125.28552408997146
306.8328395198687,183.2958163834806,33.47323162709162,125.28552408997146
303.2407739436881,184.49317157554083,33.47323162709162,125.28552408997146
299.64870836750754,185.690526767601,33.47323162709162,125.28552408997146
295.09302328748254,187.31798932136059,34.20311544272035,128.0173749427533
290.19916919939027,187.31798932136059,34.20311544272035,128.0173749427533
283.70895212316066,188.36920693509336,34.94891437494887,130.80879380338004
278.70838754667756,186.49399521891218,34.94891437494887,130.80879380338004
