306,5,95,65
307.251968503937,22.52755905511811,95.0,65.0
314.76377952755905,43.18503937007874,95.0,65.0
318.5196850393701,72.60629921259843,95.0,65.0
325.40551181102364,103.90551181102364,95.0,65.0
328.5354330708662,135.83070866141736,95.0,65.0
326.0314960629922,154.61023622047247,95.0,65.0
316.3408542294817,145.2452342863134,93.09781910009183,63.69850780532599
314.5005036405574,125.61482800445403,93.09781910009183,63.69850780532599
312.97874966224754,97.42038501428854,91.23372548624656,62.42307533269501
302.15774169118924,76.37953618167509,91.23372548624656,62.42307533269501
278.11105731105954,56.54102156806815,91.23372548624656,62.42307533269501
251.05853738341372,45.72001359700982,91.23372548624656,62.42307533269501
233.33574146274697,36.72628711659681,89.40695653837915,61.1731807894173
217.73519821915005,32.036551398249536,87.61676490631362,59.94831283063563
209.0751905812902,33.19121908329751,87.61676490631362,59.94831283063563
207.34318905371822,40.69655903610937,87.61676490631362,59.94831283063563
207.34318905371822,51.66590204406517,87.61676490631362,59.94831283063563
216.00319669157807,70.71791884735683,87.61676490631362,59.94831283063563
223.50853664438995,92.65660486326843,87.61676490631362,59.94831283063563
231.59121043972578,118.05929393432396,87.61676490631362,59.94831283063563
246.02455650282553,135.95664305256764,87.61676490631362,59.94831283063563
253.5298964556374,135.95664305256764,87.61676490631362,59.94831283063563
260.4579025659253,115.74995856422802,87.61676490631362,59.94831283063563
276.045916314073,85.15126491045658,87.61676490631362,59.94831283063563
284.70592395193285,64.94458042211696,87.61676490631362,59.94831283063563
282.3965885818369,46.469897461349284,87.61676490631362,59.94831283063563
264.7990789722089,29.75005342588305,85.86241820403431,58.74797035012873
246.42237571418158,22.983146608436975,84.14319871005914,57.57166227530361
239.50253729821503,21.89618772706605,82.45840307381228,56.4189073662926
238.95919349014474,21.35284391899576,82.45840307381228,56.4189073662926
241.1325687224259,28.416313423909557,82.45840307381228,56.4189073662926
249.8260696515506,37.10981435303423,82.45840307381228,56.4189073662926
265.0396962775188,52.323440979002406,82.45840307381228,56.4189073662926
280.79666671155724,72.42716187760323,82.45840307381228,56.4189073662926
304.7037942666501,99.59435228111784,82.45840307381228,56.4189073662926
328.255262890301,127.23312316321203,84.25640855283676,57.64912164141461
352.68368536173267,159.98941693172264,84.25640855283676,57.64912164141461
375.4465335737485,181.0866908843227,84.25640855283676,57.64912164141461
391.5470847481012,185.52822224276485,84.25640855283676,57.64912164141461
414.86512437992235,173.86920242685426,84.25640855283676,57.64912164141461
430.41048413446975,153.32711989405948,84.25640855283676,57.64912164141461
429.30010129485925,134.45061162068043,84.25640855283676,57.64912164141461
408.75801876206447,119.4604432859383,84.25640855283676,57.64912164141461
373.2257678945275,111.6877634086646,84.25640855283676,57.64912164141461
348.2421540032906,110.0221891492488,84.25640855283676,57.64912164141461
336.02794276757476,103.91508353139089,84.25640855283676,57.64912164141461
326.58968863088523,100.58393501255931,84.25640855283676,57.64912164141461
318.2618173338063,98.36316933333825,84.25640855283676,57.64912164141461
316.0410516545852,97.25278649372773,84.25640855283676,57.64912164141461
315.4858602347799,102.80470069178038,84.25640855283676,57.64912164141461
323.25854011205365,113.35333766808041,84.25640855283676,57.64912164141461
337.69351702699055,130.00908026223834,84.25640855283676,57.64912164141461
343.2454312250432,148.3303971158121,84.25640855283676,57.64912164141461
347.13177116368007,163.8757568703595,84.25640855283676,57.64912164141461
351.01811110231694,162.76537403074894,84.25640855283676,57.64912164141461
357.6804081399801,144.99924859698046,84.25640855283676,57.64912164141461
372.6705764747223,125.56754890379621,84.25640855283676,57.64912164141461
389.6146588650964,101.16108794983708,82.56934612079397,56.494815766859006
397.23170670864744,79.39809411111973,82.56934612079397,56.494815766859006
395.05540732477573,54.37065119659479,82.56934612079397,56.494815766859006
378.1890870997698,31.519507665941575,82.56934612079397,56.494815766859006
359.69054233686006,15.197262286903566,82.56934612079397,56.494815766859006
350.4412699554052,6.492064751416628,82.56934612079397,56.494815766859006
349.3531202634693,3.7716905215769607,82.56934612079397,56.494815766859006
348.2649705715334,1.595391137705228,82.56934612079397,56.494815766859006
343.91237180378994,4.8598402135128325,82.56934612079397,56.494815766859006
342.82422211185406,13.020962903031837,82.56934612079397,56.494815766859006
345.00052149572576,24.99060951432638,82.56934612079397,56.494815766859006
353.7057190312127,40.76878004739646,82.56934612079397,56.494815766859006
368.3957398723469,59.26732481030621,82.56934612079397,56.494815766859006
