74,86,56,48
72.77165354330708,85.59055118110236,56.0,48.0
71.95275590551181,84.77165354330708,56.0,48.0
71.13385826771653,83.95275590551181,56.0,48.0
70.72440944881889,83.54330708661416,56.0,48.0
70.31496062992125,82.31496062992125,56.0,48.0
70.31496062992125,80.6771653543307,56.0,48.0
71.28505224037077,79.11047222402983,54.87871441689624,47.03889807162535
72.48880356897536,76.30171912395247,54.87871441689624,47.03889807162535
61.253791168665884,86.73423063852555,54.87871441689624,47.03889807162535
56.98820291938088,88.40891088010156,53.77988028662955,46.09704024568247
58.16785158708535,89.19534332523787,53.77988028662955,46.097040245682464
55.95375414005865,88.87041040377333,52.70304806472876,45.174041198338934
55.5684112689442,90.41178188823109,52.70304806472876,45.17404119833893
52.24261798619806,92.0200694402015,51.647777207932236,44.26952332108477
50.49392558856321,92.46327281761943,50.61363599395706,43.3831165662489
49.75379367864033,94.68366854738807,50.61363599395706,43.3831165662489
62.33603614732932,83.95175585350628,50.61363599395706,43.3831165662489
62.706102102290764,84.69188776342916,50.61363599395706,43.3831165662489
61.59590423740644,86.17215158327492,50.61363599395706,43.3831165662489
61.22583828244499,87.65241540312068,50.61363599395706,43.3831165662489
59.37550850763778,89.13267922296644,50.61363599395706,43.3831165662489
58.265310642753455,90.98300899777365,50.61363599395706,43.3831165662489
57.525178732830575,91.72314090769653,50.61363599395706,43.3831165662489
57.15511277786913,92.46327281761941,50.61363599395706,43.3831165662489
56.78504682290768,92.83333877258086,50.61363599395706,43.3831165662489
56.92169819248629,93.26766790790091,49.60020134487696,42.514458295608804
56.55904205216941,92.54235562726717,49.600201344876965,42.514458295608804
57.41826953790641,91.15470750747149,48.607058654036706,41.66319313203144
57.06287484583528,94.3532597361117,48.607058654036706,41.66319313203144
58.129058922048685,92.57628627575602,48.607058654036706,41.66319313203144
59.37609392542873,91.05586923642065,49.66693556798798,42.57165905827539
53.5657887521208,95.05045404306983,49.66693556798798,42.57165905827539
51.386924312130326,95.77674218973334,49.66693556798798,42.57165905827539
50.794731545789816,95.4766592890596,48.672456660678534,41.719248566295875
50.57026908487568,96.96194921147637,47.69789016160958,40.8839058528082
53.36024691210144,98.35693812508924,47.69789016160958,40.8839058528082
52.79153162495141,100.1612353798961,46.7428373654903,40.06528917042024
51.89243942175046,100.90411243554007,45.80690755028873,39.26306361453318
52.89720286070504,102.57871816713106,45.80690755028873,39.26306361453318
51.3462708492486,103.64164177386978,44.889717817383264,38.4769009863285
53.1085434291239,106.98078774972734,43.9908929349149,37.70647965849848
66.41468527191006,97.38734618235735,43.11006518427595,36.951484443665095
66.72988822320117,98.33295503623067,43.11006518427595,36.951484443665095
67.36029412578338,99.278563890104,43.11006518427595,36.951484443665095
68.30590297965671,100.85457864655953,43.11006518427595,36.951484443665095
69.56671478482113,102.43059340301507,43.11006518427595,36.951484443665095
70.82752658998555,102.74579635430618,43.11006518427595,36.951484443665095
72.71874429773219,103.37620225688839,43.11006518427595,36.951484443665095
73.66435315160551,103.37620225688839,43.11006518427595,36.951484443665095
74.72635454148944,103.11573534342193,42.24687420967252,36.21160646543358
76.88859613489788,102.80684368722072,42.24687420967252,36.21160646543358
79.47379139779297,101.31602546671633,41.40096687069923,35.48654303202791
84.31709910820098,97.98625141581081,41.40096687069923,35.48654303202791
90.97664721001199,92.8402369735023,41.40096687069923,35.48654303202791
92.49018086951449,92.53753024160181,41.40096687069923,35.48654303202791
90.37123374621099,93.4456504373033,41.40096687069923,35.48654303202791
87.34416642720598,102.52685239431833,41.40096687069923,35.48654303202791
87.94957989100698,105.25121298142281,41.40096687069923,35.48654303202791
89.76582028240998,106.15933317712432,41.40096687069923,35.48654303202791
90.78571863262769,106.51460593691007,40.571997097865804,34.77599751245641
92.97177819448518,108.34599332592047,39.75962575101643,34.07967921515694
94.71601374486721,110.09022887630252,39.75962575101643,34.07967921515694
94.82336045501975,110.72212277440866,38.963520480584,33.397303269072005
95.78321316524585,111.62624942113752,38.183355591622444,32.728590507104954
97.84057034669112,113.62899633964987,37.41881191056154,32.07326735190989
100.02929725259574,114.17617806612601,37.41881191056154,32.07326735190989
108.78420487621419,105.96845216898372,37.41881191056154,32.07326735190989
111.52011350859496,105.96845216898372,37.41881191056154,32.07326735190989
114.63063976894165,106.56314385619258,36.66957665462968,31.431065703968294
118.21510962660685,107.41404082260603,35.9353433038912,30.80172283190674
120.84255317526032,106.10031904827929,35.9353433038912,30.801722831906737
124.25822978850982,102.94738678989513,35.9353433038912,30.801722831906737
126.09744027256724,102.42189808016444,35.9353433038912,30.801722831906737
126.62292898229794,103.21013114476048,35.9353433038912,30.801722831906737
128.72488382122071,108.46501824206742,35.9353433038912,30.801722831906737
130.8268386601435,109.5159956615288,35.9353433038912,30.801722831906737
136.34447011231578,109.77874001639415,35.9353433038912,30.801722831906737
138.1836805963732,108.99050695179811,35.9353433038912,30.801722831906737
140.0228910804306,108.99050695179811,35.9353433038912,30.801722831906737
142.38759027421872,110.30422872612485,35.9353433038912,30.801722831906737
145.5405225326029,110.5669730809902,35.9353433038912,30.801722831906737
148.16796608125637,110.82971743585554,35.9353433038912,30.801722831906737
151.32089833964054,110.30422872612485,35.9353433038912,30.801722831906737
154.30810780231667,112.97729870336096,35.21581147584589,30.184981265010755
160.7451937020073,104.22286187978172,35.21581147584589,30.184981265010755
162.8050611899083,102.9354446998436,35.21581147584589,30.184981265010755
164.4450407064997,101.69274037247779,34.51068680253935,29.580588687890867
165.9590078440689,101.69274037247779,34.51068680253935,29.580588687890867
163.9403849939766,109.26257606032388,34.51068680253935,29.580588687890867
169.83710082793306,108.80173791685583,33.819680810134045,28.988297837257754
171.56802937333362,108.55446241037004,33.819680810134045,28.988297837257754
176.6048490011849,107.8555761026736,33.14251080089165,28.40786640076427
179.35989772978712,107.8976565244277,32.478899737518425,27.83905691787293
182.05978223660128,107.93889437171318,31.828576129826423,27.28163668270836
184.70560707245946,107.28115439552913,31.191273923664014,26.735377648854865
186.30201085595408,107.73726976224188,31.191273923664014,26.735377648854865
188.12647232280506,108.19338512895463,31.191273923664014,26.735377648854865
191.17543528887836,108.23298810199555,30.566732392070353,26.2000563360603
192.73987434831503,108.67997069040602,30.566732392070353,26.2000563360603
194.9747872903674,110.02091845563746,30.566732392070353,26.2000563360603
197.9627010025608,110.7302023426741,29.954696028609295,25.67545373880796
201.10980418511693,111.8633169443865,29.354914442839025,25.161355236719157
202.2622142095606,113.6176361903039,28.76714225787474,24.65755050674977
203.5242148260478,112.9866358820603,28.76714225787474,24.65755050674977
205.83788262294098,114.0383030624663,28.76714225787474,24.65755050674977
216.14422099091973,102.68029751408156,28.76714225787474,24.65755050674977
218.87855565997532,102.04929720583796,28.76714225787474,24.65755050674977
221.08892312448324,102.20113513360052,29.3944097948077,25.19520839554945
221.7336823944481,101.34145610698071,29.3944097948077,25.19520839554945
223.34748765155476,101.28168510410319,30.03535490038348,25.74458991461441
215.74236700883688,109.22563937868813,29.433958285504822,25.229107101861267
218.40434255437106,109.47822004000865,28.844603409090283,24.723945779220234
221.14603995377277,108.84552064014672,28.844603409090283,24.72394577922023
224.09863715312846,108.21282124028478,28.844603409090283,24.72394577922023
226.84033455253018,107.79102164037683,28.844603409090283,24.72394577922023
230.00383155183985,108.0019214403308,28.844603409090283,24.72394577922023
234.01092775096544,108.42372104023876,28.844603409090283,24.72394577922023
238.86162314990693,108.21282124028478,28.844603409090283,24.72394577922023
243.07961914898652,108.0019214403308,28.844603409090283,24.72394577922023
245.61041674843426,108.63462084019274,28.844603409090283,24.72394577922023
250.74988927195577,108.88214408983274,28.267049159930306,24.22889927994025
252.40330497084935,109.29549801455613,28.267049159930306,24.22889927994025
256.12349029335985,110.53555978872629,28.267049159930306,24.22889927994025
260.67038346531723,110.3288828263646,28.267049159930306,24.22889927994025
264.39056878782776,110.742236751088,28.267049159930306,24.22889927994025
268.1107541103383,110.3288828263646,28.267049159930306,24.22889927994025
