123,87,132,176
121.79133858267716,85.79133858267716,132.0,176.0
121.79133858267716,84.58267716535431,132.0,176.0
121.79133858267716,84.58267716535431,132.0,176.0
121.79133858267716,84.58267716535431,132.0,176.0
123.0,83.37401574803147,132.0,176.0
123.0,83.37401574803147,132.0,176.0
125.41732283464566,83.37401574803147,132.0,176.0
126.6259842519685,83.37401574803147,132.0,176.0
127.83464566929135,83.37401574803147,132.0,176.0
129.0433070866142,83.37401574803147,132.0,176.0
130.25196850393704,83.37401574803147,132.0,176.0
132.6692913385827,83.37401574803147,132.0,176.0
133.87795275590554,83.37401574803147,132.0,176.0
135.08661417322838,83.37401574803147,132.0,176.0
137.50393700787404,83.37401574803147,132.0,176.0
138.7125984251969,83.37401574803147,132.0,176.0
139.92125984251973,83.37401574803147,132.0,176.0
141.12992125984258,82.16535433070862,132.0,176.0
142.33858267716542,82.16535433070862,132.0,176.0
143.54724409448826,82.16535433070862,132.0,176.0
143.54724409448826,82.16535433070862,132.0,176.0
143.54724409448826,82.16535433070862,132.0,176.0
142.33858267716542,82.16535433070862,132.0,176.0
141.12992125984258,80.95669291338578,132.0,176.0
138.71259842519692,80.95669291338578,132.0,176.0
136.29527559055126,80.95669291338578,132.0,176.0
135.0866141732284,79.74803149606294,132.0,176.0
133.87795275590557,79.74803149606294,132.0,176.0
132.66929133858272,79.74803149606294,132.0,176.0
131.46062992125988,79.74803149606294,132.0,176.0
131.46062992125988,79.74803149606294,132.0,176.0
132.66929133858272,79.74803149606294,132.0,176.0
132.66929133858272,79.74803149606294,132.0,176.0
133.87795275590557,79.74803149606294,132.0,176.0
135.0866141732284,80.95669291338578,132.0,176.0
137.50393700787407,80.95669291338578,132.0,176.0
138.71259842519692,80.95669291338578,132.0,176.0
138.71259842519692,80.95669291338578,132.0,176.0
139.92125984251976,82.16535433070862,132.0,176.0
141.1299212598426,82.16535433070862,132.0,176.0
142.33858267716545,82.16535433070862,132.0,176.0
142.33858267716545,82.16535433070862,132.0,176.0
143.5472440944883,82.16535433070862,132.0,176.0
143.5472440944883,82.16535433070862,132.0,176.0
144.75590551181114,82.16535433070862,132.0,176.0
145.96456692913398,82.16535433070862,132.0,176.0
147.17322834645682,82.16535433070862,132.0,176.0
148.38188976377967,82.16535433070862,132.0,176.0
149.5905511811025,82.16535433070862,132.0,176.0
149.5905511811025,82.16535433070862,132.0,176.0
150.79921259842536,82.16535433070862,132.0,176.0
152.0078740157482,82.16535433070862,132.0,176.0
153.21653543307104,82.16535433070862,132.0,176.0
154.4251968503939,82.16535433070862,132.0,176.0
154.4251968503939,80.95669291338578,132.0,176.0
155.63385826771673,80.95669291338578,132.0,176.0
155.63385826771673,79.74803149606294,132.0,176.0
155.63385826771673,79.74803149606294,132.0,176.0
155.63385826771673,79.74803149606294,132.0,176.0
155.63385826771673,79.74803149606294,132.0,176.0
155.63385826771673,79.74803149606294,132.0,176.0
154.4251968503939,79.74803149606294,132.0,176.0
154.4251968503939,79.74803149606294,132.0,176.0
153.21653543307104,79.74803149606294,132.0,176.0
153.21653543307104,79.74803149606294,132.0,176.0
152.0078740157482,79.74803149606294,132.0,176.0
150.79921259842536,79.74803149606294,132.0,176.0
150.79921259842536,79.74803149606294,132.0,176.0
150.79921259842536,79.74803149606294,132.0,176.0
150.79921259842536,79.74803149606294,132.0,176.0
150.79921259842536,79.74803149606294,132.0,176.0
150.79921259842536,79.74803149606294,132.0,176.0
152.0078740157482,79.74803149606294,132.0,176.0
152.0078740157482,79.74803149606294,132.0,176.0
152.0078740157482,78.53937007874009,132.0,176.0
155.6338582677167,78.53937007874009,132.0,176.0
156.84251968503955,78.53937007874009,132.0,176.0
158.0511811023624,78.53937007874009,132.0,176.0
159.25984251968524,78.53937007874009,132.0,176.0
164.09448818897658,78.53937007874009,132.0,176.0
162.88582677165374,78.53937007874009,132.0,176.0
165.3031496062994,78.53937007874009,132.0,176.0
165.3031496062994,78.53937007874009,132.0,176.0
165.3031496062994,79.74803149606294,132.0,176.0
167.72047244094506,80.95669291338578,132.0,176.0
166.51181102362222,80.95669291338578,132.0,176.0
166.51181102362222,82.16535433070862,132.0,176.0
168.92913385826787,83.37401574803147,132.0,176.0
167.72047244094503,83.37401574803147,132.0,176.0
170.1377952755907,83.37401574803147,132.0,176.0
168.92913385826785,83.37401574803147,132.0,176.0
170.1377952755907,83.37401574803147,132.0,176.0
170.1377952755907,84.58267716535431,132.0,176.0
173.7637795275592,84.58267716535431,132.0,176.0
172.55511811023635,84.58267716535431,132.0,176.0
171.3464566929135,84.58267716535431,132.0,176.0
173.76377952755917,84.58267716535431,132.0,176.0
171.3464566929135,84.58267716535431,132.0,176.0
171.3464566929135,84.58267716535431,132.0,176.0
171.3464566929135,84.58267716535431,132.0,176.0
170.13779527559066,84.58267716535431,132.0,176.0
171.3464566929135,84.58267716535431,132.0,176.0
170.13779527559066,84.58267716535431,132.0,176.0
168.92913385826782,84.58267716535431,132.0,176.0
167.72047244094497,84.58267716535431,132.0,176.0
167.72047244094497,84.58267716535431,132.0,176.0
165.3031496062993,84.58267716535431,132.0,176.0
165.3031496062993,84.58267716535431,132.0,176.0
165.3031496062993,84.58267716535431,132.0,176.0
165.3031496062993,83.37401574803147,132.0,176.0
164.09448818897647,83.37401574803147,132.0,176.0
164.09448818897647,83.37401574803147,132.0,176.0
165.3031496062993,82.16535433070862,132.0,176.0
166.51181102362216,82.16535433070862,132.0,176.0
166.51181102362216,82.16535433070862,132.0,176.0
168.92913385826782,80.95669291338578,132.0,176.0
171.34645669291348,80.95669291338578,132.0,176.0
173.76377952755914,79.74803149606294,132.0,176.0
176.1811023622048,79.74803149606294,132.0,176.0
178.59842519685046,78.53937007874009,132.0,176.0
182.22440944881896,77.33070866141725,132.0,176.0
187.0590551181103,77.33070866141725,132.0,176.0
189.47637795275597,76.1220472440944,132.0,176.0
193.10236220472444,74.91338582677156,132.0,176.0
196.72834645669292,73.70472440944872,132.0,176.0
199.1456692913386,72.49606299212587,132.0,176.0
203.98031496062993,71.28740157480303,132.0,176.0
206.3976377952756,70.07874015748018,132.0,176.0
211.23228346456693,68.87007874015734,132.0,176.0
214.8582677165354,67.6614173228345,132.0,176.0
217.2755905511811,66.45275590551165,132.0,176.0
223.31889763779526,65.24409448818881,132.0,176.0
225.73622047244095,64.03543307086596,132.0,176.0
230.57086614173227,62.82677165354312,132.0,176.0
234.19685039370074,62.82677165354312,132.0,176.0
239.03149606299206,62.82677165354312,132.0,176.0
242.65748031496054,62.82677165354312,132.0,176.0
246.283464566929,62.82677165354312,132.0,176.0
249.9094488188975,62.82677165354312,132.0,176.0
252.32677165354318,64.03543307086596,132.0,176.0
258.37007874015734,64.03543307086596,132.0,176.0
261.9960629921258,65.24409448818881,132.0,176.0
265.6220472440943,66.45275590551165,132.0,176.0
270.4566929133856,67.6614173228345,132.0,176.0
275.29133858267693,67.6614173228345,132.0,176.0
280.12598425196825,67.6614173228345,132.0,176.0
284.96062992125957,68.87007874015734,132.0,176.0
289.7952755905509,70.07874015748018,132.0,176.0
294.6299212598422,71.28740157480303,132.0,176.0
300.67322834645637,72.49606299212587,132.0,176.0
305.5078740157477,72.49606299212587,132.0,176.0
312.7598425196847,72.49606299212587,132.0,176.0
318.80314960629886,72.49606299212587,132.0,176.0
326.05511811023587,72.49606299212587,132.0,176.0
334.5157480314957,72.49606299212587,132.0,176.0
340.5590551181099,71.28740157480303,132.0,176.0
347.8110236220469,70.07874015748018,132.0,176.0
355.0629921259839,68.87007874015734,132.0,176.0
361.10629921259806,68.87007874015734,132.0,176.0
367.1496062992122,67.6614173228345,132.0,176.0
371.98425196850354,66.45275590551165,132.0,176.0
378.0275590551177,66.45275590551165,132.0,176.0
382.862204724409,66.45275590551165,132.0,176.0
387.69685039370034,66.45275590551165,132.0,176.0
391.3228346456688,66.45275590551165,132.0,176.0
394.9488188976373,66.45275590551165,132.0,176.0
397.366141732283,66.45275590551165,132.0,176.0
400.99212598425146,66.45275590551165,132.0,176.0
403.40944881889715,66.45275590551165,132.0,176.0
405.82677165354283,67.6614173228345,132.0,176.0
407.0354330708657,67.6614173228345,132.0,176.0
409.45275590551137,68.87007874015734,132.0,176.0
411.87007874015706,71.287401574803,132.0,176.0
413.0787401574799,72.49606299212584,132.0,176.0
414.28740157480274,74.9133858267715,132.0,176.0
415.4960629921256,76.12204724409435,132.0,176.0
414.28740157480274,76.12204724409435,132.0,176.0
414.28740157480274,77.33070866141719,132.0,176.0
413.0787401574799,78.53937007874003,132.0,176.0
411.87007874015706,78.53937007874003,132.0,176.0
410.6614173228342,78.53937007874003,132.0,176.0
408.2440944881885,78.53937007874003,132.0,176.0
407.0354330708657,78.53937007874003,132.0,176.0
403.4094488188972,78.53937007874003,132.0,176.0
402.20078740157436,78.53937007874003,132.0,176.0
400.9921259842515,78.53937007874003,132.0,176.0
398.5748031496058,78.53937007874003,132.0,176.0
396.15748031496014,78.53937007874003,132.0,176.0
396.15748031496014,78.53937007874003,132.0,176.0
394.9488188976373,78.53937007874003,132.0,176.0
392.5314960629916,78.53937007874003,132.0,176.0
391.32283464566876,78.53937007874003,132.0,176.0
390.1141732283459,78.53937007874003,132.0,176.0
387.69685039370023,78.53937007874003,132.0,176.0
387.69685039370023,79.74803149606288,132.0,176.0
386.4881889763774,79.74803149606288,132.0,176.0
386.4881889763774,80.95669291338572,132.0,176.0
386.4881889763774,82.16535433070857,132.0,176.0
386.4881889763774,83.37401574803141,132.0,176.0
386.4881889763774,85.79133858267707,132.0,176.0
385.27952755905454,88.20866141732273,132.0,176.0
384.0708661417317,91.83464566929123,132.0,176.0
380.4448818897632,95.46062992125974,132.0,176.0
376.81889763779475,102.71259842519675,132.0,176.0
371.98425196850343,103.92125984251959,132.0,176.0
374.4015748031491,107.5472440944881,132.0,176.0
374.4015748031491,106.33858267716525,132.0,176.0
373.1929133858263,111.1732283464566,132.0,176.0
371.98425196850343,111.1732283464566,132.0,176.0
362.31496062992073,122.05118110236211,132.0,176.0
367.14960629921205,125.67716535433061,132.0,176.0
363.5236220472436,128.09448818897627,132.0,176.0
362.31496062992073,129.30314960629912,132.0,176.0
361.1062992125979,131.72047244094477,132.0,176.0
359.89763779527505,132.92913385826762,132.0,176.0
358.6889763779522,134.13779527559046,132.0,176.0
357.48031496062936,136.55511811023612,132.0,176.0
357.48031496062936,136.55511811023612,132.0,176.0
356.2716535433065,137.76377952755897,132.0,176.0
355.06299212598367,138.9724409448818,132.0,176.0
353.8543307086608,141.38976377952747,132.0,176.0
352.645669291338,142.59842519685031,132.0,176.0
351.54986160820744,145.56910681619337,129.35696969696968,172.47595959595958
352.7343220501357,147.93802770004982,129.35696969696968,172.47595959595958
352.7343220501357,149.12248814197804,129.35696969696968,172.47595959595958
352.7343220501357,151.49140902583449,129.35696969696968,172.47595959595958
353.91878249206394,153.86032990969093,129.35696969696968,172.47595959595958
353.91878249206394,155.04479035161916,129.35696969696968,172.47595959595958
353.91878249206394,157.4137112354756,129.35696969696968,172.47595959595958
353.91878249206394,159.78263211933205,129.35696969696968,172.47595959595958
353.91878249206394,160.96709256126027,129.35696969696968,172.47595959595958
353.91878249206394,162.1515530031885,129.35696969696968,172.47595959595958
353.91878249206394,163.33601344511672,129.35696969696968,172.47595959595958
353.91878249206394,163.33601344511672,129.35696969696968,172.47595959595958
353.91878249206394,164.52047388704494,129.35696969696968,172.47595959595958
353.91878249206394,164.52047388704494,129.35696969696968,172.47595959595958
353.91878249206394,164.52047388704494,129.35696969696968,172.47595959595958
352.7343220501357,165.70493432897317,129.35696969696968,172.47595959595958
351.54986160820744,165.70493432897317,129.35696969696968,172.47595959595958
351.54986160820744,165.70493432897317,129.35696969696968,172.47595959595958
350.3654011662792,166.8893947709014,129.35696969696968,172.47595959595958
349.18094072435093,166.8893947709014,129.35696969696968,172.47595959595958
349.18094072435093,166.8893947709014,129.35696969696968,172.47595959595958
347.9964802824227,165.70493432897317,129.35696969696968,172.47595959595958
346.81201984049443,165.70493432897317,129.35696969696968,172.47595959595958
345.6275593985662,164.52047388704494,129.35696969696968,172.47595959595958
344.4430989566379,163.33601344511672,129.35696969696968,172.47595959595958
343.2586385147097,162.1515530031885,129.35696969696968,172.47595959595958
343.2586385147097,160.96709256126027,129.35696969696968,172.47595959595958
342.0741780727814,159.78263211933205,129.35696969696968,172.47595959595958
340.88971763085317,158.59817167740383,129.35696969696968,172.47595959595958
340.88971763085317,157.4137112354756,129.35696969696968,172.47595959595958
339.7052571889249,156.22925079354738,129.35696969696968,172.47595959595958
338.52079674699667,155.04479035161916,129.35696969696968,172.47595959595958
337.3363363050684,153.86032990969093,129.35696969696968,172.47595959595958
334.96741542121197,152.6758694677627,129.35696969696968,172.47595959595958
333.7829549792837,152.6758694677627,129.35696969696968,172.47595959595958
332.59849453735546,152.6758694677627,129.35696969696968,172.47595959595958
330.229573653499,152.6758694677627,129.35696969696968,172.47595959595958
327.86065276964257,152.6758694677627,129.35696969696968,172.47595959595958
325.4917318857861,152.6758694677627,129.35696969696968,172.47595959595958
320.75389011807323,155.04479035161916,129.35696969696968,172.47595959595958
318.3849692342168,156.22925079354738,129.35696969696968,172.47595959595958
313.6471274665039,157.4137112354756,129.35696969696968,172.47595959595958
310.0937461407192,160.9670925612603,129.35696969696968,172.47595959595958
307.72482525686274,162.15155300318852,129.35696969696968,172.47595959595958
304.17144393107804,164.52047388704497,129.35696969696968,172.47595959595958
301.8025230472216,166.88939477090142,129.35696969696968,172.47595959595958
298.2491417214369,166.88939477090142,129.35696969696968,172.47595959595958
294.6957603956522,168.07385521282964,129.35696969696968,172.47595959595958
289.9579186279393,169.25831565475787,129.35696969696968,172.47595959595958
286.17868338196166,166.1934360633347,132.1775984212121,176.23679789494946
283.7581081782327,166.1934360633347,132.1775984212121,176.23679789494946
278.9169577707748,166.1934360633347,132.1775984212121,176.23679789494946
274.07580736331687,164.98314846147022,132.1775984212121,176.23679789494946
268.0243693539945,163.77286085960574,132.1775984212121,176.23679789494946
261.9729313446721,162.56257325774126,132.1775984212121,176.23679789494946
257.13178093721416,161.35228565587678,132.1775984212121,176.23679789494946
251.08034292789176,160.1419980540123,132.1775984212121,176.23679789494946
246.00841385551107,154.5897135593692,135.05973095478663,180.07964127304882
241.06170216341857,153.35303563634605,135.05973095478663,180.07964127304882
235.87917967761462,148.9163615013204,138.00470838825575,184.00627785100764
233.35189230734534,147.65271781618574,138.00470838825575,184.00627785100767
228.29731756680673,145.12543044591644,138.00470838825575,184.00627785100767
225.77003019653745,142.59814307564713,138.00470838825575,184.00627785100767
221.97909914113347,140.07085570537782,138.00470838825575,184.00627785100767
219.4518117708642,136.27992464997388,138.00470838825575,184.00627785100767
214.15628438225724,130.48286515029935,141.01390105466166,188.01853473954887
210.2826920751902,127.9004702789213,141.01390105466166,188.01853473954887
207.70029720381217,125.31807540754328,141.01390105466166,188.01853473954887
203.58049827618572,121.97700589685633,144.08870916715856,192.11827888954474
200.9417942846373,119.3383019053079,144.08870916715856,192.11827888954474
199.6224422888631,118.01894990953369,144.08870916715856,192.11827888954474
198.30309029308893,115.38024591798526,144.08870916715856,192.11827888954474
196.98373829731474,114.06089392221105,144.08870916715856,192.11827888954474
195.66438630154056,112.74154192643684,144.08870916715856,192.11827888954474
191.4547551582972,109.32762039506936,147.23056347054845,196.30741796073127
190.1066346922551,109.32762039506937,147.23056347054845,196.30741796073124
188.75851422621304,109.32762039506937,147.23056347054845,196.30741796073124
187.41039376017096,109.32762039506937,147.23056347054845,196.30741796073124
186.0622732941289,109.32762039506937,147.23056347054845,196.30741796073124
184.7141528280868,109.32762039506937,147.23056347054845,196.30741796073124
183.36603236204473,109.32762039506937,147.23056347054845,196.30741796073124
180.66979142996058,109.32762039506937,147.23056347054845,196.30741796073124
179.3216709639185,107.9794999290273,147.23056347054845,196.30741796073124
176.6254300318344,106.63137946298522,147.23056347054845,196.30741796073124
173.92918909975026,105.28325899694315,147.23056347054845,196.30741796073124
171.23294816766617,105.28325899694315,147.23056347054845,196.30741796073124
169.8848277016241,103.93513853090107,147.23056347054845,196.30741796073124
167.18858676953994,102.587018064859,147.23056347054845,196.30741796073124
165.84046630349786,101.23889759881692,147.23056347054845,196.30741796073124
164.4923458374558,99.89077713277484,147.23056347054845,196.30741796073124
163.1442253714137,98.54265666673277,147.23056347054845,196.30741796073124
161.79610490537164,97.19453620069069,147.23056347054845,196.30741796073124
160.44798443932956,97.19453620069069,147.23056347054845,196.30741796073124
159.09986397328748,95.84641573464862,147.23056347054845,196.30741796073124
156.4036230412034,95.84641573464862,147.23056347054845,196.30741796073124
155.0555025751613,94.49829526860654,147.23056347054845,196.30741796073124
153.70738210911924,93.15017480256446,147.23056347054845,196.30741796073124
152.35926164307716,91.80205433652239,147.23056347054845,196.30741796073124
151.01114117703509,90.45393387048031,147.23056347054845,196.30741796073124
149.663020710993,89.10581340443824,147.23056347054845,196.30741796073124
148.31490024495093,89.10581340443824,147.23056347054845,196.30741796073124
146.96677977890886,89.10581340443824,147.23056347054845,196.30741796073124
145.61865931286678,87.75769293839616,147.23056347054845,196.30741796073124
145.61865931286678,86.40957247235409,147.23056347054845,196.30741796073124
145.61865931286678,85.06145200631201,147.23056347054845,196.30741796073124
145.61865931286678,83.71333154026993,147.23056347054845,196.30741796073124
144.2705388468247,81.01709060818581,147.23056347054845,196.30741796073124
142.92241838078263,79.66897014214373,147.23056347054845,196.30741796073124
141.57429791474055,78.32084967610166,147.23056347054845,196.30741796073124
141.57429791474055,78.32084967610166,147.23056347054845,196.30741796073124
141.57429791474055,78.32084967610166,147.23056347054845,196.30741796073124
141.57429791474055,78.32084967610166,147.23056347054845,196.30741796073124
141.57429791474055,78.32084967610166,147.23056347054845,196.30741796073124
141.57429791474055,79.66897014214373,147.23056347054845,196.30741796073124
140.22617744869848,81.01709060818581,147.23056347054845,196.30741796073124
140.35205259169004,84.33053855293943,144.28257225248112,192.37676300330816
139.0309254835562,84.33053855293943,144.28257225248112,192.37676300330816
139.0309254835562,84.33053855293943,144.28257225248112,192.37676300330816
139.0309254835562,85.65166566107328,144.28257225248112,192.37676300330816
140.47540734212615,88.89876858063374,141.39360853534123,188.52481138045493
143.0647558162582,90.19344281769978,141.39360853534123,188.52481138045493
144.35943005332425,90.19344281769978,141.39360853534123,188.52481138045493
145.65410429039028,90.19344281769978,141.39360853534123,188.52481138045493
148.24345276452235,91.48811705476581,141.39360853534123,188.52481138045493
149.53812700158838,92.78279129183184,141.39360853534123,188.52481138045493
152.12747547572044,94.07746552889787,141.39360853534123,188.52481138045493
154.7168239498525,95.37213976596391,141.39360853534123,188.52481138045493
157.30617242398458,95.37213976596391,141.39360853534123,188.52481138045493
160.01640572170862,99.8489003209733,138.56249041402523,184.74998721870028
162.55390778309646,99.8489003209733,138.56249041402523,184.74998721870028
163.94112316577682,104.23602289260161,135.7880596486645,181.05074619821934
166.4278169329052,104.23602289260162,135.7880596486645,181.05074619821931
168.91451070003356,104.23602289260162,135.7880596486645,181.05074619821931
170.15785758359775,105.47936977616581,135.7880596486645,181.05074619821931
171.40120446716193,106.72271665973,135.7880596486645,181.05074619821931
172.64455135072612,109.20941042685837,135.7880596486645,181.05074619821931
172.64455135072612,109.20941042685837,135.7880596486645,181.05074619821931
172.64455135072612,109.20941042685837,135.7880596486645,181.05074619821931
172.64455135072612,109.20941042685837,135.7880596486645,181.05074619821931
168.91451070003356,106.72271665973,135.7880596486645,181.05074619821931
165.184470049341,105.47936977616581,135.7880596486645,181.05074619821931
165.184470049341,104.23602289260162,135.7880596486645,181.05074619821931
165.184470049341,105.47936977616581,135.7880596486645,181.05074619821931
167.67116381646937,105.47936977616581,135.7880596486645,181.05074619821931
168.91451070003356,102.99267600903744,135.7880596486645,181.05074619821931
167.67116381646937,102.99267600903744,135.7880596486645,181.05074619821931
166.4278169329052,101.74932912547325,135.7880596486645,181.05074619821931
166.4278169329052,100.50598224190907,135.7880596486645,181.05074619821931
165.184470049341,99.26263535834488,135.7880596486645,181.05074619821931
165.184470049341,98.0192884747807,135.7880596486645,181.05074619821931
165.184470049341,95.53259470765232,135.7880596486645,181.05074619821931
165.184470049341,94.28924782408814,135.7880596486645,181.05074619821931
165.184470049341,93.04590094052395,135.7880596486645,181.05074619821931
166.4278169329052,91.80255405695976,135.7880596486645,181.05074619821931
168.91451070003356,90.55920717339558,135.7880596486645,181.05074619821931
170.15785758359775,89.31586028983139,135.7880596486645,181.05074619821931
171.40120446716193,88.0725134062672,135.7880596486645,181.05074619821931
176.37459200141868,88.0725134062672,135.7880596486645,181.05074619821931
180.10463265211123,86.82916652270302,135.7880596486645,181.05074619821931
183.8346733028038,88.0725134062672,135.7880596486645,181.05074619821931
187.56471395349635,88.0725134062672,135.7880596486645,181.05074619821931
191.2947546041889,88.0725134062672,135.7880596486645,181.05074619821931
192.5381014877531,89.31586028983139,135.7880596486645,181.05074619821931
195.02479525488147,90.55920717339558,135.7880596486645,181.05074619821931
195.02479525488147,91.80255405695976,135.7880596486645,181.05074619821931
196.26814213844565,93.04590094052395,135.7880596486645,181.05074619821931
197.51148902200984,93.04590094052395,135.7880596486645,181.05074619821931
197.51148902200984,93.04590094052395,135.7880596486645,181.05074619821931
197.51148902200984,93.04590094052395,135.7880596486645,181.05074619821931
198.75483590557403,94.28924782408814,135.7880596486645,181.05074619821931
197.51148902200984,94.28924782408814,135.7880596486645,181.05074619821931
198.75483590557403,94.28924782408814,135.7880596486645,181.05074619821931
197.51148902200984,95.53259470765232,135.7880596486645,181.05074619821931
198.75483590557403,95.53259470765232,135.7880596486645,181.05074619821931
197.51148902200984,96.77594159121651,135.7880596486645,181.05074619821931
197.51148902200984,96.77594159121651,135.7880596486645,181.05074619821931
197.51148902200984,96.77594159121651,135.7880596486645,181.05074619821931
197.51148902200984,96.77594159121651,135.7880596486645,181.05074619821931
196.26814213844565,98.0192884747807,135.7880596486645,181.05074619821931
195.02479525488147,98.0192884747807,135.7880596486645,181.05074619821931
195.02479525488147,98.0192884747807,135.7880596486645,181.05074619821931
195.02479525488147,98.0192884747807,135.7880596486645,181.05074619821931
195.02479525488147,98.0192884747807,135.7880596486645,181.05074619821931
195.02479525488147,98.0192884747807,135.7880596486645,181.05074619821931
195.02479525488147,98.0192884747807,135.7880596486645,181.05074619821931
195.02479525488147,96.77594159121651,135.7880596486645,181.05074619821931
195.02479525488147,96.77594159121651,135.7880596486645,181.05074619821931
195.02479525488147,96.77594159121651,135.7880596486645,181.05074619821931
195.02479525488147,96.77594159121651,135.7880596486645,181.05074619821931
195.02479525488147,96.77594159121651,135.7880596486645,181.05074619821931
195.02479525488147,96.77594159121651,135.7880596486645,181.05074619821931
195.02479525488147,96.77594159121651,135.7880596486645,181.05074619821931
195.02479525488147,96.77594159121651,135.7880596486645,181.05074619821931
195.02479525488147,95.53259470765232,135.7880596486645,181.05074619821931
195.02479525488147,94.28924782408814,135.7880596486645,181.05074619821931
195.02479525488147,94.28924782408814,135.7880596486645,181.05074619821931
195.02479525488147,93.04590094052395,135.7880596486645,181.05074619821931
195.02479525488147,93.04590094052395,135.7880596486645,181.05074619821931
195.02479525488147,93.04590094052395,135.7880596486645,181.05074619821931
195.02479525488147,93.04590094052395,135.7880596486645,181.05074619821931
195.02479525488147,93.04590094052395,135.7880596486645,181.05074619821931
195.02479525488147,93.04590094052395,135.7880596486645,181.05074619821931
195.02479525488147,93.04590094052395,135.7880596486645,181.05074619821931
195.02479525488147,93.04590094052395,135.7880596486645,181.05074619821931
195.02479525488147,93.04590094052395,135.7880596486645,181.05074619821931
195.02479525488147,93.04590094052395,135.7880596486645,181.05074619821931
195.02479525488147,93.04590094052395,135.7880596486645,181.05074619821931
195.02479525488147,93.04590094052395,135.7880596486645,181.05074619821931
195.02479525488147,94.28924782408814,135.7880596486645,181.05074619821931
195.02479525488147,94.28924782408814,135.7880596486645,181.05074619821931
195.02479525488147,94.28924782408814,135.7880596486645,181.05074619821931
195.02479525488147,94.28924782408814,135.7880596486645,181.05074619821931
195.02479525488147,95.53259470765232,135.7880596486645,181.05074619821931
195.02479525488147,95.53259470765232,135.7880596486645,181.05074619821931
195.02479525488147,95.53259470765232,135.7880596486645,181.05074619821931
195.02479525488147,96.77594159121651,135.7880596486645,181.05074619821931
195.02479525488147,96.77594159121651,135.7880596486645,181.05074619821931
195.02479525488147,96.77594159121651,135.7880596486645,181.05074619821931
195.02479525488147,96.77594159121651,135.7880596486645,181.05074619821931
195.02479525488147,96.77594159121651,135.7880596486645,181.05074619821931
195.02479525488147,96.77594159121651,135.7880596486645,181.05074619821931
195.02479525488147,98.0192884747807,135.7880596486645,181.05074619821931
195.02479525488147,98.0192884747807,135.7880596486645,181.05074619821931
195.02479525488147,98.0192884747807,135.7880596486645,181.05074619821931
195.02479525488147,98.0192884747807,135.7880596486645,181.05074619821931
195.02479525488147,98.0192884747807,135.7880596486645,181.05074619821931
195.02479525488147,99.26263535834488,135.7880596486645,181.05074619821931
195.02479525488147,99.26263535834488,135.7880596486645,181.05074619821931
196.26814213844565,99.26263535834488,135.7880596486645,181.05074619821931
196.26814213844565,99.26263535834488,135.7880596486645,181.05074619821931
196.26814213844565,99.26263535834488,135.7880596486645,181.05074619821931
196.26814213844565,99.26263535834488,135.7880596486645,181.05074619821931
196.26814213844565,100.50598224190907,135.7880596486645,181.05074619821931
196.26814213844565,100.50598224190907,135.7880596486645,181.05074619821931
196.26814213844565,100.50598224190907,135.7880596486645,181.05074619821931
196.26814213844565,100.50598224190907,135.7880596486645,181.05074619821931
196.26814213844565,100.50598224190907,135.7880596486645,181.05074619821931
196.26814213844565,101.74932912547325,135.7880596486645,181.05074619821931
196.26814213844565,101.74932912547325,135.7880596486645,181.05074619821931
196.26814213844565,101.74932912547325,135.7880596486645,181.05074619821931
196.26814213844565,101.74932912547325,135.7880596486645,181.05074619821931
196.26814213844565,102.99267600903744,135.7880596486645,181.05074619821931
196.26814213844565,102.99267600903744,135.7880596486645,181.05074619821931
196.26814213844565,102.99267600903744,135.7880596486645,181.05074619821931
196.26814213844565,102.99267600903744,135.7880596486645,181.05074619821931
196.26814213844565,102.99267600903744,135.7880596486645,181.05074619821931
197.51148902200984,102.99267600903744,135.7880596486645,181.05074619821931
197.51148902200984,102.99267600903744,135.7880596486645,181.05074619821931
197.51148902200984,102.99267600903744,135.7880596486645,181.05074619821931
198.75483590557403,102.99267600903744,135.7880596486645,181.05074619821931
198.75483590557403,102.99267600903744,135.7880596486645,181.05074619821931
199.9981827891382,104.23602289260162,135.7880596486645,181.05074619821931
201.2415296727024,104.23602289260162,135.7880596486645,181.05074619821931
202.48487655626658,105.47936977616581,135.7880596486645,181.05074619821931
203.72822343983077,105.47936977616581,135.7880596486645,181.05074619821931
203.72822343983077,105.47936977616581,135.7880596486645,181.05074619821931
203.72822343983077,105.47936977616581,135.7880596486645,181.05074619821931
203.72822343983077,105.47936977616581,135.7880596486645,181.05074619821931
203.72822343983077,105.47936977616581,135.7880596486645,181.05074619821931
204.97157032339496,105.47936977616581,135.7880596486645,181.05074619821931
206.21491720695914,105.47936977616581,135.7880596486645,181.05074619821931
207.45826409052333,105.47936977616581,135.7880596486645,181.05074619821931
209.9449578576517,105.47936977616581,135.7880596486645,181.05074619821931
211.1883047412159,105.47936977616581,135.7880596486645,181.05074619821931
213.67499850834426,105.47936977616581,135.7880596486645,181.05074619821931
214.91834539190845,106.72271665973,135.7880596486645,181.05074619821931
217.40503915903682,106.72271665973,135.7880596486645,181.05074619821931
221.13507980972938,107.96606354329418,135.7880596486645,181.05074619821931
223.62177357685775,107.96606354329418,135.7880596486645,181.05074619821931
224.86512046042193,107.96606354329418,135.7880596486645,181.05074619821931
227.4679065729297,109.77864918188563,133.06918119077733,177.42557492103643
231.12326078065777,109.77864918188563,133.06918119077733,177.42557492103643
233.56016358580982,109.77864918188563,133.06918119077733,177.42557492103643
235.99706639096186,109.77864918188563,133.06918119077733,177.42557492103643
237.21551779353788,109.77864918188563,133.06918119077733,177.42557492103643
239.65242059868993,109.77864918188563,133.06918119077733,177.42557492103643
242.08932340384197,109.77864918188563,133.06918119077733,177.42557492103643
243.307774806418,110.99710058446165,133.06918119077733,177.42557492103643
244.52622620899402,110.99710058446165,133.06918119077733,177.42557492103643
245.74467761157004,110.99710058446165,133.06918119077733,177.42557492103643
246.96312901414606,110.99710058446165,133.06918119077733,177.42557492103643
249.4000318192981,110.99710058446165,133.06918119077733,177.42557492103643
250.61848322187413,110.99710058446165,133.06918119077733,177.42557492103643
251.83693462445015,110.99710058446165,133.06918119077733,177.42557492103643
254.2738374296022,110.99710058446165,133.06918119077733,177.42557492103643
255.49228883217822,110.99710058446165,133.06918119077733,177.42557492103643
256.7107402347542,110.99710058446165,133.06918119077733,177.42557492103643
259.14764303990626,110.99710058446165,133.06918119077733,177.42557492103643
260.36609444248234,109.77864918188563,133.06918119077733,177.42557492103643
261.5845458450583,109.77864918188563,133.06918119077733,177.42557492103643
264.02144865021035,109.77864918188563,133.06918119077733,177.42557492103643
266.4583514553624,108.5601977793096,133.06918119077733,177.42557492103643
268.89525426051443,107.34174637673358,133.06918119077733,177.42557492103643
270.1137056630905,106.12329497415756,133.06918119077733,177.42557492103643
271.3321570656665,104.90484357158154,133.06918119077733,177.42557492103643
273.7690598708185,104.90484357158154,133.06918119077733,177.42557492103643
276.20596267597057,103.68639216900552,133.06918119077733,177.42557492103643
277.42441407854665,103.68639216900552,133.06918119077733,177.42557492103643
279.8613168836987,103.68639216900552,133.06918119077733,177.42557492103643
281.07976828627466,102.46794076642949,133.06918119077733,177.42557492103643
283.5166710914267,101.24948936385347,133.06918119077733,177.42557492103643
285.95357389657875,100.03103796127745,133.06918119077733,177.42557492103643
288.3904767017308,98.81258655870143,133.06918119077733,177.42557492103643
290.82737950688283,97.5941351561254,133.06918119077733,177.42557492103643
294.48273371461096,96.37568375354938,133.06918119077733,177.42557492103643
296.919636519763,95.15723235097336,133.06918119077733,177.42557492103643
299.35653932491505,93.93878094839734,133.06918119077733,177.42557492103643
301.7934421300671,92.72032954582131,133.06918119077733,177.42557492103643
304.23034493521914,92.72032954582131,133.06918119077733,177.42557492103643
305.4487963377951,91.50187814324529,133.06918119077733,177.42557492103643
309.1041505455232,91.50187814324529,133.06918119077733,177.42557492103643
311.54105335067527,90.28342674066927,133.06918119077733,177.42557492103643
313.9779561558273,90.28342674066927,133.06918119077733,177.42557492103643
315.1964075584033,89.06497533809325,133.06918119077733,177.42557492103643
317.6333103635553,89.06497533809325,133.06918119077733,177.42557492103643
316.1825236156229,87.13059300751665,135.97075468664224,181.29433958218962
316.1825236156229,85.88557327210748,135.97075468664224,181.2943395821896
317.4275433510321,85.88557327210748,135.97075468664224,181.2943395821896
317.4275433510321,85.88557327210748,135.97075468664224,181.2943395821896
317.4275433510321,85.88557327210748,135.97075468664224,181.2943395821896
315.945122198061,83.90901173481265,138.93559699258446,185.24746265677925
313.1582094611095,81.88935127319711,141.96508768500777,189.28678358001034
310.31052809192886,81.12555911591092,145.06063642197938,193.41418189597246
308.9822766190838,85.11031353444596,145.06063642197938,193.41418189597243
306.32577367339377,87.76681648013599,145.06063642197938,193.41418189597243
303.66927072770375,91.75157089867102,145.06063642197938,193.41418189597243
301.0127677820137,94.40807384436104,145.06063642197938,193.41418189597243
297.02801336347875,97.06457679005106,145.06063642197938,193.41418189597243
293.04325894494366,98.39282826289607,145.06063642197938,193.41418189597243
290.38675599925364,98.39282826289607,145.06063642197938,193.41418189597243
284.820477992128,96.28413014477523,148.22368359916064,197.63157813221412
279.13282729305695,95.48666586039916,151.45570102004032,201.94093469338705
274.97240315086367,98.26028195519469,151.45570102004032,201.94093469338705
270.8119790086704,102.42070609738799,151.45570102004032,201.94093469338705
266.6515548664771,105.19432219218352,151.45570102004032,201.94093469338705
263.87793877168156,107.96793828697905,151.45570102004032,201.94093469338705
261.104322676886,113.51517047657013,151.45570102004032,201.94093469338705
259.7175146294882,114.90197852396791,151.45570102004032,201.94093469338705
255.2926527543217,114.08712553087103,154.7581925807823,206.34425677437636
252.45855796057913,115.50417292774232,154.7581925807823,206.34425677437636
248.20741576996528,115.50417292774232,154.7581925807823,206.34425677437636
242.26902238473946,111.8374572713884,158.13269497000624,210.84359329334163
236.20114233174877,103.74695053406752,161.58077838382724,215.44103784510295
233.2421051709378,93.39032047122916,161.58077838382724,215.44103784510293
230.28306801012684,81.5541718279853,161.58077838382724,215.44103784510293
227.32403084931588,68.23850460433596,161.58077838382724,215.44103784510293
224.3649936885049,56.4023559610921,161.58077838382724,215.44103784510293
222.88547510809946,38.64813299622634,161.58077838382724,215.44103784510293
221.405956527694,28.29150293338796,161.58077838382724,215.44103784510293
219.92643794728855,10.537279968522185,161.58077838382724,215.44103784510293
218.4469193668831,4.619205646900255,161.58077838382724,215.44103784510293
216.96740078647764,1.0,161.58077838382724,215.44103784510293
214.00836362566668,1.0,161.58077838382724,215.44103784510293
212.52884504526122,1.0,161.58077838382724,215.44103784510293
211.04932646485577,1.0,161.58077838382724,215.44103784510293
209.5698078844503,1.0,161.58077838382724,215.44103784510293
208.09028930404486,1.0,161.58077838382724,215.44103784510293
206.6107707236394,1.0,161.58077838382724,215.44103784510293
203.65173356282844,1.0,161.58077838382724,215.44103784510293
202.172214982423,1.0,161.58077838382724,215.44103784510293
202.172214982423,1.0,161.58077838382724,215.44103784510293
200.69269640201753,1.0,161.58077838382724,215.44103784510293
199.21317782161208,1.0,161.58077838382724,215.44103784510293
196.2541406608011,1.0,161.58077838382724,215.44103784510293
194.77462208039566,3.139687066494787,161.58077838382724,215.44103784510293
193.2951034999902,4.619205646900269,161.58077838382724,215.44103784510293
191.81558491958475,6.098724227305752,161.58077838382724,215.44103784510293
190.3360663391793,7.578242807711234,161.58077838382724,215.44103784510293
188.85654775877384,9.057761388116717,161.58077838382724,215.44103784510293
187.3770291783684,10.5372799685222,161.58077838382724,215.44103784510293
186.0356544935259,12.694163269813501,158.34545343189026,211.12727124252032
184.58576024980152,14.14405751353786,158.34545343189026,211.12727124252032
181.68597176235278,15.593951757262218,158.34545343189026,211.12727124252032
180.2360775186284,17.043846000986576,158.34545343189026,211.12727124252032
177.33628903117972,18.493740244710935,158.34545343189026,211.12727124252032
176.0217726337596,17.707647877300403,155.174909251833,206.89987900244395
174.6009095599016,20.549374025016505,155.174909251833,206.89987900244395
173.18004648604352,23.391100172732607,155.174909251833,206.89987900244395
170.33832033832743,24.811963246590665,155.174909251833,206.89987900244395
167.4965941906113,27.653689394306767,155.174909251833,206.89987900244395
164.6548680428952,30.495415542022883,155.174909251833,206.89987900244395
161.81314189517906,31.916278615880927,155.174909251833,206.89987900244395
160.39227882132104,34.75800476359704,155.174909251833,206.89987900244395
158.97141574746297,36.17886783745509,155.174909251833,206.89987900244395
157.55055267360495,37.59973091131313,155.174909251833,206.89987900244395
156.12968959974688,39.020593985171175,155.174909251833,206.89987900244395
154.70882652588887,40.44145705902922,155.174909251833,206.89987900244395
154.84149370741935,42.51283073288059,152.0678487410559,202.75713165474122
154.84149370741935,43.90524392673362,152.0678487410559,202.75713165474122
154.84149370741935,46.69007031443968,152.0678487410559,202.75713165474122
153.44908051356632,50.867309895998744,152.0678487410559,202.75713165474122
152.05666731971328,55.04454947755781,152.0678487410559,202.75713165474122
150.66425412586025,57.82937586526387,152.0678487410559,202.75713165474122
149.27184093200722,62.006615446822934,152.0678487410559,202.75713165474122
149.27184093200722,64.791441834529,152.0678487410559,202.75713165474122
147.8794277381542,67.57626822223506,152.0678487410559,202.75713165474122
146.48701454430116,70.36109460994112,152.0678487410559,202.75713165474122
145.09460135044813,73.14592099764718,152.0678487410559,202.75713165474122
145.09460135044813,75.93074738535324,152.0678487410559,202.75713165474122
145.09460135044813,77.32316057920627,152.0678487410559,202.75713165474122
145.09460135044813,78.7155737730593,152.0678487410559,202.75713165474122
146.48701454430116,80.10798696691234,152.0678487410559,202.75713165474122
149.27184093200722,81.50040016076537,152.0678487410559,202.75713165474122
153.4490805135663,82.8928133546184,152.0678487410559,202.75713165474122
156.23390690127235,84.28522654847143,152.0678487410559,202.75713165474122
159.0187332889784,85.67763974232446,152.0678487410559,202.75713165474122
160.41114648283144,87.07005293617749,152.0678487410559,202.75713165474122
163.1959728705375,88.46246613003052,152.0678487410559,202.75713165474122
166.11081005052404,91.88477797206153,149.02300076878893,198.69733435838526
168.83987597965898,93.249310936629,149.02300076878893,198.69733435838526
170.20440894422643,94.61384390119647,149.02300076878893,198.69733435838526
170.20440894422643,93.249310936629,149.02300076878893,198.69733435838526
170.33181653602418,92.50949908264768,146.0391196560585,194.718826208078
170.33181653602418,92.50949908264768,146.0391196560585,194.718826208078
168.99460555611455,89.83507712282842,146.0391196560585,194.718826208078
169.1194620712005,85.09844554994105,143.11498466606736,190.8199795547565
167.8090260090291,83.78800948776964,143.11498466606736,190.81997955475651
166.49858994685772,79.85670130125544,143.11498466606736,190.81997955475651
165.18815388468633,75.92539311474124,143.11498466606736,190.81997955475651
163.87771782251494,74.61495705256985,143.11498466606736,190.81997955475651
162.56728176034355,73.30452099039846,143.11498466606736,190.81997955475651
161.25684569817216,73.30452099039846,143.11498466606736,190.81997955475651
159.94640963600077,73.30452099039846,143.11498466606736,190.81997955475651
157.32553751165796,74.61495705256985,143.11498466606736,190.81997955475651
156.01510144948656,74.61495705256985,143.11498466606736,190.81997955475651
154.70466538731517,74.61495705256985,143.11498466606736,190.81997955475651
153.39422932514378,74.61495705256985,143.11498466606736,190.81997955475651
153.51658584361684,76.52534716009578,140.24939950477847,186.99919933970466
153.51658584361684,77.80954441755125,140.24939950477847,186.99919933970466
154.8007831010723,80.3779389324622,140.24939950477847,186.99919933970466
158.77328145262317,82.2500773813154,137.44119183149868,183.25492244199825
166.32418443978673,83.50856121250933,137.44119183149868,183.25492244199825
168.8411521021746,83.50856121250933,137.44119183149868,183.25492244199825
173.8750874269503,82.2500773813154,137.44119183149868,183.25492244199825
176.39205508933816,82.2500773813154,137.44119183149868,183.25492244199825
180.16750658291994,80.99159355012148,137.44119183149868,183.25492244199825
181.42599041411387,80.99159355012148,137.44119183149868,183.25492244199825
182.6844742453078,79.73310971892755,137.44119183149868,183.25492244199825
182.6844742453078,79.73310971892755,137.44119183149868,183.25492244199825
182.6844742453078,79.73310971892755,137.44119183149868,183.25492244199825
181.42599041411387,78.47462588773362,137.44119183149868,183.25492244199825
180.16750658291994,75.95765822534577,137.44119183149868,183.25492244199825
178.909022751726,73.44069056295791,137.44119183149868,183.25492244199825
177.65053892053209,72.18220673176398,137.44119183149868,183.25492244199825
175.13357125814423,70.92372290057006,137.44119183149868,183.25492244199825
172.61660359575637,70.92372290057006,137.44119183149868,183.25492244199825
171.35811976456245,70.92372290057006,137.44119183149868,183.25492244199825
168.8411521021746,70.92372290057006,137.44119183149868,183.25492244199825
167.58266827098066,72.18220673176398,137.44119183149868,183.25492244199825
165.0657006085928,73.44069056295791,137.44119183149868,183.25492244199825
162.54873294620495,74.69917439415184,137.44119183149868,183.25492244199825
161.29024911501102,75.95765822534577,137.44119183149868,183.25492244199825
163.80721677739888,75.95765822534577,137.44119183149868,183.25492244199825
166.32418443978673,75.95765822534577,137.44119183149868,183.25492244199825
171.35811976456245,74.69917439415184,137.44119183149868,183.25492244199825
176.39205508933816,73.44069056295791,137.44119183149868,183.25492244199825
182.68447424530785,72.18220673176398,137.44119183149868,183.25492244199825
187.71840957008357,70.92372290057006,137.44119183149868,183.25492244199825
194.0108287260532,69.66523906937613,137.44119183149868,183.25492244199825
197.786280219635,68.4067552381822,137.44119183149868,183.25492244199825
201.56173171321677,68.4067552381822,137.44119183149868,183.25492244199825
203.83873061285567,66.40881844625831,140.43809701938451,187.25079602584603
205.1246556839888,66.40881844625831,140.43809701938451,187.25079602584603
206.41058075512194,66.40881844625831,140.43809701938451,187.25079602584603
206.41058075512194,67.69474351739142,140.43809701938451,187.25079602584603
203.83873061285573,67.69474351739142,140.43809701938451,187.25079602584603
199.98095539945638,66.40881844625831,140.43809701938451,187.25079602584603
196.12318018605703,63.836968303992066,140.43809701938451,187.25079602584603
189.69355483039146,62.55104323285896,140.43809701938451,187.25079602584603
183.2639294747259,61.26511816172585,140.43809701938451,187.25079602584603
178.1202291901934,59.979193090592744,140.43809701938451,187.25079602584603
174.26245397679406,58.69326801945964,140.43809701938451,187.25079602584603
170.4046787633947,58.69326801945964,140.43809701938451,187.25079602584603
167.8328286211285,59.979193090592744,140.43809701938451,187.25079602584603
166.54690354999536,63.836968303992094,140.43809701938451,187.25079602584603
163.97505340772915,66.40881844625834,140.43809701938451,187.25079602584603
162.689128336596,67.69474351739144,140.43809701938451,187.25079602584603
161.15800198384218,66.93916678485277,143.5003497248922,191.33379963318959
158.27952475365737,66.16711470166109,146.62937485064347,195.50583313419128
159.62214042053722,68.8523460354208,146.62937485064347,195.50583313419128
160.96475608741707,70.19496170230065,146.62937485064347,195.50583313419128
162.30737175429692,71.5375773691805,146.62937485064347,195.50583313419128
164.99260308805663,72.88019303606035,146.62937485064347,195.50583313419128
171.70568142245588,74.2228087029402,146.62937485064347,195.50583313419128
181.10399109061484,76.9080400366999,146.62937485064347,195.50583313419128
193.1875320925335,78.25065570357975,146.62937485064347,195.50583313419128
203.9284574275723,79.5932713704596,146.62937485064347,195.50583313419128
211.98415142885142,80.93588703733946,146.62937485064347,195.50583313419128
222.72507676389023,82.2785027042193,146.62937485064347,195.50583313419128
230.78077076516934,82.2785027042193,146.62937485064347,195.50583313419128
236.15123343268874,82.2785027042193,146.62937485064347,195.50583313419128
245.5495431008477,80.93588703733946,146.62937485064347,195.50583313419128
248.2347744346074,79.5932713704596,146.62937485064347,195.50583313419128
252.26262143524696,76.9080400366999,146.62937485064347,195.50583313419128
254.94785276900666,74.2228087029402,146.62937485064347,195.50583313419128
257.63308410276636,70.19496170230065,146.62937485064347,195.50583313419128
258.9756997696462,66.16711470166109,146.62937485064347,195.50583313419128
258.9756997696462,63.48188336790139,146.62937485064347,195.50583313419128
257.63308410276636,62.13926770102154,146.62937485064347,195.50583313419128
258.9756997696462,62.13926770102154,146.62937485064347,195.50583313419128
258.9756997696462,64.82449903478124,146.62937485064347,195.50583313419128
257.63308410276636,70.19496170230065,146.62937485064347,195.50583313419128
257.63308410276636,75.56542436982005,146.62937485064347,195.50583313419128
256.2904684358865,79.5932713704596,146.62937485064347,195.50583313419128
254.94785276900666,83.62111837109916,146.62937485064347,195.50583313419128
250.9200057683671,87.64896537173871,146.62937485064347,195.50583313419128
248.2347744346074,90.33419670549841,146.62937485064347,195.50583313419128
245.5495431008477,93.01942803925812,146.62937485064347,195.50583313419128
242.864311767088,95.70465937301782,146.62937485064347,195.50583313419128
241.64705725546708,100.34719313629591,143.69342120636588,191.5912282751545
239.13844324706935,104.89676964639837,140.81625403519524,187.75500538026031
237.84905557143094,107.47554499767523,140.81625403519524,187.7550053802603
245.58538162526145,110.05432034895207,140.81625403519524,187.7550053802603
244.29599394962304,112.63309570022892,140.81625403519524,187.7550053802603
258.599649594546,114.51280088494727,137.9966962581177,183.9955950108236
266.1810715256917,115.7763712068049,137.9966962581177,183.9955950108236
278.9347553691083,117.61843913573557,135.23359436472168,180.31145915296224
285.1261049082949,120.09497895141021,135.23359436472168,180.31145915296224
295.03226417099347,122.57151876708485,135.23359436472168,180.31145915296224
303.7001535258547,125.0480585827595,135.23359436472168,180.31145915296224
311.12977297287864,126.28632849059682,135.23359436472168,180.31145915296224
321.1515505394583,129.32978268072537,132.5258179412848,176.70109058837974
328.43240703694835,134.1836870123854,132.5258179412848,176.70109058837974
338.1402157002684,136.61063917821542,132.5258179412848,176.70109058837974
344.20759611484345,139.03759134404544,132.5258179412848,176.70109058837974
351.4884526123335,141.46454350987545,132.5258179412848,176.70109058837974
358.76930910982355,143.89149567570547,132.5258179412848,176.70109058837974
362.52304064214104,146.87401091393713,129.87225920830986,173.16301227774647
370.8472915678944,152.81990443233238,129.87225920830986,173.16301227774647
376.9042197031051,153.36434348931277,127.2718325673207,169.6957767564276
381.56569102238063,161.5219182980449,127.2718325673207,169.6957767564276
392.16281286622575,162.05545607528478,124.7234741567326,166.29796554231012
391.02077914616746,162.05545607528478,124.7234741567326,166.29796554231012
397.97961411651784,162.57831084863784,122.22614141661548,162.96818855548727
400.21794777285885,170.4124786458314,122.22614141661548,162.96818855548727
412.6332804317859,172.04403114879398,119.77881266217167,159.7050835495622
411.53652263271385,173.14078894786599,119.77881266217167,159.7050835495622
419.2138272262181,177.52782014415402,119.77881266217167,159.7050835495622
423.6008584225061,178.62457794322603,119.77881266217167,159.7050835495622
425.79437402065014,179.72133574229804,119.77881266217167,159.7050835495622
427.98788961879416,181.91485134044206,119.77881266217167,159.7050835495622
432.3749208150823,184.10836693858607,119.77881266217167,159.7050835495622
429.0846474178662,184.10836693858607,119.77881266217167,159.7050835495622
430.1814052169382,184.10836693858607,119.77881266217167,159.7050835495622
427.98788961879416,184.10836693858607,119.77881266217167,159.7050835495622
425.8967792197868,184.61049313712573,117.38048666575419,156.50731555433887
424.92233649904495,186.17736274945923,115.03018224725395,153.3735763296719
422.81578281556205,186.17736274945923,115.03018224725395,153.3735763296719
420.70922913207914,186.17736274945923,115.03018224725395,153.3735763296719
419.7542976358788,186.65958215742785,112.72693787268886,150.3025838302518
417.7862995668156,188.16433323200025,110.4698112608303,147.29308168110703
413.7402208198489,188.16433323200025,110.4698112608303,147.29308168110703
410.70566175962387,188.16433323200025,110.4698112608303,147.29308168110703
408.6826223861405,188.16433323200025,110.4698112608303,147.29308168110703
405.742509770736,188.62743505400812,108.25787899770596,144.3438386636079
402.7687115556057,188.62743505400812,108.25787899770596,144.3438386636079
400.87873475991756,190.072530279931,106.09023615882168,141.4536482117622
398.93589877204124,189.10111228599285,106.09023615882168,141.4536482117622
396.0216447902268,189.10111228599285,106.09023615882168,141.4536482117622
394.07880880235047,189.10111228599285,106.09023615882168,141.4536482117622
393.10739080841233,189.10111228599285,106.09023615882168,141.4536482117622
392.1359728144742,189.10111228599285,106.09023615882168,141.4536482117622
390.1931368265979,190.072530279931,106.09023615882168,141.4536482117622
390.1931368265979,190.072530279931,106.09023615882168,141.4536482117622
389.22171883265975,191.04394827386912,106.09023615882168,141.4536482117622
389.22171883265975,192.01536626780725,106.09023615882168,141.4536482117622
388.2503008387216,192.01536626780725,106.09023615882168,141.4536482117622
387.2788828447835,192.01536626780725,106.09023615882168,141.4536482117622
386.30746485084535,192.98678426174538,106.09023615882168,141.4536482117622
386.30746485084535,192.98678426174538,106.09023615882168,141.4536482117622
385.3360468569072,193.95820225568352,106.09023615882168,141.4536482117622
383.3932108690309,193.95820225568352,106.09023615882168,141.4536482117622
381.4503748811546,193.95820225568352,106.09023615882168,141.4536482117622
378.5361208993401,192.98678426174538,106.09023615882168,141.4536482117622
376.5932849114638,192.98678426174538,106.09023615882168,141.4536482117622
373.67903092964934,192.01536626780725,106.09023615882168,141.4536482117622
371.736194941773,192.01536626780725,106.09023615882168,141.4536482117622
368.82194095995857,192.01536626780725,106.09023615882168,141.4536482117622
366.87910497208225,192.01536626780725,106.09023615882168,141.4536482117622
363.9648509902678,192.01536626780725,106.09023615882168,141.4536482117622
361.05059700845334,192.01536626780725,106.09023615882168,141.4536482117622
360.16988113051417,192.460108420452,103.96599593894739,138.62132791859645
357.3139791304017,191.50814108708119,103.96599593894737,138.62132791859645
356.45089778847586,191.94397818679806,101.88428928931583,135.84571905242106
355.5179916559353,191.94397818679806,101.88428928931583,135.84571905242106
354.58508552339475,191.0110720542575,101.88428928931583,135.84571905242106
352.71927325831365,191.0110720542575,101.88428928931583,135.84571905242106
352.8063794893881,191.43818240653698,99.84426456208577,133.125686082781
352.8063794893881,191.43818240653698,99.84426456208577,133.125686082781
351.89215289607625,191.43818240653698,99.84426456208577,133.125686082781
350.9779263027644,191.43818240653698,99.84426456208577,133.125686082781
350.9779263027644,191.43818240653698,99.84426456208577,133.125686082781
350.9779263027644,191.43818240653698,99.84426456208577,133.125686082781
350.0636997094525,191.43818240653698,99.84426456208577,133.125686082781
350.0636997094525,191.43818240653698,99.84426456208577,133.125686082781
350.0636997094525,191.43818240653698,99.84426456208577,133.125686082781
349.14947311614065,191.43818240653698,99.84426456208577,133.125686082781
348.2352465228288,192.35240899984885,99.84426456208577,133.125686082781
347.3210199295169,193.26663559316071,99.84426456208577,133.125686082781
346.40679333620506,194.18086218647258,99.84426456208577,133.125686082781
346.40679333620506,195.09508877978445,99.84426456208577,133.125686082781
346.40679333620506,195.09508877978445,99.84426456208577,133.125686082781
345.4925667428932,195.09508877978445,99.84426456208577,133.125686082781
344.5783401495813,195.09508877978445,99.84426456208577,133.125686082781
343.66411355626946,195.09508877978445,99.84426456208577,133.125686082781
341.8356603696457,194.18086218647258,99.84426456208577,133.125686082781
340.007207183022,193.26663559316071,99.84426456208577,133.125686082781
337.2645274030864,192.35240899984885,99.84426456208577,133.125686082781
332.69339443652706,190.52395581322511,99.84426456208577,133.125686082781
328.1222614699677,187.78127603328952,99.84426456208577,133.125686082781
322.6369019100965,186.86704943997765,99.84426456208577,133.125686082781
317.1515423502253,185.95282284666578,99.84426456208577,133.125686082781
310.75195619704226,185.03859625335392,99.84426456208577,133.125686082781
305.26659663717106,184.12436966004205,99.84426456208577,133.125686082781
297.03855729736426,185.03859625335392,99.84426456208577,133.125686082781
293.3816509241168,185.03859625335392,99.84426456208577,133.125686082781
287.8962913642456,185.95282284666578,99.84426456208577,133.125686082781
284.23938499099813,185.95282284666578,99.84426456208577,133.125686082781
279.6682520244388,185.95282284666578,99.84426456208577,133.125686082781
276.01134565119133,185.95282284666578,99.84426456208577,133.125686082781
272.35443927794387,185.95282284666578,99.84426456208577,133.125686082781
269.61175949800827,185.95282284666578,99.84426456208577,133.125686082781
266.86907971807267,185.03859625335392,99.84426456208577,133.125686082781
265.04062653144894,185.03859625335392,99.84426456208577,133.125686082781
264.12639993813707,185.03859625335392,99.84426456208577,133.125686082781
262.29794675151334,185.03859625335392,99.84426456208577,133.125686082781
262.29794675151334,185.03859625335392,99.84426456208577,133.125686082781
262.29794675151334,184.12436966004205,99.84426456208577,133.125686082781
264.12639993813707,184.12436966004205,99.84426456208577,133.125686082781
263.2121733448252,183.21014306673018,99.84426456208577,133.125686082781
262.29794675151334,180.46746328679458,99.84426456208577,133.125686082781
260.2951680638133,175.3591541210296,102.02136875086205,136.028491667816
259.18288009100706,171.07361957808416,104.2459446964746,138.99459292863273
258.2283493995904,162.48284335533424,104.2459446964746,138.99459292863273
257.27381870817374,161.52831266391757,104.2459446964746,138.99459292863273
256.31928801675707,159.61925128108425,104.2459446964746,138.99459292863273
254.41022663392374,157.71018989825092,104.2459446964746,138.99459292863273
252.5011652510904,155.8011285154176,104.2459446964746,138.99459292863273
249.63757317684042,154.84659782400092,104.2459446964746,138.99459292863273
244.8649197197571,152.9375364411676,104.2459446964746,138.99459292863273
241.04679695409044,150.0739443669176,104.2459446964746,138.99459292863273
237.22867418842378,147.21035229266766,104.2459446964746,138.99459292863273
232.45602073134052,143.392229527001,104.2459446964746,138.99459292863273
228.63789796567386,141.48316814416768,104.2459446964746,138.99459292863273
225.77430589142386,139.57410676133435,104.2459446964746,138.99459292863273
221.9561831257572,137.66504537850102,104.2459446964746,138.99459292863273
219.0925910515072,136.71051468708436,104.2459446964746,138.99459292863273
217.18352966867388,137.66504537850102,104.2459446964746,138.99459292863273
214.3199375944239,138.61957606991768,104.2459446964746,138.99459292863273
211.4563455201739,140.528637452751,104.2459446964746,138.99459292863273
208.5927534459239,141.48316814416768,104.2459446964746,138.99459292863273
204.59261995962058,140.92231028617994,106.51902752058122,142.02537002744157
201.48060779579146,139.37387868945575,108.84167491566748,145.12223322088994
198.49077295335138,139.37387868945575,108.84167491566748,145.12223322088994
196.49754972505804,138.37726707530908,108.84167491566748,145.12223322088994
194.50432649676463,136.3840438470157,108.84167491566748,145.12223322088994
191.32445690770322,133.80523708517828,111.21496763720361,148.28662351627145
188.26942871652375,130.75020889399883,111.21496763720361,148.28662351627145
185.21440052534433,127.69518070281939,111.21496763720361,148.28662351627145
182.15937233416486,124.64015251163994,111.21496763720361,148.28662351627145
179.10434414298544,121.5851243204605,111.21496763720361,148.28662351627145
175.85513749753454,118.95008667718119,113.64001000653283,151.52001334204374
173.57562959480893,116.25759203809018,116.11793042472529,154.823907232967
172.51239275871995,114.13111836591226,116.11793042472529,154.823907232967
175.70210326698685,112.00464469373433,116.11793042472529,154.823907232967
181.01828744743167,109.87817102155641,116.11793042472529,154.823907232967
184.00525905533195,107.12696653686001,118.64988189763642,158.19984253018185
194.86946620833078,104.95412510626025,118.64988189763642,158.19984253018185
203.56083193072982,104.95412510626025,118.64988189763642,158.19984253018185
212.04503803103975,103.22935132307494,121.23704257241438,161.64939009655248
225.3663594590037,102.11924120407794,121.23704257241438,161.64939009655248
230.70523331633996,99.24674860955328,123.88061628570587,165.1741550476078
243.18271008789895,95.84380039912811,123.88061628570587,165.1741550476078
252.25723864903273,93.57516825884467,123.88061628570587,165.1741550476078
252.25723864903273,90.1722200484195,123.88061628570587,165.1741550476078
254.52587078931617,89.03790397827778,123.88061628570587,165.1741550476078
254.52587078931617,86.76927183799434,123.88061628570587,165.1741550476078
252.04094630011951,83.83414454244607,126.5818331238157,168.7757774984209
249.7228466360172,81.51604487834373,126.5818331238157,168.7757774984209
247.4047469719149,80.35699504629258,126.5818331238157,168.7757774984209
243.70658887218022,77.3578673000649,129.34194999508048,172.45593332677396
240.15362013126312,74.98922147278682,129.34194999508048,172.45593332677396
236.60065139034603,73.80489855914777,129.34194999508048,172.45593332677396
230.45320912596853,70.74037483241356,132.1622512147232,176.21633495296427
222.9615748082453,67.60902916581794,135.04404910246024,180.05873213661366
216.54311973596043,64.40940450696219,137.9886845931394,183.98491279085252
211.24820721366422,63.667005958099764,140.9975278606928,187.99670381425705
205.83783912381935,61.61737189476483,144.07197895569522,192.09597194092692
213.50148600937362,60.842244365838695,147.21346845682416,196.28462460909884
224.28519749022425,67.58206404137036,147.21346845682416,196.28462460909884
218.8933417497989,67.58206404137036,147.21346845682416,196.28462460909884
232.37298110086223,70.27799191158303,147.21346845682416,196.28462460909884
241.80872864660657,74.32188371690202,147.21346845682416,196.28462460909884
236.41687290618123,77.01781158711469,147.21346845682416,196.28462460909884
247.20058438703185,78.36577552222101,147.21346845682416,196.28462460909884
239.11280077639387,81.06170339243369,147.21346845682416,196.28462460909884
248.5485483221382,82.40966732754,147.21346845682416,196.28462460909884
239.11280077639387,82.40966732754,147.21346845682416,196.28462460909884
225.63316142533054,79.71373945732734,147.21346845682416,196.28462460909884
218.8933417497989,78.36577552222101,147.21346845682416,196.28462460909884
246.94355348228768,73.52985453220765,150.4234581365252,200.56461084870023
245.56619719357636,73.52985453220765,150.4234581365252,200.56461084870023
250.8129868847995,71.3431988624297,153.70344164119214,204.93792218825612
249.40559734221284,71.3431988624297,153.70344164119214,204.93792218825612
250.8129868847995,71.3431988624297,153.70344164119214,204.93792218825612
250.54462465489308,69.10886316577223,157.05494518617832,209.40659358157106
247.66846931176752,69.10886316577223,157.05494518617832,209.40659358157106
244.79231396864196,69.10886316577223,157.05494518617832,209.40659358157106
239.04000328239084,69.10886316577223,157.05494518617832,209.40659358157106
233.28769259613972,69.10886316577223,157.05494518617832,209.40659358157106
244.79231396864196,70.54694083733501,157.05494518617832,209.40659358157106
237.60192561082806,71.9850185088978,157.05494518617832,209.40659358157106
247.66846931176752,74.86117385202336,157.05494518617832,209.40659358157106
250.54462465489308,77.73732919514892,157.05494518617832,209.40659358157106
260.61116835583255,87.80387289608835,157.05494518617832,209.40659358157106
256.0227214728147,85.52081750956528,160.47952826596293,213.9727043546172
267.7782011143443,98.74573210628613,160.47952826596293,213.9727043546172
281.00311571106516,100.21516706147735,160.47952826596293,213.9727043546172
286.88085553183,110.50121174781579,160.47952826596293,213.9727043546172
292.7585953525948,113.4400816581982,160.47952826596293,213.9727043546172
304.5140749941244,126.66499625491905,160.47952826596293,213.9727043546172
322.1472944564189,126.66499625491905,160.47952826596293,213.9727043546172
338.03088586179365,131.67933362164888,163.97878437980225,218.63837917306964
352.7593429933735,129.29562869271447,167.55434177320384,223.40578903093842
369.6357153438898,146.17200104323075,167.55434177320384,223.40578903093842
384.97787202617735,144.63778537500198,167.55434177320384,223.40578903093842
386.5120876944061,143.10356970677321,167.55434177320384,223.40578903093842
391.25798570779875,146.87440761091548,164.1994084193336,218.93254455911142
397.271970244274,154.39188828150952,164.1994084193336,218.93254455911142
406.4333297489285,156.5837267269234,160.9116507512128,214.54886766828366
406.4333297489285,162.47729351058152,160.9116507512128,214.54886766828366
410.8535048366721,163.95068520649605,160.9116507512128,214.54886766828366
413.80028822850113,171.3176436860687,160.9116507512128,214.54886766828366
416.7470716203302,172.79103538198322,160.9116507512128,214.54886766828366
419.8314268353586,182.30594522037447,157.6897237129849,210.25296495064646
422.7192069105129,188.08150537068306,157.6897237129849,210.25296495064646
422.7192069105129,193.85706552099165,157.6897237129849,210.25296495064646
421.2753168729358,201.0765157088774,157.6897237129849,210.25296495064646
418.3875367977815,203.9642957840317,157.6897237129849,210.25296495064646
415.4997567226272,216.95930612222597,157.6897237129849,210.25296495064646
411.16808660989574,218.40319615980312,157.6897237129849,210.25296495064646
405.39252645958715,229.95431646042024,157.6897237129849,210.25296495064646
399.61696630927855,232.84209653557454,157.6897237129849,210.25296495064646
392.3975161213928,242.94932679861452,157.6897237129849,210.25296495064646
386.6219559710842,245.83710687376882,157.6897237129849,210.25296495064646
380.8463958207756,258.8321172119631,157.6897237129849,210.25296495064646
373.6269456328899,263.16378732469457,157.6897237129849,210.25296495064646
364.96360540742705,273.2710175877345,157.6897237129849,210.25296495064646
359.18804525711846,280.49046777562023,157.6897237129849,210.25296495064646
351.9685950692327,286.2660279259288,157.6897237129849,210.25296495064646
347.7717421850222,295.5904211352787,154.5323091807887,206.0430789077182
343.6589227049809,300.48317515281377,151.43811542350028,201.91748723133364
340.8856286561253,310.1897043238083,151.43811542350028,201.9174872313336
339.6284540318838,313.59784391438814,148.40587657427216,197.87450209902946
339.75533401178905,319.6555069748448,145.43435211265415,193.91246948353879
339.8796734793326,322.9285308888003,142.5223263570835,190.02976847611126
342.61154204512786,327.44102855720865,139.66860796753696,186.22481062338252
345.2887105245345,328.02653500543056,136.87202945814104,182.49603927752133
347.91227417502154,329.85359016449684,134.13144671954163,178.84192895938878
354.1678405169377,331.64406227696674,131.44573855083675,175.26098473444893
357.890979307944,332.195097535589,128.81380620088174,171.7517416011756
368.6164915595111,332.7350994390099,126.23457291877868,168.31276389170486
368.6164915595111,331.57922930401634,126.23457291877868,168.31276389170486
373.23997209948544,328.1116188990356,126.23457291877868,168.31276389170486
374.395842234479,318.86465781908686,126.23457291877868,168.31276389170486
377.86345263945975,310.7735668741317,126.23457291877868,168.31276389170486
380.17519290944693,302.6824759291766,126.23457291877868,168.31276389170486
382.4869331794341,295.747255119215,126.23457291877868,168.31276389170486
384.7986734494213,287.65616417425986,126.23457291877868,168.31276389170486
384.9065980171339,283.5618731029001,123.70698351336641,164.9426446844885
386.14508781305165,280.6822880421239,121.23000392153082,161.6400052287077
388.36517915186755,277.3521510339001,121.23000392153082,161.6400052287077
388.46882505064553,274.53022378051617,118.80262078515895,158.40349438021187
389.65821492494325,272.8526191276133,116.42384103656354,155.23178804875133
389.7577517825947,271.20860508027204,114.09269149220884,152.1235886562784
389.8552956180412,269.59750905524686,111.80821845457099,149.07762460609462
391.9984360312024,270.06622163011957,109.56948732197051,146.09264976262733
392.092112741792,269.5222733460475,107.375582206217,143.16744294162265
393.16710106594564,270.95559111158565,105.22560555790977,140.30080741054635
393.2570639638233,271.3967086359081,103.11867779924107,137.49157039898807
395.2336432242566,271.82899368307926,101.05393696415157,134.73858261886875
398.00955219419166,272.75429667305764,101.05393696415157,134.73858261886875
398.0959485134435,273.17792609538617,99.03053834569121,132.04071779425493
399.0873906110687,273.59307320407476,97.0476541504407,129.39687220058758
400.05898110636275,274.8885271978001,95.10447315985267,126.80596421313689
401.01111748710224,275.28721580148965,93.20020039837371,124.26693386449827
401.9441892821833,274.8245314326845,91.33405680821159,121.77874241094878
402.7804919378777,273.9882287769901,91.33405680821159,121.77874241094878
401.9441892821833,272.3156234656014,91.33405680821159,121.77874241094878
401.9441892821833,268.97041284282386,91.33405680821159,121.77874241094878
401.1078866264889,267.2978075314351,91.33405680821159,121.77874241094878
399.43528131510016,264.788899564352,91.33405680821159,121.77874241094878
397.7626760037114,263.11629425296326,91.33405680821159,121.77874241094878
396.0900706923227,260.6073862858801,91.33405680821159,121.77874241094878
394.41746538093395,259.77108363018573,91.33405680821159,121.77874241094878
391.9085574138508,258.098478318797,91.33405680821159,121.77874241094878
389.3996494467677,257.2621756631026,91.33405680821159,121.77874241094878
386.89074147968455,254.75326769601946,91.33405680821159,121.77874241094878
384.3818335126014,253.91696504032507,91.33405680821159,121.77874241094878
381.0366228898239,252.24435972893633,91.33405680821159,121.77874241094878
378.52771492274076,250.5717544175476,91.33405680821159,121.77874241094878
375.1825042999632,249.7354517618532,91.33405680821159,121.77874241094878
372.6735963328801,248.8991491061588,91.33405680821159,121.77874241094878
370.16468836579696,247.22654379477007,91.33405680821159,121.77874241094878
368.4920830544082,245.55393848338133,91.33405680821159,121.77874241094878
365.9831750873251,243.8813331719926,91.33405680821159,121.77874241094878
364.31056977593636,242.20872786060386,91.33405680821159,121.77874241094878
362.6379644645476,240.53612254921512,91.33405680821159,121.77874241094878
360.9653591531589,239.69981989352073,91.33405680821159,121.77874241094878
360.1290564974645,238.027214582132,91.33405680821159,121.77874241094878
360.9653591531589,237.1909119264376,91.33405680821159,121.77874241094878
360.9653591531589,235.51830661504886,91.33405680821159,121.77874241094878
361.8016618088533,233.84570130366012,91.33405680821159,121.77874241094878
362.6379644645477,233.00939864796572,91.33405680821159,121.77874241094878
363.4742671202421,232.17309599227133,91.33405680821159,121.77874241094878
364.3105697759365,229.6641880251882,91.33405680821159,121.77874241094878
365.9831750873252,227.99158271379946,91.33405680821159,121.77874241094878
365.9831750873252,226.31897740241072,91.33405680821159,121.77874241094878
366.8194777430196,223.8100694353276,91.33405680821159,121.77874241094878
366.8194777430196,222.9737667796332,91.33405680821159,121.77874241094878
367.655780398714,221.30116146824446,91.33405680821159,121.77874241094878
367.655780398714,217.95595084546693,91.33405680821159,121.77874241094878
367.655780398714,216.2833455340782,91.33405680821159,121.77874241094878
366.8194777430196,213.77443756699506,91.33405680821159,121.77874241094878
365.9831750873252,212.10183225560633,91.33405680821159,121.77874241094878
365.1468724316308,210.4292269442176,91.33405680821159,121.77874241094878
364.3105697759364,207.92031897713446,91.33405680821159,121.77874241094878
362.6379644645477,206.24771366574572,91.33405680821159,121.77874241094878
360.96535915315894,204.57510835435698,91.33405680821159,121.77874241094878
359.2927538417702,202.90250304296825,91.33405680821159,121.77874241094878
357.62014853038147,202.06620038727385,91.33405680821159,121.77874241094878
355.94754321899273,200.39359507588512,91.33405680821159,121.77874241094878
354.274937907604,198.72098976449638,91.33405680821159,121.77874241094878
353.4386352519096,197.04838445310764,91.33405680821159,121.77874241094878
351.76602994052087,195.37577914171888,91.33405680821159,121.77874241094878
350.92972728482647,192.86687117463575,91.33405680821159,121.77874241094878
350.0934246291321,191.19426586324698,91.33405680821159,121.77874241094878
349.2571219734377,188.68535789616385,91.33405680821159,121.77874241094878
348.4208193177433,187.0127525847751,91.33405680821159,121.77874241094878
347.5845166620489,186.17644992908072,91.33405680821159,121.77874241094878
345.91191135066015,184.50384461769195,91.33405680821159,121.77874241094878
345.07560869496575,182.8312393063032,91.33405680821159,121.77874241094878
344.23930603927136,181.99493665060882,91.33405680821159,121.77874241094878
342.5667007278826,181.15863399491445,91.33405680821159,121.77874241094878
340.8940954164939,179.4860286835257,91.33405680821159,121.77874241094878
339.22149010510515,178.64972602783132,91.33405680821159,121.77874241094878
337.5488847937164,177.81342337213695,91.33405680821159,121.77874241094878
335.0399768266333,176.97712071644258,91.33405680821159,121.77874241094878
331.69476620385575,176.14081806074822,91.33405680821159,121.77874241094878
328.3495555810782,175.30451540505385,91.33405680821159,121.77874241094878
324.16804230260635,175.30451540505385,91.33405680821159,121.77874241094878
321.6591343355232,175.30451540505385,91.33405680821159,121.77874241094878
318.3139237127457,175.30451540505385,91.33405680821159,121.77874241094878
315.80501574566256,175.30451540505385,91.33405680821159,121.77874241094878
312.45980512288503,175.30451540505385,91.33405680821159,121.77874241094878
306.6837728161285,175.68739800109077,89.50527893061465,119.34037190748622
305.8642154124152,175.68739800109077,89.50527893061465,119.34037190748622
303.40554320127535,174.8678405973775,89.50527893061465,119.34037190748622
300.9468709901355,174.04828319366422,89.50527893061465,119.34037190748622
297.6686413752824,173.22872578995094,89.50527893061465,119.34037190748622
295.20996916414254,171.5896109825244,89.50527893061465,119.34037190748622
291.1121821455761,170.77005357881112,89.50527893061465,119.34037190748622
287.833952530723,169.95049617509784,89.50527893061465,119.34037190748622
279.71490125841785,169.5061549257258,87.71311859353288,116.95082479137719
278.911753817228,169.5061549257258,87.71311859353288,116.95082479137719
276.5023114936583,168.70300748453593,87.71311859353288,116.95082479137719
272.48657428770883,167.89986004334605,87.71311859353288,116.95082479137719
269.27398452294926,167.89986004334605,87.71311859353288,116.95082479137719
266.0613947581897,168.70300748453593,87.71311859353288,116.95082479137719
263.65195243462,170.3093023669157,87.71311859353288,116.95082479137719
259.63621522867055,170.3093023669157,87.71311859353288,116.95082479137719
256.423625463911,171.11244980810557,87.71311859353288,116.95082479137719
253.21103569915138,171.11244980810557,87.71311859353288,116.95082479137719
249.9984459343918,171.11244980810557,87.71311859353288,116.95082479137719
247.58900361082212,171.11244980810557,87.71311859353288,116.95082479137719
245.17956128725243,171.11244980810557,87.71311859353288,116.95082479137719
242.77011896368273,170.3093023669157,87.71311859353288,116.95082479137719
241.16382408130298,169.5061549257258,87.71311859353288,116.95082479137719
238.75438175773328,168.70300748453593,87.71311859353288,116.95082479137719
237.14808687535353,167.89986004334605,87.71311859353288,116.95082479137719
235.54179199297377,167.09671260215617,87.71311859353288,116.95082479137719
233.935497110594,166.2935651609663,87.71311859353288,116.95082479137719
233.13234966940414,165.49041771977642,87.71311859353288,116.95082479137719
231.52605478702438,165.49041771977642,87.71311859353288,116.95082479137719
229.91975990464462,165.49041771977642,87.71311859353288,116.95082479137719
228.31346502226486,164.68727027858654,87.71311859353288,116.95082479137719
226.7071701398851,163.88412283739666,87.71311859353288,116.95082479137719
225.90402269869523,163.08097539620678,87.71311859353288,116.95082479137719
225.10087525750535,162.2778279550169,87.71311859353288,116.95082479137719
225.10087525750535,162.2778279550169,87.71311859353288,116.95082479137719
225.10087525750535,162.2778279550169,87.71311859353288,116.95082479137719
225.90402269869523,161.47468051382702,87.71311859353288,116.95082479137719
227.510317581075,161.47468051382702,87.71311859353288,116.95082479137719
229.91975990464468,161.47468051382702,87.71311859353288,116.95082479137719
236.34493943416382,160.67153307263715,87.71311859353288,116.95082479137719
236.34493943416382,159.86838563144727,87.71311859353288,116.95082479137719
241.96697152249308,159.86838563144727,87.71311859353288,116.95082479137719
241.81382668821698,159.3964767053492,89.62570314446486,119.50093752595316
248.37910725737726,160.21713677649421,89.62570314446486,119.50093752595316
247.40196302884473,159.7349378762625,91.57999160152993,122.10665546870658
250.75618128483015,159.7349378762625,91.57999160152993,122.10665546870658
254.11039954081556,159.7349378762625,91.57999160152993,122.10665546870658
254.94895410481192,159.7349378762625,91.57999160152993,122.10665546870658
255.78750866880827,159.7349378762625,91.57999160152993,122.10665546870658
256.62606323280465,159.7349378762625,91.57999160152993,122.10665546870658
255.78750866880827,159.7349378762625,91.57999160152993,122.10665546870658
256.62606323280465,158.89638331226615,91.57999160152993,122.10665546870658
256.4661669383653,157.5651155010186,93.57689331840129,124.76919109120172
262.4640416622154,156.7082762547543,93.57689331840129,124.76919109120172
259.0366846771582,156.7082762547543,93.57689331840129,124.76919109120172
254.5891056126971,155.34798014888247,95.61733747720903,127.48978330294537
249.1690244607064,153.08250016039304,97.70227352089958,130.26969802786607
240.2228904918099,151.29327336661373,97.70227352089958,130.26969802786607
241.8415316454172,143.61071420563735,99.83267159502279,133.1102287933637
238.18504987738186,139.04011199559324,99.83267159502279,133.1102287933637
234.5285681093465,134.46950978554906,99.83267159502279,133.1102287933637
233.61444766733769,128.07066669148725,99.83267159502279,133.1102287933637
230.87208634131122,126.24242580746959,99.83267159502279,133.1102287933637
228.12972501528475,124.41418492345191,99.83267159502279,133.1102287933637
226.3014841312671,123.50006448144309,99.83267159502279,133.1102287933637
228.12972501528475,122.58594403943427,99.83267159502279,133.1102287933637
229.9579658993024,123.50006448144309,99.83267159502279,133.1102287933637
