118,57,82,98
118.0,55.582677165354326,82.0,98.0
118.0,54.874015748031496,82.0,98.0
118.0,54.16535433070867,82.0,98.0
118.0,53.45669291338584,82.0,98.0
118.0,52.74803149606301,82.0,98.0
118.70866141732284,52.74803149606301,82.0,98.0
119.41732283464569,52.74803149606301,82.0,98.0
120.12598425196853,52.74803149606301,82.0,98.0
120.12598425196853,52.74803149606301,82.0,98.0
121.54330708661419,52.03937007874018,82.0,98.0
122.25196850393704,51.33070866141735,82.0,98.0
122.25196850393704,51.33070866141735,82.0,98.0
122.25196850393704,51.33070866141735,82.0,98.0
121.54330708661419,50.62204724409452,82.0,98.0
121.54330708661419,50.62204724409452,82.0,98.0
120.83464566929135,50.62204724409452,82.0,98.0
120.1259842519685,49.91338582677169,82.0,98.0
119.41732283464566,49.91338582677169,82.0,98.0
118.70866141732282,49.20472440944886,82.0,98.0
117.99999999999997,47.787401574803184,82.0,98.0
117.29133858267713,47.787401574803184,82.0,98.0
116.58267716535428,47.787401574803184,82.0,98.0
115.87401574803144,48.496062992126014,82.0,98.0
115.1653543307086,48.496062992126014,82.0,98.0
113.74803149606294,49.20472440944884,82.0,98.0
113.03937007874009,49.20472440944884,82.0,98.0
112.33070866141725,49.91338582677167,82.0,98.0
111.6220472440944,50.6220472440945,82.0,98.0
110.91338582677156,51.33070866141733,82.0,98.0
110.20472440944872,52.03937007874016,82.0,98.0
109.49606299212587,51.33070866141733,82.0,98.0
108.78740157480303,51.33070866141733,82.0,98.0
108.07874015748018,51.33070866141733,82.0,98.0
107.37007874015734,51.33070866141733,82.0,98.0
106.6614173228345,51.33070866141733,82.0,98.0
105.95275590551165,52.03937007874016,82.0,98.0
105.24409448818881,52.03937007874016,82.0,98.0
104.53543307086596,52.03937007874016,82.0,98.0
104.53543307086596,52.03937007874016,82.0,98.0
104.53543307086596,52.74803149606299,82.0,98.0
104.53543307086596,53.45669291338582,82.0,98.0
103.82677165354312,53.45669291338582,82.0,98.0
103.11811023622028,54.16535433070865,82.0,98.0
101.70078740157462,53.45669291338582,82.0,98.0
100.99212598425177,53.45669291338582,82.0,98.0
100.99212598425177,53.45669291338582,82.0,98.0
100.28346456692893,52.74803149606299,82.0,98.0
99.57480314960608,52.74803149606299,82.0,98.0
98.86614173228324,52.74803149606299,82.0,98.0
98.86614173228324,52.03937007874016,82.0,98.0
100.2834645669289,51.33070866141733,82.0,98.0
100.99212598425174,50.6220472440945,82.0,98.0
102.4094488188974,50.6220472440945,82.0,98.0
102.4094488188974,50.6220472440945,82.0,98.0
102.4094488188974,50.6220472440945,82.0,98.0
103.11811023622025,50.6220472440945,82.0,98.0
103.11811023622025,49.91338582677167,82.0,98.0
103.11811023622025,49.20472440944884,82.0,98.0
103.11811023622025,47.78740157480317,82.0,98.0
103.11811023622025,47.78740157480317,82.0,98.0
104.5354330708659,48.496062992126,82.0,98.0
108.07874015748007,48.496062992126,82.0,98.0
110.91338582677142,47.78740157480317,82.0,98.0
116.58267716535408,47.07874015748034,82.0,98.0
117.29133858267693,45.661417322834666,82.0,98.0
119.41732283464543,44.952755905511836,82.0,98.0
120.83464566929109,43.53543307086616,82.0,98.0
122.25196850393675,42.11811023622049,82.0,98.0
122.9606299212596,41.40944881889766,82.0,98.0
124.37795275590526,41.40944881889766,82.0,98.0
125.79527559055092,42.82677165354333,82.0,98.0
127.21259842519657,44.244094488189006,82.0,98.0
127.92125984251942,44.952755905511836,82.0,98.0
128.62992125984226,46.37007874015751,82.0,98.0
128.62992125984226,47.07874015748034,82.0,98.0
128.62992125984226,47.78740157480317,82.0,98.0
128.62992125984226,49.20472440944884,82.0,98.0
127.92125984251942,49.20472440944884,82.0,98.0
127.21259842519657,49.20472440944884,82.0,98.0
125.79527559055092,49.20472440944884,82.0,98.0
125.08661417322807,49.20472440944884,82.0,98.0
124.37795275590523,49.91338582677167,82.0,98.0
123.66929133858238,49.91338582677167,82.0,98.0
122.96062992125954,49.91338582677167,82.0,98.0
122.96062992125954,49.91338582677167,82.0,98.0
122.2519685039367,49.91338582677167,82.0,98.0
121.54330708661385,49.91338582677167,82.0,98.0
121.54330708661385,49.91338582677167,82.0,98.0
121.54330708661385,50.6220472440945,82.0,98.0
120.834645669291,50.6220472440945,82.0,98.0
120.834645669291,51.33070866141733,82.0,98.0
120.834645669291,51.33070866141733,82.0,98.0
120.834645669291,50.6220472440945,82.0,98.0
120.834645669291,50.6220472440945,82.0,98.0
120.94692548245484,51.6031721293103,80.35811753902664,96.0377502295684
120.94692548245484,51.6031721293103,80.35811753902664,96.0377502295684
120.94692548245484,50.9087002089615,80.35811753902664,96.0377502295684
120.94692548245484,50.9087002089615,80.35811753902664,96.0377502295684
120.94692548245484,51.6031721293103,80.35811753902664,96.0377502295684
120.25245356210604,51.6031721293103,80.35811753902664,96.0377502295684
120.25245356210604,50.9087002089615,80.35811753902664,96.0377502295684
120.25245356210604,50.9087002089615,80.35811753902664,96.0377502295684
120.25245356210604,50.214228288612695,80.35811753902664,96.0377502295684
120.94692548245484,49.51975636826389,80.35811753902664,96.0377502295684
122.33586932315245,49.51975636826389,80.35811753902664,96.0377502295684
124.41928508419886,49.51975636826389,80.35811753902664,96.0377502295684
125.11375700454767,49.51975636826389,80.35811753902664,96.0377502295684
125.11375700454767,49.51975636826389,80.35811753902664,96.0377502295684
125.11375700454767,50.214228288612695,80.35811753902664,96.0377502295684
125.11375700454767,49.51975636826389,80.35811753902664,96.0377502295684
125.11375700454767,50.214228288612695,80.35811753902664,96.0377502295684
125.80822892489647,50.214228288612695,80.35811753902664,96.0377502295684
126.50270084524527,50.214228288612695,80.35811753902664,96.0377502295684
126.50270084524527,50.214228288612695,80.35811753902664,96.0377502295684
126.50270084524527,50.214228288612695,80.35811753902664,96.0377502295684
126.50270084524527,50.214228288612695,80.35811753902664,96.0377502295684
125.80822892489647,50.214228288612695,80.35811753902664,96.0377502295684
125.80822892489647,49.51975636826389,80.35811753902664,96.0377502295684
125.11375700454767,49.51975636826389,80.35811753902664,96.0377502295684
123.72481316385006,49.51975636826389,80.35811753902664,96.0377502295684
123.72481316385006,49.51975636826389,80.35811753902664,96.0377502295684
123.72481316385006,50.214228288612695,80.35811753902664,96.0377502295684
123.72481316385006,50.214228288612695,80.35811753902664,96.0377502295684
123.72481316385006,50.214228288612695,80.35811753902664,96.0377502295684
123.72481316385006,50.214228288612695,80.35811753902664,96.0377502295684
123.72481316385006,50.214228288612695,80.35811753902664,96.0377502295684
123.72481316385006,49.51975636826389,80.35811753902664,96.0377502295684
123.72481316385006,49.51975636826389,80.35811753902664,96.0377502295684
124.41928508419886,49.51975636826389,80.35811753902664,96.0377502295684
124.41928508419886,50.214228288612695,80.35811753902664,96.0377502295684
124.41928508419886,49.51975636826389,80.35811753902664,96.0377502295684
124.41928508419886,49.51975636826389,80.35811753902664,96.0377502295684
124.41928508419886,49.51975636826389,80.35811753902664,96.0377502295684
125.11375700454767,49.51975636826389,80.35811753902664,96.0377502295684
125.80822892489647,49.51975636826389,80.35811753902664,96.0377502295684
126.50270084524527,49.51975636826389,80.35811753902664,96.0377502295684
126.50270084524527,49.51975636826389,80.35811753902664,96.0377502295684
126.50270084524527,48.82528444791509,80.35811753902664,96.0377502295684
126.50270084524527,49.51975636826389,80.35811753902664,96.0377502295684
127.19717276559408,49.51975636826389,80.35811753902664,96.0377502295684
126.50270084524527,48.82528444791509,80.35811753902664,96.0377502295684
126.50270084524527,48.82528444791509,80.35811753902664,96.0377502295684
126.50270084524527,48.82528444791509,80.35811753902664,96.0377502295684
126.50270084524527,48.82528444791509,80.35811753902664,96.0377502295684
126.50270084524527,48.130812527566285,80.35811753902664,96.0377502295684
127.30720440490481,47.70334855085204,78.74911041970756,94.1147905016017
127.30720440490481,49.06448162897259,78.74911041970756,94.1147905016017
127.30720440490481,48.38391508991231,78.74911041970756,94.1147905016017
127.98777094396507,48.38391508991231,78.74911041970756,94.1147905016017
127.30720440490481,49.06448162897259,78.74911041970756,94.1147905016017
127.30720440490481,49.06448162897259,78.74911041970756,94.1147905016017
127.30720440490481,49.06448162897259,78.74911041970756,94.1147905016017
126.73446634639018,49.3261432840755,77.17232038049569,92.23033411327532
126.06752676176905,49.993082868696646,77.17232038049569,92.23033411327532
126.06752676176905,49.993082868696646,77.17232038049569,92.23033411327532
126.06752676176905,49.993082868696646,77.17232038049569,92.23033411327532
126.17319619730252,49.5825656991513,75.6271023401865,90.38361011388142
126.17319619730252,50.23615118125393,75.6271023401865,90.38361011388142
126.17319619730252,50.88973666335656,75.6271023401865,90.38361011388142
126.17319619730252,50.23615118125393,75.6271023401865,90.38361011388142
126.17319619730252,50.88973666335656,75.6271023401865,90.38361011388142
125.51961071519987,50.23615118125393,75.6271023401865,90.38361011388142
126.17319619730252,50.88973666335656,75.6271023401865,90.38361011388142
126.17319619730252,50.23615118125393,75.6271023401865,90.38361011388142
126.17319619730252,51.543322145459186,75.6271023401865,90.38361011388142
125.51961071519987,50.88973666335656,75.6271023401865,90.38361011388142
126.17319619730252,50.88973666335656,75.6271023401865,90.38361011388142
125.51961071519987,51.543322145459186,75.6271023401865,90.38361011388142
126.17319619730252,50.88973666335656,75.6271023401865,90.38361011388142
125.51961071519987,50.88973666335656,75.6271023401865,90.38361011388142
126.17319619730252,50.88973666335656,75.6271023401865,90.38361011388142
126.17319619730252,52.196907627561814,75.6271023401865,90.38361011388142
125.51961071519987,52.85049310966444,75.6271023401865,90.38361011388142
125.51961071519987,52.196907627561814,75.6271023401865,90.38361011388142
126.17319619730252,53.50407859176707,75.6271023401865,90.38361011388142
126.17319619730252,53.50407859176707,75.6271023401865,90.38361011388142
125.51961071519987,53.50407859176707,75.6271023401865,90.38361011388142
126.17319619730252,53.50407859176707,75.6271023401865,90.38361011388142
126.17319619730252,53.50407859176707,75.6271023401865,90.38361011388142
126.17319619730252,53.50407859176707,75.6271023401865,90.38361011388142
125.51961071519987,53.50407859176707,75.6271023401865,90.38361011388142
125.51961071519987,53.50407859176707,75.6271023401865,90.38361011388142
125.51961071519987,53.50407859176707,75.6271023401865,90.38361011388142
125.51961071519987,53.50407859176707,75.6271023401865,90.38361011388142
125.51961071519987,54.1576640738697,75.6271023401865,90.38361011388142
125.51961071519987,54.811249555972324,75.6271023401865,90.38361011388142
125.51961071519987,54.811249555972324,75.6271023401865,90.38361011388142
125.51961071519987,54.811249555972324,75.6271023401865,90.38361011388142
125.51961071519987,54.811249555972324,75.6271023401865,90.38361011388142
126.17319619730252,54.811249555972324,75.6271023401865,90.38361011388142
125.51961071519987,54.811249555972324,75.6271023401865,90.38361011388142
125.51961071519987,54.811249555972324,75.6271023401865,90.38361011388142
125.51961071519987,55.46483503807495,75.6271023401865,90.38361011388142
125.51961071519987,54.811249555972324,75.6271023401865,90.38361011388142
125.51961071519987,54.811249555972324,75.6271023401865,90.38361011388142
125.51961071519987,54.811249555972324,75.6271023401865,90.38361011388142
125.51961071519987,54.1576640738697,75.6271023401865,90.38361011388142
125.51961071519987,54.1576640738697,75.6271023401865,90.38361011388142
125.51961071519987,54.1576640738697,75.6271023401865,90.38361011388142
126.17319619730252,54.1576640738697,75.6271023401865,90.38361011388142
126.17319619730252,54.1576640738697,75.6271023401865,90.38361011388142
126.17319619730252,54.1576640738697,75.6271023401865,90.38361011388142
126.17319619730252,54.1576640738697,75.6271023401865,90.38361011388142
125.51961071519987,54.1576640738697,75.6271023401865,90.38361011388142
124.86602523309723,54.1576640738697,75.6271023401865,90.38361011388142
124.21243975099459,54.1576640738697,75.6271023401865,90.38361011388142
123.55885426889195,54.1576640738697,75.6271023401865,90.38361011388142
122.9052687867893,54.1576640738697,75.6271023401865,90.38361011388142
122.25168330468667,54.1576640738697,75.6271023401865,90.38361011388142
123.55885426889192,54.1576640738697,75.6271023401865,90.38361011388142
124.86602523309718,53.50407859176707,75.6271023401865,90.38361011388142
125.51961071519982,52.85049310966444,75.6271023401865,90.38361011388142
127.48036716150771,52.85049310966444,75.6271023401865,90.38361011388142
128.78753812571296,52.85049310966444,75.6271023401865,90.38361011388142
129.4411236078156,52.85049310966444,75.6271023401865,90.38361011388142
131.40188005412352,52.85049310966444,75.6271023401865,90.38361011388142
131.40188005412352,52.85049310966444,75.6271023401865,90.38361011388142
132.05546553622617,52.85049310966444,75.6271023401865,90.38361011388142
132.05546553622617,53.50407859176707,75.6271023401865,90.38361011388142
132.05546553622617,53.50407859176707,75.6271023401865,90.38361011388142
132.05546553622617,52.85049310966444,75.6271023401865,90.38361011388142
132.05546553622617,52.85049310966444,75.6271023401865,90.38361011388142
132.05546553622617,52.85049310966444,75.6271023401865,90.38361011388142
132.7090510183288,52.85049310966444,75.6271023401865,90.38361011388142
132.7090510183288,52.85049310966444,75.6271023401865,90.38361011388142
132.7090510183288,52.85049310966444,75.6271023401865,90.38361011388142
132.05546553622617,52.196907627561814,75.6271023401865,90.38361011388142
132.7090510183288,52.196907627561814,75.6271023401865,90.38361011388142
132.7090510183288,52.196907627561814,75.6271023401865,90.38361011388142
132.7090510183288,52.196907627561814,75.6271023401865,90.38361011388142
132.05546553622617,51.543322145459186,75.6271023401865,90.38361011388142
132.05546553622617,50.88973666335656,75.6271023401865,90.38361011388142
132.05546553622617,50.88973666335656,75.6271023401865,90.38361011388142
132.05546553622617,50.88973666335656,75.6271023401865,90.38361011388142
131.40188005412352,50.23615118125393,75.6271023401865,90.38361011388142
131.40188005412352,50.23615118125393,75.6271023401865,90.38361011388142
131.40188005412352,50.23615118125393,75.6271023401865,90.38361011388142
130.74829457202088,49.5825656991513,75.6271023401865,90.38361011388142
130.09470908991824,48.928980217048675,75.6271023401865,90.38361011388142
130.09470908991824,48.928980217048675,75.6271023401865,90.38361011388142
130.09470908991824,48.928980217048675,75.6271023401865,90.38361011388142
129.4411236078156,48.928980217048675,75.6271023401865,90.38361011388142
129.4411236078156,48.27539473494605,75.6271023401865,90.38361011388142
128.78753812571296,48.27539473494605,75.6271023401865,90.38361011388142
128.13395264361031,48.27539473494605,75.6271023401865,90.38361011388142
127.48036716150766,47.62180925284342,75.6271023401865,90.38361011388142
127.48036716150766,47.62180925284342,75.6271023401865,90.38361011388142
126.82678167940502,46.96822377074079,75.6271023401865,90.38361011388142
125.51961071519976,46.96822377074079,75.6271023401865,90.38361011388142
125.51961071519976,46.96822377074079,75.6271023401865,90.38361011388142
124.86602523309712,46.96822377074079,75.6271023401865,90.38361011388142
123.55885426889186,46.96822377074079,75.6271023401865,90.38361011388142
125.51961071519976,46.96822377074079,75.6271023401865,90.38361011388142
123.55885426889186,46.314638288638164,75.6271023401865,90.38361011388142
122.90526878678922,46.314638288638164,75.6271023401865,90.38361011388142
122.25168330468658,45.66105280653554,75.6271023401865,90.38361011388142
121.59809782258394,45.66105280653554,75.6271023401865,90.38361011388142
124.21243975099445,45.66105280653554,75.6271023401865,90.38361011388142
122.9052687867892,45.66105280653554,75.6271023401865,90.38361011388142
122.25168330468655,45.66105280653554,75.6271023401865,90.38361011388142
121.59809782258391,45.66105280653554,75.6271023401865,90.38361011388142
121.59809782258391,45.00746732443291,75.6271023401865,90.38361011388142
121.70165144357023,46.56592636876381,74.11282413400856,88.57386298942487
122.98264897997521,47.2064251369663,74.11282413400856,88.57386298942487
122.34215021177272,47.2064251369663,74.11282413400856,88.57386298942487
122.98264897997521,47.2064251369663,74.11282413400856,88.57386298942487
122.98264897997521,47.846923905168794,74.11282413400856,88.57386298942487
122.34215021177272,47.846923905168794,74.11282413400856,88.57386298942487
121.70165144357023,47.2064251369663,74.11282413400856,88.57386298942487
126.18514282098769,47.2064251369663,74.11282413400856,88.57386298942487
123.62314774817773,47.846923905168794,74.11282413400856,88.57386298942487
122.98264897997524,47.846923905168794,74.11282413400856,88.57386298942487
122.34215021177275,47.846923905168794,74.11282413400856,88.57386298942487
124.90414528458271,47.846923905168794,74.11282413400856,88.57386298942487
123.62314774817773,48.487422673371285,74.11282413400856,88.57386298942487
123.62314774817773,49.127921441573775,74.11282413400856,88.57386298942487
124.90414528458271,49.127921441573775,74.11282413400856,88.57386298942487
124.90414528458271,49.127921441573775,74.11282413400856,88.57386298942487
124.90414528458271,49.76842020977627,74.11282413400856,88.57386298942487
125.5446440527852,49.76842020977627,74.11282413400856,88.57386298942487
125.5446440527852,49.127921441573775,74.11282413400856,88.57386298942487
126.18514282098769,49.76842020977627,74.11282413400856,88.57386298942487
126.18514282098769,49.76842020977627,74.11282413400856,88.57386298942487
126.18514282098769,50.40891897797876,74.11282413400856,88.57386298942487
126.18514282098769,50.40891897797876,74.11282413400856,88.57386298942487
126.18514282098769,50.40891897797876,74.11282413400856,88.57386298942487
126.18514282098769,51.04941774618125,74.11282413400856,88.57386298942487
126.18514282098769,50.40891897797876,74.11282413400856,88.57386298942487
126.82564158919018,51.04941774618125,74.11282413400856,88.57386298942487
128.74713789379766,51.04941774618125,74.11282413400856,88.57386298942487
128.74713789379766,51.68991651438374,74.11282413400856,88.57386298942487
127.93912282867663,51.36473874134402,75.72885426425061,90.50521607190929
127.93912282867663,50.710273897500876,75.72885426425061,90.50521607190929
127.93912282867663,51.36473874134402,75.72885426425061,90.50521607190929
127.28465798483347,52.019203585187164,75.72885426425061,90.50521607190929
126.63019314099031,52.67366842903031,75.72885426425061,90.50521607190929
125.97572829714716,52.67366842903031,75.72885426425061,90.50521607190929
124.66679860946087,53.32813327287345,75.72885426425061,90.50521607190929
123.35786892177458,53.32813327287345,75.72885426425061,90.50521607190929
122.0489392340883,53.982598116716595,75.72885426425061,90.50521607190929
120.08554470255885,53.982598116716595,75.72885426425061,90.50521607190929
118.77661501487256,53.982598116716595,75.72885426425061,90.50521607190929
117.46768532718627,53.982598116716595,75.72885426425061,90.50521607190929
117.46768532718627,53.32813327287345,75.72885426425061,90.50521607190929
117.46768532718627,52.67366842903031,75.72885426425061,90.50521607190929
117.46768532718627,52.67366842903031,75.72885426425061,90.50521607190929
117.46768532718627,52.67366842903031,75.72885426425061,90.50521607190929
117.46768532718627,52.67366842903031,75.72885426425061,90.50521607190929
116.81322048334312,52.67366842903031,75.72885426425061,90.50521607190929
116.15875563949996,53.32813327287345,75.72885426425061,90.50521607190929
115.5042907956568,53.32813327287345,75.72885426425061,90.50521607190929
114.19536110797051,53.32813327287345,75.72885426425061,90.50521607190929
112.88643142028423,53.982598116716595,75.72885426425061,90.50521607190929
110.92303688875478,54.63706296055974,75.72885426425061,90.50521607190929
108.95964235722533,54.63706296055974,75.72885426425061,90.50521607190929
107.65071266953905,54.63706296055974,75.72885426425061,90.50521607190929
105.03285329416644,54.63706296055974,75.72885426425061,90.50521607190929
103.72392360648016,55.29152780440288,75.72885426425061,90.50521607190929
101.10606423110755,54.63706296055974,75.72885426425061,90.50521607190929
99.79713454342127,55.29152780440288,75.72885426425061,90.50521607190929
97.83374001189182,55.29152780440288,75.72885426425061,90.50521607190929
95.31957358295708,56.85208366589891,74.21253868368865,88.69303403660352
95.96093410547792,57.49344418841975,74.21253868368865,88.69303403660352
93.86911085743732,57.80918942987735,75.83074308968648,90.62698564377166
95.83514702358052,57.15384404116294,75.83074308968648,90.62698564377166
89.9370385251509,57.15384404116294,75.83074308968648,90.62698564377166
91.07633001475878,54.85509255275292,77.48423244275709,92.6031070657341
86.38888365035154,55.52472774766824,77.48423244275709,92.6031070657341
89.73705962492815,54.85509255275292,77.48423244275709,92.6031070657341
92.24046375529758,55.1847575677994,79.17377613117141,94.62231781530242
95.66164670699982,55.868994158139856,79.17377613117141,94.62231781530241
98.3985930683616,53.13204779677807,79.17377613117141,94.62231781530241
96.16692779341061,52.10042797679673,80.9001603197116,96.68555745526508
96.86608416260343,51.40127160760391,80.9001603197116,96.68555745526508
96.16692779341061,51.40127160760391,80.9001603197116,96.68555745526508
94.06945868583215,50.70211523841109,80.9001603197116,96.68555745526508
91.27283320906086,49.30380250002545,80.9001603197116,96.68555745526508
89.87452047067522,48.60464613083263,80.9001603197116,96.68555745526508
86.8950373652111,46.85137547148378,82.66418831548292,98.79378603557714
84.03743146991883,46.85137547148378,82.66418831548292,98.79378603557714
84.03743146991883,47.56577694530685,82.66418831548292,98.79378603557714
84.7518329437419,48.280178419129925,82.66418831548292,98.79378603557714
84.03743146991883,47.56577694530685,82.66418831548292,98.79378603557714
83.85058663063234,47.20307916687704,84.46668094170202,100.94798454008291
83.12060763267257,46.47310016891726,84.46668094170202,100.94798454008291
83.85058663063236,47.20307916687705,84.46668094170202,100.94798454008291
83.12060763267257,46.47310016891726,84.46668094170202,100.94798454008291
82.92968864166545,46.1024937654288,86.30847691963584,103.14915534297943
82.92968864166545,45.356597575418505,86.30847691963584,103.14915534297941
82.92968864166545,45.356597575418505,86.30847691963584,103.14915534297941
83.67558483167575,46.102493765428804,86.30847691963584,103.14915534297941
85.16737721169635,46.102493765428804,86.30847691963584,103.14915534297941
85.16737721169635,44.610701385408206,86.30847691963584,103.14915534297941
88.15096197173753,44.610701385408206,86.30847691963584,103.14915534297941
89.64275435175813,45.356597575418505,86.30847691963584,103.14915534297941
90.38865054176841,45.356597575418505,86.30847691963584,103.14915534297941
87.40506578172722,44.610701385408206,86.30847691963584,103.14915534297941
87.40506578172722,43.11890900538761,86.30847691963584,103.14915534297941
87.52324504591007,42.6597921681832,84.58032601124955,101.08380425734703
89.71612847427932,43.390753310972954,84.58032601124955,101.08380425734703
91.17805075985882,44.121714453762706,84.58032601124955,101.08380425734703
93.48674715410468,43.67179049317468,82.88677779391686,99.05980760736406
97.18186689883947,44.66352561938156,81.22713941944822,97.07633735495031
101.50498161242781,46.33738546798374,79.60073191252346,95.13258204179633
106.4294612195777,47.97772969307924,78.00688989291595,93.22774645738735
108.45191755442382,48.65188180469461,78.00688989291595,93.22774645738735
111.64636010705848,44.938857852481476,79.70783012703099,95.26057746889069
114.91045747955337,43.90027940662689,81.4458593629509,97.33773436059985
121.9491816418979,42.492534574157986,81.4458593629509,97.33773436059985
126.9878096027615,42.763156784981796,79.81507243603708,95.38874510648334
127.09709766886854,43.71813914818054,78.21693868537795,93.47878038008585
124.39322807728644,43.71813914818054,78.21693868537795,93.47878038008585
133.2879040458044,43.30206514494586,76.65080429783464,91.60705879497311
133.2879040458044,45.289362740530194,76.65080429783464,91.60705879497311
141.3420497694274,46.86891736468934,75.11602855154052,89.77281461037771
138.57559124654676,47.188506601131344,76.75393355410687,91.73031083295699
133.26900087215105,45.86185900753241,76.75393355410687,91.73031083295699
136.4121338923742,45.52509309047556,78.42755307525417,93.73049026066961
139.1232841811289,46.202880662664235,78.42755307525417,93.73049026066961
141.15664689769494,46.88066823485291,78.42755307525417,93.73049026066961
143.29739779726324,45.78568629888096,76.85720156487224,91.85372869948145
145.29004657991308,47.77833508153081,76.85720156487224,91.85372869948145
145.95426284079636,47.77833508153081,76.85720156487224,91.85372869948145
153.751138592218,40.79895345643517,78.53307284499428,93.85659925377365
155.60972975133285,39.7756818830709,80.24548649837938,95.90314240050219
149.36824290058507,40.46918042204288,80.24548649837938,95.90314240050219
140.3527618939494,41.16267896101486,80.24548649837938,95.90314240050219
136.88526919908952,43.24317457793079,80.24548649837938,95.90314240050219
129.0754073928212,43.58458764585326,81.99523933147654,97.99431042054513
118.4461032736073,42.875967371239,81.99523933147654,97.99431042054513
113.48576135130749,43.58458764585326,81.99523933147654,97.99431042054513
106.21422578296773,43.9334452257218,83.78314552509939,100.13107635926511
96.0772214271366,41.03715826691291,83.78314552509939,100.13107635926511
92.45686272862548,37.4167995684018,83.78314552509939,100.13107635926511
91.12344066295074,39.143331418303184,82.10555921823548,98.12615613886679
89.70429329793419,39.85290510081147,82.10555921823548,98.12615613886678
89.10714396723978,40.83529299548915,80.4615631495912,96.16138034951142
88.41177804795197,43.61675667264037,80.4615631495912,96.16138034951142
85.63031437080075,42.92139075335256,80.4615631495912,96.16138034951142
86.43585357395816,43.88410833761386,78.85048474327638,94.23594518098882
81.77372240044005,42.78322155674396,77.27166489035889,92.34906291774597
81.21172972405776,43.039974066327986,75.72445767921631,90.49996161662435
78.04328241229402,42.63715878387232,74.20823013128674,88.68788479104998
77.50356993269041,46.09034877700712,72.7223619421107,86.9120911015469
75.0892177969813,44.44653890716852,71.26624522755814,85.17185405244751
73.33910615854623,44.06743902873159,69.83928427513675,83.4664616946756
73.33910615854623,48.292400531836655,69.83928427513675,83.4664616946756
71.5284083715012,44.6710049577466,69.83928427513675,83.4664616946756
71.5284083715012,48.292400531836655,69.83928427513675,83.4664616946756
72.1319743005162,50.103098318881685,69.83928427513675,83.4664616946756
71.5284083715012,46.481702744791626,69.83928427513675,83.4664616946756
72.1319743005162,50.70666424789669,69.83928427513675,83.4664616946756
71.0204710008997,46.110193566859124,68.44089530027968,81.79521633448056
71.11418479281535,48.70352687350025,67.07050620751329,80.15743424800365
71.78565971836854,50.665296418419324,65.72755635640692,78.55244540155947
73.48975422732089,54.641516939308154,65.72755635640692,78.55244540155947
73.48975422732089,51.233327921403436,65.72755635640692,78.55244540155947
74.057785730305,54.641516939308154,65.72755635640692,78.55244540155947
74.62581723328911,55.20954844229227,65.72755635640692,78.55244540155947
75.19384873627322,55.77757994527638,65.72755635640692,78.55244540155947
73.01172123345155,50.883691027455846,64.41149633220908,76.97959317751814
74.12503689888247,52.55366452560224,64.41149633220908,76.97959317751814
73.01172123345155,48.65705969659401,64.41149633220908,76.97959317751814
72.54325987358712,48.31442356708402,63.1217877210761,75.43823410567629
70.44764280444585,49.06967181991885,61.85790288980148,73.92773760000662
76.41282322223523,50.344386905369475,60.61932476995564,72.44748570067867
76.27580611452383,51.650068514890016,61.94112914656452,74.02720312638196
74.66988093019769,48.43821814623774,61.94112914656452,74.02720312638196
77.34642290407459,50.04414333056388,61.94112914656452,74.02720312638196
78.81234332265569,52.448912117130774,63.291755467605356,75.64136629055272
77.17140093968533,48.07306576254312,63.291755467605356,75.64136629055272
72.8822178348381,48.83034766886337,62.02446737947759,74.12680247791224
77.79140342344134,48.500409309285224,60.7825541460437,72.64256471112539
73.6722649608321,49.752964521837626,59.565507687683294,71.1880457730849
76.8424926033105,49.4361065668362,58.3728300980323,69.76265060496542
72.88665736396806,49.63006344146104,57.204033440284284,68.36579606277876
75.35850440142993,51.60754107143054,57.204033440284284,68.36579606277876
78.32472084638417,51.60754107143054,57.204033440284284,68.36579606277876
82.27967610632315,52.59627988641528,57.204033440284284,68.36579606277876
79.31345966136891,51.60754107143054,57.204033440284284,68.36579606277876
75.8528738089223,53.09064929390767,57.204033440284284,68.36579606277876
72.39228795647568,54.573757516384795,57.204033440284284,68.36579606277876
77.2066844643091,53.82839942481035,58.45136738944968,69.85651224592765
76.19638619946362,52.81810115996486,58.45136738944968,69.85651224592765
74.68093880219539,52.81810115996486,58.45136738944968,69.85651224592765
73.16549140492715,52.31295202754212,58.45136738944968,69.85651224592765
69.62944747796794,53.323250292387605,58.45136738944968,69.85651224592765
74.6809388021954,53.323250292387605,58.45136738944968,69.85651224592765
72.66034227250442,53.323250292387605,58.45136738944968,69.85651224592765
68.11400008069971,54.83869768965584,58.45136738944968,69.85651224592765
73.53852363680917,54.07708706489461,59.72589945537663,71.3797334954501
75.60317927383007,53.04475924638416,59.72589945537663,71.3797334954501
72.50619581829872,53.04475924638416,59.72589945537663,71.3797334954501
74.57085145531961,53.04475924638416,59.72589945537663,71.3797334954501
73.53852363680916,53.56092315563939,59.72589945537663,71.3797334954501
74.05468754606439,53.56092315563939,59.72589945537663,71.3797334954501
73.53852363680916,53.56092315563939,59.72589945537663,71.3797334954501
74.05468754606439,54.07708706489461,59.72589945537663,71.3797334954501
74.13646819035576,53.75937590793985,58.53001034828343,69.95050017233872
74.642296971933,54.77103347109435,58.53001034828343,69.95050017233872
74.642296971933,54.77103347109435,58.53001034828343,69.95050017233872
75.14812575351026,55.78269103424885,58.53001034828343,69.95050017233872
75.65395453508751,56.2885198158261,58.53001034828343,69.95050017233872
76.15978331666476,56.79434859740335,58.53001034828343,69.95050017233872
77.03914622357435,57.04337083242893,59.80625722392775,71.47577082859657
78.45454201682865,58.331539753608325,61.1103326626955,73.03430001151412
76.95383289317378,58.006464121944354,59.88672310924272,71.5719373744608
77.55338752926058,57.68789746562331,58.68761383706914,70.1388555613753
78.1409373087451,57.882900280116125,57.51251427810009,68.73446828358301
78.71672260435298,58.07399856167044,56.360943686884326,67.35820099164222
78.7938957290713,58.26127049058079,55.23243094391599,66.00949064028983
79.82418441951971,59.39945348161664,54.12651436289479,64.68778545809376
80.29195725346061,60.802771983439335,54.12651436289479,64.68778545809376
80.75973008740151,61.270544817380234,54.12651436289479,64.68778545809376
81.6952757552833,62.20609048526203,54.12651436289479,64.68778545809376
82.6308214231651,63.14163615314383,54.12651436289479,64.68778545809376
82.1630485892242,64.54495465496652,54.12651436289479,64.68778545809376
82.04070710032364,65.24301457583235,55.306743008577705,66.0983026200075
83.34961581701256,65.95629569327265,56.51270653987974,67.53957610863677
88.10582898330671,73.52265729555445,57.74496610598182,69.0122765656856
89.60296177076737,76.51692287047572,57.74496610598182,69.0122765656856
90.10200603325424,77.0159671329626,57.74496610598182,69.0122765656856
91.17916277780765,77.70688205055433,56.58874114184873,67.63044673050214
92.23475165935375,78.87301472932751,55.455667220271124,66.27628521447036
91.63014624748475,78.62969718503163,56.664878044009136,67.72143961357189
92.68715536326425,79.30768891633281,55.530279636525556,66.36545615096956
93.72300003113783,80.45200972006378,54.41839924398704,65.03662348671622
93.32721793068791,81.10312247264774,53.328781984560834,63.73439798154832
94.32199654200548,82.20207668397188,52.26098208449348,62.45824688146782
93.94190522090214,82.3757255670723,51.21456269574015,61.20764809978701
95.33985296838193,82.98850461519712,50.18909571724556,59.98209000353737
95.77359779405431,82.98850461519712,50.18909571724556,59.98209000353737
95.84232001710302,83.58901401488818,49.18416161980337,58.781071204155246
96.75978616154134,85.02761938428227,48.19934927442246,57.60410035235854
97.24233290668772,87.27051764901087,47.23425578412973,56.450695937130654
95.67417528246446,84.97821327380677,46.288486319140794,55.32038608872925
98.53780104880722,87.13219184831023,45.361653955331,54.212708385639495
99.38396331708887,86.10684101408769,44.45337951594074,53.1272096653926
101.7498851066241,86.25454737923982,43.5632914164503,52.06344583917232
104.4449173638198,89.41116196655193,42.69102551256077,51.02098171013361
104.4449173638198,87.5664374149241,42.69102551256077,51.02098171013361
105.18280718447093,86.82854759427296,42.69102551256077,51.02098171013361
106.71704219611861,87.33934305166022,41.83622495121882,49.99939079535908
108.2205572863439,88.20146841595893,40.9985400246244,48.998255151380384
108.57487537758803,88.20146841595893,40.9985400246244,48.998255151380384
108.92919346883215,87.84715032471482,40.9985400246244,48.998255151380384
110.3464658338086,87.84715032471482,40.9985400246244,48.998255151380384
110.3464658338086,88.20146841595893,40.9985400246244,48.998255151380384
110.70078392505272,88.91010459844715,40.9985400246244,48.998255151380384
110.70078392505272,90.3273769634236,40.9985400246244,48.998255151380384
112.17419419751644,90.8179219375172,40.177628027161646,48.017165203193194
113.56308857909684,90.123474746727,40.177628027161646,48.0171652031932
113.21586498370175,90.47069834212209,40.177628027161646,48.0171652031932
115.99365374686252,90.81792193751718,40.177628027161646,48.0171652031932
114.5139463711111,89.59996760309917,41.05370120629391,49.06417949044882
115.57833078878917,89.59996760309917,41.05370120629391,49.06417949044882
117.3523048182526,89.2451727972065,41.05370120629391,49.06417949044882
118.41668923593068,89.59996760309917,41.05370120629391,49.06417949044882
118.77148404182336,89.59996760309917,41.05370120629391,49.06417949044882
119.48107365360872,89.59996760309917,41.05370120629391,49.06417949044882
120.45266489977786,87.29107135674113,41.948877161097144,50.13402392423806
121.90278932631855,86.92854025010595,41.948877161097144,50.13402392423806
120.09013379314266,87.6536024633763,41.948877161097144,50.13402392423806
122.26532043295373,86.92854025010595,41.948877161097144,50.13402392423806
123.71544485949443,86.92854025010595,41.948877161097144,50.13402392423806
125.8906314993055,86.2034780368356,41.948877161097144,50.13402392423806
127.3407559258462,87.29107135674114,41.948877161097144,50.13402392423806
128.84831952421715,89.96817369520602,41.10893660416627,49.13019252693043
132.75631330548512,87.83654072360531,41.10893660416627,49.13019252693043
131.5975788002913,89.43253177118115,42.00531696682011,50.201476374980146
134.50172977168657,90.88460725687878,42.00531696682011,50.201476374980146
132.6866354145645,92.33668274257641,42.00531696682011,50.201476374980146
134.50172977168657,92.69970161400084,42.00531696682011,50.201476374980146
132.22867244633375,92.15238001782262,42.92124290328162,51.29611956733659
129.90605110600163,91.96405857215555,43.85714060478768,52.41463145450236
124.87962593484346,86.84433535700836,44.813445555675074,53.55753249336778
124.3910473446727,82.77483852261601,45.79060273601657,54.725354489385666
123.59958311455142,85.94069544310112,45.79060273601657,54.725354489385666
121.9131547230401,87.32271284108378,46.7890668286754,55.918640844026726
125.44664746023582,85.90433775162272,47.809302430874666,57.137946807630726
123.27269395405006,85.69456943316081,48.85178427037988,58.38383973777111
120.62914989556684,85.48022711651484,49.91699742639551,59.65689936325321
124.83025607004735,82.24145800452236,51.005437555278064,60.957718053868945
125.15576893756665,81.1360666582072,52.1176111211709,62.28690109603356
125.03796814774014,79.10574932274149,53.25403563166803,63.645066974432574
125.37783139911707,79.79255704232952,54.41523987861655,65.03284765981007
124.78456924634045,79.08353642071845,55.60176418416979,66.45088890303224
125.61993778106901,79.32010011695078,56.81416065220561,67.89985053556285
125.49152143860468,79.07082204053314,58.052993425226944,69.38040677649079
125.86201127779965,78.31440215565246,59.31883894686402,70.89324654625217
126.24057964793829,78.05413454106035,60.61228623010039,72.4390737871932
126.10357844935119,78.31201604316865,61.93393713134773,74.01860779112295
127.03408241933342,78.04027441157818,63.28440663049677,75.63258353400838
127.43795874426887,77.76260745371088,64.66432311707476,77.28175201796742
127.85064159246956,76.920043152335,66.07432868264257,78.9668806207192
128.27232299017524,77.2011635025358,67.5150794195676,80.68875345265397
131.77320093203875,76.61768384555856,67.5150794195676,80.68875345265397
131.03711777866693,76.32145436801825,68.98724572631127,82.44817172168908
133.42192750225746,76.32145436801825,68.98724572631127,82.44817172168908
134.01812993315514,76.91765679891589,68.98724572631127,82.44817172168908
134.01812993315514,79.30246652250644,68.98724572631127,82.44817172168908
133.42192750225746,79.89866895340407,68.98724572631127,82.44817172168908
134.61433236405276,81.09107381519935,68.98724572631127,82.44817172168908
134.01812993315508,83.4758835387899,68.98724572631127,82.44817172168908
130.88118676303344,82.57699234659418,70.49151261937348,84.24595410608052
130.27198413813005,84.40460022130426,70.49151261937348,84.24595410608052
129.66278151322672,85.62300547111099,70.49151261937348,84.24595410608052
130.88118676303344,88.05981597072444,70.49151261937348,84.24595410608052
130.27198413813005,89.27822122053117,70.49151261937348,84.24595410608052
129.05357888832333,90.49662647033789,70.49151261937348,84.24595410608052
133.31799726264688,92.93343696995133,70.49151261937348,84.24595410608052
136.36401038716366,97.80705796917822,70.49151261937348,84.24595410608052
138.8008208867771,103.28988159330846,70.49151261937348,84.24595410608052
136.97321301206705,101.46227371859838,70.49151261937348,84.24595410608052
136.46053201968246,97.43207927092479,69.08006410452919,82.55910100297392
134.6695182585702,96.23807009684995,69.08006410452919,82.55910100297392
133.47550908449537,92.65604257462547,69.08006410452919,82.55910100297392
133.47550908449537,90.26802422647583,69.08006410452919,82.55910100297392
135.26652284560762,87.28300129128877,69.08006410452919,82.55910100297392
135.26652284560762,86.08899211721396,69.08006410452919,82.55910100297392
136.46053201968246,84.29797835610171,69.08006410452919,82.55910100297392
135.26652284560762,83.1039691820269,69.08006410452919,82.55910100297392
134.6695182585702,82.50696459498948,69.08006410452919,82.55910100297392
133.47550908449537,81.90996000795207,69.08006410452919,82.55910100297392
135.26652284560762,81.90996000795207,69.08006410452919,82.55910100297392
135.86352743264504,81.31295542091465,69.08006410452919,82.55910100297392
134.6695182585702,82.50696459498946,69.08006410452919,82.55910100297392
133.47550908449537,83.70097376906429,69.08006410452919,82.55910100297392
132.28149991042054,83.70097376906429,69.08006410452919,82.55910100297392
134.0725136715328,84.29797835610171,69.08006410452919,82.55910100297392
132.87850449745795,84.89498294313913,69.08006410452919,82.55910100297392
130.9313499244835,83.39787775741678,70.58635490232844,84.35930220034376
130.77180446221863,81.86812819311977,72.12549037097371,86.19875678482225
133.26509969301856,81.86812819311977,72.12549037097371,86.19875678482225
132.01845207761858,81.86812819311977,72.12549037097371,86.19875678482225
131.3951282699186,81.86812819311977,72.12549037097371,86.19875678482225
131.3951282699186,81.86812819311977,72.12549037097371,86.19875678482225
132.64177588531857,81.86812819311977,72.12549037097371,86.19875678482225
132.01845207761858,82.49145200081976,72.12549037097371,86.19875678482225
130.7718044622186,83.11477580851975,72.12549037097371,86.19875678482225
130.1484806545186,83.73809961621974,72.12549037097371,86.19875678482225
128.90183303911863,85.6080710393197,72.12549037097371,86.19875678482225
127.65518542371865,85.6080710393197,72.12549037097371,86.19875678482225
127.75394440644064,87.71769564815082,70.68132479012974,84.47280279795994
127.14310138444029,87.71769564815082,70.68132479012974,84.47280279795994
127.75394440644064,87.10685262615047,70.68132479012974,84.47280279795994
127.85072594231391,89.17423631248796,69.26607567438246,82.78140751328638
127.25211380377979,88.57562417395384,69.26607567438246,82.78140751328638
129.0479502193822,87.97701203541972,69.26607567438246,82.78140751328638
130.24517449645043,87.3783998968856,69.26607567438246,82.78140751328638
130.84378663498455,86.77978775835147,69.26607567438246,82.78140751328638
130.84378663498455,86.18117561981735,69.26607567438246,82.78140751328638
130.24517449645043,86.18117561981735,69.26607567438246,82.78140751328638
130.24517449645043,86.18117561981735,69.26607567438246,82.78140751328638
129.6465623579163,86.77978775835147,69.26607567438246,82.78140751328638
129.6465623579163,86.77978775835147,69.26607567438246,82.78140751328638
130.84378663498455,86.77978775835147,69.26607567438246,82.78140751328638
131.44239877351868,86.77978775835147,69.26607567438246,82.78140751328638
130.84378663498455,86.77978775835147,69.26607567438246,82.78140751328638
130.24517449645043,86.77978775835147,69.26607567438246,82.78140751328638
130.84378663498455,86.77978775835147,69.26607567438246,82.78140751328638
130.84378663498455,86.77978775835147,69.26607567438246,82.78140751328638
131.44239877351868,87.3783998968856,69.26607567438246,82.78140751328638
130.84378663498455,87.97701203541972,69.26607567438246,82.78140751328638
130.84378663498455,87.97701203541972,69.26607567438246,82.78140751328638
130.84378663498455,87.97701203541972,69.26607567438246,82.78140751328638
131.44239877351868,87.97701203541972,69.26607567438246,82.78140751328638
132.0410109120528,87.97701203541972,69.26607567438246,82.78140751328638
133.23823518912104,88.57562417395384,69.26607567438246,82.78140751328638
135.03407160472344,88.57562417395384,69.26607567438246,82.78140751328638
135.63268374325756,87.97701203541972,69.26607567438246,82.78140751328638
135.03407160472344,87.3783998968856,69.26607567438246,82.78140751328638
135.63268374325756,86.77978775835147,69.26607567438246,82.78140751328638
135.63268374325756,86.18117561981735,69.26607567438246,82.78140751328638
135.03407160472344,86.18117561981735,69.26607567438246,82.78140751328638
135.63268374325756,85.58256348128323,69.26607567438246,82.78140751328638
134.43545946618931,84.98395134274911,69.26607567438246,82.78140751328638
133.23823518912107,84.38533920421499,69.26607567438246,82.78140751328638
132.63962305058695,84.38533920421499,69.26607567438246,82.78140751328638
131.4423987735187,84.38533920421499,69.26607567438246,82.78140751328638
129.6465623579163,83.78672706568086,69.26607567438246,82.78140751328638
127.85072594231391,83.18811492714674,69.26607567438246,82.78140751328638
127.25211380377979,83.18811492714674,69.26607567438246,82.78140751328638
126.05488952671155,83.18811492714674,69.26607567438246,82.78140751328638
124.8576652496433,83.78672706568086,69.26607567438246,82.78140751328638
124.8576652496433,84.38533920421499,69.26607567438246,82.78140751328638
124.25905311110918,85.58256348128324,69.26607567438246,82.78140751328638
124.25905311110918,86.7797877583515,69.26607567438246,82.78140751328638
123.66044097257506,87.97701203541975,69.26607567438246,82.78140751328638
123.06182883404094,89.17423631248799,69.26607567438246,82.78140751328638
123.06182883404094,89.77284845102211,69.26607567438246,82.78140751328638
123.66044097257506,89.77284845102211,69.26607567438246,82.78140751328638
123.66044097257506,89.77284845102211,69.26607567438246,82.78140751328638
123.66044097257506,90.37146058955624,69.26607567438246,82.78140751328638
123.66044097257506,91.56868486662448,69.26607567438246,82.78140751328638
124.35389679446666,92.99606128010223,67.87916403059926,81.12387896339914
125.62009373388499,94.98148355077652,66.520022458802,79.49953903612924
127.3447342239826,95.55636371414238,66.520022458802,79.49953903612924
127.3447342239826,96.70612404087413,66.520022458802,79.49953903612924
127.91961438734846,97.28100420423999,66.520022458802,79.49953903612924
129.0693747140802,97.85588436760585,66.520022458802,79.49953903612924
129.0693747140802,97.85588436760585,66.520022458802,79.49953903612924
129.16045832009644,98.65179228711128,65.18809492003784,77.9077231971184
129.16045832009644,99.21516164977726,65.18809492003784,77.9077231971184
129.16045832009644,99.77853101244324,65.18809492003784,77.9077231971184
129.16045832009644,99.21516164977726,65.18809492003784,77.9077231971184
128.59708895743046,99.21516164977726,65.18809492003784,77.9077231971184
128.59708895743046,99.21516164977726,65.18809492003784,77.9077231971184
128.59708895743046,99.21516164977726,65.18809492003784,77.9077231971184
128.59708895743046,99.21516164977726,65.18809492003784,77.9077231971184
128.59708895743046,98.65179228711128,65.18809492003784,77.9077231971184
128.59708895743046,98.0884229244453,65.18809492003784,77.9077231971184
128.59708895743046,98.0884229244453,65.18809492003784,77.9077231971184
128.59708895743046,97.52505356177932,65.18809492003784,77.9077231971184
128.59708895743046,97.52505356177932,65.18809492003784,77.9077231971184
128.59708895743046,97.52505356177932,65.18809492003784,77.9077231971184
128.59708895743046,96.96168419911334,65.18809492003784,77.9077231971184
128.59708895743046,96.39831483644735,65.18809492003784,77.9077231971184
128.59708895743046,96.39831483644735,65.18809492003784,77.9077231971184
129.16045832009644,96.39831483644735,65.18809492003784,77.9077231971184
128.59708895743046,95.83494547378137,65.18809492003784,77.9077231971184
128.59708895743046,95.2715761111154,65.18809492003784,77.9077231971184
129.16045832009644,95.2715761111154,65.18809492003784,77.9077231971184
128.59708895743046,95.2715761111154,65.18809492003784,77.9077231971184
128.59708895743046,94.70820674844941,65.18809492003784,77.9077231971184
129.16045832009644,94.70820674844941,65.18809492003784,77.9077231971184
129.16045832009644,94.14483738578343,65.18809492003784,77.9077231971184
129.16045832009644,93.58146802311745,65.18809492003784,77.9077231971184
129.16045832009644,93.01809866045147,65.18809492003784,77.9077231971184
127.55961007500255,92.67133142470317,63.882836508897874,76.34778021795113
127.09499362969277,93.43568557881356,62.60371323059069,74.81907190973035
129.25913197835925,92.89465099164694,62.60371323059069,74.81907190973035
130.3412011526925,92.89465099164694,62.60371323059069,74.81907190973035
130.8822357398591,95.59982392748002,62.60371323059069,74.81907190973035
146.57223876769103,91.8125818173137,62.60371323059069,74.81907190973035
140.0798237216916,66.92499080764928,62.60371323059069,74.81907190973035
140.16554485858057,66.05093657002072,61.35020178247955,73.32097286198777
141.225947808537,66.05093657002072,61.35020178247955,73.32097286198777
141.7561492835152,66.58113804499894,61.35020178247955,73.32097286198777
140.6957463335588,65.5207350950425,61.35020178247955,73.32097286198777
141.225947808537,65.5207350950425,61.35020178247955,73.32097286198777
141.7561492835152,65.5207350950425,61.35020178247955,73.32097286198777
140.6957463335588,65.5207350950425,61.35020178247955,73.32097286198777
140.16554485858057,65.5207350950425,61.35020178247955,73.32097286198777
140.6957463335588,65.5207350950425,61.35020178247955,73.32097286198777
140.16554485858057,65.5207350950425,61.35020178247955,73.32097286198777
139.63534338360236,64.99053362006428,61.35020178247955,73.32097286198777
139.63534338360236,65.5207350950425,61.35020178247955,73.32097286198777
139.10514190862415,65.5207350950425,61.35020178247955,73.32097286198777
140.16554485858057,65.5207350950425,61.35020178247955,73.32097286198777
141.7561492835152,65.5207350950425,61.35020178247955,73.32097286198777
140.16554485858057,65.5207350950425,61.35020178247955,73.32097286198777
140.6957463335588,65.5207350950425,61.35020178247955,73.32097286198777
138.5749404336459,65.5207350950425,61.35020178247955,73.32097286198777
141.225947808537,66.05093657002071,61.35020178247955,73.32097286198777
140.16554485858057,66.58113804499892,61.35020178247955,73.32097286198777
140.16554485858057,65.52073509504248,61.35020178247955,73.32097286198777
140.16554485858057,66.0509365700207,61.35020178247955,73.32097286198777
140.16554485858057,66.0509365700207,61.35020178247955,73.32097286198777
140.6957463335588,66.0509365700207,61.35020178247955,73.32097286198777
140.6957463335588,66.0509365700207,61.35020178247955,73.32097286198777
140.6957463335588,66.0509365700207,61.35020178247955,73.32097286198777
140.16554485858057,66.0509365700207,61.35020178247955,73.32097286198777
139.63534338360236,66.0509365700207,61.35020178247955,73.32097286198777
139.63534338360236,66.0509365700207,61.35020178247955,73.32097286198777
138.57494043364593,66.0509365700207,61.35020178247955,73.32097286198777
138.57494043364593,66.0509365700207,61.35020178247955,73.32097286198777
138.04473895866772,66.0509365700207,61.35020178247955,73.32097286198777
140.1655448585806,66.0509365700207,61.35020178247955,73.32097286198777
139.18914665488882,65.7245849576472,60.12178933999382,71.85287018682189
142.30665829725453,66.24417023137481,60.121789339993825,71.85287018682189
140.22831720234404,66.24417023137481,60.121789339993825,71.85287018682189
141.78707302352691,66.24417023137481,60.121789339993825,71.85287018682189
141.78707302352691,66.24417023137481,60.121789339993825,71.85287018682189
141.2674877497993,65.7245849576472,60.121789339993825,71.85287018682189
141.78707302352691,65.7245849576472,60.121789339993825,71.85287018682189
140.22831720234404,65.7245849576472,60.121789339993825,71.85287018682189
140.22831720234404,65.20499968391958,60.121789339993825,71.85287018682189
130.87578227524688,96.89970138130441,60.121789339993825,71.85287018682189
129.317026454064,96.89970138130441,60.121789339993825,71.85287018682189
129.18113391951235,96.11632546409258,61.43274495655238,73.41962202124554
128.6502190888911,96.11632546409258,61.43274495655238,73.41962202124554
129.18113391951235,96.11632546409258,61.43274495655238,73.41962202124554
128.51136341762353,95.31586803500596,62.77228596033001,75.0205368794188
129.05385484612648,95.31586803500596,62.77228596033001,75.0205368794188
129.59634627462944,95.31586803500596,62.77228596033001,75.0205368794188
128.36947999844398,93.95546520317514,64.141035655695,76.65635968607452
128.36947999844398,93.40114474907368,64.141035655695,76.65635968607452
128.36947999844398,93.40114474907368,64.141035655695,76.65635968607452
128.36947999844398,93.40114474907368,64.141035655695,76.65635968607452
128.36947999844398,93.40114474907368,64.141035655695,76.65635968607452
128.36947999844398,92.84682429497222,64.141035655695,76.65635968607452
128.36947999844398,92.29250384087076,64.141035655695,76.65635968607452
128.92380045254544,91.73818338676931,64.141035655695,76.65635968607452
129.4781209066469,91.18386293266785,64.141035655695,76.65635968607452
130.03244136074835,91.18386293266785,64.141035655695,76.65635968607452
130.03244136074835,90.62954247856639,64.141035655695,76.65635968607452
129.33314371951215,89.2394760629875,65.53963093816743,78.32785160902938
131.03236595432156,89.2394760629875,65.53963093816743,78.32785160902938
131.03236595432156,89.2394760629875,65.53963093816743,78.32785160902938
131.5987733659247,88.67306865138437,65.53963093816743,78.32785160902938
132.16518077752784,88.10666123978123,65.53963093816743,78.32785160902938
132.16518077752784,87.5402538281781,65.53963093816743,78.32785160902938
132.16518077752784,86.40743900497182,65.53963093816743,78.32785160902938
132.16518077752784,85.27462418176555,65.53963093816743,78.32785160902938
131.5987733659247,85.27462418176555,65.53963093816743,78.32785160902938
132.16518077752784,84.70821677016241,65.53963093816743,78.32785160902938
131.5987733659247,83.57540194695613,65.53963093816743,78.32785160902938
131.03236595432156,83.008994535353,65.53963093816743,78.32785160902938
130.46595854271843,83.008994535353,65.53963093816743,78.32785160902938
130.46595854271843,83.008994535353,65.53963093816743,78.32785160902938
129.75141271641505,81.58861772158241,66.96872259077418,80.03579041336427
129.1726547912019,81.00985979636928,66.96872259077418,80.03579041336427
129.1726547912019,81.00985979636928,66.96872259077418,80.03579041336427
129.1726547912019,81.00985979636928,66.96872259077418,80.03579041336427
129.75141271641505,81.58861772158241,66.96872259077418,80.03579041336427
130.3301706416282,81.00985979636928,66.96872259077418,80.03579041336427
130.3301706416282,82.16737564679556,66.96872259077418,80.03579041336427
129.6000441435823,81.29478544181386,68.428975586866,81.78097082332766
130.1914218853547,81.29478544181386,68.428975586866,81.78097082332766
130.1914218853547,81.29478544181386,68.428975586866,81.78097082332766
128.8539972372465,80.40316840741252,69.92106939953761,83.56420489213032
130.06254270411,81.61171387427606,69.92106939953761,83.56420489213032
129.45826997067823,81.61171387427606,69.92106939953761,83.56420489213032
129.45826997067823,82.2159866077078,69.92106939953761,83.56420489213032
128.85399723724646,82.82025934113958,69.92106939953761,83.56420489213032
128.2497245038147,82.82025934113958,69.92106939953761,83.56420489213032
127.64545177038292,82.82025934113958,69.92106939953761,83.56420489213032
127.64545177038292,82.82025934113958,69.92106939953761,83.56420489213032
127.04117903695115,82.82025934113958,69.92106939953761,83.56420489213032
126.43690630351938,82.82025934113958,69.92106939953761,83.56420489213032
126.43690630351938,83.42453207457132,69.92106939953761,83.56420489213032
125.83263357008761,82.82025934113958,69.92106939953761,83.56420489213032
126.43690630351938,84.02880480800309,69.92106939953761,83.56420489213032
125.83263357008761,84.02880480800309,69.92106939953761,83.56420489213032
126.43690630351938,84.63307754143486,69.92106939953761,83.56420489213032
125.83263357008761,84.02880480800309,69.92106939953761,83.56420489213032
126.43690630351938,84.63307754143486,69.92106939953761,83.56420489213032
125.83263357008761,84.02880480800309,69.92106939953761,83.56420489213032
125.83263357008761,84.63307754143486,69.92106939953761,83.56420489213032
124.46604637752738,83.11774606416665,71.44569831779452,85.38632237980322
123.84859747714314,83.73519496455089,71.44569831779452,85.38632237980322
123.23114857675891,83.73519496455089,71.44569831779452,85.38632237980322
123.84859747714314,83.73519496455089,71.44569831779452,85.38632237980322
123.23114857675891,83.73519496455089,71.44569831779452,85.38632237980322
123.23114857675891,83.73519496455089,71.44569831779452,85.38632237980322
123.23114857675891,83.73519496455089,71.44569831779452,85.38632237980322
123.23114857675891,83.73519496455089,71.44569831779452,85.38632237980322
123.23114857675891,83.73519496455089,71.44569831779452,85.38632237980322
122.61369967637468,83.73519496455089,71.44569831779452,85.38632237980322
121.83476295046492,82.8042705848051,73.00357176961403,87.24817113929483
