118,69,114,162
116.91732283464566,67.91732283464566,114.0,162.0
116.91732283464566,65.75196850393701,114.0,162.0
116.91732283464566,64.66929133858267,114.0,162.0
116.91732283464566,63.58661417322833,114.0,162.0
115.83464566929132,63.58661417322833,114.0,162.0
115.83464566929132,62.503937007873986,114.0,162.0
115.83464566929132,62.503937007873986,114.0,162.0
115.83464566929132,62.503937007873986,114.0,162.0
114.75196850393698,62.503937007873986,114.0,162.0
114.75196850393698,62.503937007873986,114.0,162.0
114.75196850393698,63.58661417322833,114.0,162.0
113.66929133858264,64.66929133858267,114.0,162.0
112.5866141732283,65.75196850393701,114.0,162.0
111.50393700787396,65.75196850393701,114.0,162.0
109.3385826771653,66.83464566929135,114.0,162.0
108.25590551181097,67.91732283464569,114.0,162.0
106.09055118110231,69.00000000000003,114.0,162.0
103.92519685039366,70.08267716535437,114.0,162.0
100.67716535433067,71.16535433070871,114.0,162.0
97.42913385826768,72.24803149606305,114.0,162.0
95.26377952755902,71.16535433070871,114.0,162.0
93.09842519685037,70.08267716535437,114.0,162.0
90.93307086614172,67.91732283464572,114.0,162.0
88.76771653543307,66.83464566929138,114.0,162.0
87.68503937007873,65.75196850393704,114.0,162.0
86.60236220472439,64.6692913385827,114.0,162.0
86.60236220472439,63.586614173228355,114.0,162.0
86.60236220472439,62.503937007874015,114.0,162.0
86.66099357931495,60.877765015943254,111.7173829201102,158.75628099173554
86.66099357931495,59.816766248743704,111.7173829201102,158.75628099173554
86.66099357931495,58.755767481544154,111.7173829201102,158.75628099173554
86.66099357931495,56.633769947145055,111.7173829201102,158.75628099173554
86.66099357931495,55.572771179945505,111.7173829201102,158.75628099173554
86.66099357931495,55.572771179945505,111.7173829201102,158.75628099173554
86.66099357931495,55.572771179945505,111.7173829201102,158.75628099173554
86.66099357931495,55.572771179945505,111.7173829201102,158.75628099173554
87.7219923465145,55.572771179945505,111.7173829201102,158.75628099173554
87.7219923465145,54.511772412745955,111.7173829201102,158.75628099173554
87.56499234642754,54.90292959363265,114.1533804546832,162.21796169876035
88.64912619174589,53.8187957483143,114.1533804546832,162.21796169876035
89.73326003706424,53.8187957483143,114.1533804546832,162.21796169876035
91.90152772770091,53.8187957483143,114.1533804546832,162.21796169876035
94.06979541833758,53.8187957483143,114.1533804546832,162.21796169876035
95.15392926365593,54.90292959363265,114.1533804546832,162.21796169876035
97.3221969542926,53.8187957483143,114.1533804546832,162.21796169876035
100.57459849024761,53.8187957483143,114.1533804546832,162.21796169876035
102.74286618088428,53.8187957483143,114.1533804546832,162.21796169876035
105.9952677168393,53.8187957483143,114.1533804546832,162.21796169876035
107.07940156215764,53.8187957483143,114.1533804546832,162.21796169876035
109.24766925279431,53.8187957483143,114.1533804546832,162.21796169876035
111.41593694343098,53.8187957483143,114.1533804546832,162.21796169876035
113.58420463406765,54.90292959363265,114.1533804546832,162.21796169876035
115.75247232470431,53.8187957483143,114.1533804546832,162.21796169876035
117.92074001534098,58.155331129587665,114.1533804546832,162.21796169876035
120.08900770597765,57.07119728426932,114.1533804546832,162.21796169876035
121.173141551296,58.155331129587665,114.1533804546832,162.21796169876035
122.25727539661435,58.155331129587665,114.1533804546832,162.21796169876035
123.3414092419327,60.32359882022433,114.1533804546832,162.21796169876035
124.42554308725104,61.40773266554268,114.1533804546832,162.21796169876035
125.50967693256939,64.6601342014977,114.1533804546832,162.21796169876035
126.59381077788774,66.82840189213437,114.1533804546832,162.21796169876035
127.67794462320609,67.91253573745271,114.1533804546832,162.21796169876035
128.76207846852444,68.99666958277106,114.1533804546832,162.21796169876035
128.76207846852444,68.99666958277106,114.1533804546832,162.21796169876035
129.84621231384278,68.99666958277106,114.1533804546832,162.21796169876035
129.84621231384278,71.16493727340773,114.1533804546832,162.21796169876035
129.84621231384278,71.16493727340773,114.1533804546832,162.21796169876035
130.93034615916113,72.24907111872608,114.1533804546832,162.21796169876035
130.93034615916113,73.33320496404443,114.1533804546832,162.21796169876035
130.93034615916113,73.33320496404443,114.1533804546832,162.21796169876035
130.93034615916113,73.33320496404443,114.1533804546832,162.21796169876035
132.01448000447948,73.33320496404443,114.1533804546832,162.21796169876035
132.01448000447948,73.33320496404443,114.1533804546832,162.21796169876035
132.01448000447948,72.24907111872608,114.1533804546832,162.21796169876035
132.01448000447948,72.24907111872608,114.1533804546832,162.21796169876035
132.01448000447948,72.24907111872608,114.1533804546832,162.21796169876035
132.01448000447948,72.24907111872608,114.1533804546832,162.21796169876035
132.01448000447948,72.24907111872608,114.1533804546832,162.21796169876035
132.01448000447948,72.24907111872608,114.1533804546832,162.21796169876035
130.93034615916113,72.24907111872608,114.1533804546832,162.21796169876035
129.84621231384278,71.16493727340773,114.1533804546832,162.21796169876035
129.84621231384278,70.08080342808938,114.1533804546832,162.21796169876035
129.84621231384278,68.99666958277103,114.1533804546832,162.21796169876035
129.84621231384278,66.82840189213437,114.1533804546832,162.21796169876035
129.84621231384278,67.91253573745271,114.1533804546832,162.21796169876035
129.84621231384278,67.91253573745271,114.1533804546832,162.21796169876035
130.98905641889988,70.62071120574694,111.867692244569,158.9698784528086
133.1714436858888,74.3370872736448,109.62777027083821,155.78683143750695
132.186673013111,77.9790505039297,107.43269815811495,152.66751843521598
131.16636661742507,77.9790505039297,107.43269815811495,152.66751843521598
131.16636661742507,78.99935689961563,107.43269815811495,152.66751843521598
130.14606022173913,81.03996969098748,107.43269815811495,152.66751843521598
128.1054474303673,81.03996969098748,107.43269815811495,152.66751843521598
127.08514103468136,81.03996969098748,107.43269815811495,152.66751843521598
126.06483463899542,81.03996969098748,107.43269815811495,152.66751843521598
125.04452824330949,82.06027608667341,107.43269815811495,152.66751843521598
123.00391545193764,82.06027608667341,107.43269815811495,152.66751843521598
121.98360905625171,82.06027608667341,107.43269815811495,152.66751843521598
121.98360905625171,82.06027608667341,107.43269815811495,152.66751843521598
120.96330266056577,82.06027608667341,107.43269815811495,152.66751843521598
119.94299626487984,82.06027608667341,107.43269815811495,152.66751843521598
119.94299626487984,82.06027608667341,107.43269815811495,152.66751843521598
118.9226898691939,81.03996969098748,107.43269815811495,152.66751843521598
117.90238347350797,81.03996969098748,107.43269815811495,152.66751843521598
117.90238347350797,81.03996969098748,107.43269815811495,152.66751843521598
117.90238347350797,81.03996969098748,107.43269815811495,152.66751843521598
117.90238347350797,82.06027608667341,107.43269815811495,152.66751843521598
117.90238347350797,82.06027608667341,107.43269815811495,152.66751843521598
117.90238347350797,82.06027608667341,107.43269815811495,152.66751843521598
117.90238347350797,82.06027608667341,107.43269815811495,152.66751843521598
117.90238347350797,82.06027608667341,107.43269815811495,152.66751843521598
117.90238347350797,82.06027608667341,107.43269815811495,152.66751843521598
117.90238347350797,83.08058248235935,107.43269815811495,152.66751843521598
117.90238347350797,83.08058248235935,107.43269815811495,152.66751843521598
117.90238347350797,83.08058248235935,107.43269815811495,152.66751843521598
117.90238347350797,83.08058248235935,107.43269815811495,152.66751843521598
117.90238347350797,83.08058248235935,107.43269815811495,152.66751843521598
117.90238347350797,83.08058248235935,107.43269815811495,152.66751843521598
117.90238347350797,83.08058248235935,107.43269815811495,152.66751843521598
117.90238347350797,83.08058248235935,107.43269815811495,152.66751843521598
116.88207707782203,83.08058248235935,107.43269815811495,152.66751843521598
116.88207707782203,83.08058248235935,107.43269815811495,152.66751843521598
116.88207707782203,83.08058248235935,107.43269815811495,152.66751843521598
116.88207707782203,83.08058248235935,107.43269815811495,152.66751843521598
116.88207707782203,83.08058248235935,107.43269815811495,152.66751843521598
116.88207707782203,83.08058248235935,107.43269815811495,152.66751843521598
116.88207707782203,83.08058248235935,107.43269815811495,152.66751843521598
116.88207707782203,83.08058248235935,107.43269815811495,152.66751843521598
116.88207707782203,83.08058248235935,107.43269815811495,152.66751843521598
116.88207707782203,83.08058248235935,107.43269815811495,152.66751843521598
115.8617706821361,83.08058248235935,107.43269815811495,152.66751843521598
115.8617706821361,83.08058248235935,107.43269815811495,152.66751843521598
115.8617706821361,83.08058248235935,107.43269815811495,152.66751843521598
115.8617706821361,83.08058248235935,107.43269815811495,152.66751843521598
115.8617706821361,83.08058248235935,107.43269815811495,152.66751843521598
115.8617706821361,83.08058248235935,107.43269815811495,152.66751843521598
115.8617706821361,83.08058248235935,107.43269815811495,152.66751843521598
115.8617706821361,82.06027608667341,107.43269815811495,152.66751843521598
115.8617706821361,81.03996969098748,107.43269815811495,152.66751843521598
114.84146428645016,81.03996969098748,107.43269815811495,152.66751843521598
114.84146428645016,80.01966329530154,107.43269815811495,152.66751843521598
113.82115789076423,78.9993568996156,107.43269815811495,152.66751843521598
112.80085149507829,77.97905050392967,107.43269815811495,152.66751843521598
111.78054509939236,76.95874410824374,107.43269815811495,152.66751843521598
111.78054509939236,75.9384377125578,107.43269815811495,152.66751843521598
110.76023870370642,75.9384377125578,107.43269815811495,152.66751843521598
109.73993230802049,75.9384377125578,107.43269815811495,152.66751843521598
108.71962591233455,76.95874410824374,107.43269815811495,152.66751843521598
106.52803452497976,75.29428648850379,109.77526814145264,155.99643367469588
106.52803452497976,75.29428648850379,109.77526814145264,155.99643367469588
105.48548034833591,75.29428648850379,109.77526814145264,155.99643367469588
105.48548034833591,75.29428648850379,109.77526814145264,155.99643367469588
105.48548034833591,75.29428648850379,109.77526814145264,155.99643367469588
104.44292617169206,75.29428648850379,109.77526814145264,155.99643367469588
104.44292617169206,75.29428648850379,109.77526814145264,155.99643367469588
104.44292617169206,75.29428648850379,109.77526814145264,155.99643367469588
104.44292617169206,75.29428648850379,109.77526814145264,155.99643367469588
103.40037199504822,75.29428648850379,109.77526814145264,155.99643367469588
103.40037199504822,74.25173231185994,109.77526814145264,155.99643367469588
103.40037199504822,74.25173231185994,109.77526814145264,155.99643367469588
103.40037199504822,74.25173231185994,109.77526814145264,155.99643367469588
103.40037199504822,74.25173231185994,109.77526814145264,155.99643367469588
103.40037199504822,74.25173231185994,109.77526814145264,155.99643367469588
103.40037199504822,74.25173231185994,109.77526814145264,155.99643367469588
103.40037199504822,74.25173231185994,109.77526814145264,155.99643367469588
103.40037199504822,74.25173231185994,109.77526814145264,155.99643367469588
103.40037199504822,74.25173231185994,109.77526814145264,155.99643367469588
103.40037199504822,73.20917813521609,109.77526814145264,155.99643367469588
103.40037199504822,72.16662395857225,109.77526814145264,155.99643367469588
102.35781781840437,71.1240697819284,109.77526814145264,155.99643367469588
101.31526364176052,70.08151560528455,109.77526814145264,155.99643367469588
100.27270946511668,72.16662395857227,109.77526814145264,155.99643367469588
99.23015528847283,73.20917813521612,109.77526814145264,155.99643367469588
97.1450469351851,75.29428648850384,109.77526814145264,155.99643367469588
96.15895131000775,77.89859559456768,107.57724268523191,152.8729238158559
95.13727215064739,76.87691643520732,107.57724268523191,152.8729238158559
94.11559299128703,77.89859559456768,107.57724268523191,152.8729238158559
93.14924191625386,80.45075873179982,105.42322819785682,149.81195586011233
92.20224004708945,82.95182001668363,103.3123434495976,146.81227753363873
99.07046290730756,86.8765187939511,103.3123434495976,146.81227753363873
96.12693882435696,87.85769348826798,103.3123434495976,146.81227753363873
95.14576413004008,87.85769348826798,103.3123434495976,146.81227753363873
97.10811351867383,88.83886818258486,103.3123434495976,146.81227753363873
95.14576413004008,89.82004287690174,103.3123434495976,146.81227753363873
95.14576413004008,89.82004287690174,103.3123434495976,146.81227753363873
95.14576413004008,89.82004287690174,103.3123434495976,146.81227753363873
94.1645894357232,90.80121757121861,103.3123434495976,146.81227753363873
92.25537464979669,92.27102551962128,101.24372485554942,143.8726616368334
100.90913273162721,93.23255419538023,101.24372485554942,143.8726616368334
98.02454670435037,93.23255419538023,101.24372485554942,143.8726616368334
96.10148935283249,93.23255419538023,101.24372485554942,143.8726616368334
94.23050269216505,93.7114035669083,99.21652612233063,140.99190554225936
94.2815307738199,94.18066495813687,97.22991790185552,138.1688307026368
100.74539290812959,96.02748271079679,97.22991790185552,138.1688307026368
97.97516627913973,96.02748271079679,97.22991790185552,138.1688307026368
96.12834852647981,96.95089158712673,97.22991790185552,138.1688307026368
95.25494599872805,97.41075697777154,95.28308745203921,135.4022821686873
95.30395107234688,97.86141450354671,93.37523830429659,132.691128116632
100.62475308927219,99.63501517585516,93.3752383042966,132.691128116632
98.85115241696374,99.63501517585516,93.3752383042966,132.691128116632
98.01237592795428,100.07664920544161,91.50558993769863,130.03425938515068
99.75046387054766,100.9456931767383,91.50558993769863,130.03425938515068
98.01237592795428,100.9456931767383,91.50558993769863,130.03425938515068
97.19039422438364,102.24752835850745,89.67337745965315,127.43058902161236
102.30025307258187,102.24752835850745,89.67337745965315,127.43058902161236
99.74532364848277,102.24752835850745,89.67337745965315,127.43058902161236
98.04203736575003,102.24752835850745,89.67337745965315,127.43058902161236
99.74532364848277,102.24752835850745,89.67337745965315,127.43058902161236
98.04203736575003,103.95081464124019,89.67337745965315,127.43058902161236
99.74532364848277,104.80245778260655,89.67337745965315,127.43058902161236
97.06437336799615,103.41314578579843,91.6287054551609,130.2092130152286
95.37107251517361,104.7167325120597,89.7940278404228,127.60203956270607
99.63501740675329,108.12788842532345,89.7940278404228,127.60203956270607
97.92943945012141,109.83346638195533,89.7940278404228,127.60203956270607
97.92943945012141,108.98067740363939,89.7940278404228,127.60203956270607
99.63501740675329,108.98067740363939,89.7940278404228,127.60203956270607
97.92943945012141,108.98067740363939,89.7940278404228,127.60203956270607
97.07665047180546,108.12788842532345,89.7940278404228,127.60203956270607
98.78222842843735,108.12788842532345,89.7940278404228,127.60203956270607
97.07665047180546,107.2750994470075,89.7940278404228,127.60203956270607
97.07665047180546,104.7167325120597,89.7940278404228,127.60203956270607
96.22386149348952,103.01115455542782,89.7940278404228,127.60203956270607
95.37107251517358,99.59999864216408,89.7940278404228,127.60203956270607
99.508826996539,93.944872514252,91.75198661748323,130.38440203537087
97.76605891256276,88.71656826232329,91.75198661748323,130.38440203537087
96.89467487057465,86.97380017834705,91.75198661748323,130.38440203537087
102.99436316449146,80.00272784244213,91.75198661748323,130.38440203537087
101.12265308840624,75.09567573129904,93.75263868567745,133.22743392175212
105.57457594352458,70.6437528761807,93.75263868567745,133.22743392175212
104.55243780025398,66.5200870647778,95.79691497221866,136.13245811841594
108.19163542663333,60.15149121861393,95.79691497221866,136.13245811841594
107.14720956114871,57.757507687383054,97.88576670318788,139.100826367688
107.00964757232283,55.31132334525368,100.02016584615089,142.13391988663545
107.00964757232283,55.31132334525368,100.02016584615089,142.13391988663545
107.95955590246827,56.26123167539913,100.02016584615089,142.13391988663545
108.9094642326137,57.21114000554458,100.02016584615089,142.13391988663545
108.9094642326137,58.161048335690026,100.02016584615089,142.13391988663545
107.81899437447603,56.611433274125986,102.2011055624262,145.23315000976353
108.7896154557603,59.52329651797878,102.2011055624262,145.23315000976353
106.7047468210817,57.93989209999734,104.4296006692149,148.39995884572642
105.56620309978558,56.3219615486818,106.70668811180714,151.6358199483575
105.56620309978558,57.33537290490321,106.70668811180713,151.6358199483575
106.579614456007,58.34878426112462,106.70668811180713,151.6358199483575
107.5930258122284,58.34878426112462,106.70668811180713,151.6358199483575
107.5930258122284,59.36219561734603,106.70668811180713,151.6358199483575
108.60643716844982,59.36219561734603,106.70668811180713,151.6358199483575
109.61984852467123,60.37560697356744,106.70668811180713,151.6358199483575
109.61984852467123,61.389018329788854,106.70668811180713,151.6358199483575
110.63325988089264,62.402429686010265,106.70668811180713,151.6358199483575
110.63325988089264,63.415841042231676,106.70668811180713,151.6358199483575
111.64667123711405,63.415841042231676,106.70668811180713,151.6358199483575
111.64667123711405,64.42925239845309,106.70668811180713,151.6358199483575
111.64667123711405,65.4426637546745,106.70668811180713,151.6358199483575
111.64667123711405,66.45607511089591,106.70668811180713,151.6358199483575
111.64667123711405,67.46948646711732,106.70668811180713,151.6358199483575
111.64667123711405,68.48289782333873,106.70668811180713,151.6358199483575
111.64667123711405,69.49630917956014,106.70668811180713,151.6358199483575
111.64667123711405,70.50972053578155,106.70668811180713,151.6358199483575
111.64667123711405,71.52313189200297,106.70668811180713,151.6358199483575
110.48330156997507,70.8833337212374,109.03342744608508,154.94223900233143
110.48330156997507,70.8833337212374,109.03342744608508,154.94223900233143
109.44779277913126,71.91884251208121,109.03342744608508,154.94223900233143
108.25905583640032,71.2650935422021,111.41090133154697,158.32075452377728
108.25905583640032,71.2650935422021,111.41090133154697,158.32075452377728
108.25905583640032,71.2650935422021,111.41090133154697,158.32075452377728
108.25905583640032,71.2650935422021,111.41090133154697,158.32075452377728
108.25905583640032,71.2650935422021,111.41090133154697,158.32075452377728
108.25905583640032,71.2650935422021,111.41090133154697,158.32075452377728
108.25905583640032,71.2650935422021,111.41090133154697,158.32075452377728
108.25905583640032,71.2650935422021,111.41090133154697,158.32075452377728
108.25905583640032,70.20700548217394,111.41090133154697,158.32075452377728
108.25905583640032,70.20700548217394,111.41090133154697,158.32075452377728
108.25905583640032,70.20700548217394,111.41090133154697,158.32075452377728
107.20096777637217,70.20700548217394,111.41090133154697,158.32075452377728
107.20096777637217,69.14891742214579,111.41090133154697,158.32075452377728
107.20096777637217,69.14891742214579,111.41090133154697,158.32075452377728
106.14287971634401,70.20700548217394,111.41090133154697,158.32075452377728
105.08479165631586,70.20700548217394,111.41090133154697,158.32075452377728
104.0267035962877,69.14891742214579,111.41090133154697,158.32075452377728
102.96861553625955,70.20700548217394,111.41090133154697,158.32075452377728
101.9105274762314,70.20700548217394,111.41090133154697,158.32075452377728
101.9105274762314,71.2650935422021,111.41090133154697,158.32075452377728
100.85243941620324,71.2650935422021,111.41090133154697,158.32075452377728
100.85243941620324,71.2650935422021,111.41090133154697,158.32075452377728
99.79435135617508,72.32318160223025,111.41090133154697,158.32075452377728
99.79435135617508,72.32318160223025,111.41090133154697,158.32075452377728
98.73626329614693,72.32318160223025,111.41090133154697,158.32075452377728
97.67817523611878,72.32318160223025,111.41090133154697,158.32075452377728
97.67817523611878,71.2650935422021,111.41090133154697,158.32075452377728
96.62008717609062,70.20700548217394,111.41090133154697,158.32075452377728
95.56199911606247,70.20700548217394,111.41090133154697,158.32075452377728
95.56199911606247,71.2650935422021,111.41090133154697,158.32075452377728
95.56199911606247,71.2650935422021,111.41090133154697,158.32075452377728
95.56199911606247,71.2650935422021,111.41090133154697,158.32075452377728
95.56199911606247,71.2650935422021,111.41090133154697,158.32075452377728
95.56199911606247,71.2650935422021,111.41090133154697,158.32075452377728
95.56199911606247,71.2650935422021,111.41090133154697,158.32075452377728
95.56199911606247,70.20700548217394,111.41090133154697,158.32075452377728
95.56199911606247,71.2650935422021,111.41090133154697,158.32075452377728
94.50391105603431,72.32318160223025,111.41090133154697,158.32075452377728
94.50391105603431,72.32318160223025,111.41090133154697,158.32075452377728
94.50391105603431,72.32318160223025,111.41090133154697,158.32075452377728
94.50391105603431,72.32318160223025,111.41090133154697,158.32075452377728
93.44582299600616,71.2650935422021,111.41090133154697,158.32075452377728
93.44582299600616,73.3812696622584,111.41090133154697,158.32075452377728
93.44582299600616,72.32318160223025,111.41090133154697,158.32075452377728
93.50312277047496,71.79203029961698,109.18012566255305,155.1507048888912
93.50312277047496,75.93963833348934,109.18012566255305,155.1507048888912
93.50312277047496,73.86583431655316,109.18012566255305,155.1507048888912
93.50312277047496,72.82893230808506,109.18012566255305,155.1507048888912
94.54002477894306,71.79203029961695,109.18012566255305,155.1507048888912
94.54002477894306,73.86583431655313,109.18012566255305,155.1507048888912
94.54002477894306,72.82893230808503,109.18012566255305,155.1507048888912
94.54002477894306,72.82893230808503,109.18012566255305,155.1507048888912
95.57692678741117,73.86583431655313,109.18012566255305,155.1507048888912
95.57692678741117,72.82893230808503,109.18012566255305,155.1507048888912
96.61382879587927,73.86583431655313,109.18012566255305,155.1507048888912
96.61382879587927,72.82893230808503,109.18012566255305,155.1507048888912
96.61382879587927,72.82893230808503,109.18012566255305,155.1507048888912
97.65073080434738,72.82893230808503,109.18012566255305,155.1507048888912
97.65073080434738,73.86583431655313,109.18012566255305,155.1507048888912
98.68763281281548,73.86583431655313,109.18012566255305,155.1507048888912
98.68763281281548,74.90273632502124,109.18012566255305,155.1507048888912
98.68763281281548,75.93963833348934,109.18012566255305,155.1507048888912
98.68763281281548,76.97654034195745,109.18012566255305,155.1507048888912
97.65073080434738,76.97654034195745,109.18012566255305,155.1507048888912
96.61382879587927,76.97654034195745,109.18012566255305,155.1507048888912
96.61382879587927,76.97654034195745,109.18012566255305,155.1507048888912
95.57692678741117,76.97654034195745,109.18012566255305,155.1507048888912
94.54002477894306,75.93963833348934,109.18012566255305,155.1507048888912
93.50312277047496,75.93963833348934,109.18012566255305,155.1507048888912
93.50312277047496,75.93963833348934,109.18012566255305,155.1507048888912
92.46622076200686,75.93963833348934,109.18012566255305,155.1507048888912
91.42931875353875,75.93963833348934,109.18012566255305,155.1507048888912
91.42931875353875,75.93963833348934,109.18012566255305,155.1507048888912
90.39241674507065,75.93963833348934,109.18012566255305,155.1507048888912
90.39241674507065,74.90273632502124,109.18012566255305,155.1507048888912
90.39241674507065,74.90273632502124,109.18012566255305,155.1507048888912
89.35551473660254,74.90273632502124,109.18012566255305,155.1507048888912
88.31861272813444,75.93963833348934,109.18012566255305,155.1507048888912
87.28171071966634,76.97654034195745,109.18012566255305,155.1507048888912
86.24480871119823,76.97654034195745,109.18012566255305,155.1507048888912
84.17100469426205,78.01344235042555,109.18012566255305,155.1507048888912
82.09720067732587,79.05034435889365,109.18012566255305,155.1507048888912
80.0233966603897,79.05034435889365,109.18012566255305,155.1507048888912
77.94959264345351,79.05034435889365,109.18012566255305,155.1507048888912
75.87578862651733,79.05034435889365,109.18012566255305,155.1507048888912
73.80198460958115,79.05034435889365,109.18012566255305,155.1507048888912
72.76508260111306,78.01344235042555,109.18012566255305,155.1507048888912
72.76508260111306,76.97654034195745,109.18012566255305,155.1507048888912
72.76508260111306,75.93963833348934,109.18012566255305,155.1507048888912
72.76508260111306,75.93963833348934,109.18012566255305,155.1507048888912
72.76508260111306,76.97654034195745,109.18012566255305,155.1507048888912
73.80198460958115,78.01344235042555,109.18012566255305,155.1507048888912
74.83888661804926,78.01344235042555,109.18012566255305,155.1507048888912
75.87578862651736,79.05034435889365,109.18012566255305,155.1507048888912
76.91269063498547,80.08724636736176,109.18012566255305,155.1507048888912
75.87578862651736,80.08724636736176,109.18012566255305,155.1507048888912
75.87578862651736,80.08724636736176,109.18012566255305,155.1507048888912
75.87578862651736,80.08724636736176,109.18012566255305,155.1507048888912
75.87578862651736,80.08724636736176,109.18012566255305,155.1507048888912
75.87578862651736,80.08724636736176,109.18012566255305,155.1507048888912
75.87578862651736,80.08724636736176,109.18012566255305,155.1507048888912
75.87578862651736,80.08724636736176,109.18012566255305,155.1507048888912
75.87578862651736,80.08724636736176,109.18012566255305,155.1507048888912
75.87578862651736,80.08724636736176,109.18012566255305,155.1507048888912
75.87578862651736,80.08724636736176,109.18012566255305,155.1507048888912
75.87578862651736,80.08724636736176,109.18012566255305,155.1507048888912
76.91269063498547,80.08724636736176,109.18012566255305,155.1507048888912
77.94959264345357,80.08724636736176,109.18012566255305,155.1507048888912
78.98649465192167,80.08724636736176,109.18012566255305,155.1507048888912
80.02339666038978,80.08724636736176,109.18012566255305,155.1507048888912
81.06029866885788,80.08724636736176,109.18012566255305,155.1507048888912
82.09720067732599,79.05034435889365,109.18012566255305,155.1507048888912
82.09720067732599,79.05034435889365,109.18012566255305,155.1507048888912
83.13410268579409,79.05034435889365,109.18012566255305,155.1507048888912
84.1710046942622,79.05034435889365,109.18012566255305,155.1507048888912
85.2079067027303,79.05034435889365,109.18012566255305,155.1507048888912
85.2079067027303,79.05034435889365,109.18012566255305,155.1507048888912
86.2448087111984,79.05034435889365,109.18012566255305,155.1507048888912
87.2817107196665,78.01344235042555,109.18012566255305,155.1507048888912
87.2817107196665,76.97654034195745,109.18012566255305,155.1507048888912
88.31861272813461,75.93963833348934,109.18012566255305,155.1507048888912
88.31861272813461,74.90273632502124,109.18012566255305,155.1507048888912
89.35551473660271,73.86583431655313,109.18012566255305,155.1507048888912
89.35551473660271,72.82893230808503,109.18012566255305,155.1507048888912
90.39241674507082,72.82893230808503,109.18012566255305,155.1507048888912
90.39241674507082,72.82893230808503,109.18012566255305,155.1507048888912
91.42931875353892,72.82893230808503,109.18012566255305,155.1507048888912
91.42931875353892,72.82893230808503,109.18012566255305,155.1507048888912
91.42931875353892,72.82893230808503,109.18012566255305,155.1507048888912
91.42931875353892,71.79203029961693,109.18012566255305,155.1507048888912
91.42931875353892,71.79203029961693,109.18012566255305,155.1507048888912
91.42931875353892,70.75512829114882,109.18012566255305,155.1507048888912
91.42931875353892,69.71822628268072,109.18012566255305,155.1507048888912
91.42931875353892,69.71822628268072,109.18012566255305,155.1507048888912
91.42931875353892,69.71822628268072,109.18012566255305,155.1507048888912
91.42931875353892,69.71822628268072,109.18012566255305,155.1507048888912
92.46622076200703,69.71822628268072,109.18012566255305,155.1507048888912
92.46622076200703,69.71822628268072,109.18012566255305,155.1507048888912
92.46622076200703,69.71822628268072,109.18012566255305,155.1507048888912
93.50312277047513,69.71822628268072,109.18012566255305,155.1507048888912
93.50312277047513,69.71822628268072,109.18012566255305,155.1507048888912
92.31278645043915,68.02669572262958,111.56079830262502,158.53376600899347
92.31278645043915,68.02669572262958,111.56079830262502,158.53376600899347
93.37229810720189,66.96718406586685,111.56079830262502,158.53376600899347
93.37229810720189,65.90767240910411,111.56079830262502,158.53376600899347
93.37229810720189,64.84816075234137,111.56079830262502,158.53376600899347
93.37229810720189,64.84816075234137,111.56079830262502,158.53376600899347
93.37229810720189,64.84816075234137,111.56079830262502,158.53376600899347
93.37229810720189,65.90767240910411,111.56079830262502,158.53376600899347
93.37229810720189,65.90767240910411,111.56079830262502,158.53376600899347
93.37229810720189,66.96718406586685,111.56079830262502,158.53376600899347
92.31278645043915,68.02669572262958,111.56079830262502,158.53376600899347
92.31278645043915,68.02669572262958,111.56079830262502,158.53376600899347
92.31278645043915,69.08620737939232,111.56079830262502,158.53376600899347
92.31278645043915,70.14571903615506,111.56079830262502,158.53376600899347
92.31278645043915,71.2052306929178,111.56079830262502,158.53376600899347
92.31278645043915,72.26474234968053,111.56079830262502,158.53376600899347
92.31278645043915,73.32425400644327,111.56079830262502,158.53376600899347
91.25327479367641,75.44327731996874,111.56079830262502,158.53376600899347
91.25327479367641,76.50278897673148,111.56079830262502,158.53376600899347
91.25327479367641,78.62181229025695,111.56079830262502,158.53376600899347
91.25327479367641,79.68132394701969,111.56079830262502,158.53376600899347
90.19376313691367,80.74083560378243,111.56079830262502,158.53376600899347
90.19376313691367,79.68132394701969,111.56079830262502,158.53376600899347
90.19376313691367,80.74083560378243,111.56079830262502,158.53376600899347
90.19376313691367,79.68132394701969,111.56079830262502,158.53376600899347
90.19376313691367,79.68132394701969,111.56079830262502,158.53376600899347
90.19376313691367,79.68132394701969,111.56079830262502,158.53376600899347
90.19376313691367,79.68132394701969,111.56079830262502,158.53376600899347
90.19376313691367,79.68132394701969,111.56079830262502,158.53376600899347
90.19376313691367,79.68132394701969,111.56079830262502,158.53376600899347
90.19376313691367,79.68132394701969,111.56079830262502,158.53376600899347
90.19376313691367,79.68132394701969,111.56079830262502,158.53376600899347
90.19376313691367,79.68132394701969,111.56079830262502,158.53376600899347
90.19376313691367,78.62181229025695,111.56079830262502,158.53376600899347
90.19376313691367,77.56230063349422,111.56079830262502,158.53376600899347
90.19376313691367,76.50278897673148,111.56079830262502,158.53376600899347
90.19376313691367,75.44327731996874,111.56079830262502,158.53376600899347
89.13425148015094,74.383765663206,111.56079830262502,158.53376600899347
88.0747398233882,75.44327731996874,111.56079830262502,158.53376600899347
87.01522816662546,76.50278897673148,111.56079830262502,158.53376600899347
85.95571650986273,77.56230063349422,111.56079830262502,158.53376600899347
84.95358172112546,80.20896966758758,109.32702125304858,155.3594512543322
83.91528462053876,82.28556386876096,109.32702125304858,155.3594512543322
82.87698751995205,82.28556386876096,109.32702125304858,155.3594512543322
81.89491843283871,81.76434746125182,107.13797102492853,152.24869566700374
92.06999165837239,82.78185478380519,107.13797102492853,152.24869566700374
89.01746969071228,83.79936210635856,107.13797102492853,152.24869566700374
86.02004988543845,85.3235966375886,104.99275205504922,149.20022660454367
87.01718370278678,86.32073045493692,104.99275205504922,149.20022660454367
85.0229160680901,86.32073045493692,104.99275205504922,149.20022660454367
87.01718370278678,87.31786427228525,104.99275205504922,149.20022660454367
85.0229160680901,86.32073045493692,104.99275205504922,149.20022660454367
86.02004988543843,88.3149980896336,104.99275205504922,149.20022660454367
85.07691492225705,88.81157912128072,102.8904867120186,146.2127969065528
85.07691492225705,90.76591562119819,102.8904867120186,146.2127969065528
84.09974667229831,90.76591562119819,102.8904867120186,146.2127969065528
82.19832780982135,90.27538538232176,100.8303149372201,143.2851843844707
89.8591474279276,92.1905902868483,100.8303149372201,143.2851843844707
86.98634007113775,92.1905902868483,100.8303149372201,143.2851843844707
85.0711351666112,92.1905902868483,100.8303149372201,143.2851843844707
85.0711351666112,93.14819273911158,100.8303149372201,143.2851843844707
86.02873761887447,94.10579519137485,100.8303149372201,143.2851843844707
85.0711351666112,93.14819273911158,100.8303149372201,143.2851843844707
85.0711351666112,93.14819273911158,100.8303149372201,143.2851843844707
85.0711351666112,93.14819273911158,100.8303149372201,143.2851843844707
85.0711351666112,94.10579519137485,100.8303149372201,143.2851843844707
84.11353271434793,94.10579519137485,100.8303149372201,143.2851843844707
86.98634007113777,95.06339764363813,100.8303149372201,143.2851843844707
85.07113516661123,94.10579519137485,100.8303149372201,143.2851843844707
84.11353271434795,95.06339764363813,100.8303149372201,143.2851843844707
85.07113516661123,95.06339764363813,100.8303149372201,143.2851843844707
84.11353271434795,94.10579519137485,100.8303149372201,143.2851843844707
84.11353271434795,94.10579519137485,100.8303149372201,143.2851843844707
83.15593026208468,94.10579519137485,100.8303149372201,143.2851843844707
87.94394252340108,95.06339764363813,100.8303149372201,143.2851843844707
85.07113516661123,94.10579519137485,100.8303149372201,143.2851843844707
84.11353271434795,93.14819273911158,100.8303149372201,143.2851843844707
85.07113516661123,94.10579519137485,100.8303149372201,143.2851843844707
83.20778833195456,94.582689270564,98.81139389295372,140.41619132156586
87.89993043040778,94.582689270564,98.81139389295373,140.41619132156586
86.0230735910265,93.64426085087337,98.81139389295373,140.41619132156586
86.0230735910265,94.582689270564,98.81139389295373,140.41619132156586
86.0230735910265,93.64426085087337,98.81139389295373,140.41619132156586
85.08464517133586,94.582689270564,98.81139389295373,140.41619132156586
86.82263920848987,93.99023016437127,100.96597633678958,143.4779663733326
84.9048575057259,93.99023016437127,100.96597633678957,143.4779663733326
85.8637483571079,95.90801186713526,100.96597633678957,143.4779663733326
83.0390036448874,95.42665672854505,98.9443389501746,140.60511324498503
87.73745875113448,96.36634774979447,98.9443389501746,140.60511324498503
85.85807670863565,96.36634774979447,98.9443389501746,140.60511324498503
83.97869466613682,95.42665672854505,98.9443389501746,140.60511324498503
85.71902707448078,93.89370948139161,101.10182026098316,143.67100773929192
83.79866510654526,92.93352849742386,101.10182026098316,143.67100773929192
83.79866510654526,92.93352849742386,101.10182026098316,143.67100773929192
83.79866510654526,92.93352849742386,101.10182026098316,143.67100773929192
83.79866510654526,92.93352849742386,101.10182026098316,143.67100773929192
82.83848412257751,91.97334751345612,101.10182026098316,143.67100773929192
85.71902707448078,92.93352849742386,101.10182026098316,143.67100773929192
83.79866510654526,92.93352849742386,101.10182026098316,143.67100773929192
83.79866510654526,92.93352849742386,101.10182026098316,143.67100773929192
83.79866510654526,93.89370948139161,101.10182026098316,143.67100773929192
83.79866510654526,93.89370948139161,101.10182026098316,143.67100773929192
84.758846090513,93.89370948139161,101.10182026098316,143.67100773929192
83.79866510654526,93.89370948139161,101.10182026098316,143.67100773929192
85.71902707448078,94.85389046535936,101.10182026098316,143.67100773929192
84.75884609051303,93.89370948139161,101.10182026098316,143.67100773929192
85.71902707448078,95.81407144932713,101.10182026098316,143.67100773929192
83.79866510654526,94.85389046535938,101.10182026098316,143.67100773929192
89.55975101035179,95.81407144932713,101.10182026098316,143.67100773929192
85.71902707448075,96.77425243329488,101.10182026098316,143.67100773929192
81.93030084646509,96.29224965900272,99.07746287733694,140.7942893520052
91.33985406212597,97.23320498056881,99.07746287733693,140.7942893520052
88.51698809742771,99.115115623701,99.07746287733693,140.7942893520052
84.80412337115848,98.64276397015581,97.0936391142145,137.9751713728312
92.18104028134192,101.4091078114746,97.0936391142145,137.9751713728312
88.49258182625019,101.4091078114746,97.0936391142145,137.9751713728312
82.95989414361259,101.4091078114746,97.0936391142145,137.9751713728312
91.25892566756897,101.4091078114746,97.0936391142145,137.9751713728312
87.57046721247724,102.33122242524752,97.0936391142145,137.9751713728312
80.1935503022938,102.33122242524752,97.0936391142145,137.9751713728312
89.4146964400231,102.33122242524752,97.0936391142145,137.9751713728312
85.72623798493137,104.17545165279338,97.0936391142145,137.9751713728312
78.34932107474793,105.0975662665663,97.0936391142145,137.9751713728312
87.57046721247724,104.17545165279338,97.0936391142145,137.9751713728312
84.80412337115845,106.94179549411217,97.0936391142145,137.9751713728312
78.34932107474793,107.86391010788509,97.0936391142145,137.9751713728312
87.57046721247724,106.01968088033922,97.0936391142145,137.9751713728312
83.8820087573855,108.78602472165801,97.0936391142145,137.9751713728312
74.6608626196562,106.94179549411214,97.0936391142145,137.9751713728312
64.38115308148417,105.43752118821985,99.21076591509994,140.9837199846158
66.12617167487355,102.01600353523509,101.3740566658787,144.05786999888034
69.97723751036418,102.97876999410775,101.3740566658787,144.05786999888034
61.31233938051027,103.94153645298042,101.3740566658787,144.05786999888034
63.23787229825558,101.05323707636245,101.3740566658787,144.05786999888034
64.05817456320116,101.40817906644496,103.58451797147818,147.19905185420592
67.99321288923466,100.42441948493659,103.58451797147818,147.19905185420592
73.89577037828491,102.39193864795335,103.58451797147818,147.19905185420592
63.07441498169279,102.39193864795335,103.58451797147818,147.19905185420592
67.00945330772629,102.39193864795335,103.58451797147818,147.19905185420592
76.84704912281003,105.34321739247848,103.58451797147818,147.19905185420592
66.02569372621792,100.42441948493659,103.58451797147818,147.19905185420592
73.89577037828491,102.39193864795335,103.58451797147818,147.19905185420592
63.07441498169279,101.40817906644499,103.58451797147818,147.19905185420592
67.99321288923466,102.39193864795335,103.58451797147818,147.19905185420592
77.8308087043184,103.37569822946172,103.58451797147818,147.19905185420592
67.00945330772629,103.37569822946172,103.58451797147818,147.19905185420592
75.86328954130167,104.35945781097008,103.58451797147818,147.19905185420592
64.05817456320116,102.39193864795332,103.58451797147818,147.19905185420592
71.92825121526815,105.34321739247845,103.58451797147818,147.19905185420592
83.78664077823683,99.93058045308648,101.5104496387251,144.25169159187263
78.00226994304217,102.8227658706838,101.5104496387251,144.25169159187263
68.21899601306399,102.21412360896919,103.7238849930975,147.3970997270334
77.0847445749481,103.19920678251187,103.7238849930975,147.3970997270334
66.24882966597863,102.21412360896919,103.7238849930975,147.3970997270334
76.09966140140543,104.18428995605454,103.7238849930975,147.3970997270334
63.29358014535059,102.21412360896919,103.7238849930975,147.3970997270334
70.18916236014934,104.18428995605454,103.7238849930975,147.3970997270334
60.338330624722545,103.19920678251187,103.7238849930975,147.3970997270334
63.29358014535059,104.18428995605454,103.7238849930975,147.3970997270334
68.21899601306399,104.18428995605454,103.7238849930975,147.3970997270334
59.2074809685853,100.6071267291952,105.98558430537199,150.61109348658138
61.071661872121325,98.96508928245774,108.29659997115061,153.8951683800563
70.38395907728176,101.53431845616558,106.12818182388621,150.8137320655227
80.51771374215963,104.05210406501328,104.00318181959803,147.7939952173237
75.57903522986692,105.03983976747182,104.00318181959803,147.7939952173237
63.726206800364444,106.02757546993035,104.00318181959803,147.7939952173237
71.62809242003277,108.00304687484743,104.00318181959803,147.7939952173237
83.53441075753415,100.59306194652854,101.92073059868312,144.83472242970777
78.69461919194535,104.46489519899959,101.92073059868312,144.83472242970777
65.96792866918008,104.82175126394523,104.1431121293874,147.99284355228752
73.88044582226243,106.79988055221582,104.14311212938739,147.99284355228752
62.01167009263891,103.83268661980995,104.14311212938739,147.99284355228752
63.84344374505414,102.21919464298114,106.41395268936868,151.21982750594515
70.97259192825521,104.74375988151976,104.28323070737449,148.1919594262692
82.85733641417649,101.77257376003945,104.28323070737449,148.1919594262692
90.78049940479066,101.77257376003945,104.28323070737449,148.1919594262692
86.81891790948357,99.7917830123859,104.28323070737449,148.1919594262692
83.84773178800326,99.7917830123859,104.28323070737449,148.1919594262692
90.63394685583029,96.19532942708746,106.55712655294879,151.423285101559
87.44822589368061,90.49647328145547,108.88060469743584,154.7250698331985
90.39738473099789,84.67335357756795,111.25474628286344,158.09884998091138
90.39738473099789,83.61674854828948,111.25474628286344,158.09884998091138
90.39738473099789,80.44693346045406,111.25474628286344,158.09884998091138
92.56781425187316,76.74671153896243,109.02709729966983,154.93324353110992
91.53236557949407,83.99485224561614,109.02709729966983,154.93324353110992
92.56781425187316,83.99485224561614,109.02709729966983,154.93324353110992
94.63871159663137,83.99485224561614,109.02709729966983,154.93324353110992
95.67416026901046,87.10119826275344,109.02709729966983,154.93324353110992
95.67416026901046,87.10119826275344,109.02709729966983,154.93324353110992
95.67416026901046,88.13664693513253,109.02709729966983,154.93324353110992
96.70960894138955,88.13664693513253,109.02709729966983,154.93324353110992
96.70960894138955,89.17209560751162,109.02709729966983,154.93324353110992
97.74505761376864,89.17209560751162,109.02709729966983,154.93324353110992
97.74505761376864,89.17209560751162,109.02709729966983,154.93324353110992
97.74505761376864,89.17209560751162,109.02709729966983,154.93324353110992
98.78050628614773,89.17209560751162,109.02709729966983,154.93324353110992
98.78050628614773,89.17209560751162,109.02709729966983,154.93324353110992
98.78050628614773,89.17209560751162,109.02709729966983,154.93324353110992
99.81595495852682,90.20754427989071,109.02709729966983,154.93324353110992
99.81595495852682,90.20754427989071,109.02709729966983,154.93324353110992
99.81595495852682,90.20754427989071,109.02709729966983,154.93324353110992
99.81595495852682,90.20754427989071,109.02709729966983,154.93324353110992
100.8514036309059,90.20754427989071,109.02709729966983,154.93324353110992
100.8514036309059,91.2429929522698,109.02709729966983,154.93324353110992
100.8514036309059,91.2429929522698,109.02709729966983,154.93324353110992
100.8514036309059,91.2429929522698,109.02709729966983,154.93324353110992
100.8514036309059,91.2429929522698,109.02709729966983,154.93324353110992
100.8514036309059,90.20754427989071,109.02709729966983,154.93324353110992
101.886852303285,89.17209560751162,109.02709729966983,154.93324353110992
101.886852303285,88.13664693513253,109.02709729966983,154.93324353110992
101.886852303285,87.10119826275344,109.02709729966983,154.93324353110992
101.886852303285,85.03030091799523,109.02709729966983,154.93324353110992
101.886852303285,85.03030091799523,109.02709729966983,154.93324353110992
101.886852303285,83.99485224561614,109.02709729966983,154.93324353110992
101.886852303285,82.95940357323705,109.02709729966983,154.93324353110992
101.886852303285,81.92395490085796,109.02709729966983,154.93324353110992
101.886852303285,79.85305755609976,109.02709729966983,154.93324353110992
101.886852303285,78.81760888372067,109.02709729966983,154.93324353110992
101.886852303285,76.74671153896246,109.02709729966983,154.93324353110992
101.886852303285,75.71126286658337,109.02709729966983,154.93324353110992
100.8514036309059,77.78216021134158,109.02709729966983,154.93324353110992
100.8514036309059,76.74671153896249,109.02709729966983,154.93324353110992
100.8514036309059,77.78216021134158,109.02709729966983,154.93324353110992
100.8514036309059,75.71126286658337,109.02709729966983,154.93324353110992
99.81595495852682,75.71126286658337,109.02709729966983,154.93324353110992
99.81595495852682,74.67581419420428,109.02709729966983,154.93324353110992
99.81595495852682,75.71126286658337,109.02709729966983,154.93324353110992
99.81595495852682,74.67581419420428,109.02709729966983,154.93324353110992
99.81595495852682,76.74671153896249,109.02709729966983,154.93324353110992
99.81595495852682,74.67581419420428,109.02709729966983,154.93324353110992
99.81595495852682,73.64036552182519,109.02709729966983,154.93324353110992
98.78050628614773,78.8176088837207,109.02709729966983,154.93324353110992
98.78050628614773,75.7112628665834,109.02709729966983,154.93324353110992
98.78050628614773,74.6758141942043,109.02709729966983,154.93324353110992
96.55638968545898,81.27024388563919,111.40443315628913,158.31156290630577
96.55638968545898,78.0961639935982,111.40443315628913,158.31156290630577
96.55638968545898,75.98011073223753,111.40443315628913,158.31156290630577
96.55638968545898,73.86405747087687,111.40443315628913,158.31156290630577
95.34180285297255,80.6022787017335,113.83360682126201,161.76354653547776
95.34180285297255,77.35898799764655,113.83360682126201,161.76354653547776
95.34180285297255,75.19679419492192,113.83360682126201,161.76354653547776
95.34180285297255,73.03460039219729,113.83360682126201,161.76354653547776
94.26070595161023,77.35898799764652,113.83360682126201,161.76354653547776
94.26070595161023,74.11569729355958,113.83360682126201,161.76354653547776
94.26070595161023,74.11569729355958,113.83360682126201,161.76354653547776
94.26070595161023,74.11569729355958,113.83360682126201,161.76354653547776
94.26070595161023,74.11569729355958,113.83360682126201,161.76354653547776
94.26070595161023,74.11569729355958,113.83360682126201,161.76354653547776
94.26070595161023,74.11569729355958,113.83360682126201,161.76354653547776
94.26070595161023,74.11569729355958,113.83360682126201,161.76354653547776
94.26070595161023,74.11569729355958,113.83360682126201,161.76354653547776
94.26070595161023,73.03460039219726,113.83360682126201,161.76354653547776
94.26070595161023,74.11569729355958,113.83360682126201,161.76354653547776
95.34180285297255,73.03460039219726,113.83360682126201,161.76354653547776
94.26070595161023,75.19679419492189,113.83360682126201,161.76354653547776
95.34180285297255,73.03460039219726,113.83360682126201,161.76354653547776
95.34180285297255,75.19679419492189,113.83360682126201,161.76354653547776
96.42289975433486,73.03460039219726,113.83360682126201,161.76354653547776
96.42289975433486,71.95350349083495,113.83360682126201,161.76354653547776
96.42289975433486,76.27789109628418,113.83360682126201,161.76354653547776
96.42289975433486,74.11569729355955,113.83360682126201,161.76354653547776
96.42289975433486,71.95350349083492,113.83360682126201,161.76354653547776
95.18182885596606,78.83865163563037,116.31574861799962,165.29080066768384
95.18182885596606,76.62931119703732,116.31574861799962,165.29080066768384
96.28649907526257,74.41997075844428,116.31574861799962,165.29080066768384
96.28649907526257,73.31530053914777,116.31574861799962,165.29080066768384
96.28649907526257,74.41997075844428,116.31574861799962,165.29080066768384
96.28649907526257,72.21063031985123,116.31574861799962,165.29080066768384
96.34632146322753,71.65609516526133,113.98676340347669,161.98119009967755
94.18121855288382,79.2339553514643,113.98676340347669,161.98119009967755
94.18121855288382,78.15140389629245,113.98676340347669,161.98119009967755
93.09866709771197,79.2339553514643,113.98676340347669,161.98119009967755
92.01611564254011,80.31650680663616,113.98676340347669,161.98119009967755
90.93356418736826,80.31650680663616,113.98676340347669,161.98119009967755
89.85101273219641,81.39905826180801,113.98676340347669,161.98119009967755
87.6859098218527,82.48160971697986,113.98676340347669,161.98119009967755
85.520806911509,82.48160971697986,113.98676340347669,161.98119009967755
83.3557040011653,82.48160971697986,113.98676340347669,161.98119009967755
82.27315254599344,82.48160971697986,113.98676340347669,161.98119009967755
81.19060109082159,82.48160971697986,113.98676340347669,161.98119009967755
80.10804963564973,82.48160971697986,113.98676340347669,161.98119009967755
77.94294672530603,81.39905826180801,113.98676340347669,161.98119009967755
76.86039527013418,81.39905826180801,113.98676340347669,161.98119009967755
75.77784381496232,80.31650680663616,113.98676340347669,161.98119009967755
73.61274090461862,79.2339553514643,113.98676340347669,161.98119009967755
72.53018944944677,80.31650680663616,113.98676340347669,161.98119009967755
71.44763799427491,80.31650680663616,113.98676340347669,161.98119009967755
71.44763799427491,80.31650680663616,113.98676340347669,161.98119009967755
70.36508653910306,80.31650680663616,113.98676340347669,161.98119009967755
70.36508653910306,80.31650680663616,113.98676340347669,161.98119009967755
70.36508653910306,81.39905826180801,113.98676340347669,161.98119009967755
70.36508653910306,81.39905826180801,113.98676340347669,161.98119009967755
71.44763799427491,81.39905826180801,113.98676340347669,161.98119009967755
72.58881401631936,84.10328090620092,111.70441135938779,158.73784772123543
73.649689590426,86.22503205441419,111.70441135938779,158.73784772123543
73.649689590426,86.22503205441419,111.70441135938779,158.73784772123543
73.649689590426,88.34678320262745,111.70441135938779,158.73784772123543
74.71056516453262,88.34678320262745,111.70441135938779,158.73784772123543
74.71056516453262,87.28590762852082,111.70441135938779,158.73784772123543
74.71056516453262,87.28590762852082,111.70441135938779,158.73784772123543
74.71056516453262,86.22503205441419,111.70441135938779,158.73784772123543
74.71056516453262,86.22503205441419,111.70441135938779,158.73784772123543
74.71056516453262,86.22503205441419,111.70441135938779,158.73784772123543
73.649689590426,85.16415648030755,111.70441135938779,158.73784772123543
72.58881401631936,85.16415648030755,111.70441135938779,158.73784772123543
73.649689590426,84.10328090620092,111.70441135938779,158.73784772123543
72.58881401631936,84.10328090620092,111.70441135938779,158.73784772123543
72.58881401631936,84.10328090620092,111.70441135938779,158.73784772123543
72.58881401631936,84.10328090620092,111.70441135938779,158.73784772123543
72.58881401631936,83.04240533209429,111.70441135938779,158.73784772123543
73.649689590426,83.04240533209429,111.70441135938779,158.73784772123543
72.58881401631936,81.98152975798766,111.70441135938779,158.73784772123543
73.649689590426,83.04240533209429,111.70441135938779,158.73784772123543
72.58881401631936,81.98152975798766,111.70441135938779,158.73784772123543
73.649689590426,83.04240533209429,111.70441135938779,158.73784772123543
73.649689590426,81.98152975798766,111.70441135938779,158.73784772123543
75.82889146833953,84.63160586908306,109.46775875177397,155.5594466472579
75.82889146833953,84.63160586908306,109.46775875177397,155.5594466472579
74.78925776006706,83.59197216081058,109.46775875177397,155.5594466472579
75.82889146833953,83.59197216081058,109.46775875177397,155.5594466472579
75.82889146833953,83.59197216081058,109.46775875177397,155.5594466472579
75.82889146833953,83.59197216081058,109.46775875177397,155.5594466472579
76.86852517661201,82.55233845253811,109.46775875177397,155.5594466472579
77.90815888488449,82.55233845253811,109.46775875177397,155.5594466472579
78.94779259315696,82.55233845253811,109.46775875177397,155.5594466472579
79.98742630142944,82.55233845253811,109.46775875177397,155.5594466472579
81.02706000970191,81.51270474426563,109.46775875177397,155.5594466472579
82.06669371797439,81.51270474426563,109.46775875177397,155.5594466472579
84.14596113451934,81.51270474426563,109.46775875177397,155.5594466472579
86.22522855106429,81.51270474426563,109.46775875177397,155.5594466472579
87.26486225933677,81.51270474426563,109.46775875177397,155.5594466472579
88.30449596760924,81.51270474426563,109.46775875177397,155.5594466472579
90.3837633841542,81.51270474426563,109.46775875177397,155.5594466472579
91.42339709242667,81.51270474426563,109.46775875177397,155.5594466472579
92.46303080069914,80.47307103599316,109.46775875177397,155.5594466472579
93.50266450897162,80.47307103599316,109.46775875177397,155.5594466472579
94.5422982172441,80.47307103599316,109.46775875177397,155.5594466472579
95.58193192551657,80.47307103599316,109.46775875177397,155.5594466472579
96.62156563378905,80.47307103599316,109.46775875177397,155.5594466472579
97.66119934206152,80.47307103599316,109.46775875177397,155.5594466472579
97.66119934206152,79.43343732772068,109.46775875177397,155.5594466472579
97.66119934206152,78.3938036194482,109.46775875177397,155.5594466472579
98.700833050334,78.3938036194482,109.46775875177397,155.5594466472579
98.700833050334,77.35416991117573,109.46775875177397,155.5594466472579
99.74046675860647,76.31453620290326,109.46775875177397,155.5594466472579
99.74046675860647,74.2352687863583,109.46775875177397,155.5594466472579
99.74046675860647,73.19563507808583,109.46775875177397,155.5594466472579
100.78010046687895,73.19563507808583,109.46775875177397,155.5594466472579
100.78010046687895,73.19563507808583,109.46775875177397,155.5594466472579
100.78010046687895,73.19563507808583,109.46775875177397,155.5594466472579
100.78010046687895,72.15600136981335,109.46775875177397,155.5594466472579
100.78010046687895,71.11636766154088,109.46775875177397,155.5594466472579
100.78010046687895,71.11636766154088,109.46775875177397,155.5594466472579
100.78010046687895,70.0767339532684,109.46775875177397,155.5594466472579
101.81973417515142,70.0767339532684,109.46775875177397,155.5594466472579
101.81973417515142,70.0767339532684,109.46775875177397,155.5594466472579
101.81973417515142,69.03710024499593,109.46775875177397,155.5594466472579
101.81973417515142,69.03710024499593,109.46775875177397,155.5594466472579
99.74046675860647,69.03710024499593,109.46775875177397,155.5594466472579
100.78010046687895,67.99746653672345,109.46775875177397,155.5594466472579
99.74046675860647,66.95783282845098,109.46775875177397,155.5594466472579
99.79676715482547,66.43594545513075,107.27589054279102,152.44468656080844
99.79676715482547,67.4547626225319,107.27589054279102,152.44468656080844
98.77794998742432,67.4547626225319,107.27589054279102,152.44468656080844
97.75913282002317,66.43594545513075,107.27589054279102,152.44468656080844
97.75913282002317,66.43594545513075,107.27589054279102,152.44468656080844
97.75913282002317,67.4547626225319,107.27589054279102,152.44468656080844
97.75913282002317,67.4547626225319,107.27589054279102,152.44468656080844
97.75913282002317,67.4547626225319,107.27589054279102,152.44468656080844
97.75913282002317,66.43594545513075,107.27589054279102,152.44468656080844
97.75913282002317,65.4171282877296,107.27589054279102,152.44468656080844
97.75913282002317,64.39831112032844,107.27589054279102,152.44468656080844
96.74031565262202,62.36067678552617,107.27589054279102,152.44468656080844
95.72149848522086,62.36067678552617,107.27589054279102,152.44468656080844
94.70268131781971,63.37949395292732,107.27589054279102,152.44468656080844
93.68386415041856,65.4171282877296,107.27589054279102,152.44468656080844
93.68386415041856,65.4171282877296,107.27589054279102,152.44468656080844
93.68386415041856,66.43594545513075,107.27589054279102,152.44468656080844
92.6650469830174,67.4547626225319,107.27589054279102,152.44468656080844
92.6650469830174,68.47357978993305,107.27589054279102,152.44468656080844
92.6650469830174,69.49239695733421,107.27589054279102,152.44468656080844
90.47665441897348,67.830368762105,109.61504133607657,155.76874295126686
90.47665441897348,67.830368762105,109.61504133607657,155.76874295126686
91.51768689470981,67.830368762105,109.61504133607657,155.76874295126686
91.51768689470981,67.830368762105,109.61504133607657,155.76874295126686
92.55871937044614,67.830368762105,109.61504133607657,155.76874295126686
92.55871937044614,67.830368762105,109.61504133607657,155.76874295126686
92.55871937044614,67.830368762105,109.61504133607657,155.76874295126686
92.55871937044614,67.830368762105,109.61504133607657,155.76874295126686
92.55871937044614,67.830368762105,109.61504133607657,155.76874295126686
93.59975184618247,68.87140123784133,109.61504133607657,155.76874295126686
93.59975184618247,68.87140123784133,109.61504133607657,155.76874295126686
94.6407843219188,68.87140123784133,109.61504133607657,155.76874295126686
95.68181679765513,68.87140123784133,109.61504133607657,155.76874295126686
95.68181679765513,69.91243371357766,109.61504133607657,155.76874295126686
96.72284927339146,69.91243371357766,109.61504133607657,155.76874295126686
97.76388174912779,69.91243371357766,109.61504133607657,155.76874295126686
98.80491422486412,70.95346618931399,109.61504133607657,155.76874295126686
99.84594670060045,70.95346618931399,109.61504133607657,155.76874295126686
100.88697917633678,70.95346618931399,109.61504133607657,155.76874295126686
101.92801165207311,70.95346618931399,109.61504133607657,155.76874295126686
102.96904412780944,70.95346618931399,109.61504133607657,155.76874295126686
102.96904412780944,69.91243371357766,109.61504133607657,155.76874295126686
104.01007660354577,69.91243371357766,109.61504133607657,155.76874295126686
104.01007660354577,69.91243371357766,109.61504133607657,155.76874295126686
105.0511090792821,70.95346618931399,109.61504133607657,155.76874295126686
105.0511090792821,70.95346618931399,109.61504133607657,155.76874295126686
106.09214155501843,71.99449866505032,109.61504133607657,155.76874295126686
107.13317403075476,71.99449866505032,109.61504133607657,155.76874295126686
108.17420650649109,71.99449866505032,109.61504133607657,155.76874295126686
109.21523898222742,70.95346618931399,109.61504133607657,155.76874295126686
110.25627145796375,69.91243371357766,109.61504133607657,155.76874295126686
112.33833640943641,68.87140123784133,109.61504133607657,155.76874295126686
114.42040136090907,67.830368762105,109.61504133607657,155.76874295126686
117.54349878811806,66.78933628636867,109.61504133607657,155.76874295126686
119.62556373959072,64.707271334896,109.61504133607657,155.76874295126686
121.70762869106338,62.62520638342335,109.61504133607657,155.76874295126686
122.7486611667997,62.62520638342335,109.61504133607657,155.76874295126686
123.78969364253604,62.62520638342335,109.61504133607657,155.76874295126686
124.83072611827237,61.58417390768702,109.61504133607657,155.76874295126686
125.8717585940087,61.58417390768702,109.61504133607657,155.76874295126686
126.91279106974503,60.54314143195069,109.61504133607657,155.76874295126686
127.95382354548136,61.58417390768702,109.61504133607657,155.76874295126686
128.9948560212177,60.54314143195069,109.61504133607657,155.76874295126686
127.7997780330511,61.967970139133485,112.00519731240972,159.16528039131924
128.86351022192085,59.840505761393956,112.00519731240972,159.16528039131924
130.99097459966038,56.64930919478468,112.00519731240972,159.16528039131924
132.05470678853013,63.031702328003234,112.00519731240972,159.16528039131924
132.05470678853013,59.840505761393956,112.00519731240972,159.16528039131924
133.11843897739988,61.967970139133485,112.00519731240972,159.16528039131924
133.11843897739988,59.840505761393956,112.00519731240972,159.16528039131924
134.18217116626963,64.09543451687298,112.00519731240972,159.16528039131924
134.18217116626963,61.967970139133456,112.00519731240972,159.16528039131924
135.24590335513938,59.84050576139393,112.00519731240972,159.16528039131924
135.24590335513938,63.031702328003206,112.00519731240972,159.16528039131924
135.24590335513938,60.90423795026368,112.00519731240972,159.16528039131924
134.02476669144085,64.4875994251461,114.44747063980682,162.63587933025195
135.17055507404,58.50733693673479,112.1558938746085,159.37942813760168
135.17055507404,58.50733693673479,112.1558938746085,159.37942813760168
135.17055507404,56.37701017782351,112.1558938746085,159.37942813760168
135.17055507404,61.70282707510168,112.1558938746085,159.37942813760168
135.17055507404,57.44217355727915,112.1558938746085,159.37942813760168
135.17055507404,61.70282707510168,112.1558938746085,159.37942813760168
135.17055507404,58.50733693673479,112.1558938746085,159.37942813760168
132.88261206161644,66.35617313656529,114.60145314054432,162.8546965681421
134.02994203669888,60.36786454833296,112.30679319037944,159.59386400738146
132.80551722394077,62.89427842849757,114.75564281589565,163.0738082120624
132.80551722394077,59.62471753185737,114.75564281589565,163.0738082120624
131.55439382814046,62.20621986667898,117.25788960749625,166.62963260012643
131.55439382814046,59.97898408535134,117.25788960749625,166.62963260012643
131.55439382814046,57.75174830402371,117.25788960749625,166.62963260012643
131.55439382814046,58.865366194687525,117.25788960749625,166.62963260012643
130.44077593747664,56.63813041335989,117.25788960749625,166.62963260012643
129.32715804681283,63.319837757342796,117.25788960749625,166.62963260012643
128.213540156149,59.97898408535134,117.25788960749625,166.62963260012643
127.0999222654852,56.63813041335989,117.25788960749625,166.62963260012643
125.98630437482139,61.09260197601516,117.25788960749625,166.62963260012643
123.75906859349375,57.75174830402371,117.25788960749625,166.62963260012643
122.64545070282993,55.52451252269607,117.25788960749625,166.62963260012643
121.53183281216612,62.20621986667898,117.25788960749625,166.62963260012643
120.4182149215023,57.75174830402371,117.25788960749625,166.62963260012643
119.30459703083848,55.52451252269607,117.25788960749625,166.62963260012643
119.30459703083848,62.20621986667898,117.25788960749625,166.62963260012643
119.30459703083848,58.865366194687525,117.25788960749625,166.62963260012643
118.19097914017466,55.52451252269607,117.25788960749625,166.62963260012643
117.07736124951084,59.97898408535134,117.25788960749625,166.62963260012643
115.96374335884703,56.63813041335989,117.25788960749625,166.62963260012643
114.85012546818321,59.97898408535134,117.25788960749625,166.62963260012643
113.73650757751939,55.52451252269607,117.25788960749625,166.62963260012643
112.6831966276387,50.51101414971673,114.91003994460236,163.2932146581193
110.50055669223562,58.15025392362749,114.91003994460236,163.2932146581193
109.40923672453408,55.967613988224414,114.91003994460236,163.2932146581193
107.22659678913101,52.6936540851198,114.91003994460236,163.2932146581193
103.9526368860264,50.51101414971673,114.91003994460236,163.2932146581193
101.76999695062332,48.328374214313655,114.91003994460236,163.2932146581193
99.58735701522025,53.78497405282134,114.91003994460236,163.2932146581193
98.49603704751871,51.602334117418266,114.91003994460236,163.2932146581193
97.40471707981717,51.602334117418266,114.91003994460236,163.2932146581193
97.40471707981717,55.967613988224414,114.91003994460236,163.2932146581193
97.40471707981717,60.33289385903056,114.91003994460236,163.2932146581193
97.40471707981717,60.33289385903056,114.91003994460236,163.2932146581193
98.55513646502934,63.05902032150726,112.60920117417807,160.02360166856897
99.62460498011771,69.47583141203751,112.60920117417807,160.02360166856897
100.69407349520608,69.47583141203751,112.60920117417807,160.02360166856897
100.69407349520608,69.47583141203751,112.60920117417807,160.02360166856897
100.69407349520608,70.54529992712588,112.60920117417807,160.02360166856897
100.69407349520608,70.54529992712588,112.60920117417807,160.02360166856897
100.69407349520608,70.54529992712588,112.60920117417807,160.02360166856897
