134,55,60,88
134.0,54.42125984251969,60.0,88.0
134.0,54.42125984251969,60.0,88.0
134.0,54.42125984251969,60.0,88.0
134.0,54.42125984251969,60.0,88.0
134.0,54.42125984251969,60.0,88.0
134.0,54.42125984251969,60.0,88.0
134.0,54.42125984251969,60.0,88.0
134.0,54.42125984251969,60.0,88.0
134.0,54.42125984251969,60.0,88.0
134.0,54.42125984251969,60.0,88.0
134.0,55.0,60.0,88.0
134.57874015748033,55.0,60.0,88.0
136.8937007874016,55.57874015748031,60.0,88.0
137.47244094488192,55.57874015748031,60.0,88.0
138.05118110236225,55.57874015748031,60.0,88.0
136.3149606299213,55.57874015748031,60.0,88.0
128.2125984251969,55.57874015748031,60.0,88.0
120.6889763779528,56.15748031496062,60.0,88.0
112.58661417322838,56.736220472440934,60.0,88.0
110.27165354330711,56.15748031496062,60.0,88.0
102.74803149606302,56.736220472440934,60.0,88.0
94.6456692913386,56.736220472440934,60.0,88.0
87.14399579184835,59.35345104589199,58.798622589531675,86.23797979797979
84.87538751870895,62.756363455601104,58.798622589531675,86.23797979797979
81.96572726278717,64.6519142222779,60.08072655509641,88.11839894747473
78.48861434798434,69.28806477534833,60.08072655509641,88.11839894747473
78.48861434798434,75.66277178582018,60.08072655509641,88.11839894747473
79.06813316711815,80.87844115802442,60.08072655509641,88.11839894747473
79.64765198625196,86.09411053022866,60.08072655509641,88.11839894747473
81.38620844365337,89.57122344503149,60.08072655509641,88.11839894747473
84.8633213584562,90.73026108329911,60.08072655509641,88.11839894747473
87.76091545412523,91.30977990243291,60.08072655509641,88.11839894747473
95.87417892199848,91.30977990243291,60.08072655509641,88.11839894747473
103.40792357073792,91.30977990243291,60.08072655509641,88.11839894747473
112.10070585774497,91.30977990243291,60.08072655509641,88.11839894747473
120.79348814475202,91.30977990243291,60.08072655509641,88.11839894747473
129.48627043175907,91.8892987215667,60.08072655509641,88.11839894747473
131.72883440616113,92.08762551530948,61.390786797630284,90.03982063652441
140.01900758395135,94.45624642324954,61.390786797630284,90.03982063652441
145.3484046268165,97.41702255817462,61.390786797630284,90.03982063652441
150.67780166968163,99.78564346611468,61.390786797630284,90.03982063652441
156.00719871254677,100.9699539200847,61.390786797630284,90.03982063652441
156.029656022808,100.09491996042415,60.161561723137794,88.23695719393541
155.44935749437616,100.09491996042415,60.161561723137794,88.23695719393541
155.44935749437616,100.09491996042415,60.161561723137794,88.23695719393541
155.44935749437616,100.675218488856,60.161561723137794,88.23695719393541
155.44935749437616,100.675218488856,60.161561723137794,88.23695719393541
156.05166367131508,99.81770529640426,58.9569493692599,86.47019240824784
157.2105891337101,99.54604128963777,57.77645691655401,84.73880347761254
157.2105891337101,96.20228571218365,57.77645691655401,84.73880347761254
157.76788172995245,92.85853013472953,57.77645691655401,84.73880347761254
158.3251743261948,91.74394494224484,57.77645691655401,84.73880347761254
160.55434471116422,90.62935974976014,57.77645691655401,84.73880347761254
161.11163730740657,89.51477455727544,57.77645691655401,84.73880347761254
161.11163730740657,87.8428967685484,57.77645691655401,84.73880347761254
156.65329653746775,86.7283115760637,57.77645691655401,84.73880347761254
148.85120019007482,82.82726340236724,57.77645691655401,84.73880347761254
139.37722605395484,80.04080042115547,57.77645691655401,84.73880347761254
129.34595932159252,78.36892263242842,57.77645691655401,84.73880347761254
119.31469258923019,78.36892263242842,57.77645691655401,84.73880347761254
112.62718143432198,78.36892263242842,57.77645691655401,84.73880347761254
104.2677924906867,77.25433743994373,57.77645691655401,84.73880347761254
95.90840354705142,77.81163003618607,57.77645691655401,84.73880347761254
92.02849052874964,78.65999073858706,56.619601413279945,83.04208207281056
92.57462447938954,79.75225863986687,56.619601413279945,83.04208207281056
93.12075843002944,80.29839259050677,56.619601413279945,83.04208207281056
93.66689238066934,80.84452654114666,56.619601413279945,83.04208207281056
95.85142818322896,81.39066049178656,56.619601413279945,83.04208207281056
102.95116954154773,81.93679444242646,56.619601413279945,83.04208207281056
107.79521384353849,81.03142814262765,57.85419182209651,84.85281467240819
115.04976506217541,81.03142814262765,57.85419182209651,84.85281467240819
122.30431628081233,81.03142814262765,57.85419182209651,84.85281467240819
122.78964575733914,80.10632033066172,59.11570247477732,86.70303029634005
129.55787351906716,77.45040899486527,60.40472036723984,88.59358987195174
133.56046270564877,76.48451738128631,61.7218452948475,90.52537309910964
138.8410253649743,74.30686748554275,63.06769013150165,92.49927885953574
140.58675020122394,73.90672417975375,64.44288111481904,94.51622563506791
142.47510815369344,75.47456605250748,63.15254408753839,92.62373132838962
144.30255381921867,76.08371460768257,63.15254408753839,92.62373132838962
145.52085092956884,79.12945738355795,63.15254408753839,92.62373132838962
145.52085092956884,84.00264582495856,63.15254408753839,92.62373132838962
146.1299994847439,90.09413137670933,63.15254408753839,92.62373132838962
145.52085092956884,92.53072559740963,63.15254408753839,92.62373132838962
143.6934052640436,93.74902270775979,63.15254408753839,92.62373132838962
138.23417004462928,95.28547175036164,61.88804342286549,90.76913035353606
133.45855724506958,96.47937495025155,61.88804342286549,90.76913035353606
125.12387405711443,97.38810814003983,60.64886180042694,88.95166397395951
118.68888655506125,98.55810586768587,60.64886180042694,88.95166397395951
112.25389905300806,99.14310473150888,60.64886180042694,88.95166397395951
111.08390132536202,96.80310927621682,60.64886180042694,88.95166397395951
108.15890700624693,88.02812631887159,60.64886180042694,88.95166397395951
108.15890700624693,78.66814449770332,60.64886180042694,88.95166397395951
108.15890700624693,74.57315245094222,60.64886180042694,88.95166397395951
109.91390359771599,74.57315245094222,60.64886180042694,88.95166397395951
112.83889791683107,75.15815131476523,60.64886180042694,88.95166397395951
115.17889337212314,75.15815131476523,60.64886180042694,88.95166397395951
121.02888201035331,74.57315245094222,60.64886180042694,88.95166397395951
129.21886610387554,73.9881535871192,60.64886180042694,88.95166397395951
136.2388524697517,75.15815131476523,60.64886180042694,88.95166397395951
142.6738399718049,73.9881535871192,60.64886180042694,88.95166397395951
149.69382633768106,72.81815585947317,60.64886180042694,88.95166397395951
150.2788252015041,72.23315699565015,60.64886180042694,88.95166397395951
150.8638240653271,72.81815585947317,60.64886180042694,88.95166397395951
153.7888183844422,80.42314108917238,60.64886180042694,88.95166397395951
152.61882065679617,81.00813995299539,60.64886180042694,88.95166397395951
146.768832018566,80.42314108917238,60.64886180042694,88.95166397395951
144.42883656327393,79.83814222534936,60.64886180042694,88.95166397395951
134.40763052632653,77.11335011740422,61.97131023198525,90.89125500691169
123.64804477345034,77.71110488145288,61.97131023198526,90.89125500691169
115.89990251185078,80.41432501171909,60.7304613618214,89.07134333067137
113.55675872702462,85.686398527578,60.7304613618214,89.07134333067137
112.38518683461153,90.37268609723037,60.7304613618214,89.07134333067137
111.79940088840497,91.54425798964346,60.7304613618214,89.07134333067137
112.97097278081806,93.88740177446962,60.7304613618214,89.07134333067137
117.07147440426387,95.05897366688271,60.7304613618214,89.07134333067137
124.1009057587424,96.23054555929579,60.7304613618214,89.07134333067137
131.13033711322095,97.98790339791543,60.7304613618214,89.07134333067137
138.15976846769945,99.15947529032852,60.7304613618214,89.07134333067137
139.3535561173011,101.22278301438774,59.514457955031205,87.28787166737908
143.94601035320116,100.64872623490024,59.514457955031205,87.28787166737908
145.11589484421734,94.63392552462555,58.32280253197385,85.5401103802283
146.2410197749523,90.6959882670533,58.32280253197385,85.5401103802283
146.80358224031977,85.63292607874611,58.32280253197385,85.5401103802283
147.36614470568725,79.444738959704,58.32280253197385,85.5401103802283
147.36614470568725,77.19448909823414,58.32280253197385,85.5401103802283
148.49126963642215,73.25655184066188,58.32280253197385,85.5401103802283
150.17895703252458,70.44373951382457,58.32280253197385,85.5401103802283
150.74151949789206,70.44373951382457,58.32280253197385,85.5401103802283
150.17895703252458,69.8811770484571,58.32280253197385,85.5401103802283
146.7302803510824,67.26088859893427,59.59453124118354,87.40531248706918
143.85613465145838,66.68605945900947,59.59453124118354,87.40531248706918
135.80852669251115,66.11123031908467,59.59453124118354,87.40531248706918
128.33574787348869,65.53640117915987,59.59453124118354,87.40531248706918
120.78806881753408,64.0086356198448,60.893989994897545,89.31118532584972
107.86607645247511,60.48445588391962,60.89398999489755,89.31118532584972
101.40508026994561,58.13500272663617,60.89398999489755,89.31118532584972
93.76935750877439,59.3097293052779,60.89398999489755,89.31118532584972
87.89572461556577,66.35808877712824,60.89398999489755,89.31118532584972
89.0704511942075,71.644358381016,60.89398999489755,89.31118532584972
90.24517777284922,75.75590140626204,60.89398999489755,89.31118532584972
92.59463093013267,78.10535456354549,60.89398999489755,89.31118532584972
94.37899637555068,80.17421814679243,59.674712261344986,87.5229113166393
103.01303446848151,80.17421814679243,59.674712261344986,87.5229113166393
111.64707256141234,80.17421814679243,59.674712261344986,87.5229113166393
119.70550811481444,80.74982068632114,59.674712261344986,87.5229113166393
128.3395462077453,80.74982068632114,59.674712261344986,87.5229113166393
134.6711741425612,81.32542322584986,59.674712261344986,87.5229113166393
136.39798176114738,80.74982068632114,59.674712261344986,87.5229113166393
140.42719953784842,80.17421814679243,59.674712261344986,87.5229113166393
140.42719953784842,79.02301306773498,59.674712261344986,87.5229113166393
141.00280207737714,74.4181927515052,59.674712261344986,87.5229113166393
144.45641731454947,72.11578259339032,59.674712261344986,87.5229113166393
143.88081477502075,72.69138513291904,59.674712261344986,87.5229113166393
143.88081477502075,72.69138513291904,59.674712261344986,87.5229113166393
141.57840461690586,72.11578259339032,59.674712261344986,87.5229113166393
137.47418582930422,70.0103589737032,60.97591936220361,89.43134839789862
129.82818964156334,68.83405186789693,60.97591936220361,89.43134839789862
121.59403990091931,67.65774476209063,60.97591936220361,89.43134839789862
112.77173660737213,67.06959120918748,60.97591936220361,89.43134839789862
110.41912239575956,65.8932841033812,60.97591936220361,89.43134839789862
101.59681910221238,64.12882344467175,60.97591936220361,89.43134839789862
92.7745158086652,63.54066989176861,60.97591936220361,89.43134839789862
86.3048267267306,69.42220542080005,60.97591936220361,89.43134839789862
84.54036606802117,78.24450871434723,60.97591936220361,89.43134839789862
84.54036606802117,84.71419779628184,60.97591936220361,89.43134839789862
84.54036606802117,91.77204043111959,60.97591936220361,89.43134839789862
86.3048267267306,97.0654224072479,60.97591936220361,89.43134839789862
92.7745158086652,97.65357596015104,60.97591936220361,89.43134839789862
101.00866554930923,98.82988306595735,60.97591936220361,89.43134839789862
109.24281528995326,98.82988306595735,60.97591936220361,89.43134839789862
112.18358305446898,98.82988306595735,60.97591936220361,89.43134839789862
121.59403990091931,98.82988306595735,60.97591936220361,89.43134839789862
130.4163431944665,98.82988306595735,60.97591936220361,89.43134839789862
139.23864648801367,98.2417295130542,60.97591936220361,89.43134839789862
145.12018201704512,96.47726885434477,60.97591936220361,89.43134839789862
147.4727962286577,93.53650108982904,60.97591936220361,89.43134839789862
149.23725688736712,91.18388687821647,60.97591936220361,89.43134839789862
150.41356399317343,88.8312726666039,60.97591936220361,89.43134839789862
151.00171754607658,84.71419779628187,60.97591936220361,89.43134839789862
152.766178204786,78.83266226725041,60.97591936220361,89.43134839789862
153.9424853105923,72.95112673821896,60.97591936220361,89.43134839789862
155.1187924163986,72.36297318531581,60.97591936220361,89.43134839789862
155.70694596930176,72.36297318531581,60.97591936220361,89.43134839789862
155.70694596930176,72.36297318531581,60.97591936220361,89.43134839789862
154.53063886349545,72.36297318531581,60.97591936220361,89.43134839789862
149.8254104402703,72.36297318531581,60.97591936220361,89.43134839789862
143.8672385032956,68.44718014489199,62.30549928389646,91.3813989497148
134.85256488643262,67.2452236626436,62.30549928389646,91.3813989497148
132.97132269824152,64.44600323722173,63.664070695781824,93.37397035381332
126.75048202243357,61.58574581042355,65.05226575730335,95.40998977737821
119.76652327354242,59.29059311258125,66.47073041214134,97.49040460447395
112.07266707623157,59.931747795690484,66.47073041214134,97.49040460447395
103.73765619581147,59.931747795690484,66.47073041214134,97.49040460447395
102.455346829593,59.29059311258125,66.47073041214134,97.49040460447395
94.12033594917291,59.931747795690484,66.47073041214134,97.49040460447395
87.0676344349713,59.29059311258125,66.47073041214134,97.49040460447395
83.8618610194251,59.931747795690484,66.47073041214134,97.49040460447395
83.22070633631587,65.06098526056438,66.47073041214134,97.49040460447395
82.57955165320664,71.47253209165676,66.47073041214134,97.49040460447395
82.57955165320664,73.39599614098448,66.47073041214134,97.49040460447395
83.13716388110674,74.89772573722115,67.92012468877807,99.6161828768745
84.4474340030556,79.48367116404219,67.92012468877807,99.6161828768745
86.43768498764857,81.79124655120238,66.56016296348992,97.62157234645187
96.06794478649996,81.79124655120238,66.56016296348992,97.62157234645187
104.41416994550451,77.93914263166182,66.56016296348992,97.62157234645187
106.36457022052991,79.5584962165138,65.2274316931328,95.66689981659476
116.45502676788493,81.14542555442574,63.921385643482886,93.75136561044155
125.0869304197411,81.76199010098689,63.921385643482886,93.75136561044155
131.25257588535263,82.37855464754804,63.921385643482886,93.75136561044155
137.41822135096416,82.99511919410921,63.921385643482886,93.75136561044155
138.67473347050793,85.16683806093934,62.64149049751765,91.87418606302587
142.30004807804147,85.77105716219492,62.64149049751765,91.87418606302587
142.92718200838965,86.69085359337228,61.38722263682126,90.03459320067117
143.51930285665821,81.36176595895532,61.38722263682126,90.03459320067117
144.11142370492678,76.03267832453835,61.38722263682126,90.03459320067117
145.29566540146388,76.03267832453835,61.38722263682126,90.03459320067117
147.07202794626954,77.21692002107545,61.38722263682126,90.03459320067117
147.68660480099678,77.52617855974016,60.15806892736681,88.23183442680465
145.94581028675998,76.94591372166123,60.15806892736681,88.23183442680465
138.40236739173386,76.3656488835823,60.15806892736681,88.23183442680465
131.43918933478668,76.3656488835823,60.15806892736681,88.23183442680465
122.7352167636027,74.04458953126657,60.15806892736681,88.23183442680465
121.01642862017641,73.7673909614799,58.9535265095879,86.46517221406225
114.19267397694065,75.47332962228884,58.9535265095879,86.46517221406225
108.50621177424418,76.04197584255849,58.9535265095879,86.46517221406225
103.95704201208699,73.76739096147989,58.9535265095879,86.46517221406225
98.19648520688938,73.96199686195537,60.23900815512947,88.35054529418989
96.45334855358149,73.38095131085274,60.23900815512947,88.35054529418989
95.87230300247884,72.7999057597501,60.23900815512947,88.35054529418989
95.87230300247884,72.7999057597501,60.23900815512947,88.35054529418989
96.45334855358149,73.96199686195536,60.23900815512947,88.35054529418989
97.61543965578673,73.96199686195536,60.23900815512947,88.35054529418989
101.68275851350512,73.96199686195536,60.23900815512947,88.35054529418989
107.4932140245314,73.38095131085272,60.23900815512947,88.35054529418989
108.65530512673666,73.38095131085272,60.23900815512947,88.35054529418989
116.20889729107083,72.79990575975009,60.23900815512947,88.35054529418989
123.76248945540499,71.63781465754484,60.23900815512947,88.35054529418989
129.57294496643127,70.47572355533958,60.23900815512947,88.35054529418989
134.80235492635492,71.05676910644222,60.23900815512947,88.35054529418989
140.6128104373812,72.21886020864747,60.23900815512947,88.35054529418989
141.7969375187054,74.26547088851103,59.03284509468631,86.58150613887325
145.21340532536638,75.97370479184153,59.03284509468631,86.58150613887325
146.3522279275867,83.37605170627367,59.03284509468631,86.58150613887325
149.7686957342477,93.05604382514645,59.03284509468631,86.58150613887325
149.19928443313754,96.47251163180744,59.03284509468631,86.58150613887325
144.07458272314605,98.18074553513793,59.03284509468631,86.58150613887325
140.65811491648506,98.18074553513793,59.03284509468631,86.58150613887325
131.54753409872245,99.31956813735826,59.03284509468631,86.58150613887325
121.29813067873951,101.59721334179892,59.03284509468631,86.58150613887325
110.4793159576464,102.73603594401925,59.03284509468631,86.58150613887325
104.21579164543462,103.30544724512941,59.03284509468631,86.58150613887325
103.64638034432446,101.02780204068875,59.03284509468631,86.58150613887325
98.54327338799308,94.49226400658635,57.850832985145786,84.84788837821381
99.65929339439944,91.14420398736728,57.850832985145786,84.84788837821381
100.2173033976026,86.68012396174184,57.850832985145786,84.84788837821381
100.2173033976026,83.89007394572594,57.850832985145786,84.84788837821381
99.65929339439943,80.54201392650688,57.850832985145786,84.84788837821381
99.10128339119625,80.54201392650688,57.850832985145786,84.84788837821381
99.10128339119625,76.63594390408464,57.850832985145786,84.84788837821381
99.10128339119625,75.51992389767828,57.850832985145786,84.84788837821381
101.89133340721214,75.51992389767828,57.850832985145786,84.84788837821381
108.58745344565027,71.05584387205286,57.850832985145786,84.84788837821381
113.0515334712757,70.49783386884968,57.850832985145786,84.84788837821381
117.51561349690114,70.49783386884968,57.850832985145786,84.84788837821381
125.32775354174562,69.38181386244332,57.850832985145786,84.84788837821381
132.02387358018376,67.70778385283378,57.850832985145786,84.84788837821381
137.62513597505512,66.88320664675362,56.69248825306029,83.14898277115508
142.54666891198417,68.52371762572997,56.69248825306029,83.14898277115508
144.73401688395265,69.07055461872207,56.69248825306029,83.14898277115508
145.82769086993687,70.16422860470632,56.69248825306029,83.14898277115508
147.46820184891322,70.71106559769842,56.69248825306029,83.14898277115508
150.74922380686593,67.97688063273785,56.69248825306029,83.14898277115508
150.2023868138738,67.43004363974572,56.69248825306029,83.14898277115508
150.74922380686593,66.88320664675362,56.69248825306029,83.14898277115508
151.29606079985805,66.88320664675362,56.69248825306029,83.14898277115508
152.9365717788344,67.43004363974572,56.69248825306029,83.14898277115508
153.48340877182653,66.3363696537615,56.69248825306029,83.14898277115508
151.84289779285018,65.24269566777724,56.69248825306029,83.14898277115508
145.28085387694478,65.78953266076937,56.69248825306029,83.14898277115508
139.2656469540315,64.69585867478511,56.69248825306029,83.14898277115508
135.9846249960788,63.60218468880088,56.69248825306029,83.14898277115508
127.71081724101016,62.69565290413836,57.92866795941827,84.96204634048011
118.77064486302119,63.25441367776268,57.92866795941827,84.96204634048011
110.87518750347759,62.886875741159905,59.19180256427339,86.81464376093429
102.88196377137295,64.59970939803947,59.19180256427339,86.81464376093429
95.4596845915615,64.59970939803947,59.19180256427339,86.81464376093429
93.74685093468193,61.744986636573536,59.19180256427339,86.81464376093429
88.53395588887943,58.5147117737972,60.482479819187375,88.70763706814145
86.70775765613885,55.79739476589396,61.80130029164475,90.64190709441228
84.91941294297513,55.79739476589396,61.80130029164475,90.64190709441228
84.84173917093338,53.616941565021314,63.14887764450407,92.61835387860593
85.37148491217036,53.2162831517379,64.52583892154247,94.63789708492894
85.99387981515375,54.46107295770466,64.52583892154247,94.63789708492894
85.37148491217036,54.46107295770466,64.52583892154247,94.63789708492894
87.2386696211205,55.083467860688046,64.52583892154247,94.63789708492894
93.46261865095431,55.083467860688046,64.52583892154247,94.63789708492894
102.79854219570507,55.70586276367143,64.52583892154247,94.63789708492894
113.37925554642257,53.838678054721285,64.52583892154247,94.63789708492894
120.84799438222316,53.2162831517379,64.52583892154247,94.63789708492894
128.93912812100714,52.59388824875451,64.52583892154247,94.63789708492894
137.03026185979112,53.2162831517379,64.52583892154247,94.63789708492894
143.25421088962494,54.46107295770466,64.52583892154247,94.63789708492894
145.12139559857508,58.81783727858833,64.52583892154247,94.63789708492894
145.74379050155846,68.77615572632244,64.52583892154247,94.63789708492894
148.25697425444076,78.43714963252363,63.23384083367816,92.74296655606128
148.89003848739685,91.56429817491525,61.967712367765984,90.8859781393901
148.91270684229852,100.2445619669135,60.72693553748211,89.06617212164042
144.22669134413061,102.00181777872646,60.72693553748211,89.06617212164042
136.61191615960774,104.34482552781043,60.72693553748211,89.06617212164042
131.34014872416884,105.5163294023524,60.72693553748211,89.06617212164042
118.96303456405167,106.88829320988017,62.05108636687691,91.0082600047528
103.9999281074721,108.08534172640654,62.05108636687691,91.0082600047528
91.43091868394525,108.68386598466972,62.05108636687691,91.0082600047528
84.24862758478706,106.28976895161699,62.05108636687691,91.0082600047528
78.26338500215523,99.1074778524588,62.05108636687691,91.0082600047528
78.86190926041841,92.52371101156379,62.05108636687691,91.0082600047528
78.86190926041841,84.14437139587923,62.05108636687691,91.0082600047528
79.4604335186816,78.75765307151059,62.05108636687691,91.0082600047528
80.68018088907965,80.26730456090492,60.80864014260716,89.1860055424905
88.89174134928211,76.16152433080369,60.80864014260716,89.1860055424905
97.10330180948458,72.64228413357405,60.80864014260716,89.1860055424905
101.79562207245743,73.81536419931726,60.80864014260716,89.1860055424905
112.35334266414631,74.98844426506047,60.80864014260716,89.1860055424905
128.21216790737992,72.36208783773625,59.59107136546341,87.40023800267967
137.408900181105,73.51167937195189,59.59107136546341,87.40023800267967
146.60563245483007,74.0864751390597,59.59107136546341,87.40023800267967
154.67457215226563,73.2370934344527,58.39788191539552,85.65022680924676
155.23785880853617,74.3636667469938,58.39788191539552,85.65022680924676
156.36443212107727,76.616813372076,58.39788191539552,85.65022680924676
156.36443212107727,85.62939987240476,58.39788191539552,85.65022680924676
156.94908125568023,93.24632514506897,57.22858364618965,83.93525601441148
154.74104928822882,96.00636510438324,57.22858364618965,83.93525601441148
147.56494539401174,97.11038108810894,57.22858364618965,83.93525601441148
142.59687346724607,98.21439707183464,57.22858364618965,83.93525601441148
133.21273760557756,98.21439707183464,57.22858364618965,83.93525601441148
122.72458576018334,98.7664050636975,57.22858364618965,83.93525601441148
113.8924578903777,99.31841305556037,57.22858364618965,83.93525601441148
106.71635399616062,100.42242903928607,57.22858364618965,83.93525601441148
106.71635399616062,98.7664050636975,57.22858364618965,83.93525601441148
103.95631403684635,93.24632514506897,57.22858364618965,83.93525601441148
102.85229805312065,88.27825321830329,57.22858364618965,83.93525601441148
103.40430604498351,83.86218928340048,57.22858364618965,83.93525601441148
103.95631403684638,82.20616530781191,57.22858364618965,83.93525601441148
105.61233801243495,79.44612534849765,57.22858364618965,83.93525601441148
110.58040993920062,77.23809338104624,57.22858364618965,83.93525601441148
115.56941660431703,74.76636143418236,56.082698185762496,82.25462400578499
125.32712504129002,75.58985182740832,54.95975674045437,80.60764321933307
136.45972143615762,74.52960455170663,54.95975674045437,80.60764321933307
146.00194691747276,72.40911000030329,54.95975674045437,80.60764321933307
155.01404876093704,71.34886272460159,54.95975674045437,80.60764321933307
150.7730596581303,72.93923363815412,54.95975674045437,80.60764321933307
152.36343057168284,79.3007172923642,54.95975674045437,80.60764321933307
171.46798631506906,84.34870807579422,53.85929990324077,78.99363985808645
174.51734826378174,80.37042594646331,55.03370193763093,80.71609617519202
165.49312115471747,85.67879483414819,55.03370193763092,80.71609617519202
155.86888911027813,77.36707115283934,56.23371180838097,82.47611065229208
153.08615391877493,68.87411033665956,57.459887894362716,84.2745022450653
142.00137239584672,62.77748049904901,57.45988789436271,84.2745022450653
136.4800009859389,65.28391008811894,56.309371038957224,82.58707752380391
129.4191605623531,73.43103365379484,56.309371038957224,82.58707752380391
125.07402799399264,88.09585607201147,56.309371038957224,82.58707752380391
120.658124078925,89.91115831453351,57.537196874461685,84.38788874921046
118.4381849869182,88.24620399552842,57.537196874461685,84.38788874921046
116.77323066791311,91.5761126335386,57.537196874461685,84.38788874921046
92.35390065583843,90.46614308753522,57.537196874461685,84.38788874921046
91.79891588283672,91.5761126335386,57.537196874461685,84.38788874921046
95.1288245208469,92.68608217954198,57.537196874461685,84.38788874921046
99.5687027048605,93.24106695254369,57.537196874461685,84.38788874921046
107.33848952688425,92.68608217954198,57.537196874461685,84.38788874921046
116.2182458949114,92.68608217954198,57.537196874461685,84.38788874921046
125.09800226293856,92.68608217954198,57.537196874461685,84.38788874921046
133.42277385796402,93.24106695254369,57.537196874461685,84.38788874921046
140.6375759069861,93.7960517255454,57.537196874461685,84.38788874921046
142.30253022599118,93.7960517255454,57.537196874461685,84.38788874921046
144.543516949885,91.31099061470533,56.38513206468424,82.69819369487021
147.80675097095138,87.50388425679456,56.38513206468424,82.69819369487021
149.43836798148456,83.1529055620394,56.38513206468424,82.69819369487021
150.52611265517336,80.97741621466182,56.38513206468424,82.69819369487021
149.98224031832896,80.97741621466182,56.38513206468424,82.69819369487021
147.80675097095138,79.88967154097303,56.38513206468424,82.69819369487021
141.82415526566302,77.17030985675105,56.38513206468424,82.69819369487021
132.5783255393083,74.45094817252907,56.38513206468424,82.69819369487021
124.42024048664237,75.53869284621786,56.38513206468424,82.69819369487021
114.08666608659885,72.27545882515149,56.38513206468424,82.69819369487021
104.84083636024414,72.27545882515149,56.38513206468424,82.69819369487021
98.31436831811138,72.81933116199589,56.38513206468424,82.69819369487021
91.78790027597864,70.09996947777391,56.38513206468424,82.69819369487021
86.27831034204385,68.11060774732681,57.61460986935468,84.50142780838685
82.3157782190475,69.41225682324301,58.870896437555956,86.34398144174872
80.61223062528357,73.38720120869216,58.870896437555956,86.34398144174872
81.18007982320488,76.79429639622,58.870896437555956,86.34398144174872
81.18007982320488,79.63354238582654,58.870896437555956,86.34398144174872
84.58717501073272,81.33708997959047,58.870896437555956,86.34398144174872
92.53706378163103,83.0406375733544,58.870896437555956,86.34398144174872
101.05480175045066,84.74418516711833,58.870896437555956,86.34398144174872
111.27608731303421,84.74418516711833,58.870896437555956,86.34398144174872
116.38673009432598,85.31203436503964,58.870896437555956,86.34398144174872
127.17586485483083,85.87988356296094,58.870896437555956,86.34398144174872
136.82930121949306,87.01558195880355,58.870896437555956,86.34398144174872
146.4827375841553,87.01558195880355,58.870896437555956,86.34398144174872
152.7290787612897,86.44773276088225,58.870896437555956,86.34398144174872
153.86477715713232,87.01558195880355,58.870896437555956,86.34398144174872
155.56832475089624,89.28697875048877,58.870896437555956,86.34398144174872
156.13617394881754,88.71912955256747,58.870896437555956,86.34398144174872
155.56832475089624,85.31203436503962,58.870896437555956,86.34398144174872
153.86477715713232,82.47278837543308,58.870896437555956,86.34398144174872
147.0505867820766,77.92999479206262,58.870896437555956,86.34398144174872
140.23639640702095,72.25150281284954,58.870896437555956,86.34398144174872
134.4839136773187,69.60658996141694,60.15457633437686,88.22671195708605
125.780446432089,66.12520306332505,60.15457633437686,88.22671195708605
117.0013750680557,62.842386737484986,61.46624687134795,90.15049541131032
107.51524562964292,62.842386737484986,61.46624687134795,90.15049541131032
99.80776546093256,62.24950364758419,61.46624687134795,90.15049541131032
92.10028529222218,61.0637374677826,61.46624687134795,90.15049541131032
89.72875293261899,59.87797128798101,61.46624687134795,90.15049541131032
86.764337483115,60.47085437788181,61.46624687134795,90.15049541131032
86.764337483115,64.02815291728659,61.46624687134795,90.15049541131032
87.95010366291659,69.95698381629457,61.46624687134795,90.15049541131032
89.72875293261899,74.70004853550095,61.46624687134795,90.15049541131032
95.06470074172617,77.07158089510415,61.46624687134795,90.15049541131032
97.43623310132936,78.25734707490574,61.46624687134795,90.15049541131032
105.73659635994053,80.03599634460814,61.46624687134795,90.15049541131032
115.24521071259838,82.1243022638237,60.23551086305617,88.34541593248238
125.12241160805621,82.70531408120357,60.23551086305617,88.34541593248238
134.41860068613417,83.28632589858344,60.23551086305617,88.34541593248238
139.06669522517316,83.86733771596332,60.23551086305617,88.34541593248238
147.20086066849137,83.86733771596332,60.23551086305617,88.34541593248238
154.7540142944297,84.44834953334319,60.23551086305617,88.34541593248238
155.91603792918946,83.86733771596332,60.23551086305617,88.34541593248238
155.91603792918946,83.86733771596332,60.23551086305617,88.34541593248238
157.0780615639492,80.96227862906395,60.23551086305617,88.34541593248238
157.0780615639492,79.21924317692432,60.23551086305617,88.34541593248238
157.65907338132908,74.57114863788534,60.23551086305617,88.34541593248238
157.65907338132908,72.24710136836585,60.23551086305617,88.34541593248238
157.65907338132908,70.50406591622622,60.23551086305617,88.34541593248238
158.24008519870895,65.27495955980737,60.23551086305617,88.34541593248238
158.82109701608883,63.53192410766775,60.23551086305617,88.34541593248238
158.82109701608883,61.788888655528126,60.23551086305617,88.34541593248238
158.82109701608883,61.20787683814825,60.23551086305617,88.34541593248238
159.4021088334687,61.788888655528126,60.23551086305617,88.34541593248238
158.82109701608883,61.788888655528126,60.23551086305617,88.34541593248238
155.33502611180958,58.883829568628755,60.23551086305617,88.34541593248238
155.33502611180958,57.14079411648913,60.23551086305617,88.34541593248238
155.33502611180958,57.14079411648913,60.23551086305617,88.34541593248238
155.33502611180958,57.14079411648913,60.23551086305617,88.34541593248238
155.33502611180958,57.14079411648913,60.23551086305617,88.34541593248238
155.33502611180958,57.14079411648913,60.23551086305617,88.34541593248238
154.17300247704983,56.55978229910926,60.23551086305617,88.34541593248238
154.17300247704983,55.978770481729384,60.23551086305617,88.34541593248238
153.59199065966996,55.39775866434951,60.23551086305617,88.34541593248238
153.0109788422901,55.39775866434951,60.23551086305617,88.34541593248238
153.0109788422901,55.39775866434951,60.23551086305617,88.34541593248238
153.0109788422901,55.39775866434951,60.23551086305617,88.34541593248238
153.0109788422901,55.39775866434951,60.23551086305617,88.34541593248238
153.0109788422901,55.39775866434951,60.23551086305617,88.34541593248238
153.0109788422901,55.39775866434951,60.23551086305617,88.34541593248238
153.0109788422901,54.816746846969636,60.23551086305617,88.34541593248238
153.59199065966996,54.23573502958976,60.23551086305617,88.34541593248238
153.0109788422901,54.23573502958976,60.23551086305617,88.34541593248238
153.59199065966996,54.816746846969636,60.23551086305617,88.34541593248238
153.59199065966996,54.816746846969636,60.23551086305617,88.34541593248238
153.59199065966996,54.816746846969636,60.23551086305617,88.34541593248238
153.59199065966996,54.816746846969636,60.23551086305617,88.34541593248238
153.59199065966996,54.816746846969636,60.23551086305617,88.34541593248238
153.59199065966996,54.816746846969636,60.23551086305617,88.34541593248238
153.59199065966996,54.816746846969636,60.23551086305617,88.34541593248238
153.59199065966996,54.816746846969636,60.23551086305617,88.34541593248238
153.59199065966996,54.23573502958976,60.23551086305617,88.34541593248238
153.0109788422901,54.23573502958976,60.23551086305617,88.34541593248238
153.0109788422901,54.816746846969636,60.23551086305617,88.34541593248238
153.0109788422901,54.816746846969636,60.23551086305617,88.34541593248238
153.59199065966996,55.39775866434951,60.23551086305617,88.34541593248238
153.0109788422901,55.39775866434951,60.23551086305617,88.34541593248238
153.0109788422901,55.39775866434951,60.23551086305617,88.34541593248238
153.0109788422901,55.39775866434951,60.23551086305617,88.34541593248238
