57,21,31,45
56.7007874015748,20.401574803149607,31.0,45.0
56.4015748031496,20.401574803149607,31.0,45.0
59.05572328740157,20.210174901574806,31.675955000000002,45.981225
62.11309257874016,18.987227185039377,31.675955000000002,45.981225
65.78193572834647,18.68149025590552,31.675955000000002,45.981225
66.96527327462825,16.345758375539866,32.366649198775,46.983845611125005
70.36123815622207,15.52111347589095,33.072403984554285,48.00832836467559
73.19282108867927,15.316918157584954,33.793547753437494,49.05514996466734
76.7807568166287,15.643094132853086,33.793547753437494,49.055149964667336
78.08546071770121,16.621622058657472,33.793547753437494,49.055149964667336
79.39016461877372,17.27397400919373,33.793547753437494,49.055149964667336
79.06398864350558,17.600149984461858,33.793547753437494,49.055149964667336
75.47605291555618,18.578677910266244,33.793547753437494,49.055149964667336
69.60488536072984,18.578677910266244,33.793547753437494,49.055149964667336
62.102837929562874,17.926325959729986,33.793547753437494,49.055149964667336
56.231670374736545,17.600149984461858,33.793547753437494,49.055149964667336
51.66520672098273,16.621622058657472,33.793547753437494,49.055149964667336
46.12021514142454,16.295446083389344,33.793547753437494,49.055149964667336
40.249047586598216,15.969270108121215,33.793547753437494,49.055149964667336
35.03023198230815,18.252501934998122,33.793547753437494,49.055149964667336
28.8328884522137,18.252501934998122,33.793547753437494,49.055149964667336
23.28789687265551,17.926325959729994,33.793547753437494,49.055149964667336
21.0046650457786,18.252501934998122,33.793547753437494,49.055149964667336
16.112025416756666,17.600149984461865,33.793547753437494,49.055149964667336
15.785849441488537,18.90485388553438,33.793547753437494,49.055149964667336
16.450348790844686,19.06979248555531,33.116901005261454,48.072920814089215
17.409283694222843,18.110857582177154,33.116901005261454,48.072920814089215
18.04857362980828,17.791212614384435,33.116901005261454,48.072920814089215
17.409283694222843,18.750147517762592,33.116901005261454,48.072920814089215
17.10154289840771,19.551073494899303,32.45380272572084,47.11035879540123
15.848563976815239,19.551073494899303,32.45380272572084,47.11035879540123
15.233740331274854,20.649207296160977,31.803981634412903,46.167070114470356
17.087008430499175,22.032325856394838,31.16717188277069,45.2426688620865
19.19279144315272,22.032325856394834,31.16717188277069,45.242668862086504
20.106473201216843,22.78609800406137,30.54311294530162,44.33677685608301
21.296663064626195,24.40918555180757,29.93154951300382,43.449023486618465
22.741162533122697,24.698085445506873,29.93154951300382,43.449023486618465
27.074660938612197,25.275885232905477,29.93154951300382,43.449023486618465
31.119259450402403,26.72038470140198,29.93154951300382,43.449023486618465
34.87495806849331,29.320483744695682,29.93154951300382,43.449023486618465
39.78625626138141,30.764983213192185,29.93154951300382,43.449023486618465
42.675255198374415,32.49838257538799,29.93154951300382,43.449023486618465
44.08232584200469,33.758078959020935,30.58420695013487,44.39642944374418
43.748881525730845,35.63564173406182,31.251095582682563,45.36449358776502
44.01143881181346,36.04596387623044,31.93252572186296,46.353666370446234
44.89614786890738,36.46523309270904,32.62881444522818,47.36440806565381
47.41561944405326,36.1502991458158,32.62881444522818,47.36440806565382
47.10068549716003,32.371091783096965,32.62881444522818,47.36440806565382
47.68975168835063,27.445626067655873,33.34028574420638,48.397188983525396
49.94235925958733,20.366002272340523,33.34028574420638,48.397188983525396
49.62055817798208,17.791593619498578,33.34028574420638,48.397188983525396
51.55136466761355,15.538986048261876,33.34028574420638,48.397188983525396
52.194966830824036,13.929980640235662,33.34028574420638,48.397188983525396
53.48217115724501,12.96457739541993,33.34028574420638,48.397188983525396
55.42496211653497,14.414508053360443,32.67271464167891,47.428134157275835
56.698137311422045,17.727552846935346,32.01851028652573,46.478482673988964
58.5639063330749,21.283303966967843,31.377405036941074,45.54784602136607
59.78660650387728,20.83073928713258,30.749136610099477,44.63584346627343
61.28161586207324,21.871192591065487,30.133447974853176,43.74210189898042
63.03753933396346,22.599964321848,29.530087246577992,42.866255680516446
65.89840391457534,21.603994054794526,28.938807584124703,42.00794649308425
66.74676002109648,21.46591984572681,28.359367088833757,41.16682319346836
68.1255798470943,21.330610290588126,27.79152870557203,40.34254166937876
68.94030288011461,21.73449877594203,27.235060125751094,39.534764698670955
68.95009277076608,22.656046871745865,26.689733692287362,38.743161811384894
67.92924733958912,22.786313375347564,26.15532630646521,37.96740915454628
63.394518250634064,23.92377841602352,25.631619336664958,37.20718935967495
60.682366038932216,24.791071158650464,25.11839852891842,36.462191412946105
58.9942922038625,25.88344140361081,24.615453919255366,35.73211052795135
58.52796278036867,27.191528002708097,24.12257974780508,35.016648021007384
58.52796278036867,26.725864791930043,24.12257974780508,35.016648021007384
59.002297072351304,27.542096418731084,23.639574374617855,34.31551118896141
60.143145213366644,27.542096418731084,23.639574374617855,34.31551118896141
61.05582372617892,27.770266046934154,23.639574374617855,34.31551118896141
61.51216298258506,28.226605303340293,23.639574374617855,34.31551118896141
61.74033261078812,28.911114187949494,23.639574374617855,34.31551118896141
60.143145213366644,28.911114187949494,23.639574374617855,34.31551118896141
58.77412744414824,28.911114187949494,23.639574374617855,34.31551118896141
57.6332793031329,29.367453444355633,23.639574374617855,34.31551118896141
56.2642615339145,28.911114187949494,23.639574374617855,34.31551118896141
55.12341339289916,28.911114187949494,23.639574374617855,34.31551118896141
52.84171711086848,28.226605303340293,23.639574374617855,34.31551118896141
49.64734231602553,29.595623072558702,23.639574374617855,34.31551118896141
46.68963460990551,29.482832815911657,23.166240197171994,33.62841318944322
43.12034596477854,29.595901951290656,22.702383569532568,32.95507292351502
40.70998367570955,29.815025795751474,22.702383569532568,32.95507292351502
41.55809016114681,29.236609268742033,23.197409043266227,33.673658288612266
40.662482801589675,29.908314788409886,23.197409043266227,33.673658288612266
39.319071762253955,29.6844129485206,23.197409043266227,33.673658288612266
38.20790108296802,28.454223172593668,22.732928323166668,32.99941208201613
37.76906375694297,28.01538584656861,22.732928323166668,32.99941208201613
35.574877126817654,27.357129857531017,22.732928323166668,32.99941208201613
36.23313311585525,29.11247916163126,22.732928323166668,32.99941208201613
36.24130467418645,32.075876019732206,22.277747880479204,32.33866627811497
36.67135517937223,31.86085076713932,22.277747880479204,32.33866627811497
45.06534797006637,26.37892680672462,21.8316814961506,31.691150558928285
46.30236674123786,25.401254604034502,22.307721311174166,32.38217609686571
47.80956863830983,24.1093672636871,22.30772131117417,32.38217609686571
46.948310411411555,23.032794480064272,22.30772131117417,32.38217609686571
48.642931490337574,23.75632058879102,22.79414117436432,33.088269446657876
51.29123893979354,20.1274122529192,22.3377350693992,32.425744455579476
54.95651119146534,19.04939100242749,22.3377350693992,32.425744455579476
56.46574094215373,20.343016503017537,22.3377350693992,32.425744455579476
58.837387693235485,21.2054335034109,22.3377350693992,32.425744455579476
60.13101319382554,20.127412252919193,22.3377350693992,32.425744455579476
62.71826419500563,20.989829253312557,22.3377350693992,32.425744455579476
65.73672369638241,22.283454753902603,22.3377350693992,32.425744455579476
63.58871069791234,25.195335395970623,21.890467564175832,31.776485173803618
63.385292210539546,24.66831612955428,21.452155676905996,31.140225982605465
76.63691593577077,33.77880744065075,21.452155676905996,31.140225982605465
78.08631228071793,33.98586406135749,21.452155676905996,31.140225982605465
77.8792556600112,32.536467716410314,21.452155676905996,31.140225982605465
74.15223648728991,30.880014750756413,21.452155676905996,31.140225982605465
71.66755703880905,30.2588448886362,21.452155676905996,31.140225982605465
70.01110407315515,29.223561785102515,21.452155676905996,31.140225982605465
68.76876434891473,29.016505164395777,21.452155676905996,31.140225982605465
69.38993421103494,28.18827868156883,21.452155676905996,31.140225982605465
68.76876434891473,27.98122206086209,21.452155676905996,31.140225982605465
69.57016532518094,27.848772367793472,21.91991993144093,31.819238610156177
69.11961190780715,28.13657758980999,22.397883785546,32.51305710805063
68.44304936649984,27.998288791357172,22.886269641489832,33.222004318291674
63.996456200568744,26.97338974014572,23.38530475102252,33.94641012245202
59.67862048354221,26.377573590897992,23.895221321118566,34.68661159517209
57.34236859589732,25.53812853305021,24.416256622025557,35.442953161004816
55.662173276586785,24.444713195467905,24.948653097668824,36.21578675468052
53.94534129833868,22.364236411215764,25.492658478463493,37.00547198486633
52.68318506229567,20.730506094173798,26.048525896586387,37.81237630149634
52.14777013391254,20.318256661546734,26.616514003761456,38.63687516675047
52.37138980392756,23.236758520657983,27.196887091613476,39.47935222976147
52.337380621629265,27.531422708897214,27.789915214646108,40.340199505131416
52.83908746532967,29.77390166488612,28.395874315901466,41.2198175553408
52.80357897265269,30.968967766301823,29.015046355359694,42.11861567713501
54.203847910300226,31.80912912889034,29.015046355359694,42.11861567713501
55.324063060418254,34.04955942912639,29.015046355359694,42.11861567713501
57.2844395731248,34.609667004185404,29.015046355359694,42.11861567713501
59.524869873360856,35.44982836677392,29.015046355359694,42.11861567713501
59.80492366089037,36.009935941832936,29.015046355359694,42.11861567713501
60.925138811008395,36.85009730442145,29.015046355359694,42.11861567713501
61.4852463860674,37.97031245453948,29.015046355359694,42.11861567713501
61.4852463860674,37.69025866700998,29.015046355359694,42.11861567713501
57.56449336065431,38.530420029598496,29.015046355359694,42.11861567713501
54.203847910300226,39.650635179716524,29.015046355359694,42.11861567713501
53.36368654771171,36.57004351689195,29.015046355359694,42.11861567713501
53.65417005817021,32.23079874084623,28.43407933444269,41.27527645322323
53.92861634079881,29.76078219718878,28.43407933444269,41.27527645322323
55.026401471313235,28.114104501417145,28.43407933444269,41.27527645322323
57.50663890400761,29.625116171446045,27.864744991111632,40.448823374194276
58.582443130232896,29.89406722800237,27.864744991111632,40.448823374194276
57.24770408406814,30.29901975035054,27.30681040476527,39.63891832949794
57.521085627170024,26.215244286126236,26.760047318561497,38.845229978556986
56.23926230365877,22.47152657506674,26.224232046035112,38.06743361521224
55.7424552550579,23.10575465917381,25.699145379585346,37.305211034881935
55.999741694452695,24.719478210929573,25.18457250079576,36.55825040438093
55.75665971451106,24.719478210929573,25.18457250079576,36.55825040438093
56.48590565433598,24.47639623098793,25.18457250079576,36.55825040438093
55.513577734569424,24.47639623098793,25.18457250079576,36.55825040438093
54.7843317947445,24.47639623098793,25.18457250079576,36.55825040438093
54.29816783486122,24.96256019087121,25.18457250079576,36.55825040438093
52.119482839567794,25.085480345946795,24.680302892549797,35.82624613434647
51.413710119596026,25.920583555907626,24.18613025290604,35.108898754218444
50.47993013523186,25.920583555907626,24.18613025290604,35.108898754218444
49.31270515477666,25.68713855981659,24.18613025290604,35.108898754218444
48.378925170412494,25.45369356372555,24.18613025290604,35.108898754218444
46.97825519386625,24.98680357154347,24.18613025290604,35.108898754218444
45.811030213411044,25.45369356372555,24.18613025290604,35.108898754218444
44.64380523295584,24.28646858327035,24.18613025290604,35.108898754218444
43.71002524859168,25.220248567634513,24.18613025290604,35.108898754218444
42.784939189240525,25.104850557700242,23.701852410697942,34.40591478972282
39.133127244015725,24.99176315713844,23.227271242823498,33.71700664280831
37.572146005504976,24.65675003030149,22.762192593191024,33.04189247398697
35.163615737715865,24.548145979156132,22.306426193287873,32.380296087030786
36.463446323298626,25.94883089579172,21.859785584339626,31.731946815976876
37.51840168550957,25.104866606022956,21.859785584339626,31.731946815976876
24.22596412165156,25.315857678465147,21.859785584339626,31.731946815976876
22.299709229780774,26.657828707841485,22.33643820900615,32.42386191629925
21.868525764227186,29.244929501162996,22.33643820900615,32.42386191629925
20.57497536756643,29.244929501162996,22.33643820900615,32.42386191629925
19.900268884439157,29.75379527772771,22.82348424415353,33.13086422538416
17.889094163387348,27.850537056940524,23.321150318097295,33.853282719818665
16.73445054979365,28.156740221275687,23.829668000783407,34.59145354952431
19.264499120869967,29.766771130142434,23.829668000783407,34.59145354952431
19.034494705317574,29.996775545694828,23.829668000783407,34.59145354952431
17.624669672177074,29.15963339226635,24.349273911540486,35.34572019417169
19.974866290512196,28.689594068599327,24.349273911540486,35.34572019417169
21.824575288193238,30.654433972517495,24.880209829181627,36.116433623005605
23.985873678231364,34.736886487033956,24.880209829181624,36.116433623005605
26.14717206826949,29.693856910278328,24.880209829181624,36.116433623005605
24.435049987248085,29.5402417582633,25.42272280450693,36.903952458155246
26.15271426614035,29.04948053572265,25.422722804506932,36.903952458155246
27.870378545032615,29.29486114699297,25.422722804506932,36.903952458155246
27.624997933762295,29.29486114699297,25.422722804506932,36.903952458155246
28.361139767573263,29.04948053572265,25.422722804506932,36.903952458155246
26.36630425330486,26.92947091515535,25.977065275259204,37.70864314150532
24.36045516931228,26.678739779656276,25.977065275259204,37.70864314150532
19.56407977616546,27.521276975301383,26.54349518358623,38.53088010520584
10.084741643546153,30.08326025438768,26.54349518358623,38.53088010520584
5.216973413282183,29.827061926479054,26.54349518358623,38.53088010520584
4.704576757464924,30.339458582296317,26.54349518358623,38.53088010520584
4.192180101647665,29.570863598570426,26.54349518358623,38.53088010520584
2.6549901341958844,30.595656910204944,26.54349518358623,38.53088010520584
3.4235851179217747,30.851855238113572,26.54349518358623,38.53088010520584
3.167386790013145,29.827061926479054,26.54349518358623,38.53088010520584
1.3408063663223153,30.431772317766566,27.12227609606433,39.37104594589985
1.0,31.217126515112597,27.12227609606433,39.37104594589985
2.9212641104181767,30.564149962200503,26.579207932359385,38.58272119213461
1.0,31.939303040747575,27.15876756132448,39.42401742772911
3.4626465080759345,33.774261682178185,27.15876756132448,39.42401742772911
8.453011001409816,36.528186920890256,26.614968730585566,38.634632028269394
14.627894601692102,35.630535745907935,26.082058360364798,37.86105245859408
16.641850847958523,29.336922476325373,26.082058360364798,37.86105245859408
16.39010631717522,28.07819982240886,26.082058360364798,37.86105245859408
16.14773722004744,28.708989462861425,25.55981843148715,37.10296223925556
18.121368107314925,29.69580490649517,25.55981843148715,37.10296223925556
16.394441080955875,33.3963628201217,25.55981843148715,37.10296223925556
17.88385195615856,36.974968517728875,25.048035290166144,36.36005122766055
18.850908436754253,35.52438379683533,25.048035290166144,36.36005122766055
20.05972903749887,35.52438379683533,25.048035290166144,36.36005122766055
19.54487871259891,35.12796833832576,25.594207699668218,37.15288214467969
22.262272367275393,35.37500412511453,25.594207699668218,37.15288214467969
25.48293766681745,37.229174123700574,25.081735983514623,36.408971588972854
25.20948404025718,35.379688911601704,25.62864323663516,37.202869214470404
26.94106115505143,34.88495259308907,25.62864323663516,37.202869214470404
26.446324836538786,36.616529707883316,25.62864323663516,37.202869214470404
26.446324836538786,38.348106822677565,25.62864323663516,37.202869214470404
26.94106115505143,36.121793389370666,25.62864323663516,37.202869214470404
25.951588518026142,37.35863418565228,25.62864323663516,37.202869214470404
25.672172235138724,34.726716470734615,26.187475802409992,38.01407777769193
27.69426841088997,33.46290636089009,26.187475802409992,38.01407777769193
28.209205781743883,35.865579655990544,25.663125104639974,37.252923538993514
25.732195992624455,34.87477574034277,25.663125104639974,37.252923538993514
23.750588161328913,34.37937378251888,25.663125104639974,37.252923538993514
24.95700181334723,33.47782182581112,26.22270954754665,38.065223536761266
24.70389971459011,31.7061071345113,26.22270954754665,38.065223536761266
27.741124899675523,30.693698739482826,26.22270954754665,38.065223536761266
23.152496129962394,31.03799893614464,26.794495729230903,38.89523573598035
20.307665239736714,30.003514976062576,26.794495729230903,38.89523573598035
19.79042325969568,31.555240916185674,26.794495729230903,38.89523573598035
18.755939299613612,29.48627299602154,26.794495729230903,38.89523573598035
21.61040171560201,24.444631018824417,26.257990697664436,38.1164381095129
21.831009238218968,19.720541789650355,26.83054618482701,38.94756704249083
22.876529521502,19.074588717774528,26.293319316544043,38.167721588531684
25.160582151996806,16.282968836058654,26.293319316544043,38.167721588531684
24.906798526386275,15.521617959227054,26.293319316544043,38.167721588531684
23.637880398333607,16.029185210448123,26.293319316544043,38.167721588531684
25.38148648936926,13.83657624655542,26.866645144241286,38.999968757769615
24.31062075798325,15.745235485276584,27.452472341611468,39.85036307653278
59.551869224964264,14.420376520352487,27.452472341611468,39.85036307653278
57.69706667407053,15.480263692291768,27.452472341611468,39.85036307653278
55.84226412317679,15.215291899306951,27.452472341611468,39.85036307653278
53.467386027767915,14.289393984375415,26.90279267273283,39.05244097654766
54.506051124606984,17.145723000682835,26.90279267273283,39.05244097654766
56.07371922395193,18.57536076762916,26.364119216140598,38.27049563633313
57.3555309849943,19.212971996444963,25.83623159492118,37.50420715391785
56.61670263568452,20.33655997534035,25.31891384475841,36.75326203271382
58.32735315199281,19.603424039779654,25.31891384475841,36.75326203271382
60.0380036683011,19.359045394592755,25.31891384475841,36.75326203271382
60.282382313488,19.359045394592755,25.31891384475841,36.75326203271382
61.99303282979629,18.62590945903206,25.31891384475841,36.75326203271382
63.459304700917684,17.648394878284464,25.31891384475841,36.75326203271382
63.459304700917684,16.915258942723767,25.31891384475841,36.75326203271382
63.459304700917684,16.42650165234997,25.31891384475841,36.75326203271382
61.74865418460939,16.67088029753687,25.31891384475841,36.75326203271382
61.504275539422494,15.448987071602374,25.31891384475841,36.75326203271382
64.19244063647838,17.648394878284464,25.31891384475841,36.75326203271382
67.12498437872117,19.847802684966553,25.31891384475841,36.75326203271382
69.56877083059015,22.78034642720933,25.31891384475841,36.75326203271382
68.34687760465566,23.02472507239623,25.31891384475841,36.75326203271382
64.92557657203908,23.26910371758313,25.31891384475841,36.75326203271382
61.504275539422494,23.513482362770027,25.31891384475841,36.75326203271382
58.29569233898723,23.601537213832163,25.870992761143366,37.554666911337144
57.01480455422807,23.19209745783131,26.435109758300097,38.37354642333885
54.94053044224776,22.518577678259362,27.01152732657983,39.21028160309976
54.67981465906004,22.779293461447075,27.01152732657983,39.21028160309976
53.63695152630919,23.04000924463479,27.01152732657983,39.21028160309976
52.59408839355834,22.518577678259362,27.01152732657983,39.21028160309976
52.33337261037062,22.518577678259362,27.01152732657983,39.21028160309976
52.59408839355834,21.997146111883936,27.01152732657983,39.21028160309976
54.419098875872336,20.693567195945363,27.01152732657983,39.21028160309976
56.244109358186336,20.954282979133076,27.01152732657983,39.21028160309976
58.069119840500335,19.650704063194503,27.01152732657983,39.21028160309976
58.069119840500335,19.911419846382216,27.01152732657983,39.21028160309976
59.63341453962663,19.12927249681907,27.01152732657983,39.21028160309976
60.67627767237748,23.822156594197935,27.01152732657983,39.21028160309976
61.97985658831605,27.993609125201374,27.01152732657983,39.21028160309976
63.283435504254626,27.211461775638227,27.01152732657983,39.21028160309976
63.283435504254626,27.732893342013654,27.01152732657983,39.21028160309976
64.5870144201932,28.25432490838908,27.01152732657983,39.21028160309976
66.15130911931949,27.21146177563822,27.01152732657983,39.21028160309976
63.54415128744235,27.21146177563822,27.01152732657983,39.21028160309976
63.02271972106692,27.472177558825933,27.01152732657983,39.21028160309976
63.54415128744235,27.99360912520136,27.01152732657983,39.21028160309976
66.15130911931949,27.472177558825933,27.01152732657983,39.21028160309976
64.84773020338092,27.732893342013647,27.01152732657983,39.21028160309976
66.15130911931949,27.99360912520136,27.01152732657983,39.21028160309976
63.54415128744235,26.9507459924505,27.01152732657983,39.21028160309976
62.7620039378792,26.690030209262787,27.01152732657983,39.21028160309976
61.45842502194063,27.472177558825933,27.01152732657983,39.21028160309976
59.894130322814334,27.732893342013647,27.01152732657983,39.21028160309976
60.93699345556519,28.254324908389073,27.01152732657983,39.21028160309976
61.97985658831604,28.254324908389073,27.01152732657983,39.21028160309976
62.24057237150376,28.254324908389073,27.01152732657983,39.21028160309976
61.97985658831604,28.254324908389073,27.01152732657983,39.21028160309976
63.02271972106689,28.7757564747645,27.01152732657983,39.21028160309976
61.97985658831604,29.557903824327646,27.01152732657983,39.21028160309976
60.15484610600204,29.297188041139933,27.01152732657983,39.21028160309976
57.286972490937174,29.81861960751536,27.01152732657983,39.21028160309976
56.50482514137403,31.643630089829365,27.01152732657983,39.21028160309976
57.286972490937174,29.81861960751536,27.01152732657983,39.21028160309976
58.06911984050032,27.993609125201353,27.01152732657983,39.21028160309976
59.11198297325117,26.168598642887346,27.01152732657983,39.21028160309976
58.860976729812414,24.21470948233179,26.470676680706486,38.425175826832
57.32800383593355,22.17074562382664,26.470676680706486,38.425175826832
57.83899480055984,20.637772729947777,26.470676680706486,38.425175826832
55.53953545974155,18.593808871442626,26.470676680706486,38.425175826832
54.26205804817584,17.060835977563762,26.470676680706486,38.425175826832
52.21809418967069,16.038854048311187,26.470676680706486,38.425175826832
50.174130331165536,16.038854048311187,26.470676680706486,38.425175826832
47.87467099034724,18.338313389129482,26.470676680706486,38.425175826832
45.575211649528946,21.4042591768872,26.470676680706486,38.425175826832
43.02025682639751,22.426241106139777,26.470676680706486,38.425175826832
40.20980652095293,23.448223035392353,26.470676680706486,38.425175826832
37.910347180134636,23.448223035392353,26.470676680706486,38.425175826832
36.632869768568916,23.448223035392353,26.470676680706486,38.425175826832
38.93232910938721,24.725700446958072,26.470676680706486,38.425175826832
39.4433200740135,26.258673340836935,26.470676680706486,38.425175826832
41.99827489714493,27.536150752402655,26.470676680706486,38.425175826832
43.27575230871065,28.55813268165523,26.470676680706486,38.425175826832
44.55322972027637,28.55813268165523,26.470676680706486,38.425175826832
45.0311196147044,26.861724790637474,27.04786978572929,39.26303678573608
44.475163653060505,27.738992338605897,27.637648586407117,40.11916730284905
44.475163653060505,27.205474103257423,27.637648586407117,40.11916730284905
47.40951394747711,24.804642044189293,27.637648586407117,40.11916730284905
50.34386424189371,24.004364691166586,27.637648586407117,40.11916730284905
53.544973653984556,22.670569102795405,27.637648586407117,40.11916730284905
57.27960130142387,23.20408733814388,27.637648586407117,40.11916730284905
58.346637772120815,23.737605573492353,27.637648586407117,40.11916730284905
59.94719247816623,24.004364691166586,27.637648586407117,40.11916730284905
61.547747184211644,22.403809985121164,27.637648586407117,40.11916730284905
60.74746983118894,22.403809985121164,27.637648586407117,40.11916730284905
61.01422894886318,21.603532632098457,27.637648586407117,40.11916730284905
60.48071071351471,21.603532632098457,27.637648586407117,40.11916730284905
59.41367424281776,20.80325527907575,27.637648586407117,40.11916730284905
56.97828183771057,19.832337822207965,28.240287513833724,40.99396574588767
53.43479643465396,17.10657981985673,28.240287513833724,40.99396574588767
48.801007830656864,15.198549218210868,28.240287513833724,40.99396574588767
44.949632692980686,15.296764107136575,28.85606698307287,41.887839168976754
40.21480432847342,15.575283422695826,28.85606698307287,41.887839168976754
34.365898701729165,16.68936068493283,28.85606698307287,41.887839168976754
31.023666915018165,16.96788000049208,28.85606698307287,41.887839168976754
29.90958965278116,17.24639931605133,28.85606698307287,41.887839168976754
29.037947751379708,17.068236465070814,29.485273523638774,42.80120350205629
31.599279614494886,16.783644035835795,29.485273523638774,42.80120350205629
33.022241760669985,17.637421323540853,29.485273523638774,42.80120350205629
32.41618613684349,18.30915091929976,30.128199912821717,43.734483744418625
32.41618613684349,18.30915091929976,30.128199912821717,43.734483744418625
31.506117502984974,18.123133677430722,30.785145311920793,44.68811416246568
34.18036685443961,18.71741131108731,30.785145311920793,44.68811416246568
35.03328707498956,18.527337963259324,31.456415405447224,45.66253849177824
37.76584843355266,18.22372003453009,31.456415405447224,45.66253849177825
38.030130722053244,17.422266279894245,32.142322543363,46.658210143591475
37.71989240438808,15.560836373903193,32.142322543363,46.658210143591475
38.030130722053244,14.940359738572845,32.142322543363,46.658210143591475
36.78917745139255,13.078929832581792,32.142322543363,46.658210143591475
38.650607357383606,13.389168150246967,32.142322543363,46.658210143591475
40.82227558103983,14.940359738572845,32.142322543363,46.658210143591475
40.51203726337465,18.042742915224594,32.142322543363,46.658210143591475
40.82227558103983,20.21441113888082,32.142322543363,46.658210143591475
41.44275221637018,21.145126091876342,32.142322543363,46.658210143591475
42.06322885170053,22.075841044871865,32.142322543363,46.658210143591475
42.993943804696045,22.696317680202213,32.142322543363,46.658210143591475
44.855373710687104,23.006555997867387,32.142322543363,46.658210143591475
47.957756887338846,23.627032633197736,32.142322543363,46.658210143591475
48.888471840334375,24.55774758619326,32.142322543363,46.658210143591475
51.37037838165577,24.55774758619326,32.142322543363,46.658210143591475
51.99085501698612,24.867985903858433,32.142322543363,46.658210143591475
53.542046605311995,23.316794315532555,32.142322543363,46.658210143591475
56.02395314663339,23.316794315532555,32.142322543363,46.658210143591475
57.57514473495927,22.696317680202206,32.142322543363,46.658210143591475
61.29800454694137,20.834887774211154,32.142322543363,46.658210143591475
63.4696727705976,20.52464945654598,32.142322543363,46.658210143591475
67.50277090024487,18.04274291522458,32.142322543363,46.658210143591475
69.05396248857075,14.630121420907656,32.142322543363,46.658210143591475
65.29090932272481,9.15761720217435,32.84318588642103,47.675592415772485
61.48687255254245,2.1835497901733376,32.84318588642103,47.675592415772485
58.95084803908753,1.0,32.84318588642103,47.675592415772485
56.41482352563261,1.0,32.84318588642103,47.675592415772485
54.51280514054143,5.353580431991979,32.84318588642103,47.675592415772485
52.92778981963211,18.033702999266545,32.84318588642103,47.675592415772485
51.65977756290465,31.03082863072298,32.84318588642103,47.675592415772485
50.70876837035905,36.41988072181467,32.84318588642103,47.675592415772485
50.39176530617719,37.0538868501784,32.84318588642103,47.675592415772485
51.65977756290465,37.0538868501784,32.84318588642103,47.675592415772485
51.34277449872279,36.10287765763281,32.84318588642103,47.675592415772485
53.24479288381397,32.29884088745044,32.84318588642103,47.675592415772485
53.56179594799583,29.44581330981366,32.84318588642103,47.675592415772485
54.82980820472329,25.641776539631287,32.84318588642103,47.675592415772485
52.61078675545025,24.056761218721967,32.84318588642103,47.675592415772485
51.988586409669296,23.58305519083474,32.18556819289173,46.72098608645575
50.745963507632325,23.2723994653255,32.18556819289173,46.72098608645575
48.88202915457687,22.961743739816256,32.18556819289173,46.72098608645575
48.571373429067634,23.58305519083474,32.18556819289173,46.72098608645575
47.95006197804915,23.58305519083474,32.18556819289173,46.72098608645575
47.6394062525399,23.893710916343984,32.18556819289173,46.72098608645575
47.328750527030664,24.51502236736247,32.18556819289173,46.72098608645575
47.6394062525399,24.204366641853227,32.18556819289173,46.72098608645575
47.018094801521414,24.204366641853227,32.18556819289173,46.72098608645575
47.018094801521414,23.893710916343984,32.18556819289173,46.72098608645575
47.328750527030664,24.51502236736247,32.18556819289173,46.72098608645575
47.328750527030664,24.51502236736247,32.18556819289173,46.72098608645575
47.018094801521414,24.825678092871712,32.18556819289173,46.72098608645575
47.02966419742907,25.604079962373227,31.541117950057934,45.78549379847121
46.725228718104155,25.908515441698142,31.541117950057934,45.78549379847121
46.725228718104155,25.299644483048304,31.541117950057934,45.78549379847121
46.725228718104155,25.60407996237322,31.541117950057934,45.78549379847121
46.725228718104155,25.908515441698135,31.541117950057934,45.78549379847121
46.11635775945432,25.299644483048297,31.541117950057934,45.78549379847121
45.8119222801294,25.604079962373213,31.541117950057934,45.78549379847121
45.8119222801294,25.604079962373213,31.541117950057934,45.78549379847121
46.12769550184704,25.758024966186802,30.909571506622658,44.8687328321942
47.02271484443149,24.863005623602355,30.909571506622658,44.8687328321942
47.033825571697605,25.013868193248676,30.290670490367464,43.97032813117859
47.33707996565649,25.74644232078462,29.684161702449682,43.089912148717296
48.78031071707825,26.46434814818198,29.089797013816153,42.22712469747507
49.35231787446873,26.88710409585344,28.507333263691027,41.381612802132146
49.35231787446873,27.162257426821252,28.507333263691024,41.381612802132146
50.17777786737216,27.162257426821252,28.507333263691024,41.381612802132146
51.278391191243394,27.162257426821252,28.507333263691024,41.381612802132146
51.00323786027558,26.611950764885638,28.507333263691024,41.381612802132146
51.828697853179,26.611950764885638,28.507333263691024,41.381612802132146
52.37900451511462,26.061644102950023,28.507333263691024,41.381612802132146
51.51789665227161,25.610481069374778,29.128935665505807,42.283938869282636
47.8264818389837,25.430633475201986,29.76409210769216,43.205940156327344
33.42508283683882,35.301790009910235,30.413098136100388,44.14804568143606
31.919312793188936,39.2236830964473,31.076255740958057,45.110693817519774
34.28004149775386,40.23160685864663,31.753873497389648,46.0943324962108
35.772778891797394,41.87448639843033,32.44626670900023,47.09941941629067
38.23758140257581,44.17953291181752,33.15375755458998,48.12642225666289
34.72949103587456,46.90135450512754,32.48992129795285,47.162788980899315
33.486796444062335,52.70461065769079,31.839377006031945,46.218450492627035
35.95675565031807,56.24046849233771,31.201858534391427,45.29302045314886
49.82137472402905,16.338352509165883,30.577105067593994,44.38612025941065
48.34572068215888,23.12636110176867,30.577105067593994,44.38612025941065
48.050589873784844,24.011753526890768,30.577105067593994,44.38612025941065
48.050589873784844,24.011753526890768,30.577105067593994,44.38612025941065
47.75545906541081,24.3068843352648,30.577105067593994,44.38612025941065
47.46032825703678,24.602015143638834,30.577105067593994,44.38612025941065
48.34572068215888,24.897145952012867,30.577105067593994,44.38612025941065
48.34572068215888,24.011753526890768,30.577105067593994,44.38612025941065
48.34572068215888,24.3068843352648,30.577105067593994,44.38612025941065
48.34572068215888,24.011753526890768,30.577105067593994,44.38612025941065
48.64085149053291,23.421491910142702,30.577105067593994,44.38612025941065
49.231113107280976,22.831230293394636,30.577105067593994,44.38612025941065
49.231113107280976,21.945837868272537,30.577105067593994,44.38612025941065
50.116505532403075,21.35557625152447,30.577105067593994,44.38612025941065
50.12749675157673,20.914554511552257,29.964861012498595,43.497378889110884
48.93314060358155,21.59721000595561,30.618244806876127,44.44583923578794
48.046556933786306,19.824042666365123,30.618244806876127,44.44583923578794
35.596098032577665,34.11586640068436,31.28587563489006,45.4149807603243
31.329369391036046,35.734532701946904,31.96806415310884,46.405254415803164
29.47803115712474,36.04308907426545,31.96806415310884,46.405254415803164
27.00958017857633,33.574638095717035,31.96806415310884,46.405254415803164
25.118266497554302,31.834479320174545,32.66512779196738,47.41712098833975
22.923017167413064,29.47163480756222,32.01107534797853,46.467690021259166
21.069188064202727,30.089577841965664,32.01107534797853,46.46769002125917
17.682008047847553,28.39198749745514,31.37011896784752,45.53726946945609
16.773653066304597,26.575277534369228,31.37011896784752,45.53726946945609
57.35811851713962,22.792183011127207,30.741996429652925,44.625478688205874
53.79745040133528,23.97907238306199,30.74199642965292,44.625478688205874
53.500728058351584,24.86923941201308,30.74199642965292,44.625478688205874
53.204005715367884,25.16596175499678,30.74199642965292,44.625478688205874
52.907283372384185,25.46268409798048,30.74199642965292,44.625478688205874
53.500728058351584,25.16596175499678,30.74199642965292,44.625478688205874
53.500728058351584,25.46268409798048,30.74199642965292,44.625478688205874
53.79745040133528,25.16596175499678,30.74199642965292,44.625478688205874
53.79745040133528,25.75940644096417,30.74199642965292,44.625478688205874
53.79745040133528,25.16596175499678,30.74199642965292,44.625478688205874
53.500728058351584,25.46268409798048,30.74199642965292,44.625478688205874
53.204005715367884,25.16596175499678,30.74199642965292,44.625478688205874
52.610561029400486,25.46268409798048,30.74199642965292,44.625478688205874
52.610561029400486,25.16596175499678,30.74199642965292,44.625478688205874
52.31383868641679,25.46268409798048,30.74199642965292,44.625478688205874
52.01711634343309,24.869239412013087,30.74199642965292,44.625478688205874
52.90728337238417,25.46268409798048,30.74199642965292,44.625478688205874
52.61056102940047,25.16596175499678,30.74199642965292,44.625478688205874
52.31383868641677,25.75940644096417,30.74199642965292,44.625478688205874
51.720394000449375,25.46268409798047,30.74199642965292,44.625478688205874
51.720394000449375,25.165961754996772,30.74199642965292,44.625478688205874
51.720394000449375,25.46268409798047,30.74199642965292,44.625478688205874
51.720394000449375,24.86923941201308,30.74199642965292,44.625478688205874
52.017116343433074,25.46268409798047,30.74199642965292,44.625478688205874
52.61056102940047,25.165961754996772,30.74199642965292,44.625478688205874
52.31383868641677,25.46268409798047,30.74199642965292,44.625478688205874
52.31383868641677,25.165961754996772,30.74199642965292,44.625478688205874
52.61056102940047,25.46268409798047,30.74199642965292,44.625478688205874
52.90728337238417,24.86923941201308,30.74199642965292,44.625478688205874
53.797450401335254,25.16596175499678,30.74199642965292,44.625478688205874
53.797450401335254,25.46268409798048,30.74199642965292,44.625478688205874
54.09417274431895,24.869239412013087,30.74199642965292,44.625478688205874
54.39089508730265,25.165961754996786,30.74199642965292,44.625478688205874
