93,113,34,109
95.51361861275605,106.48495193524363,33.31921946740129,106.81749770431588
96.57847555729087,105.95252346297622,33.31921946740129,106.81749770431588
103.50004569676724,105.4200949907088,33.31921946740129,106.81749770431588
104.03247416903466,105.4200949907088,33.31921946740129,106.81749770431588
104.56490264130207,103.82280957390657,33.31921946740129,106.81749770431588
105.6297595858369,101.69309568483692,33.31921946740129,106.81749770431588
107.75947347490654,103.29038110163916,33.31921946740129,106.81749770431588
104.56490264130207,108.08223735204587,33.31921946740129,106.81749770431588
106.69461653037172,109.6795227688481,33.31921946740129,106.81749770431588
112.55132972531325,110.21195124111551,33.31921946740129,106.81749770431588
118.9404713925222,117.13352138059187,33.31921946740129,106.81749770431588
124.79718458746373,115.00380749152222,33.31921946740129,106.81749770431588
127.09606415855745,97.33394708251112,34.045745047887976,109.14665324175849
134.1685591349251,89.17337595593307,34.045745047887976,109.14665324175849
135.2566352851355,85.90914750530183,34.045745047887976,109.14665324175849
130.90433068429388,85.36510943019664,34.045745047887976,109.14665324175849
122.19972148261061,77.74857637872378,34.045745047887976,109.14665324175849
121.65568340750542,79.38069060403939,34.045745047887976,109.14665324175849
116.38815699617399,86.35129034364917,34.78811251865717,111.52659601569503
109.71734709217952,96.91340602497374,34.78811251865717,111.52659601569502
103.60243801351791,102.47241427830247,34.78811251865717,111.52659601569502
94.15212398285908,103.5842159289682,34.78811251865717,111.52659601569502
99.15523141085495,109.69912500762982,34.78811251865717,111.52659601569502
98.04342976018921,101.36061262763673,34.78811251865717,111.52659601569502
97.48752893485633,93.02210024764364,34.78811251865717,111.52659601569502
98.04342976018921,90.24259612097927,34.78811251865717,111.52659601569502
97.48752893485633,87.46309199431491,34.78811251865717,111.52659601569502
97.48752893485633,83.01588539165192,34.78811251865717,111.52659601569502
99.33185483945317,80.13226420259218,35.546667312126495,113.95843344181725
104.799929717635,86.38535678530013,34.83491792668947,111.67664864732797
107.58317350751639,97.51833194482572,34.83491792668947,111.67664864732797
111.47971481335034,104.19811704054106,34.83491792668947,111.67664864732797
119.27279742501824,106.42471207244617,34.83491792668947,111.67664864732797
119.0648976961473,106.42946291450785,34.13741986847876,109.4405519312995
118.51939469222766,98.7924208596328,34.13741986847876,109.4405519312995
118.51939469222766,90.60987580083811,34.13741986847876,109.4405519312995
112.51886164911154,84.06383975380236,34.13741986847876,109.4405519312995
108.70034062167402,77.5178037067666,34.13741986847876,109.4405519312995
108.15483761775437,75.88129469500767,34.13741986847876,109.4405519312995
105.97282560207579,73.15377967540944,34.13741986847876,109.4405519312995
105.42732259815614,80.24531872636483,34.13741986847876,109.4405519312995
100.51779556287931,94.97389983219527,34.13741986847876,109.4405519312995
91.78974750016498,108.06597192626678,34.13741986847876,109.4405519312995
85.24371145312922,118.43052900074007,34.13741986847876,109.4405519312995
84.32602522909349,117.23735338330908,34.881786308710936,111.82690316616147
85.44082062293371,104.41720635414646,34.881786308710936,111.82690316616147
86.55561601677394,91.03966162806373,34.881786308710936,111.82690316616147
89.13442505535495,83.24085110522901,34.183349806909796,109.58779791038722
91.66159871185494,76.69066972268791,33.49889806904049,107.39352616251212
93.26749771609101,76.15537005460922,33.49889806904049,107.39352616251212
96.47929572456317,74.54947105037314,33.49889806904049,107.39352616251212
101.8322924053501,73.47887171421576,33.49889806904049,107.39352616251212
102.90289174150749,78.296568726924,33.49889806904049,107.39352616251212
105.57939008190095,91.67906042889129,33.49889806904049,107.39352616251212
111.46768643076658,100.77915478622907,33.49889806904049,107.39352616251212
112.33835959397632,100.78372341975651,32.82815107877839,105.24319022314243
117.05959206732541,100.25914203382882,32.82815107877839,105.24319022314243
124.73238979642527,92.91947978681686,32.17083442655363,103.1359103674807
123.51223426462566,87.26901242663808,31.52667919728733,101.07082448542108
117.46682194981467,83.23873755009743,31.52667919728733,101.07082448542108
110.9176252754361,75.17818779701611,31.52667919728733,101.07082448542108
108.90248783716576,71.14791292047542,31.52667919728733,101.07082448542108
107.8949191180306,70.14034420134027,31.52667919728733,101.07082448542108
100.84193808408443,76.18575651615126,31.52667919728733,101.07082448542108
94.6083700781617,84.75439028794997,30.89542186037562,99.0470877288512
82.5752512504432,94.13884888970586,30.276804161876548,97.06387216601594
83.36217865316472,103.33540288190132,29.670573018855684,95.12036644280201
80.51743172639162,104.28365185749236,29.670573018855684,95.12036644280201
79.09505826300507,102.86127839410581,29.670573018855684,95.12036644280201
75.59910866214514,96.2275820853763,29.076480415847286,93.21577545080449
82.10394425309198,95.29831985809818,29.076480415847286,93.21577545080449
91.22303396846348,90.19134310517276,28.49428330338856,91.34932000203975
96.0615821199011,83.82063965264902,27.92374349858563,89.52023651017154
97.67977252190971,83.82444793764087,27.364627587670423,87.72777667811985
104.23891785614752,81.6380661595616,27.364627587670423,87.72777667811985
109.48623412353778,81.20078980394575,27.364627587670423,87.72777667811985
116.04537945777561,90.3835932718787,27.364627587670423,87.72777667811985
126.24166914028154,101.67087914388941,27.96131329221958,89.64068084858626
135.17789247128272,107.92623547559023,27.96131329221958,89.64068084858626
147.2417939681343,107.0326131424901,27.96131329221958,89.64068084858626
156.6248284656855,99.43682331113911,27.96131329221958,89.64068084858626
165.84098588132252,95.86614738755931,27.401445122947912,87.84580936474472
160.86093862771028,96.30774912650583,26.852787169866296,86.08687651515953
149.70440778409284,95.44955444622755,26.852787169866296,86.08687651515953
144.55523970242325,91.15858104483624,26.852787169866296,86.08687651515953
139.40607162075366,82.14753690191445,26.852787169866296,86.08687651515953
132.96961151866668,82.14753690191445,26.852787169866296,86.08687651515953
123.9585673757449,92.87497040539276,26.852787169866296,86.08687651515953
117.09300993351877,105.3187932694276,26.852787169866296,86.08687651515953
110.65654983143179,117.76261613346244,26.852787169866296,86.08687651515953
111.94384185184919,123.7699788954103,26.852787169866296,86.08687651515953
117.79094337294116,136.64656132583175,26.31511497129978,84.36316270210806
118.63195445817492,135.38504469798113,26.31511497129978,84.36316270210806
119.05246000079178,122.76987841947474,26.31511497129978,84.36316270210806
117.37043783032426,115.6212841949878,26.31511497129978,84.36316270210806
117.37043783032426,110.57521768358524,26.31511497129978,84.36316270210806
117.08353728934966,108.3939316743749,26.888916053248973,86.20270146482751
117.08353728934966,107.10490767645396,26.88891605324897,86.20270146482751
120.79013241995838,101.52280417235926,26.350520447609767,84.47666849380772
123.31656027204511,104.4703033331271,26.350520447609767,84.47666849380772
123.31656027204511,107.83887380257607,26.350520447609767,84.47666849380772
131.45069989648744,114.07607917190137,26.925093545969897,86.31868225031519
135.4596767497716,118.72827573003714,27.512195210739772,88.20086111678333
137.21821447051366,124.4435233224488,27.512195210739772,88.20086111678333
141.61455877236878,116.09046914892404,27.512195210739772,88.20086111678333
148.4845129738063,95.87103751776574,26.961319713430147,86.43481908129073
153.65449276137466,87.68523618744918,26.961319713430147,86.43481908129073
153.22366111241064,86.3927412405571,26.961319713430147,86.43481908129073
147.03110904845127,79.93394353418675,26.421474372427994,84.70413842925441
145.34228854664715,76.13409740512752,26.421474372427994,84.70413842925441
141.96464754303895,80.77835378508881,26.421474372427994,84.70413842925441
134.7871604103715,82.88937941234394,26.421474372427994,84.70413842925441
120.00998101958558,92.60009729771754,26.421474372427994,84.70413842925441
113.81104913892582,96.32086680845389,26.997594621118786,86.5511121677043
109.06552474859947,100.20356858235725,26.997594621118786,86.5511121677043
96.1231855022549,96.75227811666535,26.997594621118786,86.5511121677043
88.78919326265964,88.55546326064713,26.997594621118786,86.5511121677043
89.65201587908261,80.3586484046289,26.997594621118786,86.5511121677043
96.55459681046639,73.02465616503363,26.997594621118786,86.5511121677043
98.71165335152382,71.29901093218768,26.997594621118786,86.5511121677043
107.77129082396503,76.47594663072552,26.997594621118786,86.5511121677043
113.94811917178058,87.61183976023874,27.58627717183228,88.43835916852109
120.56039264858613,100.83638671384985,27.58627717183228,88.43835916852109
124.52775673466947,118.90993421711839,27.58627717183228,88.43835916852109
127.44884554400134,119.35451470969755,27.03391833461299,86.66756171978868
130.04079602814443,118.4905312149832,27.03391833461299,86.66756171978868
137.81664748057364,111.14667150991119,27.03391833461299,86.66756171978868
139.11262272264514,109.41870452048246,27.03391833461299,86.66756171978868
133.928721754359,92.13903462619533,27.03391833461299,86.66756171978868
127.44884554400134,92.57102637355251,27.03391833461299,86.66756171978868
116.64905186007188,95.16297685769558,27.03391833461299,86.66756171978868
108.44120866028548,101.64285306805326,27.03391833461299,86.66756171978868
88.56958828185527,112.87463849933991,27.03391833461299,86.66756171978868
76.90581110321146,121.94646519384065,27.03391833461299,86.66756171978868
73.01788537699686,127.56235790948398,27.03391833461299,86.66756171978868
69.6992058508535,119.27360511276197,27.623392923899228,88.55734790308867
70.41716818042232,116.6289044710102,27.070290919578177,86.78416794805942
81.66406533413313,108.84259105690273,27.070290919578177,86.78416794805942
88.58523281333977,101.05627764279527,27.070290919578177,86.78416794805942
98.10183809724892,102.35399654514652,27.070290919578177,86.78416794805942
109.34873525095972,107.97744512200191,27.070290919578177,86.78416794805942
113.94547855884377,104.08798030470639,26.528263652818396,85.0464922987413
121.99979853310151,112.14230027896413,26.528263652818396,85.0464922987413
135.1410574384694,133.33787915858977,26.528263652818396,85.0464922987413
130.74361722404714,129.9502045050586,25.997089374627667,83.34361005395337
135.31327698211624,110.00987101530252,25.99708937462767,83.34361005395337
139.0520895114455,99.20885704168462,25.99708937462767,83.34361005395337
132.6655809807985,97.55070810901262,25.476550776084274,81.67482454685836
129.663794076975,97.14707703666147,24.966434899433658,80.03945305994904
126.4721608985388,97.546031183966,24.966434899433658,80.03945305994904
122.08366527818906,103.92929754083832,24.966434899433658,80.03945305994904
114.90249062670767,112.30733463423326,24.966434899433658,80.03945305994904
101.33804961835395,118.69060099110558,24.966434899433658,80.03945305994904
101.73700376565847,123.87700490606437,24.966434899433658,80.03945305994904
102.53491206026752,122.28118831684628,24.966434899433658,80.03945305994904
104.52968279679013,118.69060099110558,24.966434899433658,80.03945305994904
111.31190330096699,113.5041970761468,24.966434899433658,80.03945305994904
122.08366527818906,106.72197657196995,24.966434899433658,80.03945305994904
127.91897426468657,101.14002347220148,24.4665330509652,78.43682654574134
128.94585224361535,100.3614284460163,23.97664071563343,76.86628935306008
129.18589386473766,101.1309736431437,23.496557473388812,75.32719895880528
129.18589386473766,109.0157609935236,23.496557473388812,75.32719895880528
126.55763141461102,117.65148047251111,23.496557473388812,75.32719895880528
131.29845946435918,126.66587051405281,23.026086917183815,73.81892570508926
131.29845946435918,124.4581817730352,23.026086917183818,73.81892570508926
132.402303834868,117.46716742647939,23.026086917183818,73.81892570508926
138.289473810915,108.63641246240888,23.026086917183818,73.81892570508926
136.44973319340033,105.69282747438538,23.026086917183818,73.81892570508926
131.66640758786215,101.64539811585308,23.026086917183818,73.81892570508926
127.11360715460552,96.49726472153219,22.565036572620738,72.34085254163703
122.42605787122415,96.13668400742594,22.565036572620738,72.34085254163703
119.54141215837407,100.46365257670107,22.565036572620738,72.34085254163703
109.80573287750505,110.55991257167634,22.565036572620738,72.34085254163703
101.51237645306107,125.70430256413925,22.565036572620738,72.34085254163703
97.90656931199847,134.3582397026895,22.565036572620738,72.34085254163703
94.66134288504213,123.18023756539543,22.565036572620738,72.34085254163703
93.9401814568296,112.36281614220763,22.565036572620738,72.34085254163703
93.57960074272334,110.55991257167634,22.565036572620738,72.34085254163703
96.69015583227957,105.1542793160161,22.113217819208437,70.89237477334466
95.63007336618968,104.44755767195616,22.113217819208437,70.89237477334466
96.3367950102496,108.68788753631571,22.113217819208437,70.89237477334466
100.0917892335556,113.9913157029315,21.670445813195727,69.47289981289215
106.88816681145958,120.22741003688037,21.236539411949874,68.08184693830987
108.92427781575492,120.90611370497882,21.236539411949874,68.08184693830987
111.51234981014979,116.49743613569589,20.811321099849263,66.71864705539907
115.835590900137,102.86259885189006,20.811321099849263,66.71864705539907
118.49604695551375,96.2114587134482,20.811321099849263,66.71864705539907
112.38581591608866,92.88872692562778,20.394616915659903,65.38274246490965
106.51964773423373,93.8664216226036,20.394616915659903,65.38274246490965
103.79074391045316,94.1951013055434,19.98625638136609,64.07358663437948
97.72266097484155,94.83384687771306,19.98625638136609,64.07358663437948
83.23160478940977,107.93085686493966,19.586072432426064,62.79064397454234
64.13994687646829,116.69424082497837,19.586072432426064,62.79064397454234
56.315496912148,128.900382769318,19.586072432426064,62.79064397454234
54.12465092213832,127.96144877359957,19.586072432426064,62.79064397454234
53.4986949249927,117.320196822124,19.586072432426064,62.79064397454234
57.88038690501205,116.06828482783276,19.586072432426064,62.79064397454234
66.64377086505075,110.43468085352215,19.586072432426064,62.79064397454234
72.78643837943511,106.05566005352195,19.19390134942418,61.53338962021278
78.92066345173835,106.3623713071371,19.19390134942418,61.53338962021279
84.44146601681126,110.34961760413421,19.19390134942418,61.53338962021279
92.72266986442064,114.03015264751616,19.19390134942418,61.53338962021279
102.84414123372098,113.723441393901,19.19390134942418,61.53338962021279
114.19245761748196,116.48384267643746,19.19390134942418,61.53338962021279
123.08708397232165,106.66908256075229,19.19390134942418,61.53338962021279
133.51526659523716,93.17378740168516,19.19390134942418,61.53338962021279
135.8544046997096,88.88244754616983,18.809582691091585,60.30130921555829
135.55383471228825,83.77275776000715,18.809582691091585,60.30130921555829
136.45554467455224,79.26420794868714,18.809582691091585,60.30130921555829
134.95269473744557,80.46648789837248,18.809582691091585,60.30130921555829
128.34015501417622,87.07902762164183,18.809582691091585,60.30130921555829
114.70224732400663,100.00610236186014,18.43295922866803,59.09389870367101
109.98942032343936,104.42437767489196,18.43295922866803,59.093898703671
109.98942032343936,110.6099631131365,18.43295922866803,59.093898703671
109.105765260833,101.47886079953739,18.43295922866803,59.093898703671
108.81121357329754,95.88237873636376,18.43295922866803,59.093898703671
112.345833823723,91.16955173579646,18.43295922866803,59.093898703671
114.70224732400663,90.28589667319011,18.43295922866803,59.093898703671
114.40769563647117,89.69679329811919,18.43295922866803,59.093898703671
115.88045407414845,93.52596523608011,18.43295922866803,59.093898703671
118.23686757443208,97.94424054911195,18.43295922866803,59.093898703671
122.5451323734735,106.19420171669289,18.06387688157794,57.91066412035278
127.16359464240867,109.08074063477737,18.06387688157794,57.91066412035278
131.78205691134383,108.21477895935202,18.06387688157794,57.91066412035278
142.75090480006486,98.11189274605634,18.06387688157794,57.91066412035278
152.85379101336054,88.2976604245691,18.06387688157794,57.91066412035278
152.56513712155208,82.2359286965917,18.06387688157794,57.91066412035278
149.5707904252509,78.19723779181828,17.70218465439446,56.751121392029276
144.65628009188194,79.04827460636844,17.347734575065655,55.61479613771046
141.3297575749402,83.20642775254561,17.347734575065655,55.61479613771046
132.4590308630956,98.4529892885285,17.347734575065655,55.61479613771046
119.98457142456412,105.10603432241194,17.347734575065655,55.61479613771046
116.10362848813212,110.65023851731482,17.347734575065655,55.61479613771046
110.83663450297439,106.76929558088281,17.347734575065655,55.61479613771046
105.8468507275618,98.73019949827363,17.347734575065655,55.61479613771046
105.1888965686704,94.57441226400326,17.000381634377586,54.50122347491635
111.16540868561927,92.9444544139263,17.000381634377586,54.50122347491635
118.7718786526451,88.59790014705439,17.000381634377586,54.50122347491635
122.8467732778375,94.03109298064426,17.000381634377586,54.50122347491635
134.69833682392976,104.89979718717878,16.659983726629555,53.40994782948885
141.35384213389642,116.61348653272007,16.659983726629555,53.40994782948885
148.5417878686604,121.67167056829474,16.659983726629555,53.40994782948885
152.00265062984306,126.19741417907206,16.659983726629555,53.40994782948885
157.76006615778124,114.21977673647342,16.32640159149718,52.34052274921153
161.93430130299035,105.87130644605523,16.32640159149718,52.34052274921153
158.2818455509324,99.34906403166599,16.32640159149718,52.34052274921153
155.41205888860114,96.47927736933474,16.32640159149718,52.34052274921153
152.02049283311874,98.82728463851487,16.32640159149718,52.34052274921153
146.5418092050318,103.26240948029954,16.32640159149718,52.34052274921153
138.45422861118917,111.34999007414217,16.32640159149718,52.34052274921153
123.32262620980617,117.61134279195582,16.32640159149718,52.34052274921153
119.40928076117264,117.35045309538026,16.32640159149718,52.34052274921153
112.00693097769997,109.26509912241153,15.999498757059534,51.29251072116143
103.73013447070183,101.34163784308888,15.67914148396708,50.26548299271797
103.63655913143145,95.58120149411586,15.3651987107275,49.259019396155786
107.81056980481806,88.70636038500851,15.3651987107275,49.259019396155786
113.45776071587052,87.7242402265646,15.3651987107275,49.259019396155786
117.87730142886811,95.0901414148939,15.3651987107275,49.259019396155786
122.78790222108765,101.22839240516832,15.3651987107275,49.259019396155786
128.18956309252914,112.27724418766229,15.3651987107275,49.259019396155786
134.8188741620255,113.50489438571717,15.3651987107275,49.259019396155786
142.0172562714111,108.54830721375299,15.700236868614912,50.333112314088964
148.28935182452847,93.99704553052072,15.700236868614912,50.333112314088964
148.79111946877785,88.97936908802684,15.700236868614912,50.333112314088964
146.5331650696556,88.72848526590215,15.700236868614912,50.333112314088964
143.0207915599099,88.47760144377746,15.700236868614912,50.333112314088964
138.003115117416,87.72494997740338,15.700236868614912,50.333112314088964
129.97483280942578,95.5023484632689,15.700236868614912,50.333112314088964
122.35461690616823,106.79426168240335,15.385871703398982,49.325294578543776
111.93665562287595,110.48426582503264,15.077801058318528,48.33765633402115
111.45478055431458,110.24332829075196,15.077801058318528,48.33765633402115
104.70852959445553,103.01520226233154,15.077801058318528,48.33765633402115
96.2757158946317,95.78707623391112,15.077801058318528,48.33765633402115
95.0710282232283,95.30520116534976,15.077801058318528,48.33765633402115
98.44415370315782,90.00457541117478,15.077801058318528,48.33765633402115
104.22665452589416,89.04082527405207,15.077801058318528,48.33765633402115
106.87696740298165,92.17301321970092,15.077801058318528,48.33765633402115
115.55071863708615,101.81051459092815,15.077801058318528,48.33765633402115
121.0922819255418,106.62926527654177,15.077801058318528,48.33765633402115
125.67009507687473,105.18364007085769,15.077801058318528,48.33765633402115
132.97477291353752,101.52445082702718,15.406572510395163,49.39165893038448
137.16002292620394,96.35443610549808,15.406572510395161,49.39165893038448
144.54575824267405,95.12348021941975,15.406572510395161,49.39165893038448
147.74624354647779,79.12105370040112,15.406572510395161,49.39165893038448
146.0229053059681,77.64390663710711,15.406572510395161,49.39165893038448
142.82242000216436,80.59820076369516,15.406572510395161,49.39165893038448
138.14478763506662,90.44584785232198,15.406572510395161,49.39165893038448
134.9443023312629,91.67680373840034,15.406572510395161,49.39165893038448
123.86569935655771,110.14114202957563,15.406572510395161,49.39165893038448
108.92625856682288,124.37412010102739,15.742512823984327,50.468644053361515
103.89507105012571,124.37412010102739,15.742512823984327,50.468644053361515
97.93757265986046,115.52242630668528,16.085778316111305,51.56911283694507
93.3107693554116,111.40971225828628,16.085778316111305,51.56911283694507
94.59599249553628,110.38153374618653,16.085778316111305,51.56911283694507
97.93757265986046,104.98359655766285,16.085778316111305,51.56911283694507
104.62073298850885,100.35679325321397,16.085778316111305,51.56911283694507
111.8179825732071,103.44132878951322,16.085778316111305,51.56911283694507
121.23263160459469,104.98579036194795,15.763693471131685,50.53654671627511
126.77438396429314,103.72630118928922,15.763693471131685,50.53654671627511
129.29336230961061,104.23009685835271,15.763693471131685,50.53654671627511
134.58321683477732,102.97060768569398,15.763693471131685,50.53654671627511
139.44930985734325,90.07663909306413,16.107420807269712,51.63849611742349
142.2806049922941,86.98795349129958,16.107420807269712,51.63849611742349
139.19191939052953,82.09753462183905,16.107420807269712,51.63849611742349
