206,85,49,57
200.5748031496063,88.75590551181102,49.0,57.0
198.7886121456693,89.38643151574803,50.068445,58.242885
200.49430238188978,90.66569919291338,50.068445,58.242885
204.4069420109997,86.13172587058116,49.06592668666207,57.0766902273416
208.241239025681,79.18123018904646,48.08348175424456,55.9338461222845
207.42220494791303,70.99088941136701,48.08348175424456,55.9338461222845
206.19365383126114,66.07668494475934,48.08348175424456,55.9338461222845
201.35131906573795,64.58908024377217,47.12070827430764,54.813885135419106
200.54868447196057,64.18776294688348,47.12070827430764,54.8138851354191
203.75922284707008,66.5956667282156,47.12070827430764,54.8138851354191
205.36449203462482,69.80620510332511,47.12070827430764,54.8138851354191
204.04812391888677,72.01781779885702,48.148175318228915,56.009101900796914
202.29298437583776,67.30649835991014,49.19804628104289,57.23038036774379
204.27065999867096,52.01720975721249,50.270809680201026,58.47828881166244
205.20209118202342,38.04569794386653,49.26423942760527,57.307380558642876
204.36294456795846,24.19977881179492,49.26423942760527,57.307380558642876
199.82127275350405,17.64076419604509,48.27782368773481,56.15991735103846
194.13702201133484,14.502458117379362,47.3111589076512,55.0354297497167
188.0929321299942,9.667186212306866,47.3111589076512,55.0354297497167
180.84002427238545,7.652489585193322,47.3111589076512,55.0354297497167
176.00475236731296,1.0,47.3111589076512,55.0354297497167
168.3489051842815,1.0,47.3111589076512,55.0354297497167
173.58711641477672,1.0,47.3111589076512,55.0354297497167
172.37829843850858,1.0,47.3111589076512,55.0354297497167
158.96843011499124,1.0,48.342778727632535,56.235477295409275
103.27016703649748,25.213012880487184,49.39689301778856,57.461691877835676
81.6964629033584,27.1107553256306,50.473992270041435,58.71464406923188
59.34288381027882,27.540631846651358,50.473992270041435,58.71464406923188
37.298765058516636,26.4706189186658,51.574577671489685,59.99491688316148
22.80351576598322,27.788368854350658,51.57457767148968,59.99491688316148
20.484224018673324,36.35852382282599,52.699161337616516,61.30310604579882
11.956495356134383,46.68156378274155,52.699161337616516,61.30310604579882
1.9565584384237624,48.257345790798,53.84826655058325,62.63982027312747
1.0,52.55337912016259,52.77006503347079,61.38558585526196
1.0,49.85678894168859,52.77006503347079,61.38558585526196
1.0,43.72987396362754,51.71345229880153,60.156464919014034
1.0,20.827371226122004,51.71345229880153,60.15646491901403
1.0,1.007897703280669,51.71345229880153,60.15646491901403
1.0,1.0,52.84106412617689,61.46817663657313
1.0,1.0,52.84106412617689,61.46817663657313
1.0,1.0,52.84106412617689,61.46817663657313
1.0,1.0,51.78302977973861,60.23740198867554
1.0,1.0,51.78302977973861,60.23740198867554
1.0,1.0,50.7461804093555,59.03127108843397
1.0,1.5588369388559755,50.7461804093555,59.03127108843397
1.0,18.41442988536695,50.7461804093555,59.03127108843397
1.0,10.202730757579552,50.7461804093555,59.03127108843397
1.0,1.0,49.73009182916634,57.8492904951527
1.0,1.0,49.73009182916634,57.8492904951527
1.0,1.0,49.73009182916634,57.8492904951527
1.0,1.0,48.73434834676508,56.69097664827777
1.0,1.0,47.75854259313679,55.55585566956731
1.0,1.0,46.80227535599873,54.44346316922303
1.0,1.0,46.80227535599873,54.44346316922304
1.0,1.0,45.86515541647848,53.35334405590356
1.0,1.0,45.86515541647849,53.35334405590356
1.0,1.0,44.94679938906222,52.28505235054179
1.0,1.0,44.94679938906222,52.28505235054179
1.0,1.0,44.94679938906222,52.28505235054179
1.0,1.0,44.04683156474771,51.238151003890216
1.0,1.0,44.04683156474771,51.23815100389021
1.0,1.0,44.04683156474771,51.23815100389021
1.0,1.0,44.04683156474771,51.23815100389021
1.0,1.0,44.04683156474771,51.23815100389021
1.0,1.0,44.04683156474771,51.23815100389021
1.0,1.0,43.16488375733786,50.21221171771957
1.0,1.0,42.300595152811916,49.20681476959756
1.0,1.0,42.300595152811916,49.20681476959756
1.0,1.0,42.300595152811916,49.20681476959756
1.0,1.0,42.300595152811916,49.20681476959756
1.0,1.0,42.300595152811916,49.20681476959756
1.0,1.0,42.300595152811916,49.20681476959756
1.0,1.0,42.300595152811916,49.20681476959756
1.0,1.0,42.300595152811916,49.20681476959756
1.0,1.0,42.300595152811916,49.20681476959756
1.0,1.0,42.300595152811916,49.20681476959756
1.0,1.0,42.300595152811916,49.20681476959756
1.0,1.0,42.300595152811916,49.20681476959756
1.0,1.0,43.22295963011898,50.27976936564863
1.0,1.0,42.357508174898825,49.273019713657845
1.0,1.0,41.50938561681465,48.2864281664987
1.0,1.0,40.67824498010698,47.319591099308155
1.0,1.0,39.863746236497036,46.37211296898638
1.0,1.0,39.065556166077556,45.44360615237596
1.0,1.0,39.065556166077556,45.44360615237596
1.0,1.0,39.065556166077556,45.44360615237596
1.0,1.0,39.065556166077556,45.44360615237596
1.0,1.0,39.065556166077556,45.44360615237596
1.0,1.0,39.065556166077556,45.44360615237596
1.0,1.0,39.065556166077556,45.44360615237596
1.0,1.0,39.065556166077556,45.44360615237596
1.0,1.0,39.065556166077556,45.44360615237596
1.0,1.0,39.065556166077556,45.44360615237596
1.0,1.0,38.28334822098911,44.53369078768124
1.0,1.0,39.118116628947774,45.50474791530663
1.0,1.0,39.97108716204198,46.496978943599885
1.0,1.0,39.97108716204198,46.496978943599885
1.0,1.0,39.97108716204198,46.496978943599885
1.0,1.0,40.84265671761031,47.510845569465076
1.0,1.0,40.84265671761031,47.510845569465076
21.55334250731061,15.018209039736945,40.024865964876156,46.559537959141664
33.388776686698,4.284089276662858,40.89760816724028,47.57476868434075
39.65847268405414,1.0,40.89760816724028,47.57476868434075
41.748371349839516,1.0,40.89760816724028,47.57476868434075
48.01806734719565,1.0,40.89760816724028,47.57476868434075
53.93944690025422,1.0,40.89760816724028,47.57476868434075
51.50123179017128,3.9357728323652914,40.89760816724028,47.57476868434075
48.71470023579078,7.767253719638486,40.89760816724028,47.57476868434075
52.10029495002064,13.169949357116032,41.789380513326954,48.6121365155028
51.80684546250784,13.300717228453287,40.95263355089069,47.638777804097344
48.22129361854644,12.083765285294604,41.84560572546786,48.67754135411569
40.73709641905331,10.65820391396258,41.84560572546786,48.67754135411569
33.60928956239319,8.163471514131537,41.84560572546786,48.67754135411569
32.60266456977734,10.789147725962671,41.00773296803551,47.70287304444949
32.9519189241572,5.899586764644599,41.00773296803551,47.70287304444949
25.966831836559955,3.8040606383654243,41.00773296803551,47.70287304444949
23.52205135590092,4.851823701505012,41.00773296803551,47.70287304444949
16.536964268303677,1.0,41.00773296803551,47.70287304444949
5.011570573768221,1.0,41.00773296803551,47.70287304444949
13.044420724505052,1.0,41.00773296803551,47.70287304444949
15.899749238850042,1.0,40.1866369006636,46.74772047628216
1.0,1.0,39.3819816044111,45.81169288676395
1.0,1.0,39.3819816044111,45.81169288676395
1.0,1.0,39.3819816044111,45.81169288676395
1.0,1.0,39.3819816044111,45.81169288676395
1.0,1.0,38.59343788642746,44.894407337272774
1.0,1.0,37.820683145276355,43.99548855675006
1.0,1.0,37.063401238956104,43.11456878817344
1.8401657584420548,1.0,37.063401238956104,43.11456878817344
1.8401657584420548,1.0,37.063401238956104,43.11456878817344
1.0,1.0,37.87156870297154,44.05468196059957
1.0,1.0,38.69735825853983,45.01529430075044
1.0,1.0,37.922522724263004,44.11395500577537
1.0,1.0,37.163201688447984,43.23066318860279
1.0,1.0,37.163201688447984,43.23066318860279
1.075767998239975,1.0,37.163201688447984,43.23066318860279
1.0,1.0,37.163201688447984,43.23066318860279
1.0,1.0,36.41908450496166,42.36505748536359
5.986358550195025,10.996006241644245,36.41908450496166,42.36505748536359
1.0,16.737596949679777,37.21320264259235,43.288827563831944
1.0,22.92132016990097,38.024636526214074,44.2327404488613
1.0,24.659547059774404,37.263270870149704,43.34707019588846
1.0,30.17133207770084,36.51715000575704,42.479133680166385
1.0,38.257565840826864,36.51715000575704,42.479133680166385
1.0,41.67866474061095,36.51715000575704,42.479133680166385
1.0,43.54471868594772,36.51715000575704,42.479133680166385
1.0,35.14747593193224,36.51715000575704,42.479133680166385
1.0,28.775176350084443,37.313406461632574,43.40539119006242
1.5765143546934794,22.853917648603986,36.566281734455444,42.536286915591056
1.0,18.49393354978253,36.566281734455444,42.536286915591056
1.0,15.850189632274567,37.36360950767525,43.46379065178552
2.7816625091189806,17.603852430741604,38.178323012990106,44.41151860694771
4.407446792976025,16.95353871719879,38.178323012990106,44.41151860694771
1.0,1.0,39.01080134628835,45.37991177017221
1.0,1.0,39.01080134628835,45.3799117701722
1.0,1.0,38.22968975459339,44.471271755343366
1.0,1.0,37.464218326587044,43.580825400315575
1.0,1.0,37.464218326587044,43.580825400315575
1.0,1.0,37.464218326587044,43.580825400315575
1.0,1.0,38.28112560719828,44.53110529816946
1.0,1.0,38.28112560719828,44.53110529816946
1.0,1.0,38.28112560719828,44.53110529816946
1.0,1.0,38.28112560719828,44.53110529816946
1.0,1.0,39.11584555106323,45.502106049196044
1.0,1.0,39.11584555106323,45.502106049196044
