111,98,25,101
111.0,99.41732283464566,25.0,101.0
110.5275590551181,103.19685039370077,25.0,101.0
110.05511811023621,104.14173228346456,25.0,101.0
109.11023622047243,104.14173228346456,25.0,101.0
108.63779527559053,104.14173228346456,25.0,101.0
107.69291338582676,107.92125984251967,25.0,101.0
106.27559055118108,110.28346456692913,25.0,101.0
103.91338582677163,111.22834645669292,25.0,101.0
102.49606299212596,113.59055118110237,25.0,101.0
98.24409448818895,115.95275590551182,25.0,101.0
94.46456692913384,116.42519685039372,25.0,101.0
93.04724409448816,115.95275590551182,25.0,101.0
87.37795275590548,111.70078740157481,25.0,101.0
86.4330708661417,110.28346456692915,25.0,101.0
86.9055118110236,109.33858267716536,25.0,101.0
86.4330708661417,108.86614173228347,25.0,101.0
87.37795275590548,108.39370078740157,25.0,101.0
89.99044444082917,110.34974199764287,24.499426078971535,98.977681359045
92.76833212222436,111.73868583834047,24.499426078971535,98.977681359045
93.23131340245689,112.201667118573,24.499426078971535,98.977681359045
96.00920108385209,110.34974199764287,24.499426078971535,98.977681359045
98.78708876524729,109.42377943717781,24.499426078971535,98.977681359045
99.25007004547982,107.57185431624768,24.499426078971535,98.977681359045
99.90892761311889,106.4927501452307,25.033636064623508,101.13588970107897
102.74738713540691,107.91197990637471,25.033636064623508,101.13588970107897
103.69354030950294,110.27736284161472,25.033636064623508,101.13588970107897
105.11277007064695,110.27736284161472,25.033636064623508,101.13588970107897
105.31291744050037,106.8093458689087,25.579494499012625,103.34115777601099
105.31291744050037,102.45881767065144,25.579494499012625,103.34115777601099
104.34613339644321,98.59168149442276,25.579494499012625,103.34115777601099
102.89595733035745,97.6248974503656,25.579494499012625,103.34115777601099
101.92917328630028,97.141505428337,25.579494499012625,103.34115777601099
101.44578126427172,96.6581134063084,25.579494499012625,103.34115777601099
101.92917328630028,97.62489745036557,25.579494499012625,103.34115777601099
104.8295254184718,98.59168149442273,25.579494499012625,103.34115777601099
104.34613339644321,100.04185756050849,25.579494499012625,103.34115777601099
104.34613339644321,100.04185756050849,25.579494499012625,103.34115777601099
103.10046891361057,98.91518058785553,26.137255376563598,105.5945117213169
102.60653652854165,97.43338343264878,26.137255376563598,105.5945117213169
102.60653652854165,95.45765389237312,26.137255376563598,105.5945117213169
102.11260414347274,93.48192435209745,26.137255376563598,105.5945117213169
101.1247393733349,94.46978912223528,26.137255376563598,105.5945117213169
99.85191317645408,95.78820688353821,26.707178230049568,107.89700004940022
98.8425080150034,95.78820688353821,26.707178230049564,107.89700004940022
96.31899511137667,95.78820688353821,26.707178230049564,107.89700004940022
91.27196930412322,96.79761204498891,26.707178230049564,107.89700004940022
88.24375381977114,96.79761204498891,26.707178230049564,107.89700004940022
82.187322851067,92.2552888184608,26.707178230049564,107.89700004940022
80.67321510889096,91.2458836570101,26.707178230049564,107.89700004940022
79.15910736671492,92.2552888184608,26.707178230049564,107.89700004940022
78.65440478598956,95.28350430281287,26.707178230049564,107.89700004940022
78.14970220526422,97.30231462571425,26.707178230049564,107.89700004940022
81.1779176896163,102.3493404329677,26.707178230049564,107.89700004940022
81.1779176896163,102.3493404329677,26.707178230049564,107.89700004940022
84.20613317396837,101.33993527151699,26.707178230049564,107.89700004940022
86.72964607759508,101.84463785224233,26.707178230049564,107.89700004940022
92.28137446557389,99.32112494861559,26.707178230049564,107.89700004940022
95.07226570772508,93.84019988682482,26.172421553000685,105.73658307412273
100.01823513506379,92.85100600135706,26.172421553000685,105.73658307412273
101.99662290599927,93.84019988682482,26.172421553000685,105.73658307412273
102.49121984873315,94.82939377229258,26.172421553000685,105.73658307412273
102.49121984873315,95.81858765776033,26.172421553000685,105.73658307412273
103.4804137342009,95.81858765776033,26.172421553000685,105.73658307412273
105.45880150513638,95.32399071502647,26.172421553000685,105.73658307412273
109.13023222102575,91.6982129043915,26.743111204963867,108.04216926805398
112.66790362451704,88.66592312997041,26.743111204963867,108.04216926805398
111.65714036637667,75.02061914507546,26.743111204963867,108.04216926805398
110.6463771082363,69.46142122530344,26.743111204963867,108.04216926805398
107.88182541454258,71.55384632958243,26.207635043509104,105.87884557577674
106.89130062549656,73.03963351315144,26.207635043509104,105.87884557577674
102.20105385295872,68.65175095107506,25.682880698124606,103.75883802042338
99.77432496809655,70.5931340589648,25.682880698124606,103.75883802042338
98.5236258073404,70.91794065836442,26.242895911747212,106.02129948345872
92.83521109378229,66.5241544522313,25.717435539519805,103.89843957965998
91.634684299171,69.50832656541066,25.202496437647234,101.8180856080948
89.72961370230948,70.9371295130568,25.202496437647234,101.8180856080948
80.93284261644723,72.43274672916131,24.697867939187272,99.77938647431657
65.9974390122773,74.29967217968255,24.697867939187272,99.77938647431657
58.77699938209956,73.43168590366658,24.203343595372782,97.78150812530603
106.34514553489521,108.65040949756336,24.203343595372782,97.78150812530603
103.60082941069545,107.73563745616345,24.203343595372782,97.78150812530603
101.96479439504704,103.92525843962756,24.731097502469886,99.91363390997833
100.56271642640307,99.71902453369566,24.731097502469886,99.91363390997833
104.76895033233495,95.51279062776376,24.731097502469886,99.91363390997833
103.36687236369099,93.64335333623848,24.731097502469886,99.91363390997833
108.50782491538551,92.70863469047583,24.731097502469886,99.91363390997833
110.3772622069108,92.24127536759451,24.731097502469886,99.91363390997833
115.050855435724,93.64335333623848,24.731097502469886,99.91363390997833
114.58349611284268,95.04543130488244,24.731097502469886,99.91363390997833
121.12652663318116,96.4475092735264,24.731097502469886,99.91363390997833
125.06312974859237,96.29291952558552,25.27035908351124,102.0922506973854
125.54067984150912,97.248019711419,25.27035908351124,102.0922506973854
126.97333012025935,97.248019711419,25.27035908351124,102.0922506973854
127.45088021317609,97.248019711419,25.27035908351124,102.0922506973854
131.7488310494268,98.68066999016924,25.27035908351124,102.0922506973854
130.7937308635933,99.15822008308598,25.27035908351124,102.0922506973854
129.0855704949351,99.95535969152473,25.821379263327202,104.31837222384188
128.1096443495495,100.93128583691032,25.821379263327202,104.31837222384189
127.13371820416394,101.9072119822959,25.821379263327202,104.31837222384189
126.15779205877836,100.44332276421753,25.821379263327202,104.31837222384189
124.69390284069995,95.07572896459675,25.821379263327202,104.31837222384189
122.74205054992875,92.63591360113276,25.821379263327202,104.31837222384189
121.27816133185037,89.22017209228318,25.821379263327202,104.31837222384189
120.79019825915758,90.19609823766876,25.821379263327202,104.31837222384189
120.30223518646478,90.19609823766876,25.821379263327202,104.31837222384189
123.71797669531436,90.68406131036156,25.821379263327202,104.31837222384189
120.79019825915758,90.19609823766876,25.821379263327202,104.31837222384189
119.3263090410792,88.24424594689756,25.821379263327202,104.31837222384189
118.8383459683864,84.3405413653552,25.821379263327202,104.31837222384189
116.8864936776152,85.31646751074078,25.821379263327202,104.31837222384189
112.21330843596161,78.32357958525677,26.38441443816405,106.59303433018276
109.43263682008521,72.67402106103617,26.95972659498822,108.9172954437524
105.86631078232298,73.18349620928794,26.95972659498822,108.9172954437524
102.80945989281251,77.2592973953019,26.95972659498822,108.9172954437524
100.47763088060367,79.12867747123687,27.547583433391935,111.29223707090341
99.43646237288492,84.33452000983061,27.547583433391935,111.29223707090341
97.8747096113068,86.93744127912748,27.547583433391935,111.29223707090341
93.71003558043179,89.01977829456499,27.547583433391935,111.29223707090341
92.66886707271304,90.58153105614312,27.547583433391935,111.29223707090341
93.18945132657241,89.54036254842438,27.547583433391935,111.29223707090341
98.39529386516617,89.54036254842438,27.547583433391935,111.29223707090341
97.57437208292424,88.32699893375886,28.148258490157044,113.71896430023446
102.36179242455725,89.9228057143032,28.148258490157044,113.71896430023446
107.14921276619026,91.51861249484753,28.148258490157044,113.71896430023446
108.21308395321982,94.17829046242142,28.148258490157044,113.71896430023446
114.0643754818824,97.36990402351009,28.148258490157044,113.71896430023446
113.75748909369347,98.78976098280066,28.76203126653492,116.19860631680108
114.84455799195621,96.61562318627517,28.76203126653492,116.19860631680109
118.10576468674441,93.89795094061833,28.76203126653492,116.19860631680109
119.73636803413851,97.70269208453792,28.76203126653492,116.19860631680109
122.99757472892671,100.96389877932612,28.76203126653492,116.19860631680109
123.54110917805806,101.50743322845747,28.76203126653492,116.19860631680109
125.17171252545216,103.68157102498296,28.76203126653492,116.19860631680109
125.71524697458352,107.48631216890254,28.76203126653492,116.19860631680109
125.71524697458352,112.37812221108487,28.76203126653492,116.19860631680109
126.80231587284626,114.55226000761036,28.76203126653492,116.19860631680109
126.25878142371491,114.55226000761036,28.76203126653492,116.19860631680109
125.71524697458355,112.37812221108487,28.76203126653492,116.19860631680109
124.62817807632081,112.92165666021623,28.76203126653492,116.19860631680109
123.54110917805806,114.55226000761033,28.76203126653492,116.19860631680109
124.62817807632081,115.63932890587307,28.76203126653492,116.19860631680109
125.17171252545216,118.35700115152991,28.76203126653492,116.19860631680109
125.71524697458352,119.44407004979266,28.76203126653492,116.19860631680109
126.25878142371488,119.98760449892401,28.76203126653492,116.19860631680109
127.88938477110898,117.26993225326717,28.76203126653492,116.19860631680109
126.80231587284624,117.26993225326717,28.76203126653492,116.19860631680109
127.88938477110898,112.92165666021623,28.76203126653492,116.19860631680109
128.97645366937172,111.83458776195349,28.76203126653492,116.19860631680109
130.60705701676582,112.37812221108484,28.76203126653492,116.19860631680109
131.15059146589718,111.83458776195349,28.76203126653492,116.19860631680109
132.78119481329128,108.0298466180339,28.76203126653492,116.19860631680109
133.32472926242264,105.85570882150841,28.76203126653492,116.19860631680109
132.2376603641599,104.76863992324567,28.76203126653492,116.19860631680109
130.6070570167658,99.33329543193199,28.76203126653492,116.19860631680109
128.4329192202403,96.07208873714379,28.76203126653492,116.19860631680109
126.54673187907147,91.25652963633964,28.186130355821607,113.87196663751931
125.48142931444198,90.19122707171014,28.186130355821607,113.87196663751931
124.41612674981249,91.25652963633964,28.186130355821607,113.87196663751931
123.350824185183,93.91978604791332,28.186130355821607,113.87196663751931
125.48142931444195,98.18099630643123,28.186130355821607,113.87196663751931
131.8732447022188,100.84425271800491,28.186130355821607,113.87196663751931
136.13445496073672,101.9095552826344,28.186130355821607,113.87196663751931
135.601803678422,99.24629887106072,28.186130355821607,113.87196663751931
136.66710624305148,97.11569374180176,28.186130355821607,113.87196663751931
136.89245823916187,95.34155334322148,28.8007289282303,116.35494487005042
137.43672398268748,96.4300848302727,28.8007289282303,116.35494487005042
137.9809897262131,98.06288206084955,28.8007289282303,116.35494487005042
138.5252554697387,100.239945034952,28.8007289282303,116.35494487005042
139.61378695678994,102.41700800905446,28.8007289282303,116.35494487005042
138.5252554697387,105.68260247020814,28.8007289282303,116.35494487005042
137.43672398268748,106.22686821373375,28.8007289282303,116.35494487005042
136.34819249563625,103.50553949610568,28.8007289282303,116.35494487005042
132.53833229095696,98.60714780437519,28.8007289282303,116.35494487005042
130.10534144949054,100.31629856759385,28.22405317590701,114.02517483066433
127.13078903957575,100.67324290110119,28.83947865540766,116.51149376784696
128.2207850832447,106.12322311944595,28.83947865540766,116.51149376784696
127.6757870614102,108.30321520678385,28.83947865540766,116.51149376784696
127.6757870614102,109.3932112504528,28.83947865540766,116.51149376784696
127.6757870614102,110.48320729412174,28.83947865540766,116.51149376784696
128.2207850832447,111.02820531595623,28.83947865540766,116.51149376784696
128.2207850832447,106.66822114128041,28.83947865540766,116.51149376784696
127.90636266720412,104.30795853680752,29.468323487488824,119.05202688945486
126.79259925980296,105.42172194420868,29.468323487488824,119.05202688945486
118.4393737042943,107.0923670553104,29.468323487488824,119.05202688945486
118.99625540799488,108.76301216641212,29.468323487488824,119.05202688945486
112.87055666728854,106.53548535160982,29.468323487488824,119.05202688945486
112.31367496358796,104.30795853680752,29.468323487488824,119.05202688945486
110.64302985248622,103.75107683310694,29.468323487488824,119.05202688945486
109.52926644508507,99.85290490720291,29.468323487488824,119.05202688945486
108.41550303768392,94.84096957389772,29.468323487488824,119.05202688945486
114.54120177839025,89.82903424059253,29.468323487488824,119.05202688945486
118.99625540799485,90.9427976479937,29.468323487488824,119.05202688945486
117.32561029689313,94.28408787019717,29.468323487488824,119.05202688945486
120.11001881539602,98.18225979610119,29.468323487488824,119.05202688945486
125.1219541487012,100.4097866109035,29.468323487488824,119.05202688945486
129.5770077783058,102.6373134257058,29.468323487488824,119.05202688945486
132.91829800050928,103.75107683310696,29.468323487488824,119.05202688945486
132.91829800050928,98.73914149980178,29.468323487488824,119.05202688945486
132.3614162968087,94.84096957389775,29.468323487488824,119.05202688945486
131.80453459310812,97.06849638870005,29.468323487488824,119.05202688945486
132.3614162968087,98.73914149980178,29.468323487488824,119.05202688945486
138.48711503751503,103.19419512940638,29.468323487488824,119.05202688945486
141.8284052597185,106.53548535160985,29.468323487488824,119.05202688945486
140.71464185231733,107.64924875901102,29.468323487488824,119.05202688945486
140.95024515919556,106.35128403584872,30.110880281133518,121.64795633577943
140.3812206499458,106.35128403584872,30.110880281133518,121.64795633577943
139.24317163144624,104.07518599884966,30.110880281133518,121.64795633577943
138.1051226129467,105.2132350173492,30.110880281133518,121.64795633577943
139.24317163144624,107.48933305434826,30.110880281133518,121.64795633577943
140.95024515919556,109.76543109134732,30.110880281133518,121.64795633577943
145.5024412331937,112.04152912834638,30.110880281133518,121.64795633577943
143.7953677054444,117.73177422084404,30.110880281133518,121.64795633577943
143.22634319619462,121.71494578559242,30.110880281133518,121.64795633577943
142.08829417769508,125.6981173503408,30.110880281133518,121.64795633577943
137.53609810369693,129.1122644058394,30.110880281133518,121.64795633577943
134.36269168518305,130.6311201081374,30.767448025663633,124.3004900236811
132.03696333048723,134.7011447288551,30.767448025663633,124.3004900236811
125.64121035507365,132.95684846283322,30.767448025663633,124.3004900236811
126.80407453242158,135.28257681752905,30.767448025663633,124.3004900236811
126.80407453242158,138.18973726089885,30.767448025663633,124.3004900236811
126.22264244374763,136.44544099487698,30.767448025663633,124.3004900236811
124.47834617772575,132.37541637415927,30.767448025663633,124.3004900236811
123.31548200037783,129.46825593078947,30.767448025663633,124.3004900236811
119.82688946833407,122.49107086670196,30.767448025663633,124.3004900236811
118.66402529098615,119.0024783346582,30.767448025663633,124.3004900236811
116.33829693629032,112.0252932705707,30.767448025663633,124.3004900236811
112.26827231557262,108.53670073852695,30.767448025663633,124.3004900236811
111.68684022689865,110.86242909322277,30.767448025663633,124.3004900236811
111.10540813822469,112.0252932705707,30.767448025663633,124.3004900236811
111.10540813822469,113.76958953659258,30.767448025663633,124.3004900236811
109.36111187220281,115.51388580261445,30.767448025663633,124.3004900236811
108.77967978352885,117.25818206863633,30.767448025663633,124.3004900236811
109.94254396087676,111.44386118189675,30.767448025663633,124.3004900236811
110.52397604955073,106.79240447250507,30.767448025663633,124.3004900236811
107.03538351750697,103.30381194046132,30.767448025663633,124.3004900236811
101.22106263076739,98.65235523106963,30.767448025663633,124.3004900236811
97.73247009872364,93.419466433004,30.767448025663633,124.3004900236811
99.47676636474552,95.16376269902588,30.767448025663633,124.3004900236811
108.19824769485489,98.65235523106963,30.767448025663633,124.3004900236811
107.8628055927551,97.29716913858645,31.438332229863228,127.01086220864747
115.58623839253251,99.67361000005643,31.438332229863228,127.01086220864747
116.7744588232675,97.29716913858645,31.438332229863228,127.01086220864747
116.1803486079,96.70305892321896,31.438332229863228,127.01086220864747
115.58623839253251,96.10894870785147,31.438332229863228,127.01086220864747
114.99212817716501,96.10894870785147,31.438332229863228,127.01086220864747
114.99212817716501,97.89127935395395,31.438332229863228,127.01086220864747
116.7744588232675,100.26772021542392,31.438332229863228,127.01086220864747
117.36856903863499,105.02060193836387,31.438332229863228,127.01086220864747
121.52734054620744,108.58526323056883,31.438332229863228,127.01086220864747
123.30967119230992,110.9617040920388,31.438332229863228,127.01086220864747
124.74924542127631,110.17107838217652,32.123845064135395,129.78033405910702
130.21282851879857,112.59933753663086,32.123845064135395,129.78033405910702
131.42695809602571,113.81346711385802,32.123845064135395,129.78033405910702
131.74856527767105,115.11276012770506,31.480630700844785,127.18174803141295
130.55874616456822,118.68221746701343,31.480630700844785,127.18174803141295
130.55874616456822,119.27712702356482,31.480630700844785,127.18174803141295
130.55874616456822,121.65676524977042,31.480630700844785,127.18174803141295
132.34347483422243,121.06185569321903,31.480630700844785,127.18174803141295
132.93838439077382,122.25167480632183,31.480630700844785,127.18174803141295
134.72311306042798,122.25167480632183,31.480630700844785,127.18174803141295
134.72311306042798,122.84658436287322,31.480630700844785,127.18174803141295
135.9129321735308,123.4414939194246,31.480630700844785,127.18174803141295
131.748565277671,124.03640347597599,31.480630700844785,127.18174803141295
121.04019325974583,130.58040859804137,31.480630700844785,127.18174803141295
119.25546459009165,132.96004682424697,31.480630700844785,127.18174803141295
119.25546459009165,137.71932327665814,31.480630700844785,127.18174803141295
118.3173374573243,133.35817648598868,32.1670658532767,129.9549460472379
118.3173374573243,130.92665024826067,32.1670658532767,129.9549460472379
116.14299134356295,125.86252709238865,32.8684687242074,132.78861364579794
114.27958209305672,123.99911784188241,32.8684687242074,132.78861364579794
113.6584456762213,125.86252709238865,32.8684687242074,132.78861364579794
114.90071850989213,122.75684500821156,32.8684687242074,132.78861364579794
115.52185492672754,120.2722993408699,32.8684687242074,132.78861364579794
113.03730925938589,119.6511629240345,32.8684687242074,132.78861364579794
109.9316271752088,119.6511629240345,32.8684687242074,132.78861364579794
108.68935434153798,118.40889009036367,32.8684687242074,132.78861364579794
108.06821792470257,117.78775367352826,32.8684687242074,132.78861364579794
106.53387063954588,117.87489117986965,32.210344793508284,130.1297929657735
105.63894495302787,117.35158450651367,31.565398449869672,127.52420973747351
104.16542685813783,118.62829038040054,30.93336583903459,124.97079798969978
102.41172422789336,125.05853335796364,30.933365839034593,124.97079798969978
104.47511558271091,126.89424334865367,30.31398838988845,122.46851309514936
110.20374330993391,129.18569443954289,30.31398838988845,122.46851309514938
109.87324505151317,130.14193256641224,30.97498490672997,125.1389390231891
113.38536932440223,131.89799470285678,30.97498490672997,125.1389390231891
115.14143146084677,127.21516233900468,30.97498490672997,125.1389390231891
114.80372668790115,127.02154314726738,31.650394452621214,127.86759358858973
110.2718344292788,126.82370208905425,32.34053130366062,130.6557464667889
110.2718344292788,126.2125424423709,32.34053130366062,130.6557464667889
110.88299407596215,128.6571810291043,32.34053130366062,130.6557464667889
111.49415372264549,130.49065996915434,32.34053130366062,130.6557464667889
111.49415372264549,131.10181961583768,32.34053130366062,130.6557464667889
110.2718344292788,131.10181961583768,32.34053130366062,130.6557464667889
109.0495151359121,131.10181961583768,32.34053130366062,130.6557464667889
105.99371690249535,129.879500322471,32.34053130366062,130.6557464667889
104.77139760912866,130.49065996915434,32.34053130366062,130.6557464667889
106.3174934337517,132.40987680211333,31.692978241147927,128.03963209423765
108.71318312757074,133.60772164902284,31.692978241147927,128.03963209423765
107.83263184840604,136.08743250962146,31.058391105658274,125.47590006685945
106.96971180950047,138.51749222667985,30.436510280994472,122.96350153521769
106.39453366245804,137.367135932595,30.436510280994476,122.96350153521769
105.81935551541562,132.19053260921328,30.436510280994476,122.96350153521769
104.6689992213308,129.88982002104362,30.436510280994476,122.96350153521769
101.46127443278017,126.24849785738624,31.10017838767156,125.64472068619311
97.34723508700945,122.13445851161552,31.10017838767156,125.64472068619311
92.64547583470005,123.89761823123155,31.10017838767156,125.64472068619311
