136,35,52,182
133.34251968503938,33.22834645669292,52.0,182.0
130.68503937007875,31.456692913385837,52.0,182.0
127.14173228346459,30.570866141732296,52.0,182.0
122.14566842519689,35.673225314960646,53.13386,185.96850999999998
117.61995730314963,45.62978978346459,53.13386,185.96850999999998
112.18910395669293,46.53493200787403,53.13386,185.96850999999998
87.75026389763781,47.44007423228348,53.13386,185.96850999999998
84.45554531575945,48.127979225236814,54.2924438173,190.02355336054998
76.1316356602452,49.0528580758495,54.2924438173,190.02355336054998
71.12591018624587,57.429426734007436,53.20534855794625,186.21871995281188
67.50047002103149,56.52306669270385,53.20534855794625,186.21871995281185
63.875029855817104,63.77394702313262,53.20534855794625,186.21871995281185
62.062309773209904,65.58666710573982,53.20534855794625,186.21871995281185
60.249589690602704,66.49302714704342,53.20534855794625,186.21871995281185
58.96953380694225,71.07643196726784,52.14002016005276,182.49007056018462
57.19310974031417,76.4057041671521,52.14002016005276,182.49007056018462
58.96953380694225,75.51749213383806,52.14002016005276,182.49007056018462
58.081321773628204,80.84676433372232,52.14002016005276,182.49007056018462
59.857745840256285,79.95855230040829,52.14002016005276,182.49007056018462
58.081321773628204,85.28782450029254,52.14002016005276,182.49007056018462
58.081321773628204,84.39961246697851,52.14002016005276,182.49007056018462
57.715108426994576,88.00303193698807,51.09602278669192,178.8360797534217
56.844681024889354,94.09602375172457,51.09602278669192,178.8360797534217
56.844681024889354,93.22559634961937,51.09602278669192,178.8360797534217
56.844681024889354,94.09602375172457,51.09602278669192,178.8360797534217
55.103826220678926,97.57773336014543,51.09602278669192,178.8360797534217
55.97425362278415,98.44816076225064,51.09602278669192,178.8360797534217
55.97425362278415,102.8002977727767,51.09602278669192,178.8360797534217
55.615372950184806,106.33156613025774,50.07292932768015,175.2552526468805
61.23467023240069,107.2331314384239,49.07032122484262,171.74612428694917
59.21817875782179,113.96807992876272,48.087788300776786,168.30725905271876
60.037360493714786,113.14889819286971,48.08778830077679,168.30725905271876
57.242063405008906,114.01472094900817,47.12492859104452,164.93725006865583
63.664297767810254,118.83139672110917,47.12492859104452,164.93725006865583
61.25595988175975,122.04251390250985,47.12492859104452,164.93725006865583
60.45318058640959,120.43695531180953,47.12492859104452,164.93725006865583
59.650401291059424,124.45085178856036,47.12492859104452,164.93725006865583
60.45318058640959,122.04251390250985,47.12492859104452,164.93725006865583
57.713853610669034,120.48266244091957,46.181348179724296,161.63471862903504
61.6473800115011,125.20289412191804,46.181348179724296,161.63471862903504
58.962902461569556,120.52745437815612,45.256661038256084,158.39831363389627
59.24044482889491,126.510047906712,46.24348253219526,161.85218886268336
60.02820857584706,124.9345204128077,46.24348253219526,161.85218886268336
59.24044482889491,128.08557540061628,46.24348253219526,161.85218886268336
61.27893795026225,126.55490010892836,45.31755127726916,158.61142947044203
60.18865286205585,122.73890230020598,44.41015990389831,155.43555966364409
59.87673136235145,126.56464062327657,43.52093718883449,152.32328016092072
58.66085951216323,131.5763995537048,44.46991122423702,155.64468928482958
60.621170526267974,128.58932862920005,43.57949211106486,152.528222388727
61.363552849480385,133.78600489168696,43.57949211106486,152.528222388727
61.79984799432968,129.37397931296016,42.706901821366266,149.4741563747819
61.499889586328564,122.14022499599777,41.8517833693783,146.48124179282402
63.63874132575394,125.70497789504007,41.8517833693783,146.48124179282402
61.918887812393436,130.73622458530943,41.01378691724855,143.54825421036992
65.82287246065673,130.77600443240877,40.19256963191283,140.6739937116949
65.54057384647275,125.33750250757764,39.38779554483858,137.857284406935
66.21155007281956,128.69238363931169,39.38779554483858,137.857284406935
64.86959762012594,131.37628854469892,39.38779554483858,137.857284406935
63.527645167432325,134.731169676433,39.38779554483858,137.857284406935
62.427243500157914,137.92501421761406,40.246646426693786,140.86326249342824
64.48406408904482,130.38333872502872,40.246646426693786,140.86326249342824
64.20138565828364,123.56630588218505,39.44078956229153,138.04276346802033
65.5451436309541,125.58194284119071,39.44078956229153,138.04276346802033
63.52950667194843,127.59757980019637,39.44078956229153,138.04276346802033
62.18574869927799,129.61321675920203,39.44078956229153,138.04276346802033
62.58060931287108,139.0577767428005,38.651068335105336,135.27873917286865
62.159216040347594,132.31549242985344,39.49385488015231,138.22849208053304
65.24573975996678,114.8614410892354,38.70307112839683,135.46074894938886
61.94918047624128,119.4766240864511,38.70307112839683,135.46074894938886
59.040096153927486,111.60242045696066,37.92812120557342,132.74842421950694
55.54314981755397,106.47032360247242,37.16868807160875,130.0904082506306
58.44795710233996,131.83331169664066,36.42446103450918,127.4856136207821
56.58647079114268,130.59232082250915,36.42446103450918,127.48561362078209
54.7249844799454,128.73083451131188,36.42446103450918,127.48561362078209
52.863498168748116,126.24885276304883,36.42446103450918,127.48561362078209
51.98717000024445,122.56120873622025,35.695135623253464,124.9329746813871
53.20331256766299,120.73699488509244,35.695135623253464,124.9329746813871
51.98717000024445,117.6966384665461,35.695135623253464,124.9329746813871
51.73645979654668,114.69090326062145,34.98041346323047,122.4314471213066
53.27845724835485,114.72483125419703,34.280002154171015,119.98000753959853
51.28579354706257,112.42222270590571,33.59361515052391,117.57765302683366
50.477572082635554,111.88253401556197,32.92097164422715,115.223400754795
49.35594600450849,110.20009489837138,32.92097164422715,115.223400754795
47.112693848254374,105.71359058586314,32.92097164422715,115.223400754795
42.39496409388296,105.18470805887378,32.26179644982644,112.91628757439251
41.84538019009655,102.98637244372813,32.26179644982644,112.91628757439251
39.42044895013072,103.56724751632356,31.615819891893967,110.65536962162885
37.80471012312978,102.49008829832295,31.61581989189397,110.65536962162885
34.5732324691279,101.95150868932262,31.61581989189397,110.65536962162885
32.41891403312664,101.4129290803223,31.61581989189397,110.65536962162885
29.187436379124765,100.33576986232168,31.61581989189397,110.65536962162885
25.955958725122887,100.33576986232168,31.61581989189397,110.65536962162885
22.379789594749635,98.59077008602155,32.30520284463672,113.06820995622846
19.07784957050225,99.14109342339613,32.30520284463672,113.06820995622846
16.87655622100399,100.24174009814526,32.30520284463672,113.06820995622846
14.124939534131165,100.79206343551984,32.30520284463672,113.06820995622846
13.574616196756601,100.24174009814526,32.30520284463672,113.06820995622846
11.923646184632908,101.34238677289439,32.30520284463672,113.06820995622846
8.621706160385518,102.44303344764351,32.30520284463672,113.06820995622846
9.172029497760082,103.54368012239264,32.30520284463672,113.06820995622846
5.870089473512692,103.54368012239264,32.30520284463672,113.06820995622846
4.219119461388999,104.09400345976722,32.30520284463672,113.06820995622846
4.219119461388999,105.19465013451635,32.30520284463672,113.06820995622846
1.2406022782928048,106.32663007854553,31.658357162334326,110.80425006817009
1.2406022782928048,106.32663007854553,31.658357162334326,110.80425006817009
1.0,107.40523855242883,31.658357162334326,110.80425006817009
1.0,107.94454278937046,31.658357162334326,110.80425006817009
1.0,108.51455291089368,31.02446324321155,108.58562135124038
1.0,110.62857599681814,31.02446324321155,108.58562135124038
1.0,111.15708176829926,31.02446324321155,108.58562135124038
7.496583492355327,110.50173280299848,31.700951664229777,110.95333082480418
12.356852050809692,109.96170296317021,31.700951664229777,110.95333082480418
10.196732691496642,109.42167312334195,31.700951664229777,110.95333082480418
15.374374643448954,108.91239048109998,31.066204877233883,108.73171707031855
13.257507260839136,111.0292578637098,31.066204877233883,108.73171707031855
11.669856723881773,109.97082417240489,31.066204877233883,108.73171707031855
8.49455564996705,108.91239048109998,31.066204877233883,108.73171707031855
3.7316040390949627,113.67534209197206,31.066204877233883,108.73171707031855
1.0855198108326913,114.20455893762451,31.066204877233883,108.73171707031855
1.0,115.8223410223579,30.44416759775906,106.55458659215667
2.899417099046646,117.89682246072734,30.44416759775906,106.55458659215665
