117,68,122,125
115.05511811023621,65.08267716535433,122.0,125.0
111.16535433070865,54.38582677165354,122.0,125.0
109.22047244094486,43.688976377952756,122.0,125.0
107.52454997360866,33.27111984194124,119.55719926538109,122.49713039485766
117.05424799172829,61.86021389630015,119.55719926538109,122.49713039485766
124.678006406224,70.43694211260782,119.55719926538109,122.49713039485766
133.25473462253166,69.48397231079585,119.55719926538109,122.49713039485766
141.83146283883934,68.53100250898387,119.55719926538109,122.49713039485766
148.50225145152308,67.57803270717191,119.55719926538109,122.49713039485766
156.3699843846759,70.71034968832564,117.16331062444294,120.04437563979809
162.9072040848715,71.644238216925,117.16331062444294,120.04437563979809
167.81573615526807,92.4577189937404,114.8173547124448,117.64073228734098
170.79560626207214,107.36331642986701,112.51837177442381,115.28521698199161
176.40640412632467,112.10494998254507,110.26542127254933,112.97686605793989
182.78376387013031,115.87273536820794,108.0575815013391,110.71473514481465
192.47866334803564,117.84246188320188,105.89394921057996,108.49789878133193
186.78631918607465,119.77274864919723,103.7736392357988,106.32545003667909
189.47957027348636,122.49154713537533,101.69578413613249,104.19650013948001
182.18417437395678,94.12056308164921,101.69578413613249,104.19650013948001
186.7496328981578,84.0679657505646,103.91326070922085,106.46850482502137
190.0627315679884,81.58314174819166,103.91326070922085,106.46850482502137
189.7580919105638,80.42236887433687,106.17908935898541,108.79005057273096
192.29709750030844,78.72969848117374,106.17908935898541,108.79005057273096
189.7580919105638,79.57603367775529,106.17908935898541,108.79005057273096
188.06542151740064,82.11503926749997,106.17908935898541,108.79005057273096
192.29709750030844,89.73205603673402,106.17908935898541,108.79005057273096
186.06146879908277,91.0849781001095,108.49432440245808,111.16221762546937
181.09413063779107,101.71056113402275,106.32194722743915,108.93642133958933
187.02644788176428,98.32066556603806,106.32194722743915,108.93642133958933
178.55170896180255,95.77824389004954,106.32194722743915,108.93642133958933
176.00928728581403,108.49035226999217,106.32194722743915,108.93642133958933
172.83635770613355,114.66581025342457,104.19306746683831,106.75519207667864
186.9549420062902,58.19147305279796,104.1930674668383,106.75519207667864
176.98888250029728,39.08985899964485,104.1930674668383,106.75519207667864
168.06594964082154,11.921467701090947,102.10681417380395,104.61763747315983
169.08818980751568,1.0,100.06233384041572,102.52288303321286
169.88576940150634,1.0,100.06233384041572,102.52288303321285
166.10206373351747,1.0,98.05879004850547,100.47007177100973
165.3204540413147,1.0,98.05879004850547,100.47007177100971
163.75723465690902,1.0,98.05879004850547,100.47007177100971
163.75723465690902,1.0,98.05879004850547,100.47007177100971
157.5043571192865,1.0,98.05879004850547,100.47007177100971
157.5043571192865,1.0,98.05879004850547,100.47007177100971
157.70446088760144,1.0,96.09536312746997,98.45836386011268
150.81082489197843,1.0,96.09536312746997,98.45836386011268
151.00692199117663,1.0,94.17124981893508,96.48693628989251
150.4484698666649,1.0,92.28566294813446,94.55498252882629
150.63679269736912,1.0,90.43783110186808,92.66171219453697
149.37961606078863,1.0,88.6269983129092,90.80635073043975
148.85404232578884,1.0,86.85242375073014,88.98813908886285
147.46947096484712,1.0,86.85242375073014,88.98813908886285
146.95442077006,1.0,85.113381418421,87.20633342051332
146.44968340309416,1.0,83.40915985567659,85.46020477016043
145.95505237064316,2.963125926629864,81.73906184773074,83.74903877841264
146.12185326922827,7.7107453524295835,80.10240414011847,82.07213538946564
144.36986700334137,11.086338521182668,78.49851715914943,80.42880856470228
143.74416887057026,12.337734786724809,78.49851715914943,80.42880856470228
139.98998007394385,14.84052731780909,78.49851715914943,80.42880856470228
138.73858380840176,18.594716114435514,78.49851715914943,80.42880856470228
135.1445830895898,21.902719926857415,76.9267447379784,78.81838600202704
135.1445830895898,23.12905953898344,76.9267447379784,78.81838600202704
131.4655642532117,23.12905953898344,76.9267447379784,78.81838600202704
129.16986566780554,26.37082733383889,75.38644384816057,77.24020886082025
130.5254877570948,32.552147019548585,73.87698433658193,75.6936314923995
127.14308074587663,34.48767356228944,72.39774866765707,74.17802117587813
124.40546948427718,37.53858506062795,70.94813167068897,72.69275785931245
125.68128048658822,40.528408289709105,69.52754029228734,71.23723390603209
121.38962573623422,40.687406295297556,68.13539335374435,69.81085384604951
120.3034348134012,43.40288360238011,68.13539335374435,69.81085384604951
117.58795750631865,45.03216998662965,68.13539335374435,69.81085384604951
110.12366160530898,38.127743383599736,66.77112131326831,68.41303413244702
107.59881273886229,39.877101167366305,65.43416603297831,67.0432029026417
102.90473273720646,30.48894116405465,65.43416603297831,67.0432029026417
96.25792325361562,21.25041829522022,64.12398055056408,65.7007997444304
92.16895379550554,29.939478393704107,64.12398055056408,65.7007997444304
87.56886315513172,38.11741730992424,64.12398055056408,65.7007997444304
83.29190318133288,45.57905325693072,65.52220394646913,67.1334056828577
77.02470902561666,56.02437684979111,65.52220394646913,67.1334056828577
71.0876914006601,63.64871376862205,66.95091560352189,68.59724959377242
68.22314226853216,73.04026193503852,68.41078031825668,70.09301262116463
48.592683426724406,87.76310606639433,68.41078031825668,70.09301262116463
37.826475486560426,98.82536069397125,67.04099421647561,68.68954325458566
26.207094473789155,112.33797724841429,65.6986352826921,67.31417549456155
5.260195138788575,125.42978933278965,65.6986352826921,67.31417549456155
1.0,134.3322215501649,65.6986352826921,67.31417549456155
1.0,139.04527390054002,65.6986352826921,67.31417549456155
1.0,144.80567121766518,65.6986352826921,67.31417549456155
1.0,136.7403636520855,67.13119402503119,68.78196109122047
1.0,143.85006671377477,65.7870290243739,67.40474285284208
24.02491462545234,138.081919112793,65.7870290243739,67.40474285284208
11.771376339550514,151.50521937897702,67.22151519225037,68.8745032707483
1.0,156.48124375268767,65.87554169475999,67.49543206430326
1.0,155.9561611788331,65.87554169475999,67.49543206430326
1.0,158.05649147425143,65.87554169475999,67.49543206430326
1.0,183.04966864504476,67.31195788141423,68.9671699604654
54.19908930031882,181.22469007579585,68.77969512301846,70.47099910145334
52.14652033569672,180.2855157237043,67.40252225602359,69.05996132789302
41.40144288814423,179.21100797894906,67.40252225602359,69.05996132789302
32.26812705772461,178.13650023419382,67.40252225602359,69.05996132789302
26.6979862074297,173.6227968991731,68.87223425381617,70.56581378464773
18.261544970570007,168.46170356986744,70.37399332172063,72.10450135422198
5.92088795139388,164.53513088194774,70.37399332172063,72.10450135422198
2.5552542188912994,157.2429244615255,70.37399332172063,72.10450135422198
1.0,150.51165699652034,70.37399332172063,72.10450135422198
1.0,143.78038953151514,70.37399332172063,72.10450135422198
1.0,137.6100610219271,70.37399332172063,72.10450135422198
1.0,128.40985736465623,71.90849824610075,73.6767400062508
1.0,118.66596346587679,71.90849824610075,73.6767400062508
1.0,113.50743140181709,71.90849824610075,73.6767400062508
34.32586046096269,114.08060163115707,71.90849824610075,73.6767400062508
40.05756275436235,118.66596346587679,71.90849824610075,73.6767400062508
36.61854137832255,111.78792071379718,71.90849824610075,73.6767400062508
32.7530899220492,107.36700174240795,70.46867748920798,72.20151382090984
26.574459589721258,100.06498407692948,70.46867748920798,72.20151382090984
30.650117233182122,94.60919764215201,69.05768620118944,70.75582602580889
37.25548001556,88.55428175830562,69.05768620118944,70.75582602580889
40.90615378000345,83.9297380753388,70.56348904880639,72.29865681230166
35.98810469635597,72.84211726161796,69.15059935302197,70.85102392727666
34.33454221666741,66.77905483609321,69.15059935302197,70.85102392727666
35.98810469635597,55.75530497150277,69.15059935302197,70.85102392727666
42.39962769889343,48.36860176438137,70.65842817191462,72.39593050401092
46.342070654529174,39.92050971659049,70.65842817191462,72.39593050401092
66.0542854327079,30.346005395760827,70.65842817191462,72.39593050401092
76.75520202657634,22.461119484489338,70.65842817191462,72.39593050401092
84.07688180132843,12.323409027140286,70.65842817191462,72.39593050401092
87.24897124381988,1.0,72.19913519820322,73.97452376865088
96.24509655986681,1.0,73.77343734120004,75.58753825942631
102.71348526698056,1.0,73.77343734120004,75.58753825942631
98.74778374685049,1.0,72.29627498929474,74.0740522431299
98.53583473961602,1.0,73.8726952654363,75.68923695229134
111.4900178450885,1.0,73.8726952654363,75.68923695229134
127.9771599793262,1.0,73.8726952654363,75.68923695229134
139.75369007521027,1.0,73.8726952654363,75.68923695229134
106.77940580673489,40.88048015668922,73.8726952654363,75.68923695229134
111.4900178450885,37.936347632718196,73.8726952654363,75.68923695229134
121.28349787125273,31.2228806789038,75.48348938569914,77.33964076403605
127.30015653856515,27.612885478516354,75.48348938569914,77.33964076403605
130.9101517389526,22.19789267793518,75.48348938569914,77.33964076403605
132.71514933914634,22.19789267793518,75.48348938569914,77.33964076403605
131.51181760568386,22.19789267793518,75.48348938569914,77.33964076403605
131.51181760568386,24.604556144860148,75.48348938569914,77.33964076403605
133.3168152058776,30.019548945441322,75.48348938569914,77.33964076403605
135.12181280607132,31.82454654563505,75.48348938569914,77.33964076403605
132.26751893077807,33.80216242366126,73.97208673551074,75.79107247490859
129.69218204399746,31.79661278190578,75.58504808677856,77.44369681022397
125.85573918918013,30.349807503822063,77.23318006031076,79.1323566191709
122.77767744352104,30.349807503822063,77.23318006031076,79.1323566191709
120.31522804699378,30.965419852953886,77.23318006031076,79.1323566191709
119.69961569786196,37.12154334427207,77.23318006031076,79.1323566191709
117.85277865046649,36.50593099514025,77.23318006031076,79.1323566191709
116.00594160307102,40.81521743906298,77.23318006031076,79.1323566191709
112.92787985741194,40.81521743906298,77.23318006031076,79.1323566191709
109.84981811175285,40.81521743906298,77.23318006031076,79.1323566191709
106.15614401696195,38.96838039166752,77.23318006031076,79.1323566191709
102.46246992217104,38.3527680425357,77.23318006031076,79.1323566191709
100.00002052564378,40.199605089931154,77.23318006031076,79.1323566191709
102.620075888565,43.454286367120055,75.68674342925927,77.54789285784766
100.36138223895881,44.83394139266131,74.17127103212887,75.99515474603372
95.63173103334739,44.242734991959885,74.17127103212887,75.99515474603372
94.82307875091959,41.049372214535545,75.78857559698444,77.65222909527098
88.78210218823239,35.612493308117045,75.78857559698444,77.65222909527098
86.96980921942622,33.800200339310884,75.78857559698444,77.65222909527098
82.51893833636775,29.933108630256072,77.4411454878767,79.34543595069337
