58,100,28,23
59.204724409448815,99.39763779527559,28.0,23.0
59.80708661417323,99.59842519685039,28.0,23.0
62.216535433070874,98.99606299212597,28.0,23.0
61.81496062992127,99.19685039370077,28.0,23.0
64.22440944881892,99.79921259842519,28.0,23.0
65.22834645669293,99.39763779527559,28.0,23.0
67.03543307086616,100.6023622047244,28.0,23.0
68.44094488188978,100.4015748031496,28.0,23.0
68.64173228346458,101.40551181102362,28.0,23.0
70.248031496063,101.80708661417322,28.0,23.0
70.85039370078742,102.20866141732282,28.0,23.0
70.64960629921262,103.21259842519683,28.0,23.0
70.24803149606302,103.01181102362203,28.0,23.0
68.8425196850394,103.81496062992125,28.0,23.0
68.8425196850394,103.41338582677164,28.0,23.0
68.4409448818898,104.21653543307086,28.0,23.0
66.83464566929138,104.81889763779527,28.0,23.0
66.43307086614178,105.22047244094487,28.0,23.0
66.03149606299218,105.62204724409447,28.0,23.0
65.42913385826776,105.62204724409447,28.0,23.0
65.62992125984256,106.22440944881889,28.0,23.0
65.83070866141736,107.4291338582677,28.0,23.0
67.83858267716539,107.8307086614173,28.0,23.0
69.44488188976382,107.22834645669289,28.0,23.0
69.04330708661422,107.42913385826769,28.0,23.0
71.65354330708666,107.62992125984249,28.0,23.0
75.26771653543312,107.22834645669289,28.0,23.0
80.2874015748032,107.02755905511809,28.0,23.0
86.39055761624843,107.25782305879119,27.43935720844812,22.53947199265381
89.73559736592848,107.45459010289001,27.43935720844812,22.53947199265381
92.0968018951144,108.04489123518648,27.43935720844812,22.53947199265381
92.37151042768107,108.66407876084962,26.889940143314774,22.08816511772285
92.75716479981523,108.66407876084962,26.889940143314774,22.08816511772285
94.685436660486,109.04973313298377,26.889940143314774,22.08816511772285
95.91878064629658,109.4636955074769,26.35152403236438,21.645894740870737
96.2967130775819,110.03059415440487,26.35152403236438,21.645894740870737
96.67464550886721,109.84162793876222,26.35152403236438,21.645894740870737
97.80844280272316,110.03059415440487,26.35152403236438,21.645894740870737
99.32017252786443,110.21956037004752,26.35152403236438,21.645894740870737
101.02086846864835,110.40852658569017,26.35152403236438,21.645894740870737
100.64293603736303,110.59749280133282,26.35152403236438,21.645894740870737
101.96569954686163,111.16439144826079,26.35152403236438,21.645894740870737
104.42226035021618,111.16439144826079,26.35152403236438,21.645894740870737
104.98915899714414,111.35335766390344,26.35152403236438,21.645894740870737
107.4457198004987,111.54232387954609,26.35152403236438,21.645894740870737
106.87882115357073,111.73129009518874,26.35152403236438,21.645894740870737
108.57951709435464,109.46369550747684,26.35152403236438,21.645894740870737
110.09124681949591,107.95196578233558,26.35152403236438,21.645894740870737
110.46917925078122,107.57403335105026,26.35152403236438,21.645894740870737
110.84711168206654,105.49540497898103,26.35152403236438,21.645894740870737
113.56749019962022,102.87761915243331,25.823888603966118,21.212479924686452
115.23413317898193,101.02579361980919,25.823888603966118,21.212479924686452
117.08595871160605,97.69250766108578,25.823888603966118,21.212479924686452
118.38223658444292,97.87769021434819,25.823888603966118,21.212479924686452
118.75260169096774,98.0628727676106,25.823888603966118,21.212479924686452
119.4933319040174,96.21104723498648,25.823888603966118,21.212479924686452
121.71552254316634,96.95177744803613,25.823888603966118,21.212479924686452
121.90070509642877,97.13696000129853,25.823888603966118,21.212479924686452
123.56734807579048,97.32214255456094,25.823888603966118,21.212479924686452
124.30807828884014,97.50732510782335,25.823888603966118,21.212479924686452
125.41917360841461,97.87769021434818,25.823888603966118,21.212479924686452
126.53026892798908,97.87769021434818,25.823888603966118,21.212479924686452
128.3820944606132,98.43323787413541,25.823888603966118,21.212479924686452
129.12282467366285,97.87769021434818,25.823888603966118,21.212479924686452
128.93764212040043,98.24805532087301,25.823888603966118,21.212479924686452
130.60428509976214,97.87769021434818,25.823888603966118,21.212479924686452
131.3450153128118,98.98878553392265,25.823888603966118,21.212479924686452
133.75238850522314,98.43323787413541,25.823888603966118,21.212479924686452
134.12275361174795,98.98878553392265,25.823888603966118,21.212479924686452
136.5301268041593,98.98878553392265,25.823888603966118,21.212479924686452
136.5301268041593,98.98878553392265,25.823888603966118,21.212479924686452
137.82640467699616,99.17396808718506,25.823888603966118,21.212479924686452
138.3819523367834,99.35915064044747,25.823888603966118,21.212479924686452
140.78932552919474,99.35915064044747,25.823888603966118,21.212479924686452
141.34487318898198,99.35915064044747,25.823888603966118,21.212479924686452
144.12261148791816,99.35915064044747,25.823888603966118,21.212479924686452
143.93742893465574,99.35915064044747,25.823888603966118,21.212479924686452
145.04852425423022,99.54433319370987,25.823888603966118,21.212479924686452
147.08553234011674,100.28506340675952,25.823888603966118,21.212479924686452
148.3818102129536,100.09988085349711,25.823888603966118,21.212479924686452
150.97436595862737,100.47024596002194,25.823888603966118,21.212479924686452
151.3447310651522,101.02579361980918,25.823888603966118,21.212479924686452
151.5299136184146,100.84061106654677,25.823888603966118,21.212479924686452
153.19655659777632,102.13688893938365,25.823888603966118,21.212479924686452
154.49283447061322,102.32207149264606,25.823888603966118,21.212479924686452
156.52984255649974,101.95170638612123,25.823888603966118,21.212479924686452
157.82612042933664,100.84061106654676,25.823888603966118,21.212479924686452
156.9002076630246,101.95170638612123,25.823888603966118,21.212479924686452
158.93721574891111,100.84061106654676,25.823888603966118,21.212479924686452
158.5668506423863,101.5813412795964,25.823888603966118,21.212479924686452
160.6926788892929,102.09080243026715,26.386978494975597,21.67501804944424
161.7295380681055,102.04371100481939,26.96234656105854,22.14764181801237
163.66300217751774,102.04371100481939,26.96234656105854,22.14764181801237
165.59646628692997,102.04371100481939,26.96234656105854,22.14764181801237
165.1091628926068,101.99559275083972,27.55026052782242,22.63057114785413
167.47991084578837,102.39071740970331,27.550260527822417,22.63057114785413
167.95329201397556,102.81484521382703,26.998622850311705,22.17744019847033
170.7404732606965,103.61769382010593,26.45803059020973,21.733382270529425
170.55074328880383,103.61769382010593,26.45803059020973,21.733382270529425
170.36101331691117,103.61769382010593,26.45803059020973,21.733382270529425
172.71292701003523,104.025007079606,25.928262585600436,21.298215695314646
173.45665107745123,103.46721402904402,25.928262585600436,21.298215695314646
176.05968531340716,104.396869113314,25.928262585600436,21.298215695314646
175.68782327969916,104.21093809646,25.928262585600436,21.298215695314646
176.05968531340716,104.76873114702198,25.928262585600436,21.298215695314646
177.73306446509315,106.07024826499996,25.928262585600436,21.298215695314646
177.54713344823915,106.07024826499996,25.928262585600436,21.298215695314646
177.91899548194715,106.44211029870796,25.928262585600436,21.298215695314646
179.2205125999251,106.99990334926994,25.928262585600436,21.298215695314646
179.4064436167791,106.81397233241594,25.928262585600436,21.298215695314646
179.77830565048708,107.74362741668592,25.928262585600436,21.298215695314646
179.96423666734108,108.48735148410191,25.928262585600436,21.298215695314646
180.52202971790308,108.6732825009559,25.928262585600436,21.298215695314646
181.82354683588107,109.0451445346639,25.928262585600436,21.298215695314646
181.63761581902708,109.0451445346639,25.928262585600436,21.298215695314646
181.45168480217308,109.0451445346639,25.928262585600436,21.298215695314646
183.682857004421,109.78886860207989,25.928262585600436,21.298215695314646
183.310994970713,111.09038572005787,25.928262585600436,21.298215695314646
184.612512088691,111.09038572005787,25.928262585600436,21.298215695314646
184.240650054983,111.27631673691187,25.928262585600436,21.298215695314646
184.984374122399,111.46224775376587,25.928262585600436,21.298215695314646
185.0735532732675,112.15969904141767,26.49362835127945,21.762623288550984
185.643509001297,112.15969904141767,26.49362835127945,21.762623288550984
185.4535237586205,113.29961049747666,26.49362835127945,21.762623288550984
185.16467697552065,113.63229922510273,27.0713219174791,22.237157289357835
184.38816549194843,114.02055496688884,27.0713219174791,22.237157289357835
184.38816549194843,113.43817135420966,27.0713219174791,22.237157289357835
183.99990975016232,114.02055496688884,27.0713219174791,22.237157289357835
183.6116540083762,114.2146828377819,27.0713219174791,22.237157289357835
180.11735233230115,118.67962386832225,27.0713219174791,22.237157289357835
179.534968719622,120.81503044814589,27.0713219174791,22.237157289357835
177.39956213979835,122.75630915707647,27.0713219174791,22.237157289357835
175.74552195634163,121.73735706615703,27.66161209188973,22.722038504052282
172.46852879374157,121.68799087048448,28.264773543553385,23.217492553633143
170.4416679237736,123.10679347946207,28.26477354355339,23.217492553633143
169.7281390562214,122.04292041890889,28.88108693067057,23.723749978765113
168.79194603458848,122.40558920613671,29.51083903119384,24.241046347052087
168.15708124665645,123.2520755900461,29.51083903119384,24.241046347052084
168.15708124665645,122.61721080211407,29.51083903119384,24.241046347052084
167.73383805470175,122.40558920613674,29.51083903119384,24.241046347052084
166.88735167079236,121.13585963027265,29.51083903119384,24.241046347052084
165.2782044351299,123.49476430244164,28.919944774926456,23.75566892226102
163.41174568207995,123.49476430244164,28.919944774926456,23.75566892226102
162.04220263796267,124.56213089280078,28.340881968849992,23.28001018869821
161.1065456128858,124.59196635354758,27.773413712347903,22.813875549428637
160.1896232080402,123.82455419555662,27.217307848254475,22.35707430392332
158.0427011463317,122.45833106537849,27.217307848254475,22.35707430392332
155.8957790846232,121.87280686673073,27.217307848254475,22.35707430392332
155.50542961885802,120.89693320231778,27.217307848254475,22.35707430392332
154.72473068732765,121.67763213384815,27.217307848254475,22.35707430392332
153.7488570229147,122.6535057982611,27.217307848254475,22.35707430392332
151.8907224610384,122.99528199431033,27.810781245885664,22.844570309120368
149.89641728170744,124.59072613777509,27.810781245885664,22.844570309120368
149.49755624584125,123.59357354810963,27.810781245885664,22.844570309120368
148.30097313824268,124.1918651019089,27.810781245885664,22.844570309120368
146.50609847684484,123.39414303017652,27.810781245885664,22.844570309120368
144.91065433338008,124.98958717364128,27.810781245885664,22.844570309120368
142.51748811818294,123.99243458397582,27.810781245885664,22.844570309120368
141.1214744926513,123.59357354810963,27.810781245885664,22.844570309120368
141.32090501058437,122.99528199431036,27.810781245885664,22.844570309120368
155.3766952592339,121.35020544098353,28.4171953309522,23.342696164710738
155.0668767871382,117.4276878892685,29.03683227514361,23.851683654582256
154.23398677249685,113.88790532704274,29.03683227514361,23.851683654582256
152.98465175053485,112.22212529776004,29.03683227514361,23.851683654582256
150.6942042102711,109.3070102465153,29.03683227514361,23.851683654582256
150.27775920295045,108.89056523919463,29.03683227514361,23.851683654582256
148.295405109788,107.79763224350918,29.669980402903114,24.371769616670424
144.67843758879292,105.24447869927737,29.669980402903114,24.371769616670424
141.80180708321842,104.127714299621,30.316934325588413,24.903196053161924
141.14960081890248,103.25810594719974,30.316934325588413,24.903196053161924
139.84518829027058,101.95369341856784,30.316934325588413,24.903196053161924
137.01896114490148,101.73629133046252,30.316934325588413,24.903196053161924
135.9319507043749,99.99707462561999,30.316934325588413,24.903196053161924
135.49714652816428,100.2144767137253,30.316934325588413,24.903196053161924
134.19273399953238,98.47526000888277,30.316934325588413,24.903196053161924
133.1057235590058,98.47526000888277,30.316934325588413,24.903196053161924
131.14910476605797,97.6056516564615,30.316934325588413,24.903196053161924
129.84469223742607,97.17084748025087,30.316934325588413,24.903196053161924
129.40988806121544,96.51864121593492,30.316934325588413,24.903196053161924
127.23586718016227,96.73604330404024,30.316934325588413,24.903196053161924
126.366258827741,96.08383703972429,30.316934325588413,24.903196053161924
123.32262959426657,95.21422868730302,30.316934325588413,24.903196053161924
124.19223794668784,95.21422868730302,30.316934325588413,24.903196053161924
122.88782541805594,94.9968265991977,30.316934325588413,24.903196053161924
120.71380453700277,95.64903286351365,30.316934325588413,24.903196053161924
120.27900036079214,95.43163077540834,30.316934325588413,24.903196053161924
119.6267940964762,95.21422868730302,30.316934325588413,24.903196053161924
117.45277321542304,94.34462033488175,30.316934325588413,24.903196053161924
115.7135565105805,93.47501198246049,30.316934325588413,24.903196053161924
114.84394815815924,92.82280571814454,30.316934325588413,24.903196053161924
113.1047314533167,93.47501198246049,30.316934325588413,24.903196053161924
113.1047314533167,93.04020780624985,30.316934325588413,24.903196053161924
111.14811266036885,93.6924140705658,30.316934325588413,24.903196053161924
108.32188551499974,93.04020780624985,30.316934325588413,24.903196053161924
108.10448342689442,93.47501198246049,30.316934325588413,24.903196053161924
106.36526672205189,92.3880015419339,30.316934325588413,24.903196053161924
103.53903957668277,92.60540363003922,30.316934325588413,24.903196053161924
102.45202913615618,92.60540363003922,30.316934325588413,24.903196053161924
100.93021451941897,92.17059945382859,30.316934325588413,24.903196053161924
99.84320407889238,91.51839318951264,30.316934325588413,24.903196053161924
98.53879155026048,90.86618692519669,30.316934325588413,24.903196053161924
98.32138946215517,91.30099110140732,30.316934325588413,24.903196053161924
97.4517811097339,89.56177439656479,30.316934325588413,24.903196053161924
95.49516231678605,89.12697022035415,30.316934325588413,24.903196053161924
94.8429560524701,88.25736186793289,30.316934325588413,24.903196053161924
94.19074978815415,88.03995977982757,30.316934325588413,24.903196053161924
93.75594561194352,88.90956813224884,30.316934325588413,24.903196053161924
93.32114143573288,88.03995977982757,30.316934325588413,24.903196053161924
92.88633725952225,87.82255769172225,30.316934325588413,24.903196053161924
91.58192473089035,86.73554725119567,30.316934325588413,24.903196053161924
90.9297184665744,86.51814516309035,30.316934325588413,24.903196053161924
90.49491429036377,85.64853681066909,30.316934325588413,24.903196053161924
88.75569758552123,84.77892845824782,30.316934325588413,24.903196053161924
88.10349132120528,83.90932010582655,30.316934325588413,24.903196053161924
87.0164808806787,83.47451592961592,30.316934325588413,24.903196053161924
86.79907879257338,83.69191801772124,30.316934325588413,24.903196053161924
85.27726417583617,82.60490757719465,30.316934325588413,24.903196053161924
84.0589668928774,82.41942121087347,29.70989965803152,24.404560433383047
83.29116163479101,82.45069788553775,29.115019619424196,23.915908973098457
81.20332980043972,82.45069788553775,29.115019619424196,23.915908973098457
81.20332980043972,82.03313151866749,29.115019619424196,23.915908973098457
79.74184751639382,82.868264252408,29.115019619424196,23.915908973098457
78.28036523234792,81.61556515179723,29.115019619424196,23.915908973098457
78.48914841578305,81.4067819683621,29.115019619424196,23.915908973098457
75.77496703112638,80.57164923462159,29.115019619424196,23.915908973098457
75.35740066425612,80.15408286775133,29.115019619424196,23.915908973098457
73.89591838021022,78.90138376714056,29.115019619424196,23.915908973098457
72.85200246303458,78.69260058370543,29.115019619424196,23.915908973098457
72.22565291272919,77.43990148309466,29.115019619424196,23.915908973098457
72.85200246303458,78.69260058370543,29.115019619424196,23.915908973098457
72.22565291272919,77.85746784996492,29.115019619424196,23.915908973098457
73.56105322053915,77.470551906252,28.53205083815556,23.437041759913505
72.84077708274806,77.0104268317005,29.15419220668154,23.94808645548842
72.42264890430577,76.80136274247936,29.15419220668154,23.94808645548842
72.21358481508463,75.9651063855948,29.15419220668154,23.94808645548842
70.95920027975778,75.12885002871023,29.15419220668154,23.94808645548842
70.95920027975778,74.29259367182567,29.15419220668154,23.94808645548842
70.75013619053664,73.24727322571997,29.15419220668154,23.94808645548842
68.45043120910408,73.24727322571997,29.15419220668154,23.94808645548842
67.19604667377723,72.82914504727768,29.15419220668154,23.94808645548842
66.15072622767153,73.03820913649882,29.15419220668154,23.94808645548842
65.94166213845038,72.20195277961426,29.15419220668154,23.94808645548842
64.97915416926985,70.9782599058293,28.570439074388894,23.468574953962317
63.13525209739913,70.56850388985805,28.570439074388894,23.468574953962317
62.93037408941349,70.77338189784368,28.570439074388894,23.468574953962317
61.90598404948531,70.56850388985805,28.570439074388894,23.468574953962317
62.39689439173039,70.18882499761423,27.998374405870024,22.998664690536103
61.59379141383423,69.98804925314019,27.998374405870024,22.998664690536103
59.586033969093826,69.38572201971809,27.998374405870024,22.998664690536103
59.98758545804191,69.78727350866617,27.998374405870024,22.998664690536103
58.879230203185756,68.13110035555933,28.60887895979002,23.500150574113242
57.64830824569198,68.13110035555933,28.60887895979002,23.500150574113242
56.82769360736279,67.10533205764784,28.60887895979002,23.500150574113242
54.874556027845315,65.82335336810209,29.232695565508237,24.01257135738178
56.86174395086674,66.40006444939618,29.870114492314144,24.536165475829492
56.0049521403448,65.54327263887424,29.870114492314144,24.536165475829492
58.575327571910634,65.32907468624376,29.870114492314144,24.536165475829492
58.36112961928015,65.11487673361327,29.870114492314144,24.536165475829492
57.178678885505754,63.56218347373012,30.521432338819054,25.071176564029955
56.40818189145659,61.97563373731521,31.186952170967004,25.617853569008627
55.73725898901594,62.42291567227566,31.186952170967004,25.617853569008627
55.51361802153572,61.97563373731521,31.186952170967004,25.617853569008627
55.2899770540555,62.870197607236086,31.186952170967004,25.617853569008627
55.2899770540555,62.199274704795435,31.186952170967004,25.617853569008627
55.06633608657528,60.85742889991412,31.186952170967004,25.617853569008627
54.171772216654404,61.97563373731521,31.186952170967004,25.617853569008627
54.61905415161485,60.85742889991412,31.186952170967004,25.617853569008627
56.855463826417036,59.962865029993246,31.186952170967004,25.617853569008627
57.52638672885769,59.739224062513024,31.186952170967004,25.617853569008627
57.079104793897244,58.84466019259215,31.186952170967004,25.617853569008627
54.842695119095055,58.39737825763171,31.186952170967004,25.617853569008627
52.606285444292865,59.739224062513024,31.186952170967004,25.617853569008627
53.27720834673352,58.39737825763171,31.186952170967004,25.617853569008627
53.72449028169396,57.502814387710835,31.186952170967004,25.617853569008627
54.260358747837145,58.877491813299365,30.562497173641074,25.104908392633757
54.14631413644197,58.82294856358912,31.228912424512316,25.652320920135136
54.594197863565185,59.270832290712335,31.228912424512316,25.652320920135136
56.04525955434977,57.87144854407255,31.90985885992881,26.211669777798683
59.56827324028127,56.76091661504068,31.270929133169627,25.68683464510364
60.91373222716962,55.863943957115126,31.270929133169627,25.686834645103637
59.34403007579988,54.74272813470817,31.270929133169627,25.686834645103637
57.77432792443014,53.62151231230122,31.270929133169627,25.686834645103637
58.222814253392926,54.74272813470817,31.270929133169627,25.686834645103637
56.2934508407869,54.32716183200619,30.644792668753865,25.172508263619264
55.95934598871581,53.83296540738503,31.313002372896044,25.72139480630748
55.95934598871581,53.383875665816504,31.313002372896044,25.72139480630748
54.83662163479448,53.383875665816504,31.313002372896044,25.72139480630748
56.85752547185288,52.710241053463704,31.313002372896044,25.72139480630748
56.9464700486081,52.74320537172972,30.686023477817074,25.206376428206895
56.9464700486081,52.08305891614676,30.686023477817074,25.206376428206895
56.506372411552796,51.20286364203615,30.686023477817074,25.206376428206895
56.066274774497494,49.66252191234258,30.686023477817074,25.206376428206895
55.62617713744219,48.342229001176655,30.686023477817074,25.206376428206895
53.86578658922097,46.36178963442777,30.686023477817074,25.206376428206895
56.28632359302515,48.122180182649004,30.686023477817074,25.206376428206895
54.74598186333157,46.36178963442777,30.686023477817074,25.206376428206895
52.54549367805503,46.80188727148308,30.686023477817074,25.206376428206895
53.97132985530936,46.3070259339469,31.35513221975087,25.756001466223946
55.095564770387604,48.10580179807209,31.35513221975087,25.756001466223946
52.84709494023111,46.53187291696255,31.35513221975087,25.756001466223946
53.296788906262414,45.4076380018843,31.35513221975087,25.756001466223946
53.521635889278066,44.73309705283735,31.35513221975087,25.756001466223946
54.2852410849015,43.86671779063836,30.727309760566605,25.240290160465438
54.725930848059235,44.748097316953825,30.727309760566605,25.240290160465438
52.60976294928177,43.678720647751035,30.112058163386482,24.734904919924624
52.82569587480663,43.24685479670134,30.11205816338648,24.734904919924624
53.25756172585632,43.894653573275875,30.11205816338648,24.734904919924624
51.74603124718239,42.81498894565165,30.11205816338648,24.734904919924624
52.60976294928177,42.599056020126795,30.11205816338648,24.734904919924624
51.314165396132694,43.24685479670134,30.11205816338648,24.734904919924624
52.47936331873375,42.19889021039292,29.509125722383136,24.239638986243307
49.72844229033949,41.352452970886986,29.509125722383136,24.239638986243307
50.23548157559547,40.325471734261264,28.918265771624124,23.754289740976976
47.53964212022612,40.11809946846362,28.918265771624124,23.754289740976976
46.50278079123791,38.873865873677765,28.918265771624124,23.754289740976976
45.88066399384498,38.45912134208248,28.918265771624124,23.754289740976976
45.88066399384498,38.45912134208248,28.918265771624124,23.754289740976976
45.4659194622497,37.62963227889191,28.918265771624124,23.754289740976976
44.843802664856774,36.80014321570134,28.918265771624124,23.754289740976976
45.05117493065442,37.42226001309427,28.918265771624124,23.754289740976976
44.92594499279204,38.28219236962494,28.339236584158318,23.278658622701492
44.92594499279204,37.672532190016355,28.339236584158314,23.278658622701492
45.53560517240062,38.68863248936398,28.339236584158314,23.278658622701492
44.72272493292252,38.0789723097554,28.339236584158314,23.278658622701492
43.50340457370535,37.266092070277296,28.339236584158314,23.278658622701492
44.31628481318346,37.46931213014683,28.339236584158314,23.278658622701492
45.81932282791833,37.90558597847733,27.771801273122897,22.812551045779543
44.30500067663099,37.73567135422728,27.215727694830477,22.355776320753627
42.743693463541724,37.34534455095496,27.215727694830477,22.355776320753627
41.18238625045246,36.759854346046495,27.215727694830477,22.355776320753627
42.62583633078629,37.76432232480143,26.670788353796706,21.908147576333025
41.2870467579087,37.19055536499674,26.670788353796706,21.90814757633303
40.33076849156756,36.23427709865561,26.670788353796706,21.90814757633303
40.52202414483579,36.99929971172851,26.670788353796706,21.90814757633303
40.215271207094716,38.17491092476476,26.13676030966949,21.469481682942813
37.96615741216816,38.17491092476476,26.13676030966949,21.469481682942813
37.96615741216816,38.36233707434197,26.13676030966949,21.469481682942813
37.665546575260365,37.82757372860271,25.613425086021792,21.039599177803634
36.74717995589372,37.82757372860271,25.613425086021792,21.039599177803634
36.196159984273734,38.01124705247604,25.613425086021792,21.039599177803634
35.09412004103376,38.01124705247604,25.613425086021792,21.039599177803634
34.726773393287104,38.01124705247604,25.613425086021792,21.039599177803634
34.359426745540446,37.64390040472938,25.613425086021792,21.039599177803634
33.99208009779379,37.27655375698272,25.613425086021792,21.039599177803634
34.24850835031936,38.03821122174872,25.10056858097064,20.618324191511615
34.06851270948282,38.39820250342181,25.10056858097064,20.618324191511615
33.70852142780973,38.758193785094896,25.10056858097064,20.618324191511615
33.34853014613664,38.21820686258526,25.10056858097064,20.618324191511615
32.98853886446355,38.758193785094896,25.10056858097064,20.618324191511615
32.62854758279046,38.758193785094896,25.10056858097064,20.618324191511615
31.188582456098104,39.478176348441075,25.10056858097064,20.618324191511615
30.828591174425014,40.01816327095071,25.10056858097064,20.618324191511615
29.92861297024229,40.3781545526238,25.10056858097064,20.618324191511615
29.388626047732657,40.55815019346034,25.10056858097064,20.618324191511615
30.359902411771245,40.94456574200851,24.597980979585824,20.20548437608837
29.301552836440358,41.120957337896996,24.597980979585824,20.20548437608837
28.595986452886436,41.650132125562436,24.597980979585824,20.20548437608837
28.419594856997954,42.70848170089333,24.597980979585824,20.20548437608837
28.31307382098769,43.61633485525561,24.105456668052426,19.80091083447165
28.140214106410824,44.13491399898621,24.105456668052426,19.80091083447165
27.967354391833958,43.61633485525561,24.105456668052426,19.80091083447165
27.79449467725709,44.653493142716805,24.105456668052426,19.80091083447165
27.79449467725709,44.99921257187054,24.105456668052426,19.80091083447165
27.79449467725709,45.34493200102427,24.105456668052426,19.80091083447165
27.967354391833958,44.99921257187054,24.105456668052426,19.80091083447165
27.18596550677992,45.647631714382044,24.631076150699307,20.232669695217304
26.656078744820274,46.354147396994904,24.631076150699307,20.232669695217304
25.949563062207414,45.1177449524224,24.631076150699307,20.232669695217304
25.596305220900984,44.234600349156324,24.631076150699307,20.232669695217304
24.71316061763491,45.294373873075614,24.631076150699307,20.232669695217304
24.091362468595477,45.95693179498958,25.168156766165307,20.673843057921516
23.730401840059358,46.85933336632987,25.168156766165307,20.673843057921516
24.538887896524592,47.536338363731176,25.71694842445154,21.124636205799494
23.616809458921228,46.42984423860713,25.716948424451537,21.124636205799494
23.063562396359206,47.536338363731176,25.716948424451537,21.124636205799494
23.063562396359206,46.42984423860713,25.716948424451537,21.124636205799494
22.952195695512152,47.932242890768585,25.202019076062957,20.701658526766014
24.484662084221554,49.33305132019808,25.751549102016508,21.153058190942147
25.77730874190152,50.256370361398055,25.751549102016508,21.153058190942147
25.038653508941543,50.62569797787805,25.751549102016508,21.153058190942147
25.407981125421536,50.071706553158066,25.751549102016508,21.153058190942147
25.961972550141518,50.25637036139806,25.751549102016508,21.153058190942147
25.407981125421536,51.17968940259804,25.751549102016508,21.153058190942147
25.111800778832624,52.314781829405675,25.23592694575437,20.72951141972682
24.821550838540652,52.522314885653216,24.730629069673398,20.314445307231736
25.530922088570655,52.69965769816071,24.730629069673398,20.314445307231736
25.778512247828793,52.9030353289799,24.23544875115712,19.907690045593363
24.909552822695908,53.07682721400647,24.235448751157122,19.907690045593363
24.123950187606688,53.03357550831097,24.7639027111761,20.341777227037525
23.321217487059343,53.16696211625235,25.303879609793295,20.78532967947308
23.13976390718034,52.441147796736345,25.303879609793295,20.78532967947308
15.155806392504266,53.348415696131354,25.303879609793295,20.78532967947308
14.067084913230255,54.255683595526364,25.303879609793295,20.78532967947308
14.248538493109256,53.71132285588936,25.303879609793295,20.78532967947308
14.683321317658388,55.00813621471383,24.797221120453035,20.36914592037215
15.109398504476303,56.10116319294313,24.30070743217803,19.961295390717684
14.935138650842855,56.97246246111037,24.30070743217803,19.961295390717684
15.109398504476303,56.623942753843465,24.30070743217803,19.961295390717684
15.01871989533043,55.36075560904547,24.830584357736672,20.396551436712283
15.552898664556205,56.072993968013165,24.830584357736672,20.396551436712283
15.909017844040056,56.251053557755085,24.830584357736672,20.396551436712283
16.265137023523906,56.96329191672278,24.830584357736672,20.396551436712283
16.79931579274968,57.319411096206636,24.830584357736672,20.396551436712283
17.333494561975456,56.78523232698086,24.830584357736672,20.396551436712283
17.511554151717384,57.319411096206636,24.830584357736672,20.396551436712283
18.82850254963654,58.591968269220864,24.333402638801456,19.98815216758693
19.944587436360784,59.49005646435921,23.846175967966687,19.587930259401222
20.867324585349117,60.88316353298071,23.36870501573389,19.19572197721
20.867324585349117,61.21831650142909,23.36870501573389,19.19572197721
21.939162292451734,61.242917573547,22.90079444377055,18.811366864525827
22.596046722503644,61.242917573547,22.90079444377055,18.811366864525827
22.989538639404326,62.2523527045375,22.442252824995144,18.434707677674602
23.69701751536525,63.563441790195924,21.992892565262345,18.065590321465514
23.381596390272907,62.93259954001124,21.992892565262345,18.065590321465514
24.074909447234454,64.21743674549265,21.552529826616297,17.703863786149117
24.754340326779058,63.77646767271271,21.120984452080606,17.349380085637655
25.057256582981566,64.83667456942149,21.120984452080606,17.349380085637655
25.57162511924726,65.16182564186036,20.698079891954237,17.00199419696242
26.016901584864385,66.64608052725079,20.698079891954237,17.00199419696242
26.224119965049905,66.07416818256512,20.283643131583197,16.661564000943354
26.660480679213602,67.09234318228042,20.283643131583197,16.661564000943354
26.8059342506015,67.38325032505621,20.283643131583197,16.661564000943354
27.242294964765197,67.38325032505621,20.283643131583197,16.661564000943354
28.260469964480496,67.52870389644411,20.283643131583197,16.661564000943354
28.912048973565813,68.36522619463912,20.725927970067367,17.024869403983924
29.20929934658984,68.0679758216151,20.725927970067367,17.024869403983924
29.26817134069643,68.53567030729012,20.31093360883016,16.683981178681933
31.307261132134105,69.263916661375,20.31093360883016,16.683981178681933
32.03550748621899,69.9921630154599,20.31093360883016,16.683981178681933
33.05505238193783,70.86605864036176,20.31093360883016,16.683981178681933
33.12491096990151,70.97546007719512,20.753813516170702,17.047775388283092
34.31551219523864,72.46371160886653,20.753813516170702,17.047775388283092
35.20846311424148,72.91018706836796,20.753813516170702,17.047775388283092
35.20846311424148,73.35666252786939,20.753813516170702,17.047775388283092
35.20846311424148,72.76136191520082,20.753813516170702,17.047775388283092
35.80376372691005,73.8031379873708,20.753813516170702,17.047775388283092
37.738490718082886,73.95196314053794,20.753813516170702,17.047775388283092
38.03614102441716,74.54726375320651,20.753813516170702,17.047775388283092
38.33379133075145,74.10078829370508,20.753813516170702,17.047775388283092
38.63144163708573,74.39843860003936,20.753813516170702,17.047775388283092
39.673217709255724,75.14256436587506,20.753813516170702,17.047775388283092
40.04224987006424,75.84965191370715,21.206350419890803,17.419502130624604
40.65053101259204,76.45793305623495,21.206350419890803,17.419502130624604
40.65053101259204,75.6975816280752,21.206350419890803,17.419502130624604
41.25881215511984,76.6100033418669,21.206350419890803,17.419502130624604
42.931585297071294,75.84965191370715,21.206350419890803,17.419502130624604
42.931585297071294,77.06621419876275,21.206350419890803,17.419502130624604
43.844007010862995,78.28277648381835,21.206350419890803,17.419502130624604
43.844007010862995,78.1307061981864,21.206350419890803,17.419502130624604
44.90849901028665,79.0431279119781,21.206350419890803,17.419502130624604
45.9729910097103,79.9555496257698,21.206350419890803,17.419502130624604
47.4936938660298,79.49933876887395,21.206350419890803,17.419502130624604
47.03748300913395,79.347268483242,21.206350419890803,17.419502130624604
48.7102561510854,80.41176048266566,21.206350419890803,17.419502130624604
49.926818436141005,80.8679713395615,21.206350419890803,17.419502130624604
51.59959157809246,81.47625248208931,21.206350419890803,17.419502130624604
51.90373214935636,81.47625248208931,21.206350419890803,17.419502130624604
52.20787272062026,81.47625248208931,21.206350419890803,17.419502130624604
53.57650529130781,82.23660391024906,21.206350419890803,17.419502130624604
53.88064586257171,83.30109590967271,21.206350419890803,17.419502130624604
55.24927843325926,82.69281476714491,21.206350419890803,17.419502130624604
55.553419004523164,83.45316619530466,21.206350419890803,17.419502130624604
55.62635734033421,82.35082835953382,21.66875489079652,17.799334374582873
56.7885893440287,82.77831582935555,22.14124209119034,18.187448860620652
58.05878433463692,83.41341332465966,22.14124209119034,18.187448860620652
57.58246121315883,82.93709020318157,22.14124209119034,18.187448860620652
58.85265620376705,82.93709020318157,22.14124209119034,18.187448860620652
59.964076820549245,83.73096207231171,22.14124209119034,18.187448860620652
59.964076820549245,85.15993143674596,22.14124209119034,18.187448860620652
60.440399942027334,84.68360831526788,22.14124209119034,18.187448860620652
61.07549743733144,85.00115706291993,22.14124209119034,18.187448860620652
61.55182055880953,85.00115706291993,22.14124209119034,18.187448860620652
63.45711304472186,85.15993143674596,22.14124209119034,18.187448860620652
63.93343616619995,85.95380330587611,22.14124209119034,18.187448860620652
65.04485678298214,86.58890080118022,22.14124209119034,18.187448860620652
65.20363115680817,87.38277267031036,22.14124209119034,18.187448860620652
66.47382614741639,88.01787016561447,22.14124209119034,18.187448860620652
67.66140061995145,88.6134533735417,22.624031874988745,18.584026183026484
69.7704744575664,90.07358141496744,22.624031874988745,18.584026183026484
70.41942025375562,90.23581786401473,22.624031874988745,18.584026183026484
72.69073054041786,90.88476366020394,22.624031874988745,18.584026183026484
72.69073054041786,90.56029076210933,22.624031874988745,18.584026183026484
72.85296698946516,91.53370945639315,22.624031874988745,18.584026183026484
74.4753314799382,92.02041880353507,22.624031874988745,18.584026183026484
76.25993241945855,91.69594590544045,22.624031874988745,18.584026183026484
77.7200604608843,91.53370945639315,22.624031874988745,18.584026183026484
77.23335111374237,91.53370945639315,22.624031874988745,18.584026183026484
79.18018850231002,92.02041880353507,22.624031874988745,18.584026183026484
80.96478944183036,91.85818235448777,22.624031874988745,18.584026183026484
81.61373523801959,92.50712815067698,22.624031874988745,18.584026183026484
83.88504552468183,93.80501974305541,22.624031874988745,18.584026183026484
84.12509636430669,93.92688029568957,23.117348890022875,18.989250873947377
84.45664439394425,93.92688029568957,23.117348890022875,18.989250873947377
85.6170624976757,94.92152438460225,23.117348890022875,18.989250873947377
87.10902863104474,95.08729839942103,23.117348890022875,18.989250873947377
88.51473188295907,95.70913816586172,23.621422682569822,19.4033114892538
88.08781060495045,95.49759356235013,24.136487804163256,19.826400696276977
89.38240269038195,95.80068294333111,24.662783920733034,20.258715363459295
91.68153454350991,95.97753923972557,24.662783920733034,20.258715363459295
92.21210343269328,95.80068294333111,24.662783920733034,20.258715363459295
92.2969300237864,96.64095007744774,25.200555924124615,20.700456651959524
94.37144538600904,96.95740129261176,25.750054046050153,21.1518301092555
96.58728243271639,96.40344203093494,25.750054046050153,21.1518301092555
98.43381330497252,97.32670746706299,25.750054046050153,21.1518301092555
98.43381330497252,97.14205437983739,25.750054046050153,21.1518301092555
100.09569109000304,97.32670746706299,25.750054046050153,21.1518301092555
100.36891038744281,97.28075272652245,26.311533974524277,21.613045764787813
101.68966652199079,97.46943217431502,26.31153397452428,21.613045764787813
104.14249934329416,97.84679106990015,26.31153397452428,21.613045764787813
106.7840116123901,97.09207327872988,26.31153397452428,21.613045764787813
106.59533216459754,97.09207327872988,26.31153397452428,21.613045764787813
107.91608829914551,97.84679106990015,26.31153397452428,21.613045764787813
109.99156222486376,97.65811162210758,26.31153397452428,21.613045764787813
112.25571559837456,98.97886775665556,26.31153397452428,21.613045764787813
114.51986897188537,99.54490610003326,26.31153397452428,21.613045764787813
113.95383062850767,100.11094444341096,26.31153397452428,21.613045764787813
115.36508415948353,100.63002600313062,26.885256972838782,22.08431822768901
116.22872926424725,100.58204532680493,27.471490001131535,22.565866786643767
118.78969634393653,99.7940554561313,27.471490001131535,22.565866786643767
119.67217323020962,100.53301843183196,28.07050584060621,23.057915511926534
119.56742753773332,100.08033651051225,28.68258322046063,23.560693359664093
121.51721977803592,100.44051262493952,29.308006947582772,24.07443427837157
123.61889069244359,100.65067971638028,29.308006947582772,24.07443427837157
126.14089578973278,99.59984425917645,29.308006947582772,24.07443427837157
125.72056160685125,99.59984425917645,29.308006947582772,24.07443427837157
127.82223252125891,100.23034553349875,29.308006947582772,24.07443427837157
130.55440470998886,100.44051262493952,29.308006947582772,24.07443427837157
131.81540725863346,100.44051262493952,29.308006947582772,24.07443427837157
132.235741441515,100.23034553349875,29.308006947582772,24.07443427837157
133.70691108160034,100.02017844205798,29.308006947582772,24.07443427837157
135.808581996008,100.02017844205798,29.308006947582772,24.07443427837157
138.12042000185642,99.38967716773568,29.308006947582772,24.07443427837157
140.43225800770483,99.38967716773568,29.308006947582772,24.07443427837157
140.43225800770483,98.96934298485415,29.308006947582772,24.07443427837157
143.16443019643478,98.96934298485415,29.308006947582772,24.07443427837157
145.68643529372397,99.17951007629492,29.308006947582772,24.07443427837157
147.88890984526716,100.38820819666034,29.947068039074814,24.59937731781146
149.82165790909386,99.52920905718182,29.947068039074814,24.59937731781146
149.17740855448497,100.1734584117907,29.947068039074814,24.59937731781146
149.82165790909386,101.24720733613884,29.947068039074814,24.59937731781146
150.89540683344202,100.38820819666032,29.947068039074814,24.59937731781146
152.61340511239908,99.95870862692107,29.947068039074814,24.59937731781146
153.4724042518776,100.8177077663996,29.947068039074814,24.59937731781146
154.1166536064865,100.8177077663996,29.947068039074814,24.59937731781146
155.40515231570427,100.1734584117907,29.947068039074814,24.59937731781146
160.44739902814902,99.475764130844,30.600063857666843,25.135766740226337
163.0805878752936,98.59803451512914,30.600063857666846,25.135766740226337
164.8360471067233,96.1842780719133,30.600063857666846,25.135766740226337
165.5812637935598,95.7776270464314,29.987360099708695,24.632474367617856
165.3662250751845,96.4227432015573,29.987360099708695,24.63247436761786
168.67698494096678,95.59415709525743,29.386924482652546,24.139259396464592
169.30918396316108,96.01562311005362,29.386924482652546,24.139259396464592
170.15211599275347,96.22635611745173,29.386924482652546,24.139259396464592
172.04871305933636,95.80489010265553,29.386924482652546,24.139259396464592
171.62724704454016,95.38342408785934,29.386924482652546,24.139259396464592
173.94531012591924,95.80489010265553,29.386924482652546,24.139259396464592
175.84190719250213,95.80489010265553,29.386924482652546,24.139259396464592
177.94923726648312,95.17269108046123,29.386924482652546,24.139259396464592
180.47803335526032,94.54049205826693,29.386924482652546,24.139259396464592
180.26730034786223,94.32975905086883,29.386924482652546,24.139259396464592
182.5853634292413,94.96195807306313,29.386924482652546,24.139259396464592
185.1141595180185,94.11902604347074,29.386924482652546,24.139259396464592
185.1141595180185,93.06536100648025,29.386924482652546,24.139259396464592
185.9570915476109,93.48682702127644,29.386924482652546,24.139259396464592
185.9570915476109,92.64389499168405,29.386924482652546,24.139259396464592
186.5892905698052,92.85462799908215,29.386924482652546,24.139259396464592
188.27515462898998,92.85462799908215,29.386924482652546,24.139259396464592
188.6966206437862,92.43316198428596,29.386924482652546,24.139259396464592
188.6966206437862,93.06536100648026,29.386924482652546,24.139259396464592
189.1180866585824,93.90829303607265,29.386924482652546,24.139259396464592
188.78009419669308,94.78216173280317,28.798511362042593,23.65592004739213
188.78009419669308,93.5430806758874,28.798511362042593,23.65592004739213
187.95404015874922,93.95610769485933,28.798511362042593,23.65592004739213
186.40098333170877,91.633063931683,29.42646290229193,24.171737384025512
185.76793372202786,91.21103085856238,29.42646290229193,24.171737384025512
185.34590064890725,91.42204739512269,29.42646290229193,24.171737384025512
186.18996679514848,90.57798124888147,29.42646290229193,24.171737384025512
184.92386757578666,89.73391510264025,29.42646290229193,24.171737384025512
185.13488411234695,88.88984895639904,29.42646290229193,24.171737384025512
184.92386757578666,88.67883241983873,29.42646290229193,24.171737384025512
184.29081796610575,88.04578281015782,29.42646290229193,24.171737384025512
186.6119998682691,88.67883241983873,29.42646290229193,24.171737384025512
184.8140621005547,87.78225044332848,30.068106925876407,24.69880211768419
187.18585737409472,86.91977943476847,30.068106925876407,24.69880211768419
174.46440999783457,81.0981001269884,30.068106925876407,24.69880211768419
173.60193898927454,80.66686462270839,30.068106925876407,24.69880211768419
172.52385022857453,80.02001136628839,30.068106925876407,24.69880211768419
172.95508573285454,80.02001136628839,30.068106925876407,24.69880211768419
171.96240542365032,79.62042963428348,29.466054518604842,24.204259068853972
169.4268000573137,78.77522784550462,29.466054518604842,24.204259068853972
169.4268000573137,77.93002605672572,29.466054518604842,24.204259068853972
169.2991979318766,76.27064244932696,28.87605698070018,23.71961823414657
166.4822461413096,76.50811089542225,28.29787293803336,23.244681341955967
166.96847312762392,76.94374796311746,27.731265849499096,22.77925409065996
165.97417155399876,76.54602733366738,27.731265849499096,22.77925409065996
163.78670809202336,77.73918922201761,27.731265849499096,22.77925409065996
161.00266368587285,76.74488764839242,27.731265849499096,22.77925409065996
160.60494305642277,76.14830670421733,27.731265849499096,22.77925409065996
157.62203833554724,75.9494463894923,27.731265849499096,22.77925409065996
157.22431770609717,75.55172576004222,27.731265849499096,22.77925409065996
156.62773676192205,75.75058607476726,27.731265849499096,22.77925409065996
156.23001613247197,73.96084324224194,27.731265849499096,22.77925409065996
155.43457487357182,73.36426229806682,27.731265849499096,22.77925409065996
154.24141298522161,73.7619829275169,27.731265849499096,22.77925409065996
151.73499954869843,72.796875049932,27.176003910244432,22.323146069129344
151.34524246224666,73.57638922283552,27.176003910244432,22.323146069129344
151.54012100547254,73.38151067960963,27.176003910244432,22.323146069129344
149.9810926596655,72.60199650670612,27.176003910244432,22.323146069129344
149.20157848676197,73.18663213638376,27.176003910244432,22.323146069129344
147.0579145112773,72.60199650670612,27.176003910244432,22.323146069129344
145.6937647086961,72.40711796348023,27.176003910244432,22.323146069129344
145.30400762224434,72.21223942025435,27.176003910244432,22.323146069129344
144.5244934493408,71.6276037905767,27.176003910244432,22.323146069129344
141.6013153009526,72.01736087702847,27.176003910244432,22.323146069129344
140.82180112804906,71.43272524735082,27.176003910244432,22.323146069129344
138.2883800661126,71.6276037905767,27.176003910244432,22.323146069129344
138.67813715256437,71.82248233380258,27.176003910244432,22.323146069129344
135.75495900417616,71.6276037905767,27.176003910244432,22.323146069129344
133.6884884621703,71.07157731282348,26.631859956834994,21.876170678828732
132.16067647364548,70.11669481999546,26.631859956834994,21.876170678828732
131.20579398081745,69.92571832142985,26.631859956834994,21.876170678828732
129.67798199229262,70.49864781712667,26.631859956834994,21.876170678828732
130.1355827821157,70.33570763067125,26.098611374320036,21.43814505747716
128.076904353967,69.58709729316263,26.098611374320036,21.43814505747716
127.3282940164584,69.02563954003116,26.098611374320036,21.43814505747716
126.39253109457262,69.39994470878547,26.098611374320036,21.43814505747716
125.1565961041362,68.4916567291425,25.576040005158376,21.008890004237227
124.86243436795908,69.06879725057497,25.063932059967854,20.588229906402155
124.32323560457675,69.06879725057497,25.063932059967854,20.588229906402155
123.78403684119442,68.7093314083201,25.063932059967854,20.588229906402155
121.98670762992,68.52959848719266,25.063932059967854,20.588229906402155
121.26777594541025,68.7093314083201,25.063932059967854,20.588229906402155
120.18937841864559,67.63093388155545,25.063932059967854,20.588229906402155
119.82991257639071,68.52959848719266,25.063932059967854,20.588229906402155
117.3998580035776,67.58620362612834,25.610451098535453,21.037156259511256
115.1960340339061,66.11698764634734,25.610451098535453,21.037156259511256
113.91047005159773,66.48429164129259,25.610451098535453,21.037156259511256
112.44125407181673,65.56603165392946,25.610451098535453,21.037156259511256
112.07395007687148,65.9333356488747,25.610451098535453,21.037156259511256
110.78838609456311,66.11698764634733,25.610451098535453,21.037156259511256
108.10635261351516,66.32760068226956,25.097654141507384,20.615930187666773
107.38645364770139,66.507575423723,25.097654141507384,20.615930187666773
106.1266304575273,66.14762594081611,25.097654141507384,20.615930187666773
105.04678200880664,65.42772697500234,25.097654141507384,20.615930187666773
104.86680726735321,65.60770171645578,25.097654141507384,20.615930187666773
103.24703459427224,65.2477522335489,25.097654141507384,20.615930187666773
102.70711036991192,63.987929043374805,25.097654141507384,20.615930187666773
101.08733769683094,63.0880553361076,25.097654141507384,20.615930187666773
101.26731243828438,62.908080594654166,25.097654141507384,20.615930187666773
100.9073629553775,62.54813111174728,25.097654141507384,20.615930187666773
99.6475397652034,63.0880553361076,25.097654141507384,20.615930187666773
98.56769131648275,62.36815637029383,25.097654141507384,20.615930187666773
98.02776709212243,62.36815637029383,25.097654141507384,20.615930187666773
97.66781760921555,62.36815637029383,25.097654141507384,20.615930187666773
96.94791864340178,62.1881816288404,25.097654141507384,20.615930187666773
96.40799441904146,61.10833318011974,25.097654141507384,20.615930187666773
95.3281459703208,60.20845947285254,25.097654141507384,20.615930187666773
94.4282722630536,59.48856050703877,25.097654141507384,20.615930187666773
94.06832278014672,60.02848473139909,25.097654141507384,20.615930187666773
91.45502396697418,59.26379532816773,25.644908490062953,21.065460545408847
89.79993215075667,59.44769441885856,25.644908490062953,21.065460545408847
88.69653760661167,59.26379532816773,25.644908490062953,21.065460545408847
86.56259287557657,59.10689355045578,25.13142159417147,20.643667738069418
86.56259287557657,59.10689355045578,25.13142159417147,20.643667738069418
85.66150843990255,58.926676663320976,25.13142159417147,20.643667738069418
84.21977334282408,58.56624288905137,25.13142159417147,20.643667738069418
84.03955645568928,58.02559222764695,25.13142159417147,20.643667738069418
82.41760447147604,57.12450779197292,25.13142159417147,20.643667738069418
82.32382603468038,56.899440204458614,25.679412242032377,21.09380291309802
80.11406783837501,56.531147171741054,25.679412242032377,21.09380291309802
80.29821435473379,55.794561106305935,25.679412242032377,21.09380291309802
79.92992132201623,55.426268073588375,25.679412242032377,21.09380291309802
79.74577480565745,56.162854139023494,25.679412242032377,21.09380291309802
78.45674919114597,55.242121557229595,25.679412242032377,21.09380291309802
77.90430964206963,55.794561106305935,25.679412242032377,21.09380291309802
77.16772357663451,54.1372424590769,25.679412242032377,21.09380291309802
76.6882263927134,54.5325691281079,25.165234479004358,20.671442607753573
76.32730767549484,54.171650410889335,25.16523447900436,20.671442607753573
75.96638895827627,53.630272335061484,25.16523447900436,20.671442607753573
75.24455152383914,53.4498129764522,25.16523447900436,20.671442607753573
74.522714089402,52.90843490062435,25.16523447900436,20.671442607753573
73.80087665496487,52.3670568247965,25.16523447900436,20.671442607753573
73.07903922052773,52.186597466187216,25.16523447900436,20.671442607753573
72.3572017860906,52.00613810757793,25.16523447900436,20.671442607753573
71.45490499304418,51.645219390359365,25.16523447900436,20.671442607753573
69.28939268973278,52.00613810757793,25.16523447900436,20.671442607753573
69.72179325027719,51.1303336575118,24.661352075134122,20.25753920457445
68.66071707831557,51.1303336575118,24.661352075134122,20.25753920457445
68.83756310697584,50.95348762885152,24.661352075134122,20.25753920457445
66.71541076305259,50.42294954287071,24.661352075134122,20.25753920457445
66.0080266484115,50.59979557153099,24.661352075134122,20.25753920457445
65.30064253377041,50.59979557153099,24.661352075134122,20.25753920457445
64.94695047644987,49.8924114568899,24.661352075134122,20.25753920457445
64.59325841912933,49.18502734224883,24.661352075134122,20.25753920457445
64.59325841912933,48.65448925626802,24.661352075134122,20.25753920457445
63.88587430448824,48.47764322760774,24.661352075134122,20.25753920457445
63.00164416118689,47.77025911296667,24.661352075134122,20.25753920457445
62.647952103866345,48.123951170287214,24.661352075134122,20.25753920457445
61.76372196056499,47.06287499832558,24.661352075134122,20.25753920457445
61.233183874584185,46.532336912344775,24.661352075134122,20.25753920457445
60.5257997599431,46.532336912344775,24.661352075134122,20.25753920457445
60.87949181726364,46.00179882636397,24.661352075134122,20.25753920457445
60.5257997599431,45.47126074038316,24.661352075134122,20.25753920457445
60.34895373128283,45.117568683062615,24.661352075134122,20.25753920457445
60.17210770262257,44.58703059708181,24.661352075134122,20.25753920457445
59.818415645302025,44.763876625742085,24.661352075134122,20.25753920457445
58.403647416019865,44.58703059708181,24.661352075134122,20.25753920457445
58.58049344468013,44.58703059708181,24.661352075134122,20.25753920457445
57.69626330137878,44.41018456842154,24.661352075134122,20.25753920457445
55.397264928795266,43.879646482440734,24.661352075134122,20.25753920457445
55.220418900135,43.702800453780455,24.661352075134122,20.25753920457445
54.936777408276456,44.25930042770143,24.167558886889587,19.85192337137358
54.416862263493826,43.7393852829188,24.167558886889587,19.85192337137358
53.20372692566768,43.392775186397046,24.167558886889587,19.85192337137358
51.81728653958065,42.8728600416144,24.167558886889587,19.85192337137358
52.68381178088505,42.8728600416144,24.167558886889587,19.85192337137358
51.64398149131978,42.69955499335353,24.167558886889587,19.85192337137358
51.19271429255019,42.031776854488434,23.68365289834172,19.454429166494975
50.683209386272594,42.20161182324763,23.68365289834172,19.454429166494975
50.0038695112358,42.031776854488434,23.68365289834172,19.454429166494975
49.4943646049582,41.182602010692435,23.68365289834172,19.454429166494975
49.324529636199,41.01276704193324,23.68365289834172,19.454429166494975
48.815024729921404,40.33342716689644,23.68365289834172,19.454429166494975
48.305519823643806,39.82392226061884,23.68365289834172,19.454429166494975
47.79601491736621,40.163592198137245,23.68365289834172,19.454429166494975
47.456344979847806,39.82392226061884,23.68365289834172,19.454429166494975
46.94684007357021,39.48425232310044,23.68365289834172,19.454429166494975
46.607170136051806,38.80491244806365,23.68365289834172,19.454429166494975
46.267500198533405,39.14458238558205,23.68365289834172,19.454429166494975
44.73898547970061,39.314417354341245,23.68365289834172,19.454429166494975
44.22948057342301,38.465242510545245,23.68365289834172,19.454429166494975
42.02162597955341,38.29540754178605,23.68365289834172,19.454429166494975
41.512121073275814,38.12557257302685,23.68365289834172,19.454429166494975
40.83278119823902,38.80491244806365,23.68365289834172,19.454429166494975
40.32327629196142,38.80491244806365,23.68365289834172,19.454429166494975
39.13443151064702,38.29540754178605,23.68365289834172,19.454429166494975
38.79476157312862,38.465242510545245,23.68365289834172,19.454429166494975
38.455091635610216,38.63507747930444,23.68365289834172,19.454429166494975
37.266246854295815,38.63507747930444,23.68365289834172,19.454429166494975
36.24723704174062,38.29540754178604,23.68365289834172,19.454429166494975
35.90756710422222,37.78590263550844,23.68365289834172,19.454429166494975
35.73773213546302,37.78590263550844,23.68365289834172,19.454429166494975
35.22822722918542,37.78590263550844,23.68365289834172,19.454429166494975
34.88855729166702,37.95573760426764,23.68365289834172,19.454429166494975
34.54888735414862,37.44623269799004,23.68365289834172,19.454429166494975
33.36004257283422,37.10656276047164,23.68365289834172,19.454429166494975
33.08764604646862,37.980670233293296,23.209436138517717,19.064893970925258
32.75477730544939,37.48136712176444,23.209436138517717,19.064893970925258
32.15496622195565,37.006497414306324,22.74471460040901,18.68315842176454
30.03464201215936,37.65890486347442,22.74471460040901,18.68315842176454
29.708438287575312,36.8433955520143,22.74471460040901,18.68315842176454
29.056030838407224,37.006497414306324,22.74471460040901,18.68315842176454
28.8929289761152,37.16959927659835,22.74471460040901,18.68315842176454
27.425012215487,36.027886240554196,22.74471460040901,18.68315842176454
26.28329917944285,36.843395552014314,22.74471460040901,18.68315842176454
25.467789867982738,36.51719182743027,22.74471460040901,18.68315842176454
25.467789867982738,36.35408996513824,22.74471460040901,18.68315842176454
25.14158614339869,36.51719182743027,22.74471460040901,18.68315842176454
23.510567520478467,36.35408996513824,22.74471460040901,18.68315842176454
23.347465658186444,36.68029368972229,22.74471460040901,18.68315842176454
23.021261933602396,37.00649741430634,22.74471460040901,18.68315842176454
23.51056752047846,37.16959927659836,22.74471460040901,18.68315842176454
24.326076831938572,36.19098810284622,22.74471460040901,18.68315842176454
24.65228055652262,35.70168251597016,22.74471460040901,18.68315842176454
24.65228055652262,36.843395552014314,22.74471460040901,18.68315842176454
26.347905536554823,37.03044158938188,22.289298161601003,18.309066347029393
26.028233375069544,36.231261185668686,22.289298161601003,18.309066347029393
25.708561213584264,36.55093334715397,22.289298161601003,18.309066347029393
24.90938080987107,35.59191686269813,22.289298161601003,18.309066347029393
26.25138220262405,36.2547259275601,21.843000506491993,17.94246470176128
25.468203753642683,37.19454006633774,21.843000506491993,17.94246470176128
26.564653582216593,38.29098989491165,21.843000506491993,17.94246470176128
25.9381108230315,37.977718515319104,21.843000506491993,17.94246470176128
25.31156806384641,37.66444713572656,21.843000506491993,17.94246470176128
26.877924961809136,39.07416834389302,21.843000506491993,17.94246470176128
26.408017892420318,40.327253862263206,21.843000506491993,17.94246470176128
26.564653582216593,42.20688213981848,21.843000506491993,17.94246470176128
27.504467720994228,43.929874727577484,21.843000506491993,17.94246470176128
25.85660319980574,44.20416407555535,22.31928713253605,18.333700144583187
24.256091889682935,44.20416407555535,22.31928713253605,18.333700144583187
23.77593849664609,44.68431746859219,22.31928713253605,18.333700144583187
23.935989627658373,45.00441973061675,22.31928713253605,18.333700144583187
19.838058151816668,46.78847848410624,21.8723890095563,17.96660525784982
20.6222903224349,47.10217135235354,21.8723890095563,17.96660525784982
22.422830244865615,47.37682974090077,22.349316451909676,18.358367085497235
21.68498112052011,47.240091195574685,21.901817053164137,17.990778293670544
19.800291576575162,48.496550891537986,21.901817053164137,17.990778293670544
17.758544570634804,49.59595312550587,21.901817053164137,17.990778293670544
17.758544570634804,48.6536083535334,21.901817053164137,17.990778293670544
17.758544570634804,48.182435967547164,21.901817053164137,17.990778293670544
17.833874934203507,49.085693741168306,22.37938617400838,18.383067214364033
17.99435703415773,49.567140041030974,22.37938617400838,18.383067214364033
18.315321234066175,49.085693741168306,22.37938617400838,18.383067214364033
18.315321234066175,50.36955054080208,22.37938617400838,18.383067214364033
18.315321234066175,49.88810424093941,22.37938617400838,18.383067214364033
18.475803334020398,50.690514740710526,22.37938617400838,18.383067214364033
18.63628543397462,51.49292524048164,22.37938617400838,18.383067214364033
19.50226457553818,51.195520621339455,21.931284690515035,18.01498385292307
19.816802123124308,51.98186449030477,21.931284690515035,18.01498385292307
20.193635480331825,53.420371302739724,21.49215552368613,17.65427060874218
19.80519746681189,51.5325779502755,21.960791974880102,18.039221979365802
18.935848452711333,51.96582681223989,22.43964704389236,18.432567214625873
18.6912002008153,52.08669420691092,22.928943547684433,18.834489342740792
18.6056403579222,51.88135118685169,23.428909161741693,19.245175382859255
17.429582909842647,52.72139222119423,23.428909161741693,19.245175382859255
17.510165641443777,53.85563735153067,23.939776526013468,19.664816432082503
18.54019539635943,53.68396572571139,23.939776526013468,19.664816432082503
17.853508893082328,54.37065222898849,23.939776526013468,19.664816432082503
18.368523770540154,55.572353609723415,23.939776526013468,19.664816432082503
20.32491258481635,56.9709288758126,23.460431413846592,19.271068661374002
20.829615341610292,57.47563163260654,23.460431413846592,19.271068661374002
21.064488944447262,58.173266277445144,22.99068420817265,18.88520488528469
21.39422035463197,58.173266277445144,22.990684208172645,18.88520488528469
21.723951764816672,58.667863392722204,22.990684208172645,18.88520488528469
21.954122503640917,59.84612644445337,22.530342730524158,18.507067242930574
22.502813756085,60.83923257975752,22.07921865041481,18.136501034269322
22.977802571258433,61.789210210104386,22.07921865041481,18.136501034269322
23.3571777973779,62.445772214007036,21.637127408291487,17.77335465681088
23.3571777973779,61.66997532296172,21.637127408291487,17.77335465681088
23.667496553796028,62.445772214007036,21.637127408291487,17.77335465681088
24.132974688423218,62.75609097042516,21.637127408291487,17.77335465681088
24.443293444841345,63.53188786147048,21.637127408291487,17.77335465681088
23.977815310214154,63.68704723967954,21.637127408291487,17.77335465681088
24.598452823050415,63.99736599609767,21.637127408291487,17.77335465681088
23.977815310214154,64.77316288714299,21.637127408291487,17.77335465681088
24.598452823050415,66.4799160474427,21.637127408291487,17.77335465681088
24.598452823050415,67.41087231669708,21.637127408291487,17.77335465681088
23.977815310214154,69.11762547699679,21.637127408291487,17.77335465681088
24.443293444841345,68.6521473423696,21.637127408291487,17.77335465681088
24.132974688423218,69.42794423341492,21.637127408291487,17.77335465681088
24.75361220125948,68.49698796416054,21.637127408291487,17.77335465681088
24.75361220125948,69.27278485520586,21.637127408291487,17.77335465681088
25.37424971409574,69.27278485520586,21.637127408291487,17.77335465681088
25.994887226932,69.58310361162398,21.637127408291487,17.77335465681088
26.069307201781232,71.25124215098688,22.108924971429282,18.160902655102642
25.828264647280225,72.95575445120058,22.591010080431296,18.556901137497157
25.828264647280225,72.95575445120058,22.591010080431296,18.556901137497157
26.314263598673083,74.08975200445057,22.591010080431296,18.556901137497157
26.80026255006594,75.06174990723629,22.591010080431296,18.556901137497157
27.12426185099451,74.57575095584343,22.591010080431296,18.556901137497157
26.962262200530223,74.89975025677201,22.591010080431296,18.556901137497157
26.962262200530223,74.08975200445059,22.591010080431296,18.556901137497157
26.152263948208795,74.89975025677201,22.591010080431296,18.556901137497157
25.828264647280225,76.033747810022,22.591010080431296,18.556901137497157
25.504265346351655,77.167745363272,22.591010080431296,18.556901137497157
24.694267094030227,76.033747810022,22.591010080431296,18.556901137497157
25.990264297744513,77.167745363272,22.591010080431296,18.556901137497157
24.370267793101657,76.033747810022,22.591010080431296,18.556901137497157
26.80026255006594,79.435740469772,22.591010080431296,18.556901137497157
27.2862615014588,81.54173592580771,22.591010080431296,18.556901137497157
27.772260452851658,83.16173243045057,22.591010080431296,18.556901137497157
27.61026080238737,83.64773138184343,22.591010080431296,18.556901137497157
28.25825940424451,83.32373208091485,22.591010080431296,18.556901137497157
28.58225870517308,82.837733129522,22.591010080431296,18.556901137497157
29.294427066485042,82.37551654295555,22.13867126059309,18.185337106915775
29.992335711434826,83.35135834524601,21.695389601422075,17.821212886882442
30.92579876233966,84.90713009675406,21.695389601422075,17.821212886882442
31.765310387763364,85.86343266075349,21.26098375178111,17.46437951039165
32.070234507937954,87.08312914145185,21.26098375178111,17.46437951039165
32.22269656802525,87.9979015019756,21.26098375178111,17.46437951039165
32.74047456823087,87.86782164039793,20.835275991719048,17.114690993197815
33.93574911893692,89.36191482878048,20.835275991719048,17.114690993197815
34.08515843777517,89.21250550994223,20.835275991719048,17.114690993197815
33.039293205907384,89.06309619110398,20.835275991719048,17.114690993197815
34.08515843777517,90.10896142297177,20.835275991719048,17.114690993197815
33.188702524745636,90.25837074181003,20.835275991719048,17.114690993197815
32.74047456823087,90.10896142297177,20.835275991719048,17.114690993197815
33.338111843583896,90.85600801716305,20.835275991719048,17.114690993197815
33.338111843583896,93.54537575625164,20.835275991719048,17.114690993197815
33.48752116242215,95.0394689446342,20.835275991719048,17.114690993197815
34.08515843777517,96.38415281417849,20.835275991719048,17.114690993197815
34.29375035375287,94.76258434767254,20.418092159763646,16.772004274091593
34.29375035375287,97.10526758760044,20.418092159763646,16.772004274091593
34.21755980647654,97.94733472847061,20.863308659307293,17.13771782728816
34.139707924316845,97.61088041936019,21.318233104623488,17.51140576451218
35.056943488154694,98.22237079525209,21.318233104623488,17.51140576451218
35.13026663967749,98.33719788185044,21.783077177469803,17.893241967207366
35.20518860251924,98.45452877307207,22.25805717532453,18.28340410830232
36.96092117779442,98.77375287766756,22.25805717532453,18.28340410830232
37.5993693869854,99.73142519145404,22.25805717532453,18.28340410830232
38.23781759617637,100.84870955753823,22.25805717532453,18.28340410830232
39.355101962260576,102.76405418511115,22.25805717532453,18.28340410830232
40.056774178248375,102.14903782930726,21.81238505713541,17.917316296932686
40.68243876650142,103.86961544700313,21.81238505713541,17.917316296932686
40.99527106062794,104.49528003525617,21.81238505713541,17.917316296932686
41.68289372411839,105.92598803722352,21.375636612534088,17.55855864601017
42.35674814869477,105.6419224683003,20.947633163189455,17.206984384048507
42.416249896356504,107.01591005885255,20.528199608438907,16.862449678360555
42.5634571770132,106.86870277819587,20.528199608438907,16.862449678360555
43.94663304965975,108.06797179386554,20.117164353652853,16.52481357621487
43.658113538400954,109.65482910578895,20.117164353652853,16.52481357621487
44.81219158343616,111.67446568460056,20.117164353652853,16.52481357621487
46.456191696539804,112.56120227726977,19.71435924003357,16.193937947170458
45.890706701465724,111.71297478465866,19.71435924003357,16.193937947170458
45.7493354526972,112.56120227726977,19.71435924003357,16.193937947170458
46.456191696539804,112.7025735260383,19.71435924003357,16.193937947170458
48.15264668176204,113.40942976988089,19.71435924003357,16.193937947170458
47.728532935456485,112.98531602357532,19.71435924003357,16.193937947170458
47.86990418422501,113.83354351618644,19.71435924003357,16.193937947170458
48.71813167683613,115.52999850140868,19.71435924003357,16.193937947170458
48.36182462645314,116.76715658062487,20.144230843262502,16.547046764108508
50.52863235917191,117.48942582486445,20.144230843262502,16.547046764108508
51.97317084765108,118.7895104644957,20.144230843262502,16.547046764108508
51.53980930110733,118.35614891795196,20.144230843262502,16.547046764108508
52.695440091890674,120.3785028018228,20.144230843262502,16.547046764108508
53.99552473152193,122.11194898799782,20.144230843262502,16.547046764108508
54.284432429217766,122.97867208108532,20.144230843262502,16.547046764108508
56.07509829893115,122.85542478499251,19.740883778489923,16.21572596090246
55.65041393193046,123.42167060766012,19.740883778489923,16.21572596090246
55.65041393193046,123.84635497466083,19.740883778489923,16.21572596090246
56.07509829893115,125.6866538983305,19.740883778489923,16.21572596090246
58.25459411021906,126.41524311152956,19.345612914587285,15.891039179839579
57.97714015671964,127.10887799527812,19.345612914587285,15.891039179839579
57.76622461191836,128.18416873136732,19.767444004189862,16.23754328915598
59.665148972729,129.05549013799848,19.371641326034343,15.91241966067109
59.870690530967636,130.68788211976286,19.79403996514852,16.259389971372023
61.63022714793353,131.13454792668358,19.39770475721458,15.933828907711998
61.63022714793353,131.41274897916333,19.39770475721458,15.933828907711998
62.46483030537275,131.9691510841228,19.39770475721458,15.933828907711998
63.215432112917654,132.6850743733489,19.00930535204372,15.614786539178793
64.44227001457514,132.41244372853612,19.00930535204372,15.614786539178791
65.26016194901347,134.59348888703832,19.00930535204372,15.614786539178791
64.98753130420069,135.00243485425747,19.00930535204372,15.614786539178791
66.21436920585818,135.95664211110218,19.00930535204372,15.614786539178791
68.04046432505683,137.33980711123846,18.628682851399724,15.302132342221222
68.30763609823495,140.1451107296087,18.628682851399724,15.302132342221222
70.04425262389272,141.88172725526647,18.628682851399724,15.302132342221222
70.97935383001614,142.4160708016227,18.628682851399724,15.302132342221222
70.84576794342708,142.1488990284446,18.628682851399724,15.302132342221222
72.31521269590672,141.88172725526647,18.628682851399724,15.302132342221222
73.25031390203014,143.21758612115707,18.628682851399724,15.302132342221222
72.98314212885202,144.95420264681485,18.628682851399724,15.302132342221222
74.77267342429116,145.3745713877258,18.255681538658887,14.995738406755535
74.51085121999655,146.02912689846232,18.255681538658887,14.995738406755535
74.18090754987402,147.4365690862503,18.653746674609344,15.322720482714839
76.18739183081837,148.50669403608728,18.653746674609344,15.322720482714839
77.25751678065535,149.57681898592426,18.653746674609344,15.322720482714839
78.46140734922196,151.31577202940937,18.653746674609344,15.322720482714839
78.72893858668121,152.6534282167056,18.653746674609344,15.322720482714839
78.52556611356128,152.88766911283167,19.0604916208492,15.656832402840436
79.07229562574537,154.39117527133791,19.0604916208492,15.656832402840436
80.57580178425161,154.25449289329188,19.0604916208492,15.656832402840436
81.18808904263145,153.9471118999739,19.476105640641816,15.998229633384373
83.3500173349727,155.44864404898772,19.90078212413601,16.34707103054032
83.41846522443657,155.1277120237911,20.334718678352797,16.703518914361254
84.0017445566053,156.7317301872551,20.334718678352797,16.703518914361254
86.04322221919584,158.3357483507191,20.334718678352797,16.703518914361254
88.08469988178638,159.6481268480987,20.334718678352797,16.703518914361254
88.00882044443782,159.90347623226143,20.77811721913428,17.0677391442889
89.79681365845781,162.43646661878975,20.77811721913428,17.0677391442889
91.73380630697947,163.33046322579975,20.77811721913428,17.0677391442889
93.52179952099947,164.82045757081642,20.77811721913428,17.0677391442889
93.3728000864978,165.56545474332475,20.77811721913428,17.0677391442889
95.30979273501947,166.16145248133142,20.77811721913428,17.0677391442889
96.9487865145378,166.90644965383976,20.77811721913428,17.0677391442889
98.51024630557619,168.95536014534414,21.2311840650975,17.43990119633012
100.10575372735816,169.830960192748,21.694130033636952,17.820178241916096
100.1803697603007,170.88122084200262,22.167170539020407,18.208747228481077
101.84621585755423,172.27230303705676,22.650525692623745,18.605788961798105
103.38595929331103,173.69371777937405,23.144420405351404,19.011488190110114
105.78911755506762,174.81419018199438,23.64908449229009,19.426033690095466
107.48498834964973,176.6796480560347,23.64908449229009,19.426033690095466
107.05756712651433,176.2982686442702,24.164752779644473,19.849618354707996
108.79041638377228,178.03111790152818,24.164752779644473,19.849618354707996
110.60637927530179,179.72084162039977,24.691665214004622,20.282439282932405
112.55407671414552,180.78322204158727,24.691665214004622,20.282439282932405
114.40963667652481,181.62447316849259,25.230066973995992,20.724697871496744
115.40103576865755,182.4840677762201,25.780208584363976,21.17659990858473
117.89300691619736,182.9926671948183,26.342346032546033,21.63835566959142
117.98361028938177,182.56785462172846,26.9167408877857,22.11018001496686
119.81336363181443,183.4849146259126,27.50366042284387,22.592292490193213
122.18010156471381,185.25996807558715,27.50366042284387,22.592292490193216
122.27469922910365,185.4081119288627,28.10337773836398,23.08491742794188
124.1851180857102,186.76865838562208,28.716171889949006,23.588284052458153
126.86211779929798,187.7982736600789,28.716171889949006,23.588284052458153
129.22603944885557,187.3351793383056,29.342328018009344,24.102626586222005
131.54058472699157,189.22889820223506,29.342328018009344,24.102626586222005
133.85513000512756,190.28096423775142,29.342328018009344,24.102626586222005
133.22389038381775,190.70179065195796,29.342328018009344,24.102626586222005
136.1696752832636,192.17468310168087,29.342328018009344,24.102626586222005
138.37472903728653,193.3847966650475,29.982137480442038,24.628184358934575
141.27286778966842,193.54629041924252,30.635897988203077,25.165201918881145
141.15854928156497,193.27192680532193,31.303913743835842,25.71392914672235
143.28653502258751,195.01189796057548,31.98649558302018,26.27462137176663
146.26840321318684,197.30564272257496,31.98649558302018,26.27462137176663
148.67216415949235,197.93668156786907,32.683961119207936,26.847539490778
150.6595871399251,198.8158562018383,33.39663489141226,27.432950089374415
151.97188621331873,199.71420123870124,34.124848515219504,28.03112556607322
153.5575085273829,200.14271757034263,34.86894083709387,28.642344259041447
155.05777510445697,201.39293971790434,34.86894083709387,28.642344259041447
157.0581305405557,201.89302857692903,34.86894083709387,28.642344259041447
157.30817497006805,202.64316186546606,34.86894083709387,28.642344259041447
160.17859392625212,202.33088870718186,35.6292580920467,29.266890575609846
163.36709901607364,203.03379302587274,36.406154064743774,29.90505512461102
166.8861972120927,202.96882091509065,37.19999025412551,30.557134851603166
170.48202934427596,202.90243208743297,38.011136041616716,31.223433177042374
174.15626859610148,202.28944156305232,38.83996886300417,31.90426013746778
173.73281583557258,202.77716712675166,39.68687438406197,32.59993252976527
178.2863154836877,201.92338594273008,39.68687438406197,32.59993252976527
