347,58,103,251
347.0,58.0,103.0,251.0
347.0,58.0,103.0,251.0
345.6377952755906,58.0,103.0,251.0
341.55118110236225,58.0,103.0,251.0
334.740157480315,58.0,103.0,251.0
332.0157480314961,59.36220472440945,103.0,251.0
323.8425196850394,60.7244094488189,103.0,251.0
319.7559055118111,62.086614173228355,103.0,251.0
314.54633383858277,57.98788194881891,105.245915,256.473055
308.978703444882,59.379789547244116,105.245915,256.473055
304.8029806496064,57.98788194881891,105.245915,256.473055
300.6272578543308,60.77169714566929,105.245915,256.473055
303.41107305118123,51.02834395669291,105.245915,256.473055
302.01916545275606,52.420251555118114,105.245915,256.473055
299.23535025590564,49.63643635826773,105.245915,256.473055
292.27581226377964,51.028343956692936,105.245915,256.473055
285.31627427165364,55.204066751968526,105.245915,256.473055
292.27581226377964,48.24452875984255,105.245915,256.473055
290.88390466535446,45.46071356299217,105.245915,256.473055
289.4919970669293,44.06880596456696,105.245915,256.473055
287.76184907695443,46.63648042015694,103.13858058624885,251.33770608882003
286.39781158429935,49.36455540546709,103.13858058624885,251.33770608882003
298.674149018195,49.36455540546709,103.13858058624885,251.33770608882003
304.1302989888153,48.000517912812,103.13858058624885,251.33770608882003
301.4022240035051,50.728592898122145,103.13858058624885,251.33770608882003
283.6697365989891,57.54878036139752,103.13858058624885,251.33770608882003
285.0337740916442,71.18915528794827,103.13858058624885,251.33770608882003
290.4899240622645,71.18915528794827,103.13858058624885,251.33770608882003
296.1856431506983,61.62875848403954,105.38751733593202,256.81812477008674
321.27368909398183,50.47851584258018,105.38751733593202,256.81812477008674
328.2425907448939,39.32827320112082,105.38751733593202,256.81812477008674
311.17853130812847,48.868303966179724,103.2773476247199,251.67586654179314
313.57836297199214,41.82684238554492,101.20942975056286,246.63657152807065
305.2219515810143,40.28046735074267,99.18291770675108,241.6981781009177
301.2867834524459,42.90391276978829,99.18291770675108,241.6981781009177
299.9750607429231,45.527358188833915,99.18291770675108,241.6981781009177
299.9750607429231,46.83908089835674,99.18291770675108,241.6981781009177
290.7930017762634,49.462526317402364,99.18291770675108,241.6981781009177
294.7281699048318,56.02113986501644,99.18291770675108,241.6981781009177
296.0398926143546,69.13836696024458,99.18291770675108,241.6981781009177
299.975060742923,67.82664425072176,99.18291770675108,241.6981781009177
310.150087349893,82.05190473077533,97.19698242613059,236.85866591222117
320.6595205298946,74.32772055637736,99.31636262793236,242.02336912243715
353.4967094577906,48.05796941406058,99.31636262793236,242.02336912243715
346.6100877363545,66.24283183669343,97.3277553854144,237.1773456479516
334.71260593463467,73.76607832428917,95.37896593988735,232.42835389234682
344.80392073173,71.24324962501532,95.37896593988735,232.42835389234682
336.928904743555,72.3087867247001,93.46919702132055,227.77445099370345
339.1008266970772,74.5891457255806,91.59766732338676,223.21373299194246
346.369260202289,66.10930663616683,91.59766732338676,223.21373299194246
343.6520715194657,67.13260052298841,89.76361118382161,218.74433404989537
348.40067016935524,69.50689984793317,89.76361118382161,218.74433404989537
356.7107178066619,70.69404951040553,89.76361118382161,218.74433404989537
356.91921969820265,69.49633907089891,91.72090672568484,223.51405425385335
355.7061842373401,70.7093745317615,91.72090672568484,223.51405425385335
359.3452906199278,71.92240999262408,91.72090672568484,223.51405425385335
360.5583260807904,71.92240999262408,91.72090672568484,223.51405425385335
362.98439700251555,64.64419722744857,91.72090672568484,223.51405425385335
361.98440981693875,62.20733525094593,93.7208810968384,228.38777820685863
360.96261791078047,47.32248050817873,95.76446490915497,233.36777371065915
360.96261791078047,56.188069301465674,95.76446490915497,233.36777371065915
360.96261791078047,66.32017077950789,95.76446490915497,233.36777371065915
359.69610522602517,62.52063272524205,95.76446490915497,233.36777371065915
357.3855204625978,54.910289833340485,97.85260906649908,238.45635801642007
353.5031334810587,52.32203184564774,97.85260906649907,238.45635801642007
353.5031334810587,39.38074190718406,97.85260906649907,238.45635801642007
350.6003957835852,36.59152661432752,95.89331049836775,233.68175665136218
348.0639623738738,36.591526614327535,95.89331049836775,233.68175665136215
345.52752896416234,35.32330990947182,95.89331049836775,233.68175665136215
337.91822873502804,39.12796002403897,95.89331049836775,233.68175665136215
334.1135786204609,37.85974331918325,95.89331049836775,233.68175665136215
326.5042783913266,31.518659794904664,95.89331049836775,233.68175665136215
322.3914453806351,26.2488594297662,93.97324288090502,229.00275692337047
312.14684716526557,13.627636510845264,92.09162069447882,224.41744460499206
308.19706739823187,15.874386914707458,90.24767414788275,219.92394379726767
312.97127353769633,23.035696123904188,90.24767414788275,219.92394379726767
311.98734827029904,25.412181466118938,92.21552468267733,224.7193853917671
304.6698867137958,22.97302761395119,92.21552468267733,224.7193853917671
305.8894636398797,25.412181466118938,92.21552468267733,224.7193853917671
311.9873482702991,29.07091224437056,92.21552468267733,224.7193853917671
310.7677713442152,32.729643022622184,92.21552468267733,224.7193853917671
309.5481944181313,43.705835357377055,92.21552468267733,224.7193853917671
308.03225430136564,55.71222404358133,90.36909721187313,220.21983883670055
312.522454737774,44.77021891866329,88.55964067862713,215.81038650811075
316.03613515304863,43.59899211357174,88.55964067862713,215.81038650811075
311.35122793268243,42.42776530848019,88.55964067862713,215.81038650811075
320.7210423734148,42.42776530848019,88.55964067862713,215.81038650811075
316.0361351530486,45.94144572375481,88.55964067862713,215.81038650811075
320.7210423734148,49.45512613902943,88.55964067862713,215.81038650811075
319.54981556832325,55.31126016448715,88.55964067862713,215.81038650811075
319.54981556832325,50.62635294412098,88.55964067862713,215.81038650811075
316.9227480846361,36.389758700300035,86.78641481545223,211.48922445318942
315.7749727033141,37.537534081622056,86.78641481545223,211.48922445318942
315.7749727033141,39.83308484426607,86.78641481545223,211.48922445318942
315.7749727033141,40.98086022558809,86.78641481545223,211.48922445318942
316.9227480846361,42.12863560691011,86.78641481545223,211.48922445318942
319.21829884728015,43.27641098823213,86.78641481545223,211.48922445318942
320.0871591664036,40.80262926974012,85.04869417720528,207.25458483959733
322.06341585725477,40.627967024628845,83.3457678442999,203.10473523222595
326.20464571008654,41.55907386631746,81.67693913186191,199.0379778844402
327.2848468009674,42.63927495719827,81.67693913186191,199.03797788444024
324.0442435283249,45.879878229840756,81.67693913186191,199.03797788444024
319.9131574267973,44.79006776683647,83.45790478963217,203.37800099221045
314.3943830484599,46.997577518171454,83.45790478963217,203.37800099221045
307.77185379445496,48.10133239383893,83.45790478963217,203.37800099221045
293.61689547947617,38.15771960834897,85.2777044035701,207.81265830384558
299.25600673313323,38.15771960834897,85.2777044035701,207.81265830384558
284.59431747362487,30.26296385322908,85.2777044035701,207.81265830384558
280.2811105491707,21.23035284168293,87.13718474808995,212.34401331816093
282.5859393789879,22.382767256591535,87.13718474808995,212.34401331816093
281.4335249640793,23.53518167150014,87.13718474808995,212.34401331816093
281.4335249640793,25.84001050131735,87.13718474808995,212.34401331816093
281.4335249640793,25.84001050131735,87.13718474808995,212.34401331816093
282.5859393789879,29.297253746043197,87.13718474808995,212.34401331816093
283.7383537938965,31.602082575860408,87.13718474808995,212.34401331816093
287.3979982968149,31.591830800476373,89.03721106152204,216.97417452856342
292.10816954171764,29.23674517802499,89.03721106152204,216.97417452856342
296.5321920925648,25.521263388010084,87.25442282718184,212.62970999633632
302.30201670425447,28.983158155023858,87.25442282718184,212.62970999633632
306.9178763936062,30.137123077361792,87.25442282718184,212.62970999633632
310.37977116062,32.44505292203766,87.25442282718184,212.62970999633632
313.8416659276338,35.906947689051435,87.25442282718184,212.62970999633632
315.19830442743637,39.35857688750602,89.15700551692854,217.26610082280644
315.40539730225754,48.78110449798045,91.10107402222516,222.00358815124773
316.8218438316982,55.99941433403332,93.08753294127978,226.84437639088569
321.96250443857434,53.52624352043169,95.11730659706438,231.79071801808894
321.96250443857434,59.81601266701533,95.11730659706438,231.79071801808894
322.18344183271654,58.546868193139844,97.19133946741337,236.84491462447338
324.7542088578465,58.546868193139844,97.19133946741337,236.84491462447338
326.03959237041147,61.1176352182698,97.19133946741337,236.84491462447338
328.6103593955414,64.97378575596473,97.19133946741337,236.84491462447338
327.32497588297645,66.2591692685297,97.19133946741337,236.84491462447338
327.32497588297645,66.2591692685297,97.19133946741337,236.84491462447338
315.7565242698916,80.3983879067445,97.19133946741337,236.84491462447338
305.161101654551,89.19647322135391,95.2452814719249,232.10257912090438
317.9787996469577,56.434462837242336,97.32210483442022,237.16357585863568
324.41436425836156,39.701994847592374,97.32210483442022,237.16357585863568
308.6562344211058,65.24438547049996,95.37342852963184,232.4148598149281
312.4402577684706,75.33511439680609,95.37342852963184,232.4148598149281
321.26964557898845,90.4712077862653,95.37342852963184,232.4148598149281
319.70179236903203,99.10472971886341,93.4637704863916,227.7612271076145
315.9935363578374,95.39647370766875,93.4637704863916,227.7612271076145
313.52136568370764,91.68821769647408,93.4637704863916,227.7612271076145
311.0491950095779,89.21604702234433,93.4637704863916,227.7612271076145
311.0491950095779,97.8686443817985,93.4637704863916,227.7612271076145
302.09622283438836,110.03755368854786,91.59234944373249,223.20077388715396
292.11118038095367,109.84945291235574,89.75839978384215,218.73163442470272
307.2547635458989,50.31108145970174,87.9611712188406,214.35198034882518
314.2346347885529,43.33121021704778,87.9611712188406,214.35198034882518
302.318825544526,47.80381419026766,86.19992848382975,210.06001989748805
287.4985794501806,96.82462819464116,86.19992848382975,210.06001989748805
286.08153031338253,106.90777206320911,84.47395103608879,205.85399718503191
286.2777454427057,100.19467933692289,86.31590553843071,210.34264359365153
293.12706200481034,96.77002105587056,86.31590553843071,210.34264359365153
304.5425896083181,85.35449345236279,86.31590553843071,210.34264359365153
322.5300308392296,69.1954901240137,84.58760588713092,206.13096191912484
324.49557332891465,69.02177480368144,82.89391190515765,202.00361056499582
334.3622364920008,72.31066252471018,82.89391190515765,202.00361056499582
331.0733487709721,72.31066252471018,82.89391190515765,202.00361056499582
329.9770528639625,72.31066252471018,82.89391190515765,202.00361056499582
329.710647567188,67.75524187070127,81.23413068468753,197.95890098889873
323.0035075639026,63.291034207840795,79.60758319196061,193.99517845807878
328.0118302106924,62.07471296650601,78.01360398948063,190.1108213724237
336.26584962216253,66.20172267224109,78.01360398948063,190.1108213724237
334.202344769295,70.32873237797617,78.01360398948063,190.1108213724237
344.5198690336327,77.55099936301255,78.01360398948063,190.1108213724237
339.1103859878816,90.80356643947077,76.45154096377757,186.30424060105022
340.8868726325883,91.65765363178019,74.92075505862131,182.57387883217427
344.6094859754166,79.6136075851062,73.42062001357701,178.9182099359984
349.464530414813,68.93250981843414,73.42062001357701,178.9182099359984
352.3775570784508,65.04847426691703,73.42062001357701,178.9182099359984
355.29058374208864,65.04847426691703,73.42062001357701,178.9182099359984
348.4935215269337,66.01948315479629,73.42062001357701,178.9182099359984
353.11260603134156,63.92668340110032,71.9505221077955,175.3357383403561
355.01573886899143,62.97511698227541,71.9505221077955,175.3357383403561
358.8220045442911,59.16885130697577,71.9505221077955,175.3357383403561
361.6767038007657,60.12041772580068,71.9505221077955,175.3357383403561
365.2517341566713,60.92422126772483,70.50985990893372,171.82499841885797
366.8901553430763,59.84690379504168,69.0980440271024,168.38455389128845
368.71783848911844,58.93306222202061,69.0980440271024,168.38455389128845
368.8783386371341,54.355724904157626,70.60472687711336,172.05617908888797
369.8121065256548,54.355724904157626,70.60472687711336,172.05617908888797
369.8121065256548,58.090796458240845,70.60472687711336,172.05617908888797
367.9445707486133,56.223260681199235,70.60472687711336,172.05617908888797
363.04882111700886,54.210725851190034,69.19101147807254,168.61110564073994
359.38853673945164,54.210725851190034,69.19101147807254,168.61110564073994
362.13375002261955,56.04086803996864,69.19101147807254,168.61110564073994
365.57166762409753,59.55905667433785,67.80560284145237,165.23501274955873
371.848908281616,64.93954866649653,67.80560284145237,165.23501274955873
371.848908281616,64.04280000113675,67.80560284145237,165.23501274955873
371.10965769663704,59.55107927855535,69.28410401141024,168.83796220256286
368.52168321263673,61.375532475673694,70.79484389937903,172.51947396838975
366.6491187306258,69.80207264472294,70.79484389937903,172.51947396838975
365.87727794501285,58.55835666972786,72.33852547060499,176.28126109827048
369.87209654742253,48.982867218439196,73.91586701849153,180.12507399651827
372.8047725647451,51.91554323576182,73.91586701849153,180.12507399651827
373.782331237186,48.00530854599833,73.91586701849153,180.12507399651827
374.5223383447793,49.80862683731792,72.43585280330493,176.5184374138791
374.2895432646622,63.071658052314476,70.98547284887329,172.98401635987577
375.2283466285377,64.01046141618995,70.98547284887329,172.98401635987577
367.7179197175339,57.43883786906163,70.98547284887329,172.98401635987577
363.1887871442972,56.49168299457355,72.53331108434297,176.75593283660288
362.2295131730724,67.04369667804613,72.53331108434297,176.75593283660288
362.2295131730724,72.79934050539481,72.53331108434297,176.75593283660288
362.9556788517657,73.60965474147127,71.08097972695629,173.2167564220004
362.9556788517657,75.48978768127151,71.08097972695629,173.2167564220004
361.0755459119655,78.30998709097187,71.08097972695629,173.2167564220004
359.1954129721652,78.30998709097187,71.08097972695629,173.2167564220004
354.49508062266466,74.5497212113714,71.08097972695629,173.2167564220004
357.31528003236497,25.66626477656527,71.08097972695629,173.2167564220004
360.84710513671473,12.359357077163253,69.65772833765759,169.74844478400067
364.53207937489674,15.123087755799773,69.65772833765759,169.74844478400067
369.1382971726243,24.335523351254835,69.65772833765759,169.74844478400067
367.9931868976116,13.137546409497972,68.2629746495009,166.34957900024023
358.06241396297355,63.69420862220076,68.2629746495009,166.34957900024023
357.159616423461,68.20819631976352,68.2629746495009,166.34957900024023
352.6456287258982,71.81938647781371,68.2629746495009,166.34957900024023
352.6456287258982,77.236171714889,68.2629746495009,166.34957900024023
348.1316410283355,80.84736187293919,68.2629746495009,166.34957900024023
341.59267400986244,76.19318431678303,66.8961480542462,163.01876855937684
343.1471242158693,84.01828924376125,65.5566893689176,159.75465079221686
340.54610580883093,88.35331992215845,65.5566893689176,159.75465079221686
339.8313740029863,90.07961938461406,66.98615298060685,163.23810095274115
339.1010574701153,83.87035996663715,68.44678604634898,166.79750774401566
338.1958289718339,82.96513146835579,68.44678604634898,166.79750774401566
340.00628596839664,85.68081696319985,68.44678604634898,166.79750774401566
346.3428854563661,82.96513146835579,68.44678604634898,166.79750774401566
349.9637994494915,83.87035996663715,68.44678604634898,166.79750774401566
359.01608443230504,82.96513146835579,68.44678604634898,166.79750774401566
360.98552884227877,80.2413931418953,69.93926821608962,170.43452740037392
362.997916987612,66.3586596329898,71.46429395954145,174.1508522703391
367.49392386941065,66.21189530992731,70.0333674859071,170.66383727148258
356.37938592118473,38.42555043936251,70.0333674859071,170.66383727148258
367.49392386941065,33.794492960935045,70.0333674859071,170.66383727148258
367.2688499210301,51.24868571160344,68.63109239129719,167.24664262345257
364.5458519123853,72.12500377788062,68.63109239129719,167.24664262345257
361.82285390374045,56.694681728893144,68.63109239129719,167.24664262345257
359.09985589509563,54.87934972312992,68.63109239129719,167.24664262345257
359.09985589509563,78.47866579805195,68.63109239129719,167.24664262345257
360.69462059843283,87.41437997464224,67.25689499038604,163.89787031637783
341.28202354152546,53.60577699904697,68.72343158565141,167.47166337862646
334.0109258185271,50.87911535292257,68.72343158565141,167.47166337862646
343.09979797227504,43.608017629924205,68.72343158565141,167.47166337862646
342.1909107569002,39.97246876842502,68.72343158565141,167.47166337862646
337.64647468002624,43.608017629924205,68.72343158565141,167.47166337862646
332.3527813902897,49.053255542937094,70.22194601137655,171.1233829985974
320.27960987591115,57.41160505289149,70.22194601137655,171.1233829985974
319.5140151095221,59.26075437417346,71.75313554415462,174.85472836488182
319.5140151095221,63.05657807240409,71.75313554415462,174.85472836488182
321.4119269586374,71.59718139342304,71.75313554415462,174.85472836488182
326.8750615495342,76.19460350685554,70.31642560793765,171.3536196853628
330.5948816336786,76.19460350685554,70.31642560793765,171.3536196853628
325.015151507462,72.47478342271114,70.31642560793765,171.3536196853628
325.9451065284981,68.75496333856674,70.31642560793765,171.3536196853628
322.22528644435374,72.47478342271114,70.31642560793765,171.3536196853628
327.80501657057033,71.54482840167503,70.31642560793765,171.3536196853628
325.015151507462,79.91442359099992,70.31642560793765,171.3536196853628
325.9451065284981,100.37343405379411,70.31642560793765,171.3536196853628
335.24465673885913,105.9531641800107,70.31642560793765,171.3536196853628
338.03452180196746,106.88311920104681,70.31642560793765,171.3536196853628
335.4079869297047,95.71538615206615,71.84967526831872,175.08998536260214
332.55728885889533,98.56608422287553,71.84967526831872,175.08998536260214
329.706590788086,91.914455390987,71.84967526831872,175.08998536260214
311.42125845616386,82.26457271786501,70.41103232137135,171.58416614237115
306.76522734554646,81.33336649574153,70.41103232137135,171.58416614237115
299.08928987709055,82.11997145026378,69.00119526006051,168.1485437890797
300.914411317346,89.42045721128538,69.00119526006051,168.1485437890797
314.60282211926153,65.69387848796514,69.00119526006051,168.1485437890797
325.3317940180059,70.11497616594278,67.61958730538133,164.78171275389064
325.1144775009078,69.08181905864181,66.26564322715006,161.48229563121058
327.7436242660551,69.08181905864181,66.26564322715006,161.48229563121058
331.2491532862514,66.45267229349459,66.26564322715006,161.48229563121058
327.5306590681998,61.934673026166905,64.93880911276254,158.24894259517885
325.81299008624,61.934673026166905,64.93880911276254,158.24894259517885
321.51881763134054,57.64050057126747,64.93880911276254,158.24894259517885
314.64814170350144,57.64050057126747,64.93880911276254,158.24894259517885
317.874778662531,58.36597195415712,63.63854214058276,155.08033084743977
312.6204279586547,58.235279169824366,62.36431035786889,151.97516407597197
318.5387890808248,61.52708595537109,63.72416414522222,155.28898252864855
314.12013941050935,59.7106764098927,62.4482179568048,152.17963793357308
303.3834952560216,63.01425922665817,62.4482179568048,152.17963793357308
305.03528666440434,67.96963345180635,62.4482179568048,152.17963793357308
311.6424522979353,90.26881746497318,62.4482179568048,152.17963793357308
314.12013941050935,100.17956591526956,62.4482179568048,152.17963793357308
309.16476518536115,103.48314873203503,62.4482179568048,152.17963793357308
299.2540167350648,104.3090444362264,62.4482179568048,152.17963793357308
295.26959222202527,107.6052801588038,63.80990134935293,155.49791493871464
300.1279454725093,111.69375725872004,62.53223844859751,152.3843868990097
306.7440006680493,105.07770206318003,62.53223844859751,152.3843868990097
312.5330489641468,105.90470896262252,62.53223844859751,152.3843868990097
311.7060420647043,100.9426675659675,62.53223844859751,152.3843868990097
315.84107656191685,99.28865376708248,62.53223844859751,152.3843868990097
314.18706276303186,97.63463996819746,62.53223844859751,152.3843868990097
316.66808346135934,95.98062616931244,62.53223844859751,152.3843868990097
316.66808346135934,97.63463996819746,62.53223844859751,152.3843868990097
313.505305033346,99.28129678780101,63.89575390796918,155.70712845534263
313.505305033346,106.04161506687979,63.89575390796918,155.70712845534263
313.6537213612492,105.18905788378027,65.28900082193245,159.10232239131136
311.06332372906644,110.36985314814584,65.28900082193245,159.10232239131136
312.0784421523938,106.04484244609179,66.71262748485468,162.5715485310539
314.8802827346436,107.80158114163534,68.16729632716194,166.11642114677355
313.0772184024673,114.11230630425236,68.16729632716194,166.11642114677355
310.37262190420284,116.8169028025168,68.16729632716194,166.11642114677355
308.56955757202655,115.0138384703405,68.16729632716194,166.11642114677355
304.963428907674,109.60464547381163,68.16729632716194,166.11642114677355
300.45576807723324,109.60464547381163,68.16729632716194,166.11642114677355
284.9106445038146,107.66158777507218,66.80238549482605,162.7902792155473
282.2602020245076,108.54506860150784,66.80238549482605,162.7902792155473
272.3272227481036,108.40787831608142,65.46480421317804,159.53073648065748
271.61349272016946,105.80280353362309,66.8922642690464,163.0093041896182
272.498162219332,116.41883752357342,66.8922642690464,163.0093041896182
270.8841998089762,115.52629808380863,68.35085009143295,166.56372206747284
260.1954477723449,104.67073992805034,69.84124037767664,170.1956440271541
247.96327401397778,93.44326211622912,68.44281223586283,166.78782399224858
251.58397778794134,96.15878994670179,68.44281223586283,166.78782399224858
254.29950561841397,97.06396589019268,68.44281223586283,166.78782399224858
257.92020939237756,98.87431777717445,68.44281223586283,166.78782399224858
284.3292899367026,99.77144135657163,69.93520775666582,170.42463249439956
295.42824959596703,104.39600788126516,69.93520775666582,170.42463249439956
294.50333629102835,101.62126796644905,69.93520775666582,170.42463249439956
297.27807620584446,104.39600788126516,69.93520775666582,170.42463249439956
294.50333629102835,107.17074779608127,69.93520775666582,170.42463249439956
285.02944475999647,100.5527305821841,68.53489811007803,167.01222743329726
288.65501998300493,100.5527305821841,68.53489811007803,167.01222743329726
282.09000519047294,102.22476989310377,67.16262680310811,163.6681488114579
282.762402379381,102.97508491136574,65.81783242529197,160.39102853153702
289.7260810030798,111.67968319098927,65.81783242529197,160.39102853153702
287.7736353282072,108.93313537217392,64.49996480726305,157.1795258895442
288.4193753340026,118.18401063932848,63.20848479567226,154.03232702634722
294.27102850176954,121.52781244948102,63.20848479567226,154.03232702634722
300.12268166953646,114.00425837663784,63.20848479567226,154.03232702634722
303.466483479689,122.36376290201915,63.20848479567226,154.03232702634722
306.60714521883216,127.24965603026604,61.94286403261474,150.94814439015852
308.04649711810856,127.12244561504184,60.702584739473174,147.9257162097844
316.87739833049426,124.71401801166391,60.702584739473174,147.9257162097844
313.4710749420564,120.5753087194636,59.48713950508914,144.96380597842136
313.47107494205636,124.5089816551644,59.48713950508915,144.96380597842136
312.68434035491623,128.4426545908652,59.48713950508915,144.96380597842136
311.8976057677761,133.16306211370616,59.48713950508915,144.96380597842136
306.98601787125153,137.76130247758337,58.29603107817595,142.06120194778822
310.0699452090772,140.84522981540906,58.29603107817594,142.06120194778822
307.7569997057079,143.92915715323474,58.29603107817594,142.06120194778822
309.8825928317648,145.35139981093516,57.12877216388795,139.21671663238737
307.6159593363854,146.86248880785476,57.12877216388795,139.21671663238737
306.67681380917816,155.05615444834058,55.98488522446318,136.42918632369205
291.6885637443938,127.54577802370852,54.86390228385765,133.6974706140611
288.6098778147492,125.98192360290379,53.76536473629152,131.02045193018634
287.1877528855575,121.71554881532863,53.76536473629152,131.02045193018634
285.76562795636573,119.58236142154105,53.76536473629152,131.02045193018634
285.17945106732833,120.28709833815977,54.93771851436635,133.87735288452407
286.0336269544982,119.55406767997262,56.13563546657211,136.7965485641711
289.00326687062596,120.29647765900457,56.13563546657211,136.7965485641711
287.33803763662866,124.63565326909095,55.011634060375044,134.05747717625397
284.9786064796509,120.88495365651342,53.910138485823644,131.3732500965219
281.53894263795655,120.87861107576242,55.08564905550703,134.23784381487656
287.36713148382626,124.521229104431,55.08564905550703,134.23784381487656
293.19532032969596,136.17760679617044,55.08564905550703,134.23784381487656
290.2812259067611,136.90613040190416,55.08564905550703,134.23784381487656
288.223607406466,125.24327182944046,56.28679163316235,137.16489999925994
287.47919834350927,121.52122651465677,56.28679163316235,137.16489999925994
286.8655315977287,111.09287743693397,57.514125124723456,140.1557806437438
287.6261725003032,106.52903202148693,57.514125124723456,140.1557806437438
290.66873611060123,105.00775021633791,57.514125124723456,140.1557806437438
295.9932224286228,107.28967292406145,57.514125124723456,140.1557806437438
289.90809520802674,113.37480014465754,57.514125124723456,140.1557806437438
280.78040437713264,119.45992736525363,57.514125124723456,140.1557806437438
282.3016861822817,119.45992736525363,57.514125124723456,140.1557806437438
289.9080952080268,127.06633639099874,57.514125124723456,140.1557806437438
299.79642694149544,126.30569548842422,57.514125124723456,140.1557806437438
311.9666813826876,134.67274541674382,57.514125124723456,140.1557806437438
315.00924499298566,139.23659083219087,57.514125124723456,140.1557806437438
311.9666813826876,164.3377406171497,57.514125124723456,140.1557806437438
314.24860409041116,169.66222693517128,57.514125124723456,140.1557806437438
321.8550131161563,171.1835087403203,57.514125124723456,140.1557806437438
327.94014033675234,171.9441496428948,57.514125124723456,140.1557806437438
334.78590845992295,174.98671325319285,57.514125124723456,140.1557806437438
332.63757890560163,178.0225102701715,58.768220623068046,143.21187744068064
330.4424050253483,114.28300857996265,60.049661673754045,146.33461242827468
330.5818876941073,107.12837673186398,61.35904454655025,149.5254386522732
339.50828948082733,107.93986780338399,61.35904454655025,149.5254386522732
339.50828948082733,107.12837673186398,61.35904454655025,149.5254386522732
342.08528678373864,107.12115777999759,62.69697851288778,152.78584084208603
345.5476611471744,105.45541015021675,64.0640861293613,156.1173361016477
338.0710742314197,106.29513897464204,65.46100352741203,159.52147461534412
335.47385224298404,108.02662030026582,65.46100352741203,159.52147461534412
332.0108895917365,105.42939831183017,65.46100352741203,159.52147461534412
326.10275702390754,101.09299344640073,66.88838070932725,162.9998403693317
321.83503390136616,91.3543244450936,68.34688185069413,166.55405188858498
325.23100894351603,83.07879714034358,66.97837518517127,163.21914729590307
326.11681728439476,83.07879714034358,66.97837518517127,163.21914729590307
327.8884339661522,74.2207137315563,66.97837518517127,163.21914729590307
333.20328401142456,97.25173059440324,66.97837518517127,163.21914729590307
338.5181340566969,99.02334727616069,66.97837518517127,163.21914729590307
329.444794864842,100.65741224713736,65.63727006954899,159.95101735394974
323.36829199394344,103.26162776323673,65.63727006954899,159.95101735394974
299.06228051034924,104.99777144063631,65.63727006954899,159.95101735394974
296.45806499424987,102.39355592453694,65.63727006954899,159.95101735394974
296.45806499424987,92.84476569883921,65.63727006954899,159.95101735394974
294.8743828186168,91.10089973213778,67.06849074341551,163.4387492873526
295.76138296375944,100.85790132870684,67.06849074341551,163.4387492873526
290.4393820929036,107.06690234470534,67.06849074341551,163.4387492873526
287.0471674371456,115.04201297716905,68.53091918407569,167.00253121556332
288.11269145735616,86.03103238136705,70.02523587688445,170.6440214087187
288.27534527601796,79.54006617391101,71.55213614517992,174.3649142955358
290.33414106019666,74.80015974730242,73.11233047382557,178.16694125174996
297.1026627484317,69.96550139856308,73.11233047382557,178.16694125174996
293.23493606944027,73.83322807755454,73.11233047382557,178.16694125174996
287.43334605095305,87.37027145402467,73.11233047382557,178.16694125174996
281.63175603246583,90.27106646326828,73.11233047382557,178.16694125174996
276.7970976837265,78.6678864262939,73.11233047382557,178.16694125174996
274.0661271612399,74.79155800980097,74.70654483980734,182.05187140574438
267.15001785759284,84.67171415786815,74.70654483980734,182.05187140574438
258.25787732433236,92.57583907632191,74.70654483980734,182.05187140574438
247.38970556145844,91.58782346151519,74.70654483980734,182.05187140574438
247.38970556145844,88.62377661709503,74.70654483980734,182.05187140574438
247.38970556145844,82.69568292825473,74.70654483980734,182.05187140574438
248.37772117626517,78.74362046902785,74.70654483980734,182.05187140574438
244.599186226729,71.81872186699314,76.33552105003933,186.02151246174662
242.58006763615384,71.81872186699314,76.33552105003933,186.02151246174662
239.72870102733066,73.82885950852928,78.00001708653545,190.077711540975
236.81516036960207,72.78810999417512,79.70080745910735,194.22235604112595
234.8921561370554,70.67060075743674,81.4386835657532,198.4573745146027
230.77312061269464,76.0462698776232,83.21445406090444,202.7847375658936
229.86587502729566,67.23219825917023,85.02894523170247,207.20645876851793
224.44071759632732,66.0976621813414,86.88300138247973,211.72459560196546
225.58977036287183,68.39576771443046,86.88300138247973,211.72459560196546
223.29166482978275,67.24671494788592,86.88300138247973,211.72459560196546
220.99355929669366,62.650503881707806,86.88300138247973,211.72459560196546
216.39734823051555,62.650503881707806,86.88300138247973,211.72459560196546
209.22380615815882,65.9192328682252,85.14334679556976,207.48524316201977
212.60194215593427,67.04527820081701,85.14334679556976,207.48524316201977
214.85403282111793,71.5494595311843,85.14334679556976,207.48524316201977
214.85403282111793,73.80155019636793,85.14334679556976,207.48524316201977
207.8241262720741,78.1308748960547,83.43852523737196,203.33077509301347
212.23812057405877,79.23437347155087,83.43852523737196,203.33077509301347
204.2454749649475,81.2700151386322,81.7678392476558,199.2594917588508
207.48968477838176,82.35141840977695,81.7678392476558,199.2594917588508
207.48968477838176,81.2700151386322,81.7678392476558,199.2594917588508
208.5710880495265,80.18861186748745,81.7678392476558,199.2594917588508
207.48968477838176,75.86299878290845,81.7678392476558,199.2594917588508
208.30830173650622,76.77647761360105,80.13060533140683,195.2697275551761
216.78630477745628,77.83622799371979,80.13060533140683,195.2697275551761
217.5885306035588,82.97041779768514,78.52615367920174,191.3598502279579
220.88652338905234,80.88411703057483,80.23841646017674,195.53245176217854
222.1340764804144,79.81350068864725,81.98801513109089,199.79603687285282
226.47133712338623,83.06644617087616,81.98801513109089,199.79603687285282
222.1340764804144,88.48802197459099,81.98801513109089,199.79603687285282
219.70195224241576,101.3314272936885,80.34637264263043,195.79552944951712
219.4437342532212,102.22902604653908,78.737600690865,191.87512401366155
220.2320140434252,106.23263469353641,77.16104111045699,188.03321668664788
218.96355606877012,106.07417111210393,75.61604891448499,184.26823570423068
220.9636442061,105.074127043439,75.61604891448499,184.26823570423068
218.7205404420613,109.91905671478308,74.10199203057283,180.5786407735321
216.52235024788013,112.70693610954186,72.61825104230226,176.9629224428922
218.20976362781096,115.43899391550107,71.16421893580328,173.4196014843364
221.97443295764626,121.08599791025406,71.16421893580328,173.4196014843364
220.0920982927286,122.0271652427129,71.16421893580328,173.4196014843364
217.98105533754455,116.2340131810064,69.73930085141835,169.94722828840807
225.13550550014915,119.78008094881281,68.34291384033922,166.54438227111814
225.13550550014915,117.06851667367053,68.34291384033922,166.54438227111814
231.2428476575451,108.79346982065655,66.97448662611644,163.20967129276943
239.88517350719857,104.22714152789104,65.6334593709443,159.9417310884179
245.96132359497577,104.22714152789104,65.6334593709443,159.9417310884179
251.16945224164195,105.96318441011309,65.6334593709443,159.9417310884179
253.56258308602355,109.30048048167534,64.31928344662525,156.7392247097375
261.21835285334987,122.06009676055255,64.31928344662525,156.7392247097375
239.1016846366294,154.38445800037482,64.31928344662525,156.7392247097375
239.95232572188786,157.78702234140871,64.31928344662525,156.7392247097375
234.84847921033696,160.3389455971842,64.31928344662525,156.7392247097375
239.95232572188786,162.04022776770114,64.31928344662525,156.7392247097375
247.60809548921418,162.8908688529596,64.31928344662525,156.7392247097375
255.2638652565405,162.04022776770114,64.31928344662525,156.7392247097375
