446,181,29,26
442.751968503937,174.7204724409449,29.0,26.0
440.5866141732283,171.4724409448819,29.0,26.0
438.6377952755905,167.5748031496063,29.0,26.0
436.47244094488184,164.5433070866142,29.0,26.0
437.9881889763779,165.40944881889766,29.0,26.0
435.5066621456692,154.94881846456695,29.632345,26.56693
433.9578632283464,152.29373460629924,29.632345,26.56693
431.6434836932831,149.34900479370654,30.278478282725004,27.14622190865
429.60875022193517,152.28806425232023,30.278478282725004,27.14622190865
428.5553935729717,154.36849004169017,29.67221361885465,26.602674278973126
441.7026275515673,159.73057970671488,29.078088166183274,26.07001008002638
447.13058997737534,160.8161721918765,29.07808816618327,26.07001008002638
451.6900784150541,161.03329068890878,29.07808816618327,26.07001008002638
444.5991641681423,169.97902991354186,28.49585886180896,25.54801139334596
452.04615416393136,170.40457219901552,28.49585886180896,25.54801139334596
433.74783588856394,193.80939790006687,28.49585886180896,25.54801139334596
442.471452740774,194.0221690428037,28.49585886180896,25.54801139334596
454.03360898189663,193.852400122083,27.92528750966778,25.036464663840075
463.4876591496538,193.68603047713486,27.366140683085312,24.53516061242131
472.27409992015293,193.27735881339072,27.366140683085312,24.53516061242131
475.20444126139284,199.85740283244144,26.818189629279367,24.043894150388393
479.20932974798086,199.85740283244144,26.818189629279367,24.043894150388397
489.0895518425443,199.0968956382275,26.28121017577483,23.56246429552226
471.88775605224527,177.35447758835963,25.754982638692397,23.090674089862148
481.1184313395312,177.54678332351142,25.754982638692397,23.090674089862148
474.49154838130374,183.25651503895216,26.316570035129082,23.594166238391594
479.0779933118629,187.6192057209414,25.78963448910889,23.12174126609763
488.96440925488446,186.88786617728698,25.27324975078472,22.65877563863458
498.08674363403844,185.60504392962437,24.76720456178944,22.205079951949156
506.40860506363776,184.3105321516867,24.76720456178944,22.205079951949156
502.2182353018596,188.97116392623894,24.27129189377308,21.760468594417244
508.622958535785,187.37674435302532,23.78530886370538,21.324759670908275
505.6037807204762,180.0951978572806,23.78530886370538,21.32475967090827
511.2052183261891,177.37632293471424,24.303947523478477,21.789746055532426
514.9326116987011,177.32023146290683,24.833895099227924,22.26487146827331
510.11147811305136,181.58508040405852,24.833895099227924,22.26487146827331
510.48233454271667,182.69764969305461,24.833895099227924,22.26487146827331
511.40947561688006,185.1082164858795,24.833895099227924,22.26487146827331
513.0783295503742,193.45248615335018,24.833895099227924,22.26487146827331
514.7471834838683,195.12134008684433,24.833895099227924,22.26487146827331
524.204022440335,194.1941990126809,24.833895099227924,22.26487146827331
528.4688713814868,193.63791436818286,24.833895099227924,22.26487146827331
535.1442871154634,191.41277579019066,24.833895099227924,22.26487146827331
538.6674231972844,191.22734757535798,24.833895099227924,22.26487146827331
542.9322721384361,191.41277579019066,24.833895099227924,22.26487146827331
552.2036828800702,189.00220899736578,24.833895099227924,22.26487146827331
555.7268189618912,188.8167807825331,24.833895099227924,22.26487146827331
559.0645268288795,188.63135256770042,24.833895099227924,22.26487146827331
562.5876629107005,187.88963970836969,24.833895099227924,22.26487146827331
565.9253707776887,187.33335506387164,24.833895099227924,22.26487146827331
570.0047915040077,187.704211493537,24.833895099227924,22.26487146827331
573.5279275858287,186.5916422045409,24.833895099227924,22.26487146827331
574.4550686599921,186.40621398970822,24.833895099227924,22.26487146827331
575.9384943786536,186.03535756004285,24.833895099227924,22.26487146827331
579.0907740308091,186.03535756004285,24.833895099227924,22.26487146827331
580.388771534638,186.22078577487554,24.833895099227924,22.26487146827331
581.6867690384668,186.40621398970822,24.833895099227924,22.26487146827331
582.4284818977975,186.03535756004285,24.833895099227924,22.26487146827331
583.5410511867935,186.03535756004285,24.833895099227924,22.26487146827331
585.2099051202877,185.84992934521017,24.833895099227924,22.26487146827331
586.137046194451,185.4790729155448,24.833895099227924,22.26487146827331
587.6204719131125,184.5519318413814,24.833895099227924,22.26487146827331
589.103897631774,184.18107541171602,24.833895099227924,22.26487146827331
587.4350436982799,185.4790729155448,24.833895099227924,22.26487146827331
588.3621847724432,184.73736005621407,24.833895099227924,22.26487146827331
590.0310387059374,184.3665036265487,24.833895099227924,22.26487146827331
588.5476129872759,186.22078577487554,24.833895099227924,22.26487146827331
590.0310387059374,185.4790729155448,24.833895099227924,22.26487146827331
591.3290362097662,184.5519318413814,24.833895099227924,22.26487146827331
590.5873233504354,184.3665036265487,24.833895099227924,22.26487146827331
588.9184694169413,186.40621398970822,24.833895099227924,22.26487146827331
589.2893258466066,185.6645011303775,24.833895099227924,22.26487146827331
590.5873233504354,185.10821648587944,24.833895099227924,22.26487146827331
591.8853208542643,185.29364470071212,24.833895099227924,22.26487146827331
590.5873233504354,186.03535756004285,24.833895099227924,22.26487146827331
592.0707490690969,185.4790729155448,24.833895099227924,22.26487146827331
593.3687465729257,184.73736005621407,24.833895099227924,22.26487146827331
592.4416054987623,185.10821648587944,24.833895099227924,22.26487146827331
591.8853208542643,185.6645011303775,24.833895099227924,22.26487146827331
593.3687465729257,184.92278827104676,24.833895099227924,22.26487146827331
