275,137,23,26
275.5787401574803,134.29921259842519,23.0,26.0
278.0866141732283,133.91338582677164,23.0,26.0
277.70078740157476,133.5275590551181,23.0,26.0
279.4370078740157,133.5275590551181,23.0,26.0
276.1574803149606,136.22834645669292,23.0,26.0
270.56299212598424,142.01574803149606,23.0,26.0
268.248031496063,149.9251968503937,23.0,26.0
267.8622047244094,149.7322834645669,23.0,26.0
269.2125984251968,153.2047244094488,23.0,26.0
271.9133858267716,153.2047244094488,23.0,26.0
276.54330708661416,150.31102362204723,23.0,26.0
278.4724409448819,143.55905511811022,23.0,26.0
278.0866141732283,142.78740157480314,23.0,26.0
277.70078740157476,131.01968503937007,23.0,26.0
276.9291338582677,117.51574803149606,23.0,26.0
276.1574803149606,101.88976377952756,23.0,26.0
273.263779527559,86.07086614173228,23.0,26.0
273.64960629921256,85.68503937007874,23.0,26.0
274.42125984251965,73.53149606299212,23.0,26.0
277.12204724409446,65.23622047244093,23.0,26.0
279.2440944881889,58.098425196850386,23.0,26.0
280.98031496062987,52.31102362204723,23.0,26.0
281.75196850393695,52.11811023622046,23.0,26.0
281.55905511811017,52.11811023622046,23.0,26.0
282.90944881889754,57.71259842519683,23.0,26.0
285.61023622047236,63.692913385826756,23.0,26.0
285.61023622047236,69.86614173228345,23.0,26.0
285.61023622047236,70.05905511811022,23.0,26.0
282.71653543307076,72.75984251968502,23.0,26.0
279.43700787401565,69.28740157480313,23.0,26.0
278.279527559055,62.14960629921258,23.0,26.0
278.0866141732282,56.36220472440942,23.0,26.0
277.6429432874014,56.078739724409424,23.501514999999998,26.56693
277.6429432874014,54.69890068897636,23.501514999999998,26.56693
276.46022411417306,51.34786303149604,23.501514999999998,26.56693
277.248703562992,47.602585649606276,23.501514999999998,26.56693
278.62854259842504,46.02562675196848,23.501514999999998,26.56693
279.41702204724396,46.222746614173204,23.501514999999998,26.56693
277.64294328740147,43.66018840551179,23.501514999999998,26.56693
273.50342618110227,39.914911023622025,23.501514999999998,26.56693
266.9984707283464,32.227236397637775,23.501514999999998,26.56693
263.0560734842519,25.32804122047242,23.501514999999998,26.56693
262.8589536220472,24.93380149606297,23.501514999999998,26.56693
260.8877549999999,27.496359704724384,23.501514999999998,26.56693
256.551118031496,31.044517224409425,23.501514999999998,26.56693
251.4260016141732,32.4243562598425,23.501514999999998,26.56693
250.63752216535428,33.212835708661395,23.501514999999998,26.56693
250.834642027559,34.00131515748029,23.501514999999998,26.56693
256.551118031496,42.67458909448816,23.501514999999998,26.56693
266.9984707283464,54.107541102362184,23.501514999999998,26.56693
274.6861453543306,61.20385614173227,23.501514999999998,26.56693
284.1478987401574,65.73761297244093,23.501514999999998,26.56693
283.9507788779527,65.3433732480315,23.501514999999998,26.56693
292.6240528149606,72.43968828740157,23.501514999999998,26.56693
297.354929507874,85.25247933070867,23.501514999999998,26.56693
293.01829253937007,95.69983202755904,23.501514999999998,26.56693
282.7680597047244,101.61342789370079,23.501514999999998,26.56693
281.9795802559055,101.8105477559055,23.501514999999998,26.56693
272.12358714566926,98.4595100984252,23.501514999999998,26.56693
262.99696807916916,90.28506965591122,24.013965534575,27.14622190865
254.13457340396488,81.42267498070689,24.013965534575,27.14622190865
248.43447350312152,76.29267983714547,24.53759005305641,27.738145277368112
247.54952248272056,74.13797487371636,25.072632204163302,28.34297553514112
244.75259609093496,72.98777490988458,25.61934094937508,28.960994116684873
242.32444913701946,71.81249483584143,26.1779706787762,29.59248859339919
241.44617418785134,70.0559449375052,26.1779706787762,29.59248859339919
241.2266054505593,68.51896377646099,26.1779706787762,29.59248859339919
241.00703671326727,67.8602575645849,26.1779706787762,29.59248859339919
240.3483305013912,65.66457019166461,26.1779706787762,29.59248859339919
240.78746797597526,64.34715776791244,26.1779706787762,29.59248859339919
240.78746797597526,63.02974534416026,26.1779706787762,29.59248859339919
239.47005555222307,63.46888281874432,26.1779706787762,29.59248859339919
238.811349340347,63.24931408145228,26.1779706787762,29.59248859339919
240.12876176409918,66.98198261541678,26.1779706787762,29.59248859339919
241.22660545055933,73.1299072595936,26.1779706787762,29.59248859339919
239.4700555522231,78.61912569189433,26.1779706787762,29.59248859339919
234.63954333179845,87.62144392086752,26.1779706787762,29.59248859339919
234.20040585721438,87.84101265815956,26.1779706787762,29.59248859339919
229.15032489949772,97.06289962442477,26.1779706787762,29.59248859339919
223.661106467197,102.77168679401753,26.1779706787762,29.59248859339919
218.17188803489626,103.64996174318564,26.1779706787762,29.59248859339919
209.16956980592306,102.33254931943347,26.1779706787762,29.59248859339919
208.51086359404698,101.45427437026535,26.1779706787762,29.59248859339919
199.28897662778175,102.99125553130956,26.1779706787762,29.59248859339919
190.94536461068463,103.64996174318566,26.1779706787762,29.59248859339919
188.3105397631803,100.35643068380521,26.1779706787762,29.59248859339919
188.09097102588825,95.52591846338058,26.1779706787762,29.59248859339919
188.02513443785494,94.76414888190699,26.748781329426915,30.237752807178257
189.37127303950703,94.09107958108095,26.748781329426915,30.237752807178257
188.92256017228968,96.78335678438513,26.748781329426915,30.237752807178257
191.54756522075846,98.24854115327432,27.33203850631507,30.89708700713878
196.13253573362883,95.03906179426505,27.33203850631507,30.89708700713878
195.6740386823418,95.03906179426505,27.33203850631507,30.89708700713878
198.42502099006404,92.05883096089931,27.33203850631507,30.89708700713878
195.90328720798533,92.51732801218634,27.33203850631507,30.89708700713878
188.79658291303625,97.10229852505674,27.33203850631507,30.89708700713878
183.45512779906375,98.59943123910956,27.928013605945267,31.570797989329442
182.0496440605927,99.06792581859992,27.928013605945267,31.570797989329442
179.16843870505693,98.72372519352125,28.536983942622903,32.25919923948677
178.68972860126078,98.00566003782704,28.536983942622903,32.25919923948677
174.86004777089167,99.9205004530116,28.536983942622903,32.25919923948677
169.115526525338,102.3140509719923,28.536983942622903,32.25919923948677
168.3974613696438,102.3140509719923,28.536983942622903,32.25919923948677
165.04649064307083,106.38308685425949,28.536983942622903,32.25919923948677
166.48262095445924,106.86179695805563,28.536983942622903,32.25919923948677
165.76455579876503,103.51082623148265,28.536983942622903,32.25919923948677
161.93487496839592,93.93662415555987,28.536983942622903,32.25919923948677
162.17423002029398,93.93662415555987,28.536983942622903,32.25919923948677
158.1051941380268,86.27726249482164,28.536983942622903,32.25919923948677
153.07873804816734,78.37854578218534,28.536983942622903,32.25919923948677
149.72776732159437,69.04369875816063,28.536983942622903,32.25919923948677
143.74389102414264,58.9907865784417,28.536983942622903,32.25919923948677
143.50453597224458,58.51207647464555,28.536983942622903,32.25919923948677
135.3664642077102,46.30496882784401,28.536983942622903,32.25919923948677
128.66452275456425,39.12431727090191,28.536983942622903,32.25919923948677
128.4251677026662,38.64560716710578,28.536983942622903,32.25919923948677
132.9729136887295,38.166897063309634,28.536983942622903,32.25919923948677
133.9303338963218,38.40625211520771,28.536983942622903,32.25919923948677
135.84517431150636,36.73076675192122,28.536983942622903,32.25919923948677
137.0419495709967,39.60302737469806,28.536983942622903,32.25919923948677
141.35034050516197,47.262389035436286,28.536983942622903,32.25919923948677
147.26244738707734,56.72424024354863,29.159232877491796,32.96261107890378
148.16740979465402,56.85401375387029,29.795049950385504,33.68136081347927
153.66536663246904,65.10094901059288,29.795049950385504,33.68136081347927
154.41508801944383,75.09723417025663,29.795049950385504,33.68136081347927
155.1648094064186,85.84324071689515,29.795049950385504,33.68136081347927
158.08876155122528,93.2231506793656,30.44473101455366,34.41578288601718
158.08876155122528,95.01064515694038,30.44473101455366,34.41578288601718
166.18359755133454,98.97648510099292,31.108578374326004,35.166219031846786
179.2298175131796,101.58572909336192,31.108578374326004,35.166219031846786
188.36217148647114,97.93278750404531,31.108578374326004,35.166219031846786
195.92897906434126,90.62690432541208,31.108578374326004,35.166219031846786
196.97267666128886,90.62690432541208,31.108578374326004,35.166219031846786
203.49578664221139,83.58194554601576,31.108578374326004,35.166219031846786
208.7142746269494,75.49328916967183,31.108578374326004,35.166219031846786
208.8969621496971,62.846442702542774,31.786900925778184,35.9330184378362
203.2980711786896,47.382839068331606,31.786900925778184,35.9330184378362
202.49822961140282,45.24992822223352,31.786900925778184,35.9330184378362
195.83288321734628,34.85198784750531,31.786900925778184,35.9330184378362
191.48711869356904,26.728426296881224,32.48001430046478,36.71653790487322
188.21799024292315,17.738323057605022,32.48001430046478,36.71653790487322
186.31099864671305,7.930937705667347,32.48001430046478,36.71653790487322
184.94886179227726,7.113655593005873,32.48001430046478,36.71653790487322
183.77746632370497,1.0,33.18824101228641,37.517142013888986
184.0558339734143,1.0,33.18824101228641,37.517142013888986
184.612569272833,5.4462611452173135,33.18824101228641,37.517142013888986
181.8288927757395,11.013614139404353,33.18824101228641,37.517142013888986
181.46705797810304,9.769480549469872,33.91191060755932,38.335203295501834
173.21837174507638,16.59597950094022,33.91191060755932,38.335203295501834
162.97862331787087,29.395665034947125,33.91191060755932,38.335203295501834
156.15212436640053,47.59966223886805,33.91191060755932,38.335203295501834
148.75675050230765,64.66590961754392,33.91191060755932,38.335203295501834
149.3256254149302,64.66590961754392,33.91191060755932,38.335203295501834
141.07693918190353,73.19903330688184,33.91191060755932,38.335203295501834
133.3971278614994,76.89672023892828,33.91191060755932,38.335203295501834
131.6905031236318,74.62122058843816,33.91191060755932,38.335203295501834
131.40606566732055,70.63909620008046,33.91191060755932,38.335203295501834
131.1216282110093,68.64803400590161,33.91191060755932,38.335203295501834
127.13950382265159,61.53709759812,33.91191060755932,38.335203295501834
123.15737943429389,51.58178662722574,33.91191060755932,38.335203295501834
115.76200557020101,40.77316328739768,33.91191060755932,38.335203295501834
110.64213135659826,32.80891451068227,33.91191060755932,38.335203295501834
109.78881898766446,31.10228977281469,33.91191060755932,38.335203295501834
109.50438153135319,35.93772653010619,33.91191060755932,38.335203295501834
111.49544372553204,42.76422548157653,33.91191060755932,38.335203295501834
118.89081758962493,47.0307873262455,33.91191060755932,38.335203295501834
128.76084141143153,48.03502505387261,34.65135981835715,39.17110240336025
129.92339987161606,48.03502505387261,34.65135981835715,39.17110240336025
140.3864260132768,48.32566466891874,34.65135981835715,39.17110240336025
148.5243352345685,48.03502505387261,34.65135981835715,39.17110240336025
156.08096522576793,42.51287236799611,34.65135981835715,39.17110240336025
159.85928022136764,34.374963146704424,34.65135981835715,39.17110240336025
159.85928022136764,34.374963146704424,34.65135981835715,39.17110240336025
157.53416330099859,25.946414310366606,34.65135981835715,39.17110240336025
156.08096522576793,22.749378544859155,34.65135981835715,39.17110240336025
157.53416330099859,27.69025200064339,34.65135981835715,39.17110240336025
159.85928022136764,33.79368391661215,34.65135981835715,39.17110240336025
160.14991983641377,34.37496314670442,34.65135981835715,39.17110240336025
165.09079329219801,44.547349673319026,34.65135981835715,39.17110240336025
168.86910828779773,58.788690810579475,34.65135981835715,39.17110240336025
173.57561385455458,72.25963413407655,33.957537136227415,38.386781110517944
178.1327362637984,77.9560371456313,33.957537136227415,38.386781110517944
177.84791611322066,78.24085729620904,33.957537136227415,38.386781110517944
180.69611761899804,80.23459835025321,33.957537136227415,38.386781110517944
181.26575792015353,80.80423865140868,33.957537136227415,38.386781110517944
180.12647731784259,81.94351925371963,33.957537136227415,38.386781110517944
179.5568370166871,81.65869910314188,33.957537136227415,38.386781110517944
180.12647731784259,81.94351925371963,33.957537136227415,38.386781110517944
179.84165716726486,82.5131595548751,33.957537136227415,38.386781110517944
182.4050385224645,88.4943827170076,33.957537136227415,38.386781110517944
185.2532400282419,96.46934693318426,33.957537136227415,38.386781110517944
189.24072213633022,105.01395145051639,33.957537136227415,38.386781110517944
190.38000273864117,106.15323205282733,33.957537136227415,38.386781110517944
194.3674848467295,111.56481491380434,33.957537136227415,38.386781110517944
197.5005065030846,115.26747687131494,33.957537136227415,38.386781110517944
200.348708008862,118.97013882882554,33.957537136227415,38.386781110517944
199.54939255680605,124.19638981937015,33.27760683571737,37.6181642490718
201.22409581077744,124.4755070283654,33.27760683571737,37.6181642490718
198.99115813881556,128.10403074530342,33.27760683571737,37.6181642490718
195.920868839868,132.01167167123668,33.27760683571737,37.6181642490718
193.4088139589109,135.08196097018424,33.27760683571737,37.6181642490718
191.45499349594428,134.52372655219378,33.27760683571737,37.6181642490718
191.17587628694903,134.80284376118902,33.27760683571737,37.6181642490718
189.50117303297765,133.40725771621285,33.27760683571737,37.6181642490718
190.0594074509681,134.24460934319856,33.27760683571737,37.6181642490718
190.89675907795382,135.91931259716995,33.27760683571737,37.6181642490718
189.27609665771118,136.01680882777572,32.61129075026942,36.86493736986977
190.64373894354068,135.74328037060982,32.61129075026942,36.86493736986977
192.2849096865361,131.91388197028718,32.61129075026942,36.86493736986977
195.02019425819515,126.99036974130092,32.61129075026942,36.86493736986977
196.66136500119057,120.69921522648517,32.61129075026942,36.86493736986977
198.5760642013519,115.77570299749891,32.61129075026942,36.86493736986977
199.6701780300155,114.4080607116694,32.61129075026942,36.86493736986977
199.3966495728496,116.04923145466483,32.61129075026942,36.86493736986977
201.58487723017683,117.41687374049434,32.61129075026942,36.86493736986977
204.04663334466994,120.42568676931927,32.61129075026942,36.86493736986977
206.50838945916306,119.33157294065566,32.61129075026942,36.86493736986977
208.20251897860578,119.15358855127793,31.95831628304295,36.12679231996159
210.614983456665,114.86476281250599,31.95831628304295,36.12679231996159
215.43991241278343,109.23567903036782,31.95831628304295,36.12679231996159
220.80094458624836,103.87464685690288,31.95831628304295,36.12679231996159
223.21340906430757,96.63725342272524,31.95831628304295,36.12679231996159
225.35782193369354,94.76089216201251,31.95831628304295,36.12679231996159
227.50223480307952,87.79155033650811,31.95831628304295,36.12679231996159
227.77028641175275,81.3583117283502,31.95831628304295,36.12679231996159
226.16197675971327,79.48195046763747,31.95831628304295,36.12679231996159
224.82171871634705,79.48195046763747,31.95831628304295,36.12679231996159
224.28561549900056,79.75000207631072,31.95831628304295,36.12679231996159
222.40925423828784,82.43051816304319,31.95831628304295,36.12679231996159
219.46068654288214,87.79155033650811,31.95831628304295,36.12679231996159
217.31627367349617,91.81232446660681,31.95831628304295,36.12679231996159
217.31627367349617,92.8845309012998,31.95831628304295,36.12679231996159
217.31627367349617,93.42063411864629,31.95831628304295,36.12679231996159
219.46068654288214,94.76089216201252,31.95831628304295,36.12679231996159
222.94535745563434,92.3484276839533,31.95831628304295,36.12679231996159
228.038338020426,83.23467298906293,31.95831628304295,36.12679231996159
235.00767984593043,72.51260864213307,31.95831628304295,36.12679231996159
235.0595782310826,70.46182676578954,31.318416295392122,35.40342711653022
241.36400438024066,63.106662925105184,31.318416295392122,35.40342711653022
243.20279534041174,56.539552353065574,31.318416295392122,35.40342711653022
247.40574610651709,52.861970432723396,31.318416295392122,35.40342711653022
251.08332802685925,50.235126203907555,31.318416295392122,35.40342711653022
252.1340657183856,50.497810626789146,31.318416295392122,35.40342711653022
256.07433206160937,43.93070005474955,31.318416295392122,35.40342711653022
260.5399672505963,38.939696019999445,31.318416295392122,35.40342711653022
264.48023359382006,34.99942967677569,31.318416295392122,35.40342711653022
269.25941243171474,31.413603980143268,30.691328997576672,34.69454582334753
269.25941243171474,31.671028684162653,30.691328997576672,34.69454582334753
272.34850887994736,28.8393569399494,30.691328997576672,34.69454582334753
274.15048180808304,29.35420634798817,30.691328997576672,34.69454582334753
274.66533121612184,30.38390516406572,30.691328997576672,34.69454582334753
274.15048180808304,36.304673356511614,30.691328997576672,34.69454582334753
274.15048180808304,37.076947468569784,30.691328997576672,34.69454582334753
273.63563240004424,45.57196270120954,30.691328997576672,34.69454582334753
271.31881006386976,54.83925204590747,30.691328997576672,34.69454582334753
270.2891112477922,64.1065413906054,30.691328997576672,34.69454582334753
270.0316865437728,71.05700839912885,30.691328997576672,34.69454582334753
270.80396065583096,71.57185780716762,30.691328997576672,34.69454582334753
269.7742618397534,72.34413191922577,30.691328997576672,34.69454582334753
269.2594124317146,72.60155662324516,30.691328997576672,34.69454582334753
269.2594124317146,69.51246017501252,30.691328997576672,34.69454582334753
270.54653595181156,66.42336372677988,30.691328997576672,34.69454582334753
270.80396065583096,64.36396609462479,30.691328997576672,34.69454582334753
272.60593358396665,61.53229435041153,30.691328997576672,34.69454582334753
272.34850887994725,54.83925204590747,30.691328997576672,34.69454582334753
271.83365947190845,52.265005005713604,30.691328997576672,34.69454582334753
272.34850887994725,49.43333326150035,30.691328997576672,34.69454582334753
272.09108417592785,50.72045678159729,30.691328997576672,34.69454582334753
273.3782076960248,47.88878503738404,30.691328997576672,34.69454582334753
273.8930571040636,45.57196270120956,30.691328997576672,34.69454582334753
276.72472884827687,42.48286625297692,30.691328997576672,34.69454582334753
277.7544276643544,43.76998977307386,30.691328997576672,34.69454582334753
277.7544276643544,45.05711329317079,30.691328997576672,34.69454582334753
276.9049660419195,47.25310304752561,31.36055342636883,35.45106039502562
275.3267389437763,49.09436799535932,31.36055342636883,35.45106039502562
273.7485118456331,50.14651939412144,31.36055342636883,35.45106039502562
272.43332259718045,55.144238538241495,31.36055342636883,35.45106039502562
271.64420904810885,57.511579185456256,31.36055342636883,35.45106039502562
269.80294410027517,58.82676843390891,31.36055342636883,35.45106039502562
266.12041420460775,64.35056327741003,31.36055342636883,35.45106039502562
262.3590137248999,66.06836088897751,32.0443702938308,36.22407076693916
254.56458541481194,63.3806269889472,32.0443702938308,36.22407076693916
253.22071846479676,64.1869471589563,32.0443702938308,36.22407076693916
244.35119659469675,64.45572054895933,32.0443702938308,36.22407076693916
236.82554167461186,64.72449393896237,32.0443702938308,36.22407076693916
229.83743353453303,64.9932673289654,32.0443702938308,36.22407076693916
223.6556455644633,63.91817376895328,32.0443702938308,36.22407076693916
222.58055200445116,64.45572054895935,32.0443702938308,36.22407076693916
216.1299906443784,64.99326732896542,32.0443702938308,36.22407076693916
209.67942928430566,70.36873512902605,32.0443702938308,36.22407076693916
203.76641470423897,80.85089733914428,32.0443702938308,36.22407076693916
201.07868080420866,88.91409903923523,32.0443702938308,36.22407076693916
201.34745419421168,89.98919259924735,32.0443702938308,36.22407076693916
200.27236063419954,96.17098056931707,32.0443702938308,36.22407076693916
198.9284936841844,102.08399514938375,32.0443702938308,36.22407076693916
199.46604046419046,104.50295565941104,32.0443702938308,36.22407076693916
202.4225477542238,110.14719684947471,32.0443702938308,36.22407076693916
203.2288679242329,110.95351701948381,32.0443702938308,36.22407076693916
206.45414860426928,116.59775820954748,32.0443702938308,36.22407076693916
208.87310911429657,122.51077278961417,32.0443702938308,36.22407076693916
208.06678894428748,127.88624058967478,32.0443702938308,36.22407076693916
208.06678894428748,130.84274787970813,32.0443702938308,36.22407076693916
207.5292421642814,131.3802946597142,32.0443702938308,36.22407076693916
206.72292199427233,133.26170838973542,32.0443702938308,36.22407076693916
205.96863995595763,133.62436489252383,31.40274725043596,35.49875776136238
207.2855987160324,135.99489066065843,31.40274725043596,35.49875776136238
208.6025574761072,139.41898343685284,31.40274725043596,35.49875776136238
208.33916572409223,139.15559168483787,31.40274725043596,35.49875776136238
207.33659489046175,142.14490425227228,30.7739713975473,34.78796766679258
209.14341998278607,141.62866851160823,30.7739713975473,34.78796766679258
208.11094850145787,142.40302212260434,30.7739713975473,34.78796766679258
209.9177735937822,143.43549360393257,30.7739713975473,34.78796766679258
208.62718424212196,143.95172934459663,30.7739713975473,34.78796766679258
209.65965572345016,146.01667230725303,30.7739713975473,34.78796766679258
210.4340093344463,149.3722046215696,30.7739713975473,34.78796766679258
211.4664808157745,155.05079776887465,30.7739713975473,34.78796766679258
211.9827165564386,162.53621600850403,30.7739713975473,34.78796766679258
212.49895229710268,162.53621600850403,30.7739713975473,34.78796766679258
211.72459868610653,166.40798406348472,30.7739713975473,34.78796766679258
213.27330590809882,167.956691285477,30.7739713975473,34.78796766679258
215.3382488707552,167.956691285477,30.7739713975473,34.78796766679258
218.95189905540386,163.5686874898322,30.7739713975473,34.78796766679258
220.50060627739614,162.79433387883603,30.7739713975473,34.78796766679258
222.82366711038458,155.82515137987076,30.7739713975473,34.78796766679258
224.37237433237686,144.72608295559274,30.7739713975473,34.78796766679258
226.48729237526294,133.20093990791014,30.157785496423774,34.09140969160947
230.53448577293432,123.84180517579507,30.157785496423774,34.09140969160947
231.04038494764325,123.58885558844061,30.157785496423774,34.09140969160947
234.32872958325126,117.26511590457908,30.157785496423774,34.09140969160947
237.61707421885927,110.18252745865415,30.157785496423774,34.09140969160947
240.39951967975836,102.5940398380203,30.157785496423774,34.09140969160947
243.68786431536637,95.76440097944983,30.157785496423774,34.09140969160947
244.9526122521387,93.74080428061414,30.157785496423774,34.09140969160947
249.25275523716454,88.42886294617044,30.157785496423774,34.09140969160947
255.07059574631717,82.61102243701782,30.157785496423774,34.09140969160947
260.38253708076087,77.29908110257412,30.157785496423774,34.09140969160947
264.8597839841209,71.61545817396765,30.815376009173292,34.83477287993502
265.8936445965478,70.32313240843402,30.815376009173292,34.83477287993502
268.21983097450834,68.51387633668693,30.815376009173292,34.83477287993502
270.5460173524689,61.79378235591205,30.815376009173292,34.83477287993502
272.6137385773227,55.84908383445735,30.815376009173292,34.83477287993502
272.09680827110924,53.52289745649683,30.815376009173292,34.83477287993502
272.35527342421597,54.03982776271028,30.815376009173292,34.83477287993502
272.09680827110924,55.332153528243914,30.815376009173292,34.83477287993502
271.5798779648958,58.95066567173807,30.815376009173292,34.83477287993502
274.4229946490698,61.018386896591885,30.815376009173292,34.83477287993502
279.07536740499086,63.34457327455241,30.815376009173292,34.83477287993502
279.3338325580976,64.37843388697931,30.815376009173292,34.83477287993502
284.76160077333884,65.92922480561967,30.815376009173292,34.83477287993502
289.4139735292599,66.96308541804657,30.815376009173292,34.83477287993502
295.8756023569281,67.48001572426003,30.815376009173292,34.83477287993502
300.52797511284916,67.99694603047348,30.815376009173292,34.83477287993502
302.0787660314895,67.2215505711533,30.815376009173292,34.83477287993502
305.43881302187697,68.77234148979366,30.815376009173292,34.83477287993502
311.90044184954513,73.68317939882147,30.815376009173292,34.83477287993502
320.9467222082805,76.2678309298887,30.815376009173292,34.83477287993502
327.0723863990087,77.95576604341903,31.487305283053317,35.594345102582
329.6342068966326,78.09590066747857,32.17388597475029,36.370479797543794
336.11083988299106,78.63562008300845,32.17388597475029,36.370479797543794
342.5065567852748,79.04867005031053,32.875437558429724,37.163538109529235
350.4204522880766,77.26477458260763,33.59228647439128,37.973889058007515
353.8015314470876,77.54653117919187,33.59228647439128,37.973889058007515
356.61909741293005,75.8559915996864,33.59228647439128,37.973889058007515
358.873150185604,71.91139924750692,33.59228647439128,37.973889058007515
360.84544636169375,68.8120766850802,33.59228647439128,37.973889058007515
359.4366633787725,69.37558987824869,33.59228647439128,37.973889058007515
357.46436720268275,71.91139924750692,33.59228647439128,37.973889058007515
356.90085400951426,72.75666903725968,33.59228647439128,37.973889058007515
358.59139358901973,77.54653117919187,33.59228647439128,37.973889058007515
350.13869569149233,82.89990651429258,33.59228647439128,37.973889058007515
344.27635901777484,79.6172455295467,32.919669572119375,37.21353951630884
339.3597486474968,80.81815306660063,32.26052044905228,36.468414420667784
340.44209407851605,80.54756670884582,32.26052044905228,36.468414420667784
353.43023925074664,86.5004665794515,32.26052044905228,36.468414420667784
371.8301115780733,95.97098910086962,32.26052044905228,36.468414420667784
