122,51,51,61
122.0,51.0,51.0,61.0
122.0,51.44094488188976,51.0,61.0
122.0,52.32283464566929,51.0,61.0
122.0,53.204724409448815,51.0,61.0
122.0,54.527559055118104,51.0,61.0
121.55905511811022,55.85039370078739,51.0,61.0
121.55905511811022,57.17322834645668,51.0,61.0
121.55905511811022,57.17322834645668,51.0,61.0
121.55905511811022,57.614173228346445,51.0,61.0
121.11811023622045,58.49606299212597,51.0,61.0
120.67716535433067,58.937007874015734,51.0,61.0
120.67716535433067,59.3779527559055,51.0,61.0
120.67716535433067,59.81889763779526,51.0,61.0
120.67716535433067,60.25984251968502,51.0,61.0
120.67716535433067,60.25984251968502,51.0,61.0
120.23622047244089,60.25984251968502,51.0,61.0
119.79527559055111,60.700787401574786,51.0,61.0
119.79527559055111,61.14173228346455,51.0,61.0
119.79527559055111,61.58267716535431,51.0,61.0
119.35433070866134,62.023622047244075,51.0,61.0
118.91338582677156,62.023622047244075,51.0,61.0
118.91338582677156,62.023622047244075,51.0,61.0
118.91338582677156,62.46456692913384,51.0,61.0
118.47244094488178,62.9055118110236,51.0,61.0
118.031496062992,63.346456692913364,51.0,61.0
117.59055118110223,63.346456692913364,51.0,61.0
117.59055118110223,63.346456692913364,51.0,61.0
117.14960629921245,63.346456692913364,51.0,61.0
116.70866141732267,63.346456692913364,51.0,61.0
116.70866141732267,63.346456692913364,51.0,61.0
115.82677165354315,62.9055118110236,51.0,61.0
114.50393700787384,62.46456692913384,51.0,61.0
111.85826771653527,61.58267716535431,51.0,61.0
110.53543307086596,60.25984251968502,51.0,61.0
108.33070866141713,58.937007874015734,51.0,61.0
106.56692913385808,58.49606299212597,51.0,61.0
105.68503937007856,57.614173228346445,51.0,61.0
104.80314960629903,57.17322834645668,51.0,61.0
104.80314960629903,56.291338582677156,51.0,61.0
105.24409448818881,55.85039370078739,51.0,61.0
105.24409448818881,55.85039370078739,51.0,61.0
105.24409448818881,55.85039370078739,51.0,61.0
105.68503937007858,55.40944881889763,51.0,61.0
106.56692913385811,54.527559055118104,51.0,61.0
107.88976377952741,53.64566929133858,51.0,61.0
109.65354330708647,52.32283464566929,51.0,61.0
110.97637795275577,51.44094488188976,51.0,61.0
111.8582677165353,51.44094488188976,51.0,61.0
112.29921259842507,51.881889763779526,51.0,61.0
112.29921259842507,53.204724409448815,51.0,61.0
112.29921259842507,53.64566929133858,51.0,61.0
112.74015748031485,56.291338582677156,51.0,61.0
113.18110236220463,58.05511811023621,51.0,61.0
112.74015748031485,60.25984251968502,51.0,61.0
113.18110236220463,63.78740157480313,51.0,61.0
113.18110236220463,66.4330708661417,51.0,61.0
112.62507486220463,67.09085301181099,52.112055000000005,62.330105
112.62507486220463,68.89309175196847,52.112055000000005,62.330105
112.05692318256712,70.01577652236345,53.248358359275,63.689212939525
111.59653904359547,73.23846549516503,53.248358359275,63.689212939525
111.13615490462382,75.08000205105165,53.248358359275,63.689212939525
110.67577076565217,77.84230688488157,53.248358359275,63.689212939525
109.75500248770888,79.68384344076819,53.248358359275,63.689212939525
109.63484639966853,79.91024007463832,54.409438813299,65.07795622767134
109.51207030812847,81.08241891735386,55.59583662662298,66.49698106321571
110.95411146194547,82.52446007117085,55.59583662662298,66.49698106321571
111.43479184655115,82.52446007117085,55.59583662662298,66.49698106321571
114.31887415418512,83.48582084038217,55.59583662662298,66.49698106321571
114.7995545387908,83.96650122498784,55.59583662662298,66.49698106321571
116.2415956926078,84.4471816095935,55.59583662662298,66.49698106321571
119.60635838484745,84.92786199419916,55.59583662662298,66.49698106321571
121.04839953866446,84.4471816095935,55.59583662662298,66.49698106321571
122.49044069248146,83.48582084038217,55.59583662662298,66.49698106321571
123.93248184629846,83.00514045577651,55.59583662662298,66.49698106321571
123.93248184629846,82.52446007117085,55.59583662662298,66.49698106321571
123.45180146169278,79.64037776353686,55.59583662662298,66.49698106321571
122.9711210770871,77.7176562251142,55.59583662662298,66.49698106321571
122.00976030787578,74.83357391748021,55.59583662662298,66.49698106321571
121.5290799232701,72.43017199445188,55.59583662662298,66.49698106321571
121.5290799232701,69.5460896868179,55.59583662662298,66.49698106321571
121.5290799232701,68.1040485330009,55.59583662662298,66.49698106321571
121.5290799232701,67.14268776378958,55.59583662662298,66.49698106321571
121.5290799232701,66.66200737918392,55.59583662662298,66.49698106321571
121.5290799232701,65.7006466099726,55.59583662662298,66.49698106321571
121.5290799232701,65.21996622536693,55.59583662662298,66.49698106321571
121.5290799232701,64.73928584076127,55.59583662662298,66.49698106321571
121.5290799232701,64.2586054561556,55.59583662662298,66.49698106321571
121.04839953866443,63.29724468694428,55.59583662662298,66.49698106321571
120.0870387694531,62.33588391773296,55.59583662662298,66.49698106321571
119.60635838484743,61.37452314852163,55.59583662662298,66.49698106321571
119.12567800024175,59.932481994704645,55.59583662662298,66.49698106321571
117.68363684642475,58.49044084088766,55.59583662662298,66.49698106321571
116.24159569260775,56.567719302464994,55.59583662662298,66.49698106321571
114.3188741541851,55.60635853325367,55.59583662662298,66.49698106321571
111.91547223115677,54.16431737943668,55.59583662662298,66.49698106321571
109.0313899235228,53.68363699483102,55.59583662662298,66.49698106321571
107.10866838510015,52.722276225619694,55.59583662662298,66.49698106321571
105.66662723128314,52.24159584101403,55.59583662662298,66.49698106321571
104.70526646207182,52.24159584101403,55.59583662662298,66.49698106321571
101.82118415443784,51.76091545640837,55.59583662662298,66.49698106321571
101.41641990388746,51.9459681627501,54.48264358930112,65.16551488132093
101.41641990388746,51.9459681627501,54.48264358930112,65.16551488132093
101.41641990388746,51.9459681627501,54.48264358930112,65.16551488132093
100.94536416187714,51.9459681627501,54.48264358930112,65.16551488132093
100.0032526778565,51.9459681627501,54.48264358930112,65.16551488132093
100.0032526778565,51.47491242073978,54.48264358930112,65.16551488132093
99.53219693584617,51.003856678729456,54.48264358930112,65.16551488132093
99.6065930044257,51.18520408271877,53.391739968121406,63.86070858932166
100.14112325695321,51.824544188683035,52.322679463066414,62.58202837739314
101.95064621507068,52.27692492821241,52.322679463066414,62.58202837739314
102.85540769412943,52.729305667741784,52.322679463066414,62.58202837739314
103.30778843365879,53.63406714680052,52.322679463066414,62.58202837739314
104.6649306522469,54.53882862585925,52.322679463066414,62.58202837739314
105.11731139177625,55.44359010491799,52.322679463066414,62.58202837739314
106.47445361036436,56.34835158397672,52.322679463066414,62.58202837739314
107.37921508942311,57.25311306303546,52.322679463066414,62.58202837739314
108.28397656848186,58.610255281623566,52.322679463066414,62.58202837739314
110.54588026612869,60.419778239741035,52.322679463066414,62.58202837739314
110.54588026612869,61.776920458329144,52.322679463066414,62.58202837739314
110.54588026612869,63.13406267691725,52.322679463066414,62.58202837739314
110.09349952659933,64.03882415597599,52.322679463066414,62.58202837739314
110.54588026612869,64.94358563503472,52.322679463066414,62.58202837739314
110.54588026612869,65.3959663745641,52.322679463066414,62.58202837739314
111.45064174518744,65.84834711409347,52.322679463066414,62.58202837739314
111.9030224847168,66.7531085931522,52.322679463066414,62.58202837739314
112.80778396377555,67.65787007221094,52.322679463066414,62.58202837739314
112.35540322424619,68.11025081174031,52.322679463066414,62.58202837739314
111.90302248471683,68.56263155126969,52.322679463066414,62.58202837739314
112.80778396377558,67.20548933268158,52.322679463066414,62.58202837739314
112.80778396377558,67.65787007221095,52.322679463066414,62.58202837739314
112.80778396377558,66.75310859315222,52.322679463066414,62.58202837739314
112.80778396377558,66.75310859315222,52.322679463066414,62.58202837739314
112.80778396377558,66.75310859315222,52.322679463066414,62.58202837739314
112.80778396377558,66.75310859315222,52.322679463066414,62.58202837739314
112.80778396377558,66.75310859315222,52.322679463066414,62.58202837739314
112.80778396377558,67.2054893326816,52.322679463066414,62.58202837739314
112.35540322424622,67.65787007221097,52.322679463066414,62.58202837739314
111.33257447187077,66.97556950782644,53.46357548875858,63.946629506162196
110.87032957031596,66.51332460627162,53.46357548875858,63.946629506162196
109.36295313544015,66.27839137963551,54.62934875229096,65.34098576254407
108.89062898380693,65.80606722800229,54.62934875229096,65.34098576254407
107.47365652890731,64.86141892473589,54.62934875229096,65.34098576254407
106.05668407400769,64.38909477310267,54.62934875229096,65.34098576254407
102.75041501257523,63.916770621469475,54.62934875229096,65.34098576254407
100.38879425440919,64.38909477310267,54.62934875229096,65.34098576254407
99.44414595114277,64.38909477310267,54.62934875229096,65.34098576254407
98.97182179950957,64.38909477310267,54.62934875229096,65.34098576254407
98.49949764787637,63.916770621469475,54.62934875229096,65.34098576254407
99.44414595114279,63.916770621469475,54.62934875229096,65.34098576254407
99.44414595114279,63.916770621469475,54.62934875229096,65.34098576254407
99.91647010277599,64.38909477310267,54.62934875229096,65.34098576254407
100.38879425440919,64.38909477310267,54.62934875229096,65.34098576254407
101.33344255767561,64.38909477310267,54.62934875229096,65.34098576254407
101.80576670930883,64.86141892473589,54.62934875229096,65.34098576254407
101.80576670930883,65.33374307636907,54.62934875229096,65.34098576254407
102.27809086094204,65.33374307636907,54.62934875229096,65.34098576254407
102.75041501257526,65.33374307636907,54.62934875229096,65.34098576254407
102.75041501257526,65.33374307636907,54.62934875229096,65.34098576254407
103.22273916420848,65.33374307636907,54.62934875229096,65.34098576254407
103.6950633158417,65.33374307636907,54.62934875229096,65.34098576254407
103.6950633158417,65.33374307636907,54.62934875229096,65.34098576254407
103.6950633158417,64.86141892473589,54.62934875229096,65.34098576254407
103.6950633158417,64.86141892473589,54.62934875229096,65.34098576254407
103.6950633158417,64.86141892473589,54.62934875229096,65.34098576254407
103.6950633158417,64.86141892473589,54.62934875229096,65.34098576254407
104.16738746747491,64.86141892473589,54.62934875229096,65.34098576254407
104.63971161910813,64.86141892473589,54.62934875229096,65.34098576254407
105.11203577074134,64.86141892473589,54.62934875229096,65.34098576254407
104.63971161910813,64.86141892473589,54.62934875229096,65.34098576254407
104.63971161910813,64.86141892473589,54.62934875229096,65.34098576254407
104.63971161910813,64.38909477310267,54.62934875229096,65.34098576254407
104.16738746747491,63.916770621469475,54.62934875229096,65.34098576254407
103.2227391642085,63.44444646983627,54.62934875229096,65.34098576254407
102.75041501257529,62.97212231820307,54.62934875229096,65.34098576254407
101.80576670930888,62.97212231820307,54.62934875229096,65.34098576254407
100.86111840604246,62.49979816656987,54.62934875229096,65.34098576254407
100.38879425440926,62.027474014936665,54.62934875229096,65.34098576254407
100.38879425440926,62.027474014936665,54.62934875229096,65.34098576254407
100.38879425440926,62.027474014936665,54.62934875229096,65.34098576254407
99.91647010277606,62.027474014936665,54.62934875229096,65.34098576254407
99.44414595114286,62.027474014936665,54.62934875229096,65.34098576254407
99.44414595114286,62.027474014936665,54.62934875229096,65.34098576254407
99.44414595114286,62.027474014936665,54.62934875229096,65.34098576254407
99.44414595114286,62.027474014936665,54.62934875229096,65.34098576254407
99.04641819403975,62.681633883877105,53.535507659964324,64.03266602466319
99.11952094818167,62.85982871246451,52.46356850062041,62.75054271642831
100.02671867430018,63.313427575523754,52.46356850062041,62.75054271642831
100.09835769515095,63.94165327980829,51.413092732800365,61.49409130785924
100.54287416775199,63.94165327980829,51.413092732800365,61.49409130785924
100.987390640353,63.94165327980829,51.413092732800365,61.49409130785924
100.987390640353,63.94165327980829,51.413092732800365,61.49409130785924
100.987390640353,63.94165327980829,51.413092732800365,61.49409130785924
101.43190711295404,63.94165327980829,51.413092732800365,61.49409130785924
101.94662818138319,64.55730004792944,50.38365059594204,60.26279777161693
102.38224411983815,64.9929159863844,50.38365059594204,60.26279777161693
102.8178600582931,64.9929159863844,50.38365059594204,60.26279777161693
103.25347599674807,65.42853192483936,50.38365059594204,60.26279777161693
103.68909193520302,66.29976380174928,50.38365059594204,60.26279777161693
104.12470787365798,66.73537974020424,50.38365059594204,60.26279777161693
104.12470787365798,67.1709956786592,50.38365059594204,60.26279777161693
104.56032381211294,67.60661161711415,50.38365059594204,60.26279777161693
104.9959397505679,68.47784349402407,50.38365059594204,60.26279777161693
104.9959397505679,69.34907537093399,50.38365059594204,60.26279777161693
104.9959397505679,69.78469130938895,50.38365059594204,60.26279777161693
104.9959397505679,70.65592318629886,50.38365059594204,60.26279777161693
104.9959397505679,71.09153912475382,50.38365059594204,60.26279777161693
104.56032381211294,71.09153912475382,50.38365059594204,60.26279777161693
104.9959397505679,71.52715506320878,50.38365059594204,60.26279777161693
104.12470787365798,71.96277100166374,50.38365059594204,60.26279777161693
104.12470787365798,72.3983869401187,50.38365059594204,60.26279777161693
103.68909193520302,72.83400287857366,50.38365059594204,60.26279777161693
103.68909193520302,73.26961881702861,50.38365059594204,60.26279777161693
103.68909193520302,72.83400287857366,50.38365059594204,60.26279777161693
103.25347599674807,73.26961881702861,50.38365059594204,60.26279777161693
103.25347599674807,72.83400287857366,50.38365059594204,60.26279777161693
102.8178600582931,72.83400287857366,50.38365059594204,60.26279777161693
102.8178600582931,72.83400287857366,50.38365059594204,60.26279777161693
102.8178600582931,72.83400287857366,50.38365059594204,60.26279777161693
102.38224411983815,72.83400287857366,50.38365059594204,60.26279777161693
102.38224411983815,72.83400287857366,50.38365059594204,60.26279777161693
101.94662818138319,72.3983869401187,50.38365059594204,60.26279777161693
102.01542707361901,69.51677913193272,49.37482093456049,59.056158372709575
102.01542707361901,69.94367275125268,49.37482093456049,59.056158372709575
101.58853345429905,69.94367275125268,49.37482093456049,59.056158372709575
101.58853345429905,69.94367275125268,49.37482093456049,59.056158372709575
101.1616398349791,69.94367275125268,49.37482093456049,59.056158372709575
99.88095897701922,69.94367275125268,49.37482093456049,59.056158372709575
99.45406535769926,69.51677913193272,49.37482093456049,59.056158372709575
99.88095897701922,68.6629918932928,49.37482093456049,59.056158372709575
99.0271717383793,68.6629918932928,49.37482093456049,59.056158372709575
99.45406535769925,68.6629918932928,49.37482093456049,59.056158372709575
99.8809589770192,68.6629918932928,49.37482093456049,59.056158372709575
99.45406535769925,68.6629918932928,49.37482093456049,59.056158372709575
99.45406535769925,69.08988551261275,49.37482093456049,59.056158372709575
99.8809589770192,69.51677913193271,49.37482093456049,59.056158372709575
99.8809589770192,70.37056637057263,49.37482093456049,59.056158372709575
99.94838031200507,70.96180582572273,48.38619102594884,57.873679462409356
100.36672625880963,71.79849771933186,48.38619102594884,57.873679462409356
100.36672625880963,72.63518961294096,48.38619102594884,57.873679462409356
100.36672625880963,73.05353555974554,48.38619102594884,57.873679462409356
100.36672625880963,73.05353555974554,48.38619102594884,57.873679462409356
100.36672625880963,73.05353555974554,48.38619102594884,57.873679462409356
100.36672625880963,73.05353555974554,48.38619102594884,57.873679462409356
100.36672625880963,73.05353555974554,48.38619102594884,57.873679462409356
100.36672625880963,73.05353555974554,48.38619102594884,57.873679462409356
100.36672625880963,73.05353555974554,48.38619102594884,57.873679462409356
100.36672625880963,73.05353555974554,48.38619102594884,57.873679462409356
100.36672625880963,73.47188150655009,48.38619102594884,57.873679462409356
100.36672625880963,73.47188150655009,48.38619102594884,57.873679462409356
99.94838031200507,73.47188150655009,48.38619102594884,57.873679462409356
99.5300343652005,73.05353555974554,48.38619102594884,57.873679462409356
99.5300343652005,72.63518961294096,48.38619102594884,57.873679462409356
99.11168841839594,69.70676798530906,48.38619102594884,57.873679462409356
99.11168841839594,68.45173014489538,48.38619102594884,57.873679462409356
98.69334247159138,66.36000041087257,48.38619102594884,57.873679462409356
98.69334247159138,64.68661662365432,48.38619102594884,57.873679462409356
98.69334247159138,63.431578783240646,48.38619102594884,57.873679462409356
99.11168841839594,60.92150310241329,48.38619102594884,57.873679462409356
99.11168841839594,59.24811931519505,48.38619102594884,57.873679462409356
99.11168841839594,56.31969768756313,48.38619102594884,57.873679462409356
98.69334247159138,55.06465984714945,48.38619102594884,57.873679462409356
99.11168841839594,52.13623821951753,48.38619102594884,57.873679462409356
99.11168841839594,50.46285443229929,48.38619102594884,57.873679462409356
99.11168841839594,48.789470645081046,48.38619102594884,57.873679462409356
99.11168841839594,47.116086857862804,48.38619102594884,57.873679462409356
99.5300343652005,45.02435712384,48.38619102594884,57.873679462409356
99.5300343652005,44.187665230230884,48.38619102594884,57.873679462409356
99.5300343652005,42.09593549620808,48.38619102594884,57.873679462409356
98.16581202393098,41.46496770586916,49.441251921269654,59.13561504308719
97.73834404375634,39.327627804995984,49.441251921269654,59.1356150430872
98.59328000410562,39.327627804995984,49.441251921269654,59.1356150430872
99.02074798428026,39.327627804995984,49.441251921269654,59.1356150430872
99.4482159644549,39.755095785170624,49.441251921269654,59.1356150430872
99.87568394462954,40.61003174551989,49.441251921269654,59.1356150430872
100.30315192480418,41.46496770586916,49.441251921269654,59.1356150430872
102.01302384550272,42.74737164639306,49.441251921269654,59.1356150430872
102.86795980585197,44.884711547266235,49.441251921269654,59.1356150430872
103.72289576620125,46.59458346796477,49.441251921269654,59.1356150430872
105.43276768689978,48.3044553886633,49.441251921269654,59.1356150430872
106.71517162742367,49.159391349012566,49.441251921269654,59.1356150430872
108.85251152829684,50.01432730936183,49.441251921269654,59.1356150430872
109.27997950847148,50.44179528953647,49.441251921269654,59.1356150430872
110.56238344899538,51.72419923006038,49.441251921269654,59.1356150430872
111.84478738951927,52.579135190409644,49.441251921269654,59.1356150430872
111.84478738951927,53.006603170584285,49.441251921269654,59.1356150430872
112.27225536969391,53.006603170584285,49.441251921269654,59.1356150430872
113.12719133004319,53.434071150758925,49.441251921269654,59.1356150430872
113.55465931021783,54.28900711110819,49.441251921269654,59.1356150430872
114.40959527056711,55.14394307145746,49.441251921269654,59.1356150430872
115.26453123091639,55.99887903180672,49.441251921269654,59.1356150430872
116.11946719126567,56.85381499215599,49.441251921269654,59.1356150430872
116.97440315161495,58.56368691285452,49.441251921269654,59.1356150430872
117.82933911196423,60.273558833553054,49.441251921269654,59.1356150430872
119.11174305248812,61.55596277407696,49.441251921269654,59.1356150430872
120.39414699301201,62.838366714600866,49.441251921269654,59.1356150430872
121.2490829533613,64.97570661547404,49.441251921269654,59.1356150430872
120.82161497318666,66.25811055599794,49.441251921269654,59.1356150430872
120.39414699301201,67.54051449652185,49.441251921269654,59.1356150430872
120.82161497318666,69.67785439739502,49.441251921269654,59.1356150430872
119.96667901283737,71.8151942982682,49.441251921269654,59.1356150430872
119.53921103266273,73.95253419914137,49.441251921269654,59.1356150430872
119.53921103266273,75.23493813966527,49.441251921269654,59.1356150430872
118.68427507231345,76.51734208018918,49.441251921269654,59.1356150430872
118.25680709213881,78.22721400088771,49.441251921269654,59.1356150430872
116.97440315161492,78.65468198106235,49.441251921269654,59.1356150430872
115.69199921109103,79.50961794141162,49.441251921269654,59.1356150430872
114.83706325074175,79.50961794141162,49.441251921269654,59.1356150430872
113.98212729039247,79.50961794141162,49.441251921269654,59.1356150430872
113.55465931021783,79.08214996123698,49.441251921269654,59.1356150430872
113.44309404132083,78.43742391822973,50.51931841941294,60.42506712910171
112.56951620235616,78.87421283771207,50.51931841941294,60.42506712910171
112.1327272828738,79.3110017571944,50.51931841941294,60.42506712910171
112.1327272828738,78.87421283771207,50.51931841941294,60.42506712910171
111.69593836339145,78.43742391822973,50.51931841941294,60.42506712910171
110.82236052442677,77.56384607926505,50.51931841941294,60.42506712910171
109.51199376597974,76.69026824030037,50.51931841941294,60.42506712910171
107.76483808805038,76.25347932081803,50.51931841941294,60.42506712910171
106.45447132960335,76.25347932081803,50.51931841941294,60.42506712910171
104.707315651674,75.81669040133569,50.51931841941294,60.42506712910171
103.83373781270932,75.37990148185335,50.51931841941294,60.42506712910171
102.08658213477995,74.50632364288867,50.51931841941294,60.42506712910171
100.77621537633293,74.06953472340633,50.51931841941294,60.42506712910171
99.02905969840356,73.632745803924,50.51931841941294,60.42506712910171
97.28190402047419,73.19595688444166,50.51931841941294,60.42506712910171
94.66117050358014,72.75916796495932,50.51931841941294,60.42506712910171
93.35080374513312,71.4488012065123,50.51931841941294,60.42506712910171
92.0404369866861,70.57522336754762,50.51931841941294,60.42506712910171
90.73007022823909,70.13843444806528,50.51931841941294,60.42506712910171
88.98291455030972,70.57522336754762,50.51931841941294,60.42506712910171
88.10933671134504,69.70164552858294,50.51931841941294,60.42506712910171
86.79896995289802,69.2648566091006,50.51931841941294,60.42506712910171
85.05181427496865,69.70164552858294,50.51931841941294,60.42506712910171
84.17823643600397,68.82806768961827,50.51931841941294,60.42506712910171
82.4310807580746,68.82806768961827,50.51931841941294,60.42506712910171
80.24713616066289,68.39127877013593,50.51931841941294,60.42506712910171
78.49998048273352,67.95448985065359,50.51931841941294,60.42506712910171
76.75282480480415,68.82806768961827,50.51931841941294,60.42506712910171
75.00566912687478,68.82806768961827,50.51931841941294,60.42506712910171
73.69530236842776,68.82806768961827,50.51931841941294,60.42506712910171
71.94814669049839,69.2648566091006,50.51931841941294,60.42506712910171
70.20099101256902,70.13843444806528,50.51931841941294,60.42506712910171
69.65020414350137,69.04286123420792,51.62089215754824,61.74263571785177
67.74846806113874,68.36971214829403,52.746485711043576,63.08893388967953
65.92428822490689,67.91366718923607,52.746485711043576,63.088933889679524
64.89317470538427,67.6818850465618,53.896622831972884,64.46458809314399
62.907599716788,66.9790598748763,55.07183869282405,65.870238436515
61.354879175523436,66.2609096003222,56.27268013552108,67.3065389856232
60.86834681677877,66.2609096003222,56.27268013552108,67.3065389856232
59.895282099289446,66.74744195906686,56.27268013552108,67.3065389856232
57.9491526643108,66.74744195906686,56.27268013552108,67.3065389856232
56.48955558807681,66.2609096003222,56.27268013552108,67.3065389856232
56.00302322933214,66.74744195906686,56.27268013552108,67.3065389856232
55.02995851184282,66.2609096003222,56.27268013552108,67.3065389856232
53.443380899175985,66.01363241777611,57.499705925876114,68.77415806820471
51.32506676483784,65.26382215943751,58.75348701358984,70.27377858488191
49.29314132234222,64.75584079881361,58.75348701358984,70.27377858488191
48.78515996171832,64.2478594381897,58.75348701358984,70.27377858488191
47.76919724047052,63.739878077565805,58.75348701358984,70.27377858488191
47.76919724047052,63.231896716941904,58.75348701358984,70.27377858488191
47.26121587984662,63.231896716941904,58.75348701358984,70.27377858488191
47.76919724047052,63.231896716941904,58.75348701358984,70.27377858488191
48.27717860109442,62.723915356318,58.75348701358984,70.27377858488191
49.29314132234222,61.7079526350702,58.75348701358984,70.27377858488191
50.309104043590025,60.18400855319848,58.75348701358984,70.27377858488191
51.32506676483783,58.66006447132676,58.75348701358984,70.27377858488191
53.35699220733345,57.64410175007896,58.75348701358984,70.27377858488191
55.38891764982907,56.62813902883116,58.75348701358984,70.27377858488191
56.40488037107687,56.120157668207256,58.75348701358984,70.27377858488191
57.420843092324674,54.59621358633554,58.75348701358984,70.27377858488191
58.43680581357248,53.07226950446382,58.75348701358984,70.27377858488191
60.4687312560681,51.0403440619682,58.75348701358984,70.27377858488191
61.992675337939815,48.50043725884868,58.75348701358984,70.27377858488191
61.992675337939815,46.46851181635306,58.75348701358984,70.27377858488191
63.00863805918762,44.94456773448134,58.75348701358984,70.27377858488191
64.53258214105934,42.91264229198572,58.75348701358984,70.27377858488191
66.56450758355496,40.8807168494901,58.75348701358984,70.27377858488191
67.58047030480276,39.35677276761838,58.75348701358984,70.27377858488191
68.67666093279642,38.53637310358107,57.57706847885033,68.8666897492131
70.74652272668416,38.230210338373304,56.424205321659024,67.48777499257251
72.77493976720578,37.930177856999656,55.294425893707896,66.13647018659175
75.24081629488612,38.11422730706842,54.187267990482646,64.81222249842037
78.05182788123815,37.17722344495107,54.187267990482646,64.81222249842037
79.9998283385705,36.88908574976579,53.10227866217,63.51449016455622
82.29543402413597,36.42996461265269,53.102278662169994,63.51449016455622
84.20442975238464,37.06583856032861,52.03901402835125,62.242742269204385
86.45407062438377,37.96569490912825,52.03901402835125,62.242742269204385
88.25378332198306,38.41562308352808,52.03901402835125,62.242742269204385
90.05349601958238,39.31547943232773,52.03901402835125,62.242742269204385
91.40328054278186,40.21533578112737,52.03901402835125,62.242742269204385
93.65292141478099,41.11519212992702,52.03901402835125,62.242742269204385
95.45263411238028,42.46497665312649,52.03901402835125,62.242742269204385
96.80241863557976,44.714617525125625,52.03901402835125,62.242742269204385
98.15220315877923,46.0644020483251,52.03901402835125,62.242742269204385
99.05205950757889,46.964258397124745,52.03901402835125,62.242742269204385
99.95191585637852,49.21389926912388,52.03901402835125,62.242742269204385
101.75162855397784,51.01361196672318,52.03901402835125,62.242742269204385
102.20155672837765,52.36339648992266,52.03901402835125,62.242742269204385
102.20155672837765,55.062965536321606,52.03901402835125,62.242742269204385
102.20155672837765,56.86267823392091,52.03901402835125,62.242742269204385
102.6514849027775,60.01217545471969,52.03901402835125,62.242742269204385
103.10141307717731,61.36195997791916,52.03901402835125,62.242742269204385
103.10141307717731,64.51145719871795,52.03901402835125,62.242742269204385
102.65148490277747,66.76109807071708,52.03901402835125,62.242742269204385
103.10141307717731,69.46066711711603,52.03901402835125,62.242742269204385
102.65148490277747,71.71030798911517,52.03901402835125,62.242742269204385
103.10141307717731,73.51002068671445,52.03901402835125,62.242742269204385
103.55134125157713,75.75966155871359,52.03901402835125,62.242742269204385
104.00126942597694,78.45923060511254,52.03901402835125,62.242742269204385
103.55134125157713,80.25894330271186,52.03901402835125,62.242742269204385
104.45119760037679,83.40844052351062,52.03901402835125,62.242742269204385
104.9011257747766,85.65808139550975,52.03901402835125,62.242742269204385
105.35105394917642,88.80757861630855,52.03901402835125,62.242742269204385
104.9011257747766,91.95707583710731,52.03901402835125,62.242742269204385
105.35105394917642,93.30686036030679,52.03901402835125,62.242742269204385
104.9011257747766,96.00642940670573,52.03901402835125,62.242742269204385
104.45119760037679,98.70599845310471,52.03901402835125,62.242742269204385
104.00126942597697,101.8554956739035,52.03901402835125,62.242742269204385
103.55134125157716,104.55506472030245,52.03901402835125,62.242742269204385
103.55134125157716,106.80470559230159,52.03901402835125,62.242742269204385
103.10141307717734,109.50427463870054,52.03901402835125,62.242742269204385
102.6514849027775,111.75391551069967,52.03901402835125,62.242742269204385
102.6514849027775,114.90341273149843,52.03901402835125,62.242742269204385
102.20155672837768,115.35334090589825,52.03901402835125,62.242742269204385
101.75162855397784,119.40269447549667,52.03901402835125,62.242742269204385
102.20155672837768,122.55219169629547,52.03901402835125,62.242742269204385
101.30170037957802,124.8018325682946,52.03901402835125,62.242742269204385
99.83448868033429,126.37287194270372,53.173724729239446,63.59994526438439
100.63397872120159,127.97816783067185,54.33317779696051,64.98674207087429
99.2246883290618,131.266512078998,54.33317779696051,64.98674207087429
102.04326911334138,131.7362755430446,54.33317779696051,64.98674207087429
100.04161125027024,132.9068114438033,55.51791273882324,66.40377798172969
98.60159128112984,135.3068447257039,55.51791273882324,66.40377798172969
96.68156465560932,138.6668913203648,55.51791273882324,66.40377798172969
94.28153137370867,143.4669578841661,55.51791273882324,66.40377798172969
98.60159128112984,138.6668913203648,55.51791273882324,66.40377798172969
96.2015579992292,141.0669246022655,55.51791273882324,66.40377798172969
92.36150474818815,144.9069778533065,55.51791273882324,66.40377798172969
90.92148477904776,152.58708435538858,55.51791273882324,66.40377798172969
88.52145149714711,154.02710432452898,55.51791273882324,66.40377798172969
84.20139158972594,155.94713095004948,55.51791273882324,66.40377798172969
88.04144484076699,161.22720417023095,55.51791273882324,66.40377798172969
85.99614082799157,162.42326360630562,56.72848082609328,67.8517123606213
86.84907817035258,158.74067110315895,57.96544535050624,69.33121894864465
84.8444062916258,161.24651095156742,57.96544535050624,69.33121894864465
86.2171099024187,163.9988031247517,59.22938188637403,70.84298617781985
85.70501396515809,161.9504193757093,59.22938188637403,70.84298617781985
85.19291802789748,165.02299499927292,59.22938188637403,70.84298617781985
84.03507375462067,162.71434153068742,60.52087855840641,72.38771749142721
82.98854937627553,161.1445549631697,60.52087855840641,72.38771749142721
85.60486032213839,155.38867088227138,60.52087855840641,72.38771749142721
83.37524487613763,156.6925125490114,61.84053631537246,73.96613167132779
82.16635650775181,158.0247844832947,63.18896920972915,75.57896317242108
80.52736518040358,162.39542802288997,63.18896920972915,75.57896317242108
78.34204341060594,158.5711149257441,63.18896920972915,75.57896317242108
74.51773031346006,163.4880889077888,63.18896920972915,75.57896317242108
67.41543456161773,164.0344193502382,63.18896920972915,75.57896317242108
64.13745190692127,161.30276713799117,63.18896920972915,75.57896317242108
64.68378234937069,160.21010625309233,63.18896920972915,75.57896317242108
64.68378234937069,157.4784540408453,63.18896920972915,75.57896317242108
64.68378234937069,154.74680182859825,63.18896920972915,75.57896317242108
64.13745190692127,151.46881917390178,63.18896920972915,75.57896317242108
63.04479102202245,148.73716696165474,63.18896920972915,75.57896317242108
62.498460579573035,143.82019297961003,63.18896920972915,75.57896317242108
62.498460579573035,141.6348712098124,63.18896920972915,75.57896317242108
62.90220372766278,139.17188023647682,64.5668046833473,77.22696246439573
63.460446905409796,130.79823257027152,64.5668046833473,77.22696246439573
64.57693326090384,132.47296210351257,64.5668046833473,77.22696246439573
66.2516627941449,130.79823257027152,64.5668046833473,77.22696246439573
67.92639232738597,130.2399893925245,64.5668046833473,77.22696246439573
76.85828317133829,103.44431686066753,64.5668046833473,77.22696246439573
80.06204582750723,98.1364044804233,65.97468385946769,78.91089638093187
80.63246149774503,95.85474179947212,65.97468385946769,78.91089638093187
80.06204582750723,94.71391045899654,65.97468385946769,78.91089638093187
82.3437085084584,93.57307911852095,65.97468385946769,78.91089638093187
82.3437085084584,92.43224777804537,65.97468385946769,78.91089638093187
85.76620252988516,91.29141643756978,65.97468385946769,78.91089638093187
85.76620252988516,89.00975375661861,65.97468385946769,78.91089638093187
89.18869655131192,87.86892241614302,65.97468385946769,78.91089638093187
90.3295278917875,86.15767540542964,65.97468385946769,78.91089638093187
92.61119057273868,85.01684406495406,65.97468385946769,78.91089638093187
93.75202191321426,84.44642839471626,65.97468385946769,78.91089638093187
94.89285325368985,84.44642839471626,65.97468385946769,78.91089638093187
98.31534727511661,85.58725973519185,65.97468385946769,78.91089638093187
98.8857629453544,86.15767540542964,65.97468385946769,78.91089638093187
101.16742562630557,86.72809107566744,65.97468385946769,78.91089638093187
102.87867263701895,86.72809107566744,65.97468385946769,78.91089638093187
104.01950397749454,86.15767540542964,65.97468385946769,78.91089638093187
105.82083944173307,85.23644313098175,64.6536756119418,77.3308669084009
107.49782222740642,86.35443165476399,64.6536756119418,77.3308669084009
110.29279353686199,85.23644313098175,64.6536756119418,77.3308669084009
111.96977632253534,85.79543739287287,64.6536756119418,77.3308669084009
113.08776484631757,84.67744886909064,64.6536756119418,77.3308669084009
114.85303224829924,83.21566812682354,63.359117855542905,75.78247429780616
119.23544459958582,83.76346967073437,63.359117855542905,75.78247429780616
120.33104768740746,83.21566812682354,63.359117855542905,75.78247429780616
121.97445231913993,82.1200650390019,63.359117855542905,75.78247429780616
125.26126158260486,81.57226349509108,63.359117855542905,75.78247429780616
126.44338156767276,80.68755346944846,62.09048097322875,74.26508508562648
129.6643791911103,81.22438640668805,62.09048097322875,74.26508508562648
133.42220975178742,80.68755346944846,62.09048097322875,74.26508508562648
134.4958756262666,80.15072053220887,62.09048097322875,74.26508508562648
137.18004031246454,79.61388759496927,62.09048097322875,74.26508508562648
138.7905391241833,80.68755346944845,62.09048097322875,74.26508508562648
141.5594883835279,81.43105676618494,60.847245952456255,72.7780784921535
145.85124695487636,82.68575688300596,59.628904172848074,71.32084616752411
145.93267024405458,83.39978399534888,58.434957198110745,69.89279194283827
149.97448911463565,84.91546607181678,58.434957198110745,69.89279194283827
149.54905470998614,86.12042360892849,57.26491657211919,68.49333158626014
153.0148332025399,89.09109088826028,57.26491657211919,68.49333158626014
151.03438834965203,90.57642452792618,57.26491657211919,68.49333158626014
155.49038926864972,92.55686938081405,57.26491657211919,68.49333158626014
154.99527805542775,95.52753666014584,57.26491657211919,68.49333158626014
154.50016684220577,98.00309272625566,57.26491657211919,68.49333158626014
159.45127897442543,103.4493160716973,57.26491657211919,68.49333158626014
158.4610565479815,104.43953849814122,57.26491657211919,68.49333158626014
157.96594533475954,106.41998335102909,57.26491657211919,68.49333158626014
160.44150140086936,107.90531699069498,57.26491657211919,68.49333158626014
162.91705746697917,109.39065063036088,57.26491657211919,68.49333158626014
162.4219462537572,108.8955394171389,57.26491657211919,68.49333158626014
167.37305838597686,109.39065063036088,57.26491657211919,68.49333158626014
168.36328081242078,107.90531699069498,57.26491657211919,68.49333158626014
170.8388368785306,106.91509456425106,57.26491657211919,68.49333158626014
171.82905930497452,102.45909364525338,57.26491657211919,68.49333158626014
174.30461537108434,98.00309272625569,57.26491657211919,68.49333158626014
175.29483779752826,94.04220302047995,57.26491657211919,68.49333158626014
174.30461537108434,90.08131331470423,57.26491657211919,68.49333158626014
175.1656182578227,86.36389748775323,58.51357807797425,69.98682868149854
173.64789691814389,81.30482635549052,58.51357807797425,69.98682868149854
173.1419898049176,78.77529078935916,58.51357807797425,69.98682868149854
173.1419898049176,75.73984811000153,58.51357807797425,69.98682868149854
174.15380403137016,73.21031254387017,58.51357807797425,69.98682868149854
174.65971114459643,70.68077697773882,58.51357807797425,69.98682868149854
174.65971114459643,68.15124141160746,58.51357807797425,69.98682868149854
174.15380403137016,65.6217058454761,58.51357807797425,69.98682868149854
174.15380403137016,62.58626316611847,58.51357807797425,69.98682868149854
174.65971114459643,59.04491337353457,58.51357807797425,69.98682868149854
174.65971114459643,55.50356358095067,58.51357807797425,69.98682868149854
174.15380403137016,52.97402801481931,58.51357807797425,69.98682868149854
174.65971114459643,50.44449244868795,58.51357807797425,69.98682868149854
174.65971114459643,48.92677110900914,58.51357807797425,69.98682868149854
173.64789691814389,46.90314265610405,58.51357807797425,69.98682868149854
172.63608269169134,45.38542131642524,58.51357807797425,69.98682868149854
171.11836135201253,44.373607089972694,58.51357807797425,69.98682868149854
171.11836135201253,42.85588575029388,58.51357807797425,69.98682868149854
170.10654712555998,42.34997863706761,58.51357807797425,69.98682868149854
168.58882578588117,42.85588575029388,58.51357807797425,69.98682868149854
167.07110444620236,43.36179286352015,58.51357807797425,69.98682868149854
167.07110444620236,45.38542131642524,58.51357807797425,69.98682868149854
165.55338310652354,46.39723554287778,58.51357807797425,69.98682868149854
165.12737630430894,48.10972139439923,57.341963229498376,68.58548543136072
163.6400442335114,50.0928308221293,57.341963229498376,68.58548543136072
162.15271216271384,51.58016289292685,57.341963229498376,68.58548543136072
159.67382537805125,52.57171760679188,57.341963229498376,68.58548543136072
157.6907159503212,56.0421591053195,57.341963229498376,68.58548543136072
155.70760652259113,58.52104588998208,57.341963229498376,68.58548543136072
153.22871973792854,59.512600603847105,57.341963229498376,68.58548543136072
150.74983295326595,60.999932674644654,57.341963229498376,68.58548543136072
148.7667235255359,61.99148738850968,57.341963229498376,68.58548543136072
146.2878367408733,62.487264745442204,57.341963229498376,68.58548543136072
142.32161788541316,62.983042102374725,57.341963229498376,68.58548543136072
139.34695374381806,63.478819459307246,57.341963229498376,68.58548543136072
136.86806695915547,62.983042102374725,57.341963229498376,68.58548543136072
133.39762546062786,63.478819459307246,57.341963229498376,68.58548543136072
130.91873867596527,64.47037417317227,57.341963229498376,68.58548543136072
126.45674246357262,65.95770624396982,57.341963229498376,68.58548543136072
123.48207832197753,67.9408156716999,57.341963229498376,68.58548543136072
120.50741418038243,69.42814774249744,57.341963229498376,68.58548543136072
117.53275003878733,71.41125717022751,57.341963229498376,68.58548543136072
117.53275003878733,71.41125717022751,57.341963229498376,68.58548543136072
118.52430475265237,70.915479813295,57.341963229498376,68.58548543136072
121.49896889424747,69.92392509942997,57.341963229498376,68.58548543136072
126.45674246357262,68.93237038556494,57.341963229498376,68.58548543136072
130.91873867596527,67.44503831476739,57.341963229498376,68.58548543136072
134.8849575314254,66.45348360090236,57.341963229498376,68.58548543136072
138.35539902995302,65.46192888703733,57.341963229498376,68.58548543136072
141.33006317154812,65.46192888703733,57.341963229498376,68.58548543136072
143.31317259927818,65.95770624396985,57.341963229498376,68.58548543136072
144.38302778367589,66.6443483513302,56.19380757456797,67.21220121664004
148.26983121017062,67.13019877964204,56.19380757456797,67.21220121664004
147.7839807818588,67.61604920795389,56.19380757456797,67.21220121664004
146.8122799252351,65.67264749470652,56.19380757456797,67.21220121664004
144.74207565321782,64.9398664709421,57.419113548731424,68.67776326416887
143.25274246251428,64.44342207404092,57.419113548731424,68.67776326416887
141.76340927181073,65.43631086784329,57.419113548731424,68.67776326416887
139.777631684206,65.93275526474447,57.419113548731424,68.67776326416887
137.2954096997001,66.42919966164565,57.419113548731424,68.67776326416887
134.316743318293,69.90431043995393,57.419113548731424,68.67776326416887
132.82741012758945,71.89008802755866,57.419113548731424,68.67776326416887
130.84163253998472,74.37231001206457,57.419113548731424,68.67776326416887
128.85585495238,77.35097639347167,57.419113548731424,68.67776326416887
125.38074417407172,78.84030958417522,57.419113548731424,68.67776326416887
119.91985580815872,79.3367539810764,57.419113548731424,68.67776326416887
115.94830063294926,80.82608717177995,57.419113548731424,68.67776326416887
111.9767454577398,81.32253156868113,57.419113548731424,68.67776326416887
108.9980790763327,83.80475355318704,57.419113548731424,68.67776326416887
108.00519028253034,85.29408674389059,57.419113548731424,68.67776326416887
105.02652390112324,87.27986433149532,57.419113548731424,68.67776326416887
103.5371907104197,90.7549751098036,57.419113548731424,68.67776326416887
101.4218456342511,94.47421536792663,58.67113731966151,70.17528189214408
100.40730690029989,97.5178315697803,58.67113731966151,70.17528189214408
99.26037545869667,98.78182302685366,59.950461468916735,71.70545391380229
98.74204508317416,99.81848377789868,59.950461468916735,71.70545391380229
98.22371470765165,106.03844828416888,59.950461468916735,71.70545391380229
98.0884351770093,106.29334032391867,61.25768128124646,73.26899133639274
98.0884351770093,111.58966601752653,61.25768128124646,73.26899133639274
98.0884351770093,110.53040087880495,61.25768128124646,73.26899133639274
96.89094073747972,116.08717653308935,62.59340502158405,74.8666216924828
97.97330315255113,103.09882755223262,62.59340502158405,74.8666216924828
99.59684677515821,104.18118996730402,62.59340502158405,74.8666216924828
107.71456488819365,99.85174030701845,62.59340502158405,74.8666216924828
92.64696239330199,104.38953432726353,61.340099974296955,73.36757055749236
93.79141264008419,105.12405217666947,60.11188979988047,71.89853485868049
95.73467316820557,98.62319150571061,61.42262955696687,73.46628241127402
94.14149704259643,101.27848504839251,61.42262955696687,73.46628241127402
90.42408608284177,101.8095437569289,61.42262955696687,73.46628241127402
90.28548457263331,98.88434277879445,62.76194999445653,75.06821469925185
88.20063226225557,100.1785250340027,61.50527017845182,73.5651270761874
89.26417869733149,99.64675181646474,61.50527017845182,73.5651270761874
89.79595191486942,99.64675181646474,61.50527017845182,73.5651270761874
90.85949834994534,97.51965894631293,61.50527017845182,73.5651270761874
86.07353939210378,93.79724642354729,61.50527017845182,73.5651270761874
95.6454573077869,95.9243392936991,61.50527017845182,73.5651270761874
98.30432339547664,93.26547320600936,61.50527017845182,73.5651270761874
99.36786983055254,95.39256607616117,61.50527017845182,73.5651270761874
96.57021575228018,99.90825445359253,62.846392594692965,75.16921467208365
96.02684721973381,97.1914117908607,62.846392594692965,75.16921467208365
93.16819029428471,95.82851089535194,64.21675818522024,76.80827939800844
89.83689019389348,94.16286084515633,64.21675818522024,76.80827939800844
92.61297361088617,91.94199411156217,64.21675818522024,76.80827939800844
92.05775692748763,88.0554773277724,64.21675818522024,76.80827939800844
90.94732356069055,86.94504396097531,64.21675818522024,76.80827939800844
92.05775692748763,85.2793939107797,64.21675818522024,76.80827939800844
93.16819029428471,83.05852717718555,64.21675818522024,76.80827939800844
93.72340697768325,80.8376604435914,64.21675818522024,76.80827939800844
94.83384034448034,78.06157702659871,64.21675818522024,76.80827939800844
94.83384034448034,75.84071029300456,64.21675818522024,76.80827939800844
94.83384034448034,73.06462687601187,64.21675818522024,76.80827939800844
94.83384034448034,70.84376014241772,64.21675818522024,76.80827939800844
94.83384034448034,67.51246004202649,64.21675818522024,76.80827939800844
94.83384034448034,65.84680999183088,64.21675818522024,76.80827939800844
95.47674503329058,62.174040956356805,62.93094880759974,75.27035053457999
96.56494424070932,62.174040956356805,62.93094880759974,75.27035053457999
96.56494424070932,61.085841748938066,62.93094880759974,75.27035053457999
96.02084463699995,58.90944333410059,62.93094880759974,75.27035053457999
95.47674503329058,57.27714452297248,62.93094880759974,75.27035053457999
94.38854582587184,56.18894531555374,62.93094880759974,75.27035053457999
92.75624701474374,54.55664650442563,62.93094880759974,75.27035053457999
90.03574899619689,52.92434769329752,62.93094880759974,75.27035053457999
87.85935058135941,52.38024808958815,62.93094880759974,75.27035053457999
84.05065335539382,51.29204888216941,62.93094880759974,75.27035053457999
81.87425494055634,51.29204888216941,62.93094880759974,75.27035053457999
78.15148994685462,50.41331756112694,61.670885135653265,73.76321555440872
79.21790018850865,49.34690731947291,61.670885135653265,73.76321555440872
76.55187458437358,48.280497077818886,61.670885135653265,73.76321555440872
76.10288107843255,47.95256567691963,60.436051664227264,72.28625787289917
79.23805374466389,47.95256567691963,60.436051664227264,72.28625787289917
76.10288107843255,47.95256567691963,60.436051664227264,72.28625787289917
78.27552163860905,48.153729210012656,59.22594321010561,70.83887325130269
76.22725681244513,51.226126449258516,59.22594321010561,70.83887325130269
74.77193123866705,52.447394506692355,58.04006470533394,69.42046954951697
73.26649185770424,56.96371264958078,58.04006470533393,69.42046954951697
77.28099687360506,55.96008639560558,58.04006470533393,69.42046954951697
74.77193123866704,60.476404538494,58.04006470533393,69.42046954951697
73.26649185770424,60.9782176654816,58.04006470533393,69.42046954951697
72.26286560372904,62.98547017343201,58.04006470533393,69.42046954951697
68.61920503635352,63.232239758143606,59.305628316233744,70.93418288804418
68.61920503635352,66.308770731473,59.30562831623375,70.93418288804418
65.40884961252794,66.04816596475767,60.598787541669225,72.48090274591797
64.22423554282109,67.35368607670554,61.92014410401532,74.06134883029272
64.22423554282109,70.03048711871946,61.92014410401532,74.06134883029272
62.4784307549215,69.2230332630972,63.27031284620337,75.67625654153726
61.93139701717448,70.86413447633822,63.27031284620337,75.67625654153726
63.57249823041551,72.50523568957925,63.27031284620337,75.67625654153726
62.4784307549215,74.69337064056731,63.27031284620337,75.67625654153726
59.74326206618644,80.71074175578443,63.27031284620337,75.67625654153726
59.196228328439425,82.89887670677246,63.27031284620337,75.67625654153726
60.29029580393344,84.53997792001348,63.27031284620337,75.67625654153726
60.837329541680454,85.63404539550751,63.27031284620337,75.67625654153726
66.16489607109185,68.39797287615309,64.64992201781483,77.32637731542547
67.93006098706185,61.90562072480569,63.35543941946914,75.7780745997571
70.20765182233508,63.75981076387979,62.08687619032173,74.26077348254158
72.35485890379749,68.05422492680461,62.08687619032173,74.26077348254158
72.35485890379749,71.81183731936383,62.08687619032173,74.26077348254158
72.75156027686373,69.92860569573921,63.4406805256517,75.8800296483284
79.33364107248482,64.99204509902339,63.4406805256517,75.8800296483284
79.88214780545326,63.895031633086525,63.4406805256517,75.8800296483284
79.88214780545326,62.79801816714967,63.4406805256517,75.8800296483284
84.27020166920065,60.60399123527596,63.4406805256517,75.8800296483284
86.32107331461187,57.03417554719294,64.82400456451353,77.5345936948102
88.41666421625126,54.50745387259287,66.23749198404275,79.22523551032553
90.5579494775009,51.925637031878146,67.6818004967548,80.95274177062818
91.57557473735729,50.457874401466455,69.15760215658653,82.71791630493672
93.36938007351701,48.664069065306734,69.15760215658653,82.71791630493672
94.56525029762348,47.46819884120025,69.15760215658653,82.71791630493672
93.96731518557024,48.066133953253484,69.15760215658653,82.71791630493672
93.96731518557024,46.870263729147,69.15760215658653,82.71791630493672
93.96731518557024,45.67439350504051,69.15760215658653,82.71791630493672
93.96731518557024,44.47852328093403,69.15760215658653,82.71791630493672
94.061749915126,44.70871680296213,67.77286247336856,81.06165903677405
94.061749915126,44.122754119851336,67.77286247336856,81.06165903677405
92.88982454890439,42.950828753629736,67.77286247336856,81.06165903677405
92.3038618657936,42.36486607051894,67.77286247336856,81.06165903677405
91.81044304972434,39.66063702203637,66.41584937306388,79.43856493640962
91.9011339149102,39.881704523061885,65.08600768749946,77.8479699791659
92.55274107635461,38.97288120797928,63.78279336461064,76.2892234361028
91.53690723650703,38.63371985598446,62.505673245863775,74.76168760779773
91.53690723650703,38.09329717545824,62.505673245863775,74.76168760779773
90.45606187545457,37.55287449493202,62.505673245863775,74.76168760779773
89.37521651440213,37.55287449493202,62.505673245863775,74.76168760779773
87.21352579229722,37.55287449493202,62.505673245863775,74.76168760779773
85.59225775071855,37.55287449493202,62.505673245863775,74.76168760779773
83.97098970913987,37.55287449493202,62.505673245863775,74.76168760779773
80.81380514432041,38.301349517102835,61.25412484813553,73.2647375634561
80.36784585237223,37.97563421517191,60.0276361499596,71.79776088524565
79.84884822624937,37.456636589049054,60.0276361499596,71.79776088524565
78.81085297400367,36.41864133680335,60.0276361499596,71.79776088524565
77.2538600956351,35.38064608455764,60.0276361499596,71.79776088524565
75.69686721726654,33.82365320618908,60.0276361499596,71.79776088524565
75.25983734897395,32.46646443544549,58.825705382053386,70.36015741774997
74.24262583086525,30.94064715828246,58.825705382053386,70.36015741774997
72.71680855370221,28.906224122065083,58.825705382053386,70.36015741774997
71.1909912765392,26.871801085847707,58.825705382053386,70.36015741774997
71.27131779749203,25.033181488231648,57.647840822038994,68.95133902243865
71.27131779749203,24.03633755244836,57.647840822038994,68.95133902243865
71.27131779749203,22.04264968088178,57.647840822038994,68.95133902243865
70.27447386170874,21.04580574509849,57.647840822038994,68.95133902243865
68.77920795803381,20.048961809315202,57.647840822038994,68.95133902243865
67.78236402225052,20.547383777206846,57.647840822038994,68.95133902243865
67.78236402225052,20.048961809315202,57.647840822038994,68.95133902243865
68.28078599014216,20.048961809315202,57.647840822038994,68.95133902243865
68.77920795803381,21.544227712990136,57.647840822038994,68.95133902243865
68.77920795803381,24.03633755244836,57.647840822038994,68.95133902243865
68.77920795803381,25.033181488231648,57.647840822038994,68.95133902243865
68.77920795803381,28.52213526347316,57.647840822038994,68.95133902243865
69.27762992592545,32.01108903871467,57.647840822038994,68.95133902243865
70.77289582960039,34.00477691028125,57.647840822038994,68.95133902243865
70.77289582960039,36.496886749739474,57.647840822038994,68.95133902243865
72.26816173327532,37.49373068552276,57.647840822038994,68.95133902243865
73.26500566905861,40.982684460764276,57.647840822038994,68.95133902243865
73.76342763695025,42.47795036443921,57.647840822038994,68.95133902243865
74.2618496048419,43.97321626811414,57.647840822038994,68.95133902243865
74.76027157273354,46.96374807546401,57.647840822038994,68.95133902243865
76.3342556228991,48.15247488604816,56.49356059327448,67.57072933705363
78.28802396825859,48.640916972388034,56.49356059327448,67.57072933705363
80.24179231361808,49.61780114506778,56.49356059327448,67.57072933705363
83.17244483165733,50.10624323140765,56.49356059327448,67.57072933705363
84.14932900433708,49.61780114506778,56.49356059327448,67.57072933705363
87.07998152237633,49.12935905872791,56.49356059327448,67.57072933705363
89.03374986773582,47.175590713368415,56.49356059327448,67.57072933705363
91.4759602994352,45.710264454348795,56.49356059327448,67.57072933705363
93.4297286447947,44.73338028166905,56.49356059327448,67.57072933705363
96.36038116283395,41.8027277636298,56.49356059327448,67.57072933705363
98.31414950819344,40.33740150461018,56.49356059327448,67.57072933705363
101.73324411257255,38.87207524559056,56.49356059327448,67.57072933705363
104.17545454427193,36.42986481389118,56.49356059327448,67.57072933705363
108.08299123499091,35.45298064121143,56.49356059327448,67.57072933705363
110.0367595803504,33.98765438219181,56.49356059327448,67.57072933705363
112.47897001204979,32.522328123172194,56.49356059327448,67.57072933705363
114.43273835740928,31.545443950492448,56.49356059327448,67.57072933705363
116.38650670276877,30.568559777812702,56.49356059327448,67.57072933705363
118.34027504812826,29.591675605132956,56.49356059327448,67.57072933705363
120.78248547982764,28.61479143245321,56.49356059327448,67.57072933705363
123.71313799786688,27.637907259773463,56.49356059327448,67.57072933705363
125.17846425688651,27.637907259773463,56.49356059327448,67.57072933705363
128.10911677492575,27.637907259773463,56.49356059327448,67.57072933705363
129.57444303394539,27.637907259773463,56.49356059327448,67.57072933705363
131.52821137930488,27.637907259773463,56.49356059327448,67.57072933705363
133.48197972466437,28.126349346113336,56.49356059327448,67.57072933705363
135.43574807002386,28.126349346113336,56.49356059327448,67.57072933705363
137.38951641538335,28.61479143245321,56.49356059327448,67.57072933705363
139.34328476074285,28.61479143245321,56.49356059327448,67.57072933705363
141.78549519244223,29.103233518793083,56.49356059327448,67.57072933705363
144.71614771048147,28.61479143245321,56.49356059327448,67.57072933705363
147.6468002285207,28.61479143245321,56.49356059327448,67.57072933705363
147.15835814218082,28.61479143245321,56.49356059327448,67.57072933705363
151.0658948328998,29.103233518793083,56.49356059327448,67.57072933705363
152.53122109191943,29.103233518793083,56.49356059327448,67.57072933705363
153.50810526459918,30.08011769147283,56.49356059327448,67.57072933705363
154.9734315236188,30.568559777812702,56.49356059327448,67.57072933705363
155.4618736099587,32.03388603683232,56.49356059327448,67.57072933705363
156.43875778263845,32.522328123172194,56.49356059327448,67.57072933705363
155.95031569629856,34.476096468531686,56.49356059327448,67.57072933705363
158.8809682143378,35.941422727551306,56.49356059327448,67.57072933705363
160.8347365596973,36.42986481389118,56.49356059327448,67.57072933705363
161.81162073237704,37.406748986570925,56.49356059327448,67.57072933705363
163.76538907773653,40.33740150461018,56.49356059327448,67.57072933705363
163.27694699139664,41.314285677289924,56.49356059327448,67.57072933705363
163.76538907773653,42.77961193630954,56.49356059327448,67.57072933705363
165.71915742309602,43.75649610898929,56.49356059327448,67.57072933705363
166.7731835722166,45.89830526662895,55.36239246771309,66.21776353981355
168.68783169831937,48.29161542425743,55.36239246771309,66.21776353981355
168.76342906429528,50.39053922957172,54.253873672709894,64.89188811833914
170.1706624712762,50.859617031898686,54.253873672709894,64.89188811833914
170.63974027360317,52.735928241206544,54.253873672709894,64.89188811833914
169.23250686662226,53.67408384586047,54.253873672709894,64.89188811833914
170.1706624712762,53.67408384586047,54.253873672709894,64.89188811833914
168.76342906429528,54.6122394505144,54.253873672709894,64.89188811833914
166.88711785498742,55.081317252841366,54.253873672709894,64.89188811833914
165.01080664567957,55.081317252841366,54.253873672709894,64.89188811833914
163.60357323869866,54.6122394505144,54.253873672709894,64.89188811833914
161.7272620293908,54.14316164818744,54.253873672709894,64.89188811833914
159.85095082008294,53.20500604353351,54.253873672709894,64.89188811833914
158.44371741310204,52.735928241206544,54.253873672709894,64.89188811833914
157.03648400612113,52.735928241206544,54.253873672709894,64.89188811833914
154.56866993909657,52.96660003565028,55.43687938814333,66.30685573875952
153.61005785148316,52.96660003565028,55.43687938814334,66.30685573875952
150.6091270549204,52.24368954095846,56.645680543201806,67.75267672814317
149.6296124307366,52.73344685305037,56.645680543201806,67.75267672814317
146.69106855818512,53.22320416514228,56.645680543201806,67.75267672814317
142.28325274935793,53.22320416514228,56.645680543201806,67.75267672814317
140.32422350099029,53.22320416514228,56.645680543201806,67.75267672814317
138.36519425262264,53.71296147723419,56.645680543201806,67.75267672814317
135.42665038007118,54.69247610141801,56.645680543201806,67.75267672814317
132.48810650751972,55.67199072560183,56.645680543201806,67.75267672814317
129.05980532287634,57.14126266187756,56.645680543201806,67.75267672814317
124.65198951404915,58.12077728606138,56.645680543201806,67.75267672814317
119.75441639313004,61.54907847070476,56.645680543201806,67.75267672814317
114.36708596011903,62.03883578279667,56.645680543201806,67.75267672814317
112.8978140238433,63.5081077190724,56.645680543201806,67.75267672814317
107.51048359083228,63.5081077190724,56.645680543201806,67.75267672814317
105.55145434246464,64.48762234325622,56.645680543201806,67.75267672814317
103.10266778200508,65.46713696744004,56.645680543201806,67.75267672814317
100.16412390945362,66.44665159162386,56.645680543201806,67.75267672814317
98.20509466108598,67.9159235278996,56.645680543201806,67.75267672814317
95.75630810062643,69.87495277626724,56.645680543201806,67.75267672814317
93.30752154016687,71.34422471254297,56.645680543201806,67.75267672814317
90.73091275967698,71.0953084666063,57.88083960744632,69.23002384420033
88.72916687854868,72.59661787745252,57.88083960744632,69.23002384420033
86.0963751436002,72.34227401277319,59.142931315086685,70.73958451412312
82.89482689735459,73.10508115515769,60.43254293241215,72.28206115445357
80.80483313220711,73.10508115515769,60.43254293241215,72.28206115445357
81.32733157349398,72.58258271387082,60.43254293241215,72.28206115445357
80.80483313220711,73.62757959644456,60.43254293241215,72.28206115445357
81.84983001478085,75.19507492030519,60.43254293241215,72.28206115445357
81.32733157349398,77.80756712673956,60.43254293241215,72.28206115445357
84.98482066250207,80.42005933317392,60.43254293241215,72.28206115445357
82.89482689735459,84.6000468634689,60.43254293241215,72.28206115445357
86.02981754507582,88.25753595247701,60.43254293241215,72.28206115445357
83.93982377992833,93.48252036534575,60.43254293241215,72.28206115445357
88.1198113102233,96.0950125717801,60.43254293241215,72.28206115445357
86.55231598636269,100.2750001020751,60.43254293241215,72.28206115445357
86.11233820325691,102.04364728009092,59.2225047334762,70.8347605635694
90.2086300236363,105.62790262292289,59.2225047334762,70.8347605635694
90.2086300236363,110.2362309208497,59.2225047334762,70.8347605635694
90.074993143327,111.5121008539951,60.51385144918965,72.37931251765804
89.55179171038667,116.22091375045821,60.51385144918965,72.37931251765804
89.02859027744633,116.22091375045821,60.51385144918965,72.37931251765804
85.88938167980426,125.63853954338444,60.51385144918965,72.37931251765804
80.6573673504008,127.73134527514583,60.51385144918965,72.37931251765804
80.52081651791636,131.12784128394483,61.83335598003923,73.95754342710558
80.91589803471518,134.0637880480301,63.18163230718399,75.57018766153361
79.27709701146262,138.9801911177878,63.18163230718399,75.57018766153361
77.63829598821005,136.24885607903352,63.18163230718399,75.57018766153361
78.1845629959609,138.9801911177878,63.18163230718399,75.57018766153361
77.63829598821005,136.79512308678437,63.18163230718399,75.57018766153361
82.41212831948955,103.74146565850393,64.55930779964214,77.21799560349335
80.1794148800701,94.8106119008261,64.55930779964214,77.21799560349335
80.73759323992496,88.11247158256774,64.55930779964214,77.21799560349335
79.62123652021523,84.2052230635837,64.55930779964214,77.21799560349335
80.82574899695311,78.28014904198932,63.26663956587612,75.67186301016537
80.27874701830727,76.09214112740598,63.26663956587612,75.67186301016537
81.45914159370881,71.37970856451821,61.99985437236471,74.15668856302428
81.45914159370881,69.23551103797664,61.99985437236471,74.15668856302428
81.45914159370881,66.0192147481643,61.99985437236471,74.15668856302428
83.06728973861499,63.87501722162275,61.99985437236471,74.15668856302428
84.67543788352114,62.802918458351975,61.99985437236471,74.15668856302428
87.89173417333348,61.19477031344581,61.99985437236471,74.15668856302428
91.6440798447812,59.58662216853964,61.99985437236471,74.15668856302428
95.93247489786432,59.05057278690425,61.99985437236471,74.15668856302428
100.75691933258284,57.978474023633474,61.99985437236471,74.15668856302428
104.50926500403057,57.978474023633474,61.99985437236471,74.15668856302428
107.7255612938429,57.978474023633474,61.99985437236471,74.15668856302428
110.40580820201984,57.978474023633474,61.99985437236471,74.15668856302428
114.77886407759495,58.720892110923074,60.75843396410997,72.67185238844507
115.30418016559715,60.29684037492963,60.75843396410997,72.67185238844507
119.58967453211173,61.02439305689934,59.54187046311142,71.21674702450565
120.61926994540005,62.05398847018766,59.54187046311142,71.21674702450565
124.30415833652678,62.766973396206645,58.34966616058787,69.79077717246768
123.79966840214466,63.27146333058875,58.34966616058787,69.79077717246768
127.33109794281943,63.27146333058875,58.34966616058787,69.79077717246768
125.81762813967309,62.766973396206645,58.34966616058787,69.79077717246768
125.31313820529097,62.26248346182454,58.34966616058787,69.79077717246768
124.30415833652675,61.75799352744243,58.34966616058787,69.79077717246768
123.29517846776254,61.25350359306032,58.34966616058787,69.79077717246768
121.7817086646162,61.25350359306032,58.34966616058787,69.79077717246768
120.26823886146987,61.75799352744243,58.34966616058787,69.79077717246768
117.74578918955932,62.766973396206645,58.34966616058787,69.79077717246768
115.22333951764877,63.77595326497086,58.34966616058787,69.79077717246768
111.18742004259191,64.28044319935296,58.34966616058787,69.79077717246768
108.66497037068136,64.28044319935296,58.34966616058787,69.79077717246768
105.63803076438872,64.28044319935296,58.34966616058787,69.79077717246768
102.61109115809607,64.78493313373508,58.34966616058787,69.79077717246768
98.5751716830392,66.29840293688139,58.34966616058787,69.79077717246768
95.54823207674654,66.80289287126351,58.34966616058787,69.79077717246768
93.025782404836,68.31636267440982,58.34966616058787,69.79077717246768
89.99884279854334,69.82983247755615,58.34966616058787,69.79077717246768
87.47639312663279,70.83881234632037,58.34966616058787,69.79077717246768
85.45843338910436,72.35228214946667,58.34966616058787,69.79077717246768
83.94496358595804,72.8567720838488,58.34966616058787,69.79077717246768
81.9270038484296,73.86575195261301,58.34966616058787,69.79077717246768
80.41353404528328,75.37922175575932,58.34966616058787,69.79077717246768
78.39557430775486,76.89269155890565,58.34966616058787,69.79077717246768
79.40455417651907,79.4151412308162,58.34966616058787,69.79077717246768
77.38659443899064,81.93759090272675,58.34966616058787,69.79077717246768
76.24594726929273,84.20363656089657,59.621980631219486,71.31256506871334
75.21496659449011,89.35853993490969,59.621980631219486,71.31256506871334
80.36986996850321,89.35853993490969,59.621980631219486,71.31256506871334
77.14238963766478,93.73595806826114,60.92203791888323,72.86753555003664
79.24931205449816,97.94980290192791,60.92203791888323,72.86753555003664
81.88296507553989,85.83499900513596,60.92203791888323,72.86753555003664
83.98988749237327,87.94192142196934,60.92203791888323,72.86753555003664
84.37914618237934,88.72767492826009,62.25044295570448,74.45641216270518
83.70046072805476,89.53056178975552,63.607813864353616,76.07993422991296
84.10688006569997,90.35095559926587,64.99478224566585,77.73885719579621
86.91659737753977,91.4748425240018,64.99478224566585,77.73885719579621
87.33187868884232,91.75118155816057,66.41199347253259,79.43395297695055
88.48027196797213,92.89957483729034,66.41199347253259,79.43395297695055
88.48027196797213,93.47377147685523,66.41199347253259,79.43395297695055
89.05446860753702,93.47377147685523,66.41199347253259,79.43395297695055
93.64804172405616,93.47377147685523,66.41199347253259,79.43395297695055
96.609710521833,94.26902278294449,65.08222899349808,77.84345036477202
98.29780909693068,92.5809242078468,65.08222899349808,77.84345036477202
101.11130672209347,94.26902278294449,65.08222899349808,77.84345036477202
103.3621048222237,97.08252040810729,65.08222899349808,77.84345036477202
102.32557557825697,97.29914890658429,63.77909033123616,76.28479431775287
97.44977239750865,97.51143986198574,62.502044358166735,74.75734717349337
102.31329414469347,95.89026594625747,62.502044358166735,74.75734717349337
107.17681589187829,89.40557028334439,62.502044358166735,74.75734717349337
105.55564197615003,85.08243984140233,62.502044358166735,74.75734717349337
105.01525067090726,80.75930939946028,62.502044358166735,74.75734717349337
103.93446806042176,79.67852678897476,62.502044358166735,74.75734717349337
102.85368544993626,77.51696156800374,62.502044358166735,74.75734717349337
100.69212022896524,76.43617895751822,62.502044358166735,74.75734717349337
99.07094631323697,74.2746137365472,62.502044358166735,74.75734717349337
96.90938109226595,72.65343982081893,62.502044358166735,74.75734717349337
94.20742456605217,71.03226590509067,62.502044358166735,74.75734717349337
92.5862506503239,69.95148329460515,62.502044358166735,74.75734717349337
90.42468542935288,69.4110919893624,62.502044358166735,74.75734717349337
87.7227289031391,68.87070068411965,62.502044358166735,74.75734717349337
85.56116368216807,67.24952676839139,62.502044358166735,74.75734717349337
83.39959846119704,65.62835285266313,62.502044358166735,74.75734717349337
83.39959846119704,62.92639632644935,62.502044358166735,74.75734717349337
82.8592071559543,61.845613715963836,62.502044358166735,74.75734717349337
82.8592071559543,59.14365718975006,62.502044358166735,74.75734717349337
82.8592071559543,56.98209196877903,62.502044358166735,74.75734717349337
83.93998976643981,54.28013544256525,62.502044358166735,74.75734717349337
84.48038107168256,52.65896152683699,62.502044358166735,74.75734717349337
85.56116368216807,51.578178916351476,62.502044358166735,74.75734717349337
87.7227289031391,52.118570221594226,62.502044358166735,74.75734717349337
89.34390281886736,52.658961526836976,62.502044358166735,74.75734717349337
91.50546803983839,52.658961526836976,62.502044358166735,74.75734717349337
94.74781587129493,53.199352832079725,62.502044358166735,74.75734717349337
96.99472765535644,53.947784400086164,61.25056862150023,73.2604840374805
98.58344087573809,53.947784400086164,61.25056862150023,73.2604840374805
100.17215409611975,53.418213326625605,61.25056862150023,73.2604840374805
101.76086731650142,52.888642253165045,61.25056862150023,73.2604840374805
102.82000946342254,52.888642253165045,61.25056862150023,73.2604840374805
105.46786483072532,52.888642253165045,61.25056862150023,73.2604840374805
107.58614912456753,52.359071179704486,61.25056862150023,73.2604840374805
111.2931466387914,52.359071179704486,61.25056862150023,73.2604840374805
113.94100200609418,51.82950010624393,61.25056862150023,73.2604840374805
111.82271771225197,51.29992903278337,61.25056862150023,73.2604840374805
115.52971522647584,52.88864225316503,61.25056862150023,73.2604840374805
118.70714166723917,53.41821332662559,61.25056862150023,73.2604840374805
115.52971522647584,53.41821332662559,61.25056862150023,73.2604840374805
119.76628381416029,53.94778440008615,61.25056862150023,73.2604840374805
117.11842844685751,55.006926547007254,61.25056862150023,73.2604840374805
120.29585488762083,55.53649762046781,61.25056862150023,73.2604840374805
122.94371025492362,55.006926547007254,61.25056862150023,73.2604840374805
119.76628381416029,55.006926547007254,61.25056862150023,73.2604840374805
121.8845681080025,55.006926547007254,61.25056862150023,73.2604840374805
123.47328132838416,54.477355473546694,61.25056862150023,73.2604840374805
123.0273479274648,52.56294586126563,60.02415112949673,71.79359252743708
125.62218540102648,53.081913355977974,60.02415112949673,71.79359252743708
128.7359903693005,53.60088085069032,60.02415112949673,71.79359252743708
124.06528291688946,53.60088085069032,60.02415112949673,71.79359252743708
124.5842504116018,53.081913355977974,60.02415112949673,71.79359252743708
126.14115289573883,53.081913355977974,60.02415112949673,71.79359252743708
124.06528291688949,53.60088085069032,60.02415112949673,71.79359252743708
126.14115289573883,53.60088085069032,60.02415112949673,71.79359252743708
124.5842504116018,53.60088085069032,60.02415112949673,71.79359252743708
126.74208338948478,52.76273836887689,58.82229014200483,70.35607252278992
128.34813393981744,54.484259132622334,57.64449396519453,68.94733591915407
129.9220266092961,56.17130996041417,56.49028075040016,67.56680638773337
130.4104403381864,60.56703352042678,56.49028075040016,67.56680638773337
129.9220266092961,65.45117080932968,56.49028075040016,67.56680638773337
128.9451991515155,69.358480640452,56.49028075040016,67.56680638773337
129.99916410711035,71.01175172233015,55.35917829699109,66.2139191395382
128.08462713960594,74.84082565733894,55.35917829699109,66.2139191395382
124.60926824696642,78.90527082268112,56.566285179756974,67.65771364637584
118.12370398455161,82.08019949181318,57.79971302810158,69.13299009243507
114.12582357130637,85.07860980174709,57.79971302810158,69.13299009243507
104.13112253819324,94.57357578320455,57.79971302810158,69.13299009243507
103.13165243488191,96.07278093817152,57.79971302810158,69.13299009243507
102.63191738322627,98.57145619644979,57.79971302810158,69.13299009243507
101.63244727991494,101.07013145472806,57.79971302810158,69.13299009243507
100.63297717660362,103.56880671300632,57.79971302810158,69.13299009243507
100.13324212494797,104.06854176466197,57.79971302810158,69.13299009243507
99.13377202163664,104.56827681631762,57.79971302810158,69.13299009243507
98.634036969981,105.56774691962895,57.79971302810158,69.13299009243507
97.00440549538081,104.81402449514619,59.060035770679335,70.64043494140061
96.063788445646,105.52123968518164,57.87747922340692,69.22600456132969
95.06297361269532,103.51961001928028,57.87747922340692,69.22600456132969
94.56256619621996,100.01675810395288,57.87747922340692,69.22600456132969
95.06297361269532,96.51390618862548,57.87747922340692,69.22600456132969
95.6424127469774,91.20207184172938,56.71860095484274,67.83989525971371
94.66163718623287,89.73090850061257,56.71860095484274,67.83989525971371
94.66163718623287,86.29819403800667,56.71860095484274,67.83989525971371
95.15202496660514,82.8654795754008,56.71860095484274,67.83989525971371
95.15202496660514,82.37509179502851,56.71860095484274,67.83989525971371
95.71986201610943,81.09271832098574,55.58292685583416,66.4815399648211
113.98147516250668,73.40361804881849,55.58292685583416,66.4815399648211
118.86306133837003,63.49668367731252,54.46999231029562,65.15038295937305
119.87933285028255,59.91041809643747,53.379342005129416,63.84587965319387
120.34084947098462,60.371934717139524,53.379342005129416,63.84587965319387
118.1061558773608,58.24202663931737,52.31052974395233,62.567496360413436
119.01070726400937,57.78975094599309,52.31052974395233,62.567496360413436
117.20160449071227,59.14657802596592,52.31052974395233,62.567496360413436
114.03567463744236,56.88519955934454,52.31052974395233,62.567496360413436
112.10853200693609,56.20305743027513,53.45116084501921,63.93178061855225
108.41143148839839,54.816644735823495,53.45116084501922,63.93178061855225
105.98012994801672,53.19535336799531,54.61666340724486,65.32581309493978
101.25798520383623,52.72313889357726,54.61666340724486,65.32581309493978
97.95248388290987,51.306495470323114,54.61666340724486,65.32581309493978
95.11919703640157,51.306495470323114,54.61666340724486,65.32581309493978
92.28591018989327,50.83428099590506,54.61666340724486,65.32581309493978
89.45262334338497,49.889852047068956,54.61666340724486,65.32581309493978
86.61933649687667,49.417637572650904,54.61666340724486,65.32581309493978
84.25826412478642,48.94542309823285,54.61666340724486,65.32581309493978
82.36940622711423,50.362066521486994,54.61666340724486,65.32581309493978
79.53611938060592,50.362066521486994,54.61666340724486,65.32581309493978
77.17504700851568,50.362066521486994,54.61666340724486,65.32581309493978
74.34176016200738,50.83428099590505,54.61666340724486,65.32581309493978
70.166408964932,51.48828896401118,53.52307631303459,64.0177971587275
69.70364962055498,53.33932634151925,53.52307631303459,64.0177971587275
69.70364962055498,53.33932634151925,53.52307631303459,64.0177971587275
68.31537158742395,53.802085685896266,53.52307631303459,64.0177971587275
67.85261224304693,53.802085685896266,53.52307631303459,64.0177971587275
66.46433420991588,53.802085685896266,53.52307631303459,64.0177971587275
66.00157486553886,53.802085685896266,53.52307631303459,64.0177971587275
65.07605617678482,54.264845030273285,53.52307631303459,64.0177971587275
66.00157486553886,55.190363719027324,53.52307631303459,64.0177971587275
68.31537158742395,55.190363719027324,53.52307631303459,64.0177971587275
71.55468699806306,55.190363719027324,53.52307631303459,64.0177971587275
75.71952109745621,55.653123063404344,53.52307631303459,64.0177971587275
79.42159585247234,56.11588240778136,53.52307631303459,64.0177971587275
80.80987388560337,58.42967912966645,53.52307631303459,64.0177971587275
83.65951573099889,58.60783258007641,52.45138606601373,62.735971569153534
87.74095753696939,61.782287318053456,52.45138606601373,62.735971569153534
92.72938641093333,61.328793784056735,52.45138606601373,62.735971569153534
97.26432175090055,64.04975498803705,52.45138606601373,62.735971569153534
102.25275062486449,64.04975498803705,52.45138606601373,62.735971569153534
105.88069889683827,64.95674205603049,52.45138606601373,62.735971569153534
109.50864716881203,66.31722265802065,52.45138606601373,62.735971569153534
114.04358250877924,67.67770326001082,52.45138606601373,62.735971569153534
116.76454371275956,67.67770326001082,52.45138606601373,62.735971569153534
117.671530780753,68.13119679400754,52.45138606601373,62.735971569153534
120.39249198473333,67.67770326001082,52.45138606601373,62.735971569153534
127.53003082609288,66.0867372619847,53.595088539183166,64.10392942921892
129.72600213632757,66.77799005289918,54.763729444780054,65.50171561042305
133.39031461344493,65.59037159430221,55.957852565323485,66.92998051930832
135.80936644581956,67.04180269372699,55.957852565323485,66.92998051930832
138.30482874513842,65.77662928348548,54.83741089848521,65.58984440799195
142.09781316424008,64.82838317871006,54.83741089848521,65.58984440799195
144.54330892964097,65.48503449060917,53.739403786785054,64.27654178419372
146.86645746450276,70.13133156033274,53.739403786785054,64.27654178419372
151.58613570859964,69.8455753574093,52.663382024093735,62.989535362151166
156.13940017262505,73.94351337503215,52.663382024093735,62.989535362151166
158.87135885104027,76.6754720534474,52.663382024093735,62.989535362151166
160.69266463665042,78.9521042854601,52.663382024093735,62.989535362151166
162.96929686866312,81.2287365174728,52.663382024093735,62.989535362151166
165.70125554707835,84.41602164229057,52.663382024093735,62.989535362151166
168.76970459578095,89.19319558983518,53.8117070691291,64.36302218072288
167.37394007708193,89.65845042940153,53.8117070691291,64.36302218072288
165.9781755583829,94.31099882506498,53.8117070691291,64.36302218072288
165.04766587925022,98.03303754159576,53.8117070691291,64.36302218072288
164.9262385824954,99.65759389010216,54.98507134177146,65.76645787937355
165.40163830383847,102.5099922181607,54.98507134177146,65.76645787937355
164.45083886115228,105.36239054621925,54.98507134177146,65.76645787937355
163.5000394184661,104.88699082487616,54.98507134177146,65.76645787937355
163.0997218309715,109.34860806947752,53.88410763138823,64.4496189316603
165.50270466469618,119.31146030343274,52.805188469861676,63.15914699336383
165.50270466469618,123.42043281984624,52.805188469861676,63.15914699336383
165.38354859922723,127.75391773981204,53.95660560444701,64.53633219355412
167.7897645083873,136.33065153205231,52.87623481913484,63.24412399935719
168.5847816592775,139.29846660616482,54.029201119366064,64.62316212316318
172.3218639661288,147.70690179658027,54.029201119366064,64.62316212316318
169.98618752434672,165.45804275412402,54.029201119366064,64.62316212316318
165.1929165639351,166.62202988250192,55.20730784977384,66.03227017325875
168.60955037504502,167.7604317037217,54.10189430738236,64.71010887745717
170.48060554331022,167.7604317037217,54.10189430738236,64.71010887745717
168.14178658297874,165.8893765354565,54.10189430738236,64.71010887745717
170.01284175124394,165.4216127433902,54.10189430738236,64.71010887745717
168.14178658297874,165.4216127433902,54.10189430738236,64.71010887745717
168.60955037504505,165.8893765354565,54.10189430738236,64.71010887745717
169.54507795917763,165.8893765354565,54.10189430738236,64.71010887745717
170.94836933537653,165.4216127433902,54.10189430738236,64.71010887745717
172.35166071157542,165.8893765354565,54.10189430738236,64.71010887745717
172.35166071157542,167.2926679116554,54.10189430738236,64.71010887745717
167.08417688822618,166.5871659496189,55.28158611275483,66.12111280153013
165.52554263252728,163.95442699109105,56.48700109794345,67.5628836661675
163.44453698379579,162.24105190574653,57.718700156884104,69.03609234450828
162.5252826564381,164.42930910293566,56.563001114716194,67.65378564701332
163.01432512400396,164.91835157050153,56.563001114716194,67.65378564701332
163.01432512400396,164.91835157050153,56.563001114716194,67.65378564701332
162.5252826564381,163.9402666353698,56.563001114716194,67.65378564701332
162.5252826564381,162.96218170023806,56.563001114716194,67.65378564701332
161.0581552537405,162.4731392326722,56.563001114716194,67.65378564701332
148.34305109702802,158.5607994921453,56.563001114716194,67.65378564701332
145.77020310711137,159.7793739643922,57.796357354022575,69.12897644304645
144.7707910299691,156.28143169439423,57.796357354022575,69.12897644304645
145.77020310711137,158.77996188724993,57.796357354022575,69.12897644304645
145.27049706854024,156.78113773296536,57.796357354022575,69.12897644304645
178.62038290532539,138.53774771730522,59.05660692612704,70.63633377438708
183.7264041927472,137.51654345982087,59.05660692612704,70.63633377438708
182.70519993526284,138.53774771730522,59.05660692612704,70.63633377438708
182.06133527825074,138.27823721707216,60.344336240151236,72.1765590323376
181.53959947009133,138.79997302523157,60.344336240151236,72.1765590323376
181.53959947009133,139.84344464155038,60.344336240151236,72.1765590323376
181.53959947009133,140.8869162578692,60.344336240151236,72.1765590323376
181.53959947009133,141.930387874188,60.344336240151236,72.1765590323376
180.05679225752556,139.00083128029536,59.13606420000753,70.7313709058912
178.5229249137551,140.02340950947567,59.13606420000753,70.7313709058912
176.8556157446342,140.2748389673545,60.42552607988869,72.27366844849415
176.19682644654822,140.0093130708286,61.74310467606067,73.84959578901356
184.06494471805837,157.35437185200078,63.08941307352217,75.459886225193
184.15109333333191,160.29171560367655,61.82617647841827,73.94895618006873
166.06089294195206,164.7738883473009,60.58823361513828,72.46827942202796
162.2572624878646,167.12687016800066,61.909360049116366,74.04845025482528
163.18809659903079,163.64322209059463,63.25929364498735,75.66307671263175
163.59228908201607,164.4591207946598,64.63866254291631,77.31291010035069
164.00529498209283,161.3807589553889,66.0481085796646,78.99871810508884
167.85360946837403,159.94842493248927,67.48828758724417,80.7212851533703
174.11984547156578,157.31785435645173,68.95986969808403,82.48141277613954
174.56046153528655,155.22614971055577,70.46353965685076,84.27991998172325
176.22913767037574,154.30728788295505,71.99999713906838,86.11764363692473
176.0666680983229,152.1233694796917,73.56995707668577,87.99543885642787
175.9006558772515,149.89183073564521,75.1741499907429,89.91417940069229
176.38097781242178,148.26158734200698,76.81332233129105,91.87475808252438
177.53589946823024,145.93167019032867,78.48823682472485,93.87808718251382
180.07321934040692,144.22955676998964,80.19967282868798,95.92509887352854
183.35927008539727,141.79692415351929,81.94842669471753,98.01674565446584
185.29992456570744,137.89419938167214,83.73531213879585,100.15400079346146
185.11097399807588,134.63034936913652,85.56116061998229,102.3378587807629
182.69862360661537,136.47365053938154,87.426821727301,104.56933579147744
183.25723345059785,132.31002182018617,89.3331635750648,106.84947015841061
183.05565120847456,126.51086002926104,91.28107320681909,109.17932285521476
184.42810178101084,126.10974661955659,93.27145700809378,111.55997799007272
181.79836377611264,122.47419504221865,95.30524112815526,113.99254331014626
182.62237080146028,127.41823719430452,95.30524112815526,113.99254331014626
179.11128433401765,120.40738431343215,97.38337191095468,116.478150717024
181.6372078296237,123.77528230757355,97.38337191095468,116.478150717024
183.3211568266944,125.45923130464425,97.38337191095468,116.478150717024
179.73351111882917,121.66340477084586,99.50681633547305,119.0179567934087
179.73351111882917,120.80307101836993,99.50681633547305,119.0179567934087
178.87317736635325,121.66340477084586,99.50681633547305,119.0179567934087
178.01284361387732,121.66340477084586,99.50681633547305,119.0179567934087
178.01284361387732,123.38407227579768,99.50681633547305,119.0179567934087
176.0676367963039,116.92447648700208,101.67656246566804,121.61314334128897
175.18854346635524,116.04538315705342,101.67656246566804,121.61314334128897
175.18854346635524,116.04538315705342,101.67656246566804,121.61314334128897
175.18854346635524,116.04538315705342,101.67656246566804,121.61314334128897
176.0676367963039,115.16628982710476,101.67656246566804,121.61314334128897
174.3094501364066,116.04538315705342,101.67656246566804,121.61314334128897
172.55126347650932,117.80356981695071,101.67656246566804,121.61314334128897
173.43035680645798,119.561756476848,101.67656246566804,121.61314334128897
175.18854346635527,121.3199431367453,101.67656246566804,121.61314334128897
176.94673012625256,119.561756476848,101.67656246566804,121.61314334128897
175.32738284740932,125.17475048681017,99.64069704366263,119.17808862085113
181.49388122853497,127.22939063138628,97.6455956671364,116.79179089598642
185.8484247199496,125.0216824081116,95.69044211936605,114.45327390747681
184.1937497906044,128.33103226680203,95.69044211936605,114.45327390747681
182.66974019291933,123.68551649598199,93.77443652670051,112.16158094370039
182.79778921828304,130.48382179948766,91.89679503132429,109.9157744492308
188.48503804938042,137.1460049293084,90.05674947057312,107.71493564127351
186.1491520047523,128.58108943233867,90.05674947057312,107.71493564127351
165.90480628464206,121.57343129845434,90.05674947057312,107.71493564127351
80.3786238373533,18.315573725477805,88.2535470626706,105.55816413378227
89.65559288293582,27.00274933838709,86.48645009875736,103.44457756910171
90.52145011177117,25.04734268865201,84.75473564108665,101.37331125698577
93.56833307732161,27.527814579148753,83.05769522726305,99.34351782084383
95.117978412752,27.08616004003474,81.39463458040312,97.35436685107018
95.22912281429566,26.653348730696095,79.76487332509946,95.40504456531482
98.78626850641035,27.608494275575204,78.16774470907211,93.4947534755566
99.56884319574979,27.86867837540609,76.60259533039321,91.62271206184263
104.9718789445433,28.78595718004727,75.06878487017354,89.78815445256028
104.42534232792993,28.386783214372343,73.56568583060132,87.99033011111118
107.70603283154591,29.903743812355643,72.09268327822643,86.22850352885885
109.05109893354984,30.7670186146728,70.64917459238463,84.50195392422454
111.59089526430947,31.002176888248805,69.23456921865925,82.8099749478079
111.68543509241496,31.232626597862158,67.84828842727921,81.15187439341217
115.29777083915067,31.45846202288587,66.48976507635467,79.52697391485538
115.38856263625482,32.25464460608762,65.15844337985338,77.93460874845186
118.76871347393131,33.38136155197979,65.15844337985338,77.93460874845186
118.85768735080053,33.59824373273436,63.8537786802228,76.37412744105058
120.51392246246913,34.15032210329055,63.8537786802228,76.37412744105058
123.36150667202277,35.467018402612624,62.57523722556508,74.8448915835188
124.98457905953164,38.172139048460735,62.57523722556508,74.8448915835188
124.98457905953164,39.795211435969605,62.57523722556508,74.8448915835188
126.60765144704051,40.87725969430885,62.57523722556508,74.8448915835188
126.60765144704051,41.418283823478475,62.57523722556508,74.8448915835188
128.3161703425255,38.38042293626937,61.32229595127358,73.34627554956231
126.7255966633818,38.91061416265062,61.32229595127358,73.34627554956231
125.21875860047277,39.114727591162946,60.094442266041696,71.87766623977515
123.66003290945918,41.19302851251439,60.094442266041696,71.87766623977515
123.22251666072609,41.912630216994785,58.89117384215644,70.43846283081436
121.18582946902575,42.930973812844954,58.89117384215644,70.43846283081436
119.6583140752505,43.94931740869512,58.89117384215644,70.43846283081436
119.73872999340816,44.654510559303894,57.71199840999095,69.02807652959682
118.24179997443665,45.6524639052849,57.71199840999095,69.02807652959682
116.74486995546513,46.151440578275405,57.71199840999095,69.02807652959682
114.74896326350313,46.151440578275405,57.71199840999095,69.02807652959682
112.75305657154112,46.650417251265914,57.71199840999095,69.02807652959682
109.83800228729716,47.34149034985538,56.556433556611836,67.64593033241789
107.88205954888726,48.80844740366281,56.556433556611836,67.64593033241789
104.4591597566699,51.74236151127768,56.556433556611836,67.64593033241789
100.54727427985007,53.698304249687595,56.556433556611836,67.64593033241789
96.63538880303024,56.63221835730246,56.556433556611836,67.64593033241789
94.67944606462032,58.58816109571238,56.556433556611836,67.64593033241789
92.7235033262104,60.055118149519814,56.556433556611836,67.64593033241789
89.78958921859554,62.50004657253221,56.556433556611836,67.64593033241789
87.83364648018562,63.478017941737164,56.556433556611836,67.64593033241789
85.8777037417757,64.45598931094212,56.556433556611836,67.64593033241789
84.41074668796827,66.41193204935203,56.556433556611836,67.64593033241789
82.94378963416084,68.36787478776195,56.556433556611836,67.64593033241789
80.00987552654597,71.7907745799793,56.556433556611836,67.64593033241789
79.52088984194349,74.2357030029917,56.556433556611836,67.64593033241789
80.49886121114844,75.70266005679913,56.556433556611836,67.64593033241789
78.05393278813604,79.12555984901648,56.556433556611836,67.64593033241789
78.9042833250925,79.85500714737474,57.78964659031376,69.12094984331625
77.27493566823114,82.0993040964394,59.04974983421555,70.62813215464976
77.78547851070698,83.63093262386694,59.04974983421555,70.62813215464976
77.78547851070698,85.67310399377033,59.04974983421555,70.62813215464976
78.8065641956587,86.18364683624617,59.04974983421555,70.62813215464976
80.84873556556207,85.16256115129447,59.04974983421555,70.62813215464976
81.86982125051378,85.16256115129447,59.04974983421555,70.62813215464976
83.40144977794131,85.16256115129447,59.04974983421555,70.62813215464976
85.44362114784471,85.16256115129447,59.04974983421555,70.62813215464976
87.48579251774808,85.67310399377031,59.04974983421555,70.62813215464976
86.97524967527224,86.18364683624615,59.04974983421555,70.62813215464976
88.5068782026998,85.16256115129445,59.04974983421555,70.62813215464976
89.52796388765148,84.14147546634275,59.04974983421555,70.62813215464976
91.05959241507904,83.63093262386691,59.04974983421555,70.62813215464976
92.59122094250657,83.63093262386691,59.04974983421555,70.62813215464976
91.14022486880846,84.84856748729415,57.86739924180501,69.21394811274698
92.64118566433466,83.84792695694334,57.86739924180501,69.21394811274698
94.14214645986085,82.84728642659253,57.86739924180501,69.21394811274698
95.64310725538705,81.34632563106634,57.86739924180501,69.21394811274698
96.22244547415085,80.53829878347331,56.70872280427741,67.82808021688064
97.20305022234893,78.57708928707711,56.70872280427741,67.82808021688064
97.20305022234893,76.61587979068092,56.70872280427741,67.82808021688064
97.20305022234893,75.14497266838379,56.70872280427741,67.82808021688064
97.69335259644798,72.69346079788855,56.70872280427741,67.82808021688064
97.69335259644798,71.22255367559141,56.70872280427741,67.82808021688064
97.69335259644798,68.28073943099713,56.70872280427741,67.82808021688064
98.67395734464607,66.8098323087,56.70872280427741,67.82808021688064
100.1448644669432,66.31952993460095,56.70872280427741,67.82808021688064
104.55758583383464,66.31952993460095,56.70872280427741,67.82808021688064
106.02849295613179,66.31952993460095,56.70872280427741,67.82808021688064
107.98970245252796,66.8098323087,56.70872280427741,67.82808021688064
109.95091194892414,68.77104180509619,56.70872280427741,67.82808021688064
111.91212144532032,69.75164655329428,56.70872280427741,67.82808021688064
113.38302856761747,70.73225130149237,56.70872280427741,67.82808021688064
115.34423806401365,71.22255367559141,56.70872280427741,67.82808021688064
116.32484281221174,71.71285604969046,56.70872280427741,67.82808021688064
116.8151451863108,72.2031584237895,56.70872280427741,67.82808021688064
117.30544756040986,72.2031584237895,56.70872280427741,67.82808021688064
117.79574993450892,72.2031584237895,56.70872280427741,67.82808021688064
118.28605230860798,72.2031584237895,56.70872280427741,67.82808021688064
118.77635468270704,72.2031584237895,56.70872280427741,67.82808021688064
119.2666570568061,72.2031584237895,56.70872280427741,67.82808021688064
120.73756417910325,73.67406554608664,56.70872280427741,67.82808021688064
123.67937842369751,76.61587979068092,56.70872280427741,67.82808021688064
127.6017974164899,78.57708928707711,56.70872280427741,67.82808021688064
131.88655430710673,79.30850076480971,57.94525650502467,69.30707150600972
134.76176006962464,81.55884092191309,59.20875282311674,70.81831220019826
137.32134796378438,83.60651123724088,59.20875282311674,70.81831220019826
144.86650579744153,85.39400248263797,60.4997996784248,72.36250549772359
146.95882556399505,89.05556207410663,60.4997996784248,72.36250549772359
152.57618579766157,89.83586968283285,61.81899781041285,73.94036993010145
161.66244269368025,90.90484108236444,61.81899781041285,73.94036993010145
164.33487119250927,93.04278388142768,61.81899781041285,73.94036993010145
169.1452424904015,94.64624098072508,61.81899781041285,73.94036993010145
170.21421388993312,101.06006937791474,61.81899781041285,73.94036993010145
163.26589979297768,109.61184057416762,61.81899781041285,73.94036993010145
160.05898559438285,111.74978337323083,61.81899781041285,73.94036993010145
162.2813422562404,111.42106439166332,60.58119868529251,72.45986509417321
163.85269340324197,113.51619925433207,60.58119868529251,72.45986509417321
163.71599060024275,112.72620557514284,61.90217172262531,74.03985245255166
164.25119541983005,113.26141039473015,61.90217172262531,74.03985245255166
161.97069253386223,112.9893957229535,63.251948577037155,75.65429143527955
163.06444245521902,112.44252076227508,63.251948577037155,75.65429143527955
161.97069253386223,112.44252076227508,63.251948577037155,75.65429143527955
161.8279631251795,112.71144977125877,64.63115731575945,77.30393326002581
159.59276484839546,112.15265020206277,64.63115731575945,77.30393326002581
160.1515644175915,112.71144977125877,64.63115731575945,77.30393326002581
159.1222191467666,110.69137858493663,63.337050442233156,75.75607994071007
159.1222191467666,112.33421083355408,63.337050442233156,75.75607994071007
159.1222191467666,112.88182158309324,63.337050442233156,75.75607994071007
159.1222191467666,113.4294323326324,63.337050442233156,75.75607994071007
160.76505139538406,112.33421083355411,63.337050442233156,75.75607994071007
161.399148909109,110.35458744541171,62.0688554147833,74.23921922160338
158.26402817373585,115.39099949169176,60.826053401634226,72.75273053920938
159.92478834312783,113.48985826263979,59.608135959556506,71.29600575554781
160.00618327330363,114.71900732240789,58.41460482585758,69.8684489093589
160.00618327330363,115.22405871506623,58.41460482585758,69.8684489093589
160.00618327330363,115.72911010772458,58.41460482585758,69.8684489093589
160.51123466596198,115.22405871506623,58.41460482585758,69.8684489093589
160.51123466596198,115.72911010772458,58.41460482585758,69.8684489093589
160.51123466596198,115.72911010772458,58.41460482585758,69.8684489093589
160.51123466596198,115.72911010772458,58.41460482585758,69.8684489093589
160.51123466596198,115.72911010772458,58.41460482585758,69.8684489093589
160.00618327330363,116.23416150038292,58.41460482585758,69.8684489093589
161.60110261428045,114.9134423982843,57.244971714537265,68.46947597228952
161.18433187244548,117.57867816113085,56.098758116524884,67.09851460996099
162.15438913800836,118.0637067939123,56.098758116524884,67.09851460996099
162.6394177707898,117.09364952834943,56.098758116524884,67.09851460996099
160.69930323966403,116.60862089556798,56.098758116524884,67.09851460996099
161.74596337874982,116.310318961075,54.97549510391623,65.75500394782122
161.82103243624226,117.91925761494413,53.87472313813029,64.4383943416851
163.21843146159438,120.71405566564842,53.87472313813029,64.4383943416851
164.15003081182914,118.38505729006151,53.87472313813029,64.4383943416851
163.21843146159438,117.91925761494413,53.87472313813029,64.4383943416851
164.15003081182914,120.24825599053104,53.87472313813029,64.4383943416851
164.15003081182914,118.38505729006151,53.87472313813029,64.4383943416851
163.6842311367118,118.85085696517889,53.87472313813029,64.4383943416851
163.21843146159438,119.78245631541365,53.87472313813029,64.4383943416851
164.15003081182914,119.78245631541365,53.87472313813029,64.4383943416851
163.6842311367118,118.85085696517889,53.87472313813029,64.4383943416851
163.6842311367118,119.78245631541365,53.87472313813029,64.4383943416851
163.5626616428157,119.07991672110343,55.04946147615723,65.84347353030554
163.5626616428157,116.22417809890352,55.04946147615723,65.84347353030554
162.68591882734825,120.21506367252073,53.9472084848922,64.52509250153759
163.61877159102093,119.28221090884804,53.9472084848922,64.52509250153759
163.61877159102093,117.88293176333903,53.9472084848922,64.52509250153759
164.08519797285726,120.68149005435706,53.9472084848922,64.52509250153759
164.5516243546936,118.81578452701171,53.9472084848922,64.52509250153759
162.2194924455119,120.68149005435706,53.9472084848922,64.52509250153759
163.69243652278104,118.99534971633975,52.867025857699296,63.23310935920882
164.1495236693043,121.28078544895604,52.867025857699296,63.23310935920882
165.1358879043616,120.08549377267823,51.80847168063122,61.96699553957838
163.86282765933174,122.49761465257339,50.771112888164595,60.726233062314364
164.74075951720954,122.93658058151229,50.771112888164595,60.726233062314364
164.8100874893388,121.78867623762254,49.7545250860283,59.510314318582715
