282,104,67,84
290.9173228346457,104.59448818897638,67.0,84.0
299.24015748031496,108.75590551181102,67.0,84.0
304.59055118110234,110.53937007874015,67.0,84.0
308.1574803149606,113.51181102362204,67.0,84.0
314.69685039370074,114.10629921259843,67.0,84.0
315.2913385826771,112.91732283464566,67.0,84.0
315.88582677165346,111.13385826771653,67.0,84.0
310.5354330708661,103.40551181102362,67.0,84.0
299.83464566929126,98.05511811023621,67.0,84.0
287.9448818897637,90.92125984251967,67.0,84.0
273.08267716535426,87.94881889763778,67.0,84.0
257.6259842519684,82.003937007874,67.0,84.0
242.763779527559,79.0314960629921,67.0,84.0
227.90157480314957,77.84251968503935,67.0,84.0
213.71013913291827,78.68348387236716,65.65846189164371,82.31807162534436
208.46687613428483,79.26606864999312,65.65846189164371,82.31807162534436
192.73708713838454,81.59640776049685,65.65846189164371,82.31807162534436
195.65001102651422,83.9267468710006,65.65846189164371,82.31807162534436
210.7972152447886,88.58742509200809,65.65846189164371,82.31807162534436
223.6140803525592,96.74361197877121,65.65846189164371,82.31807162534436
235.84836068270386,101.4042901997787,65.65846189164371,82.31807162534436
251.57814967860418,104.31721408790838,65.65846189164371,82.31807162534436
264.97759956400074,107.81272275366402,65.65846189164371,82.31807162534436
274.2989560060157,95.57844242351933,65.65846189164371,82.31807162534436
283.1124811671348,87.66379635683029,64.34378534293178,80.66982042994432
292.32045320210176,84.47498256888528,63.05543250601477,79.05457209709314
298.4748234801891,86.15344719018184,63.05543250601477,79.05457209709314
301.8317527227822,92.86730567536803,63.05543250601477,79.05457209709314
299.5937998943868,110.77092830253123,63.05543250601477,79.05457209709314
291.7609649950029,116.36581037351972,63.05543250601477,79.05457209709314
286.72557113111327,116.36581037351972,63.05543250601477,79.05457209709314
278.8927362317294,114.68734575222318,63.05543250601477,79.05457209709314
268.82194850395007,111.88990471672894,63.05543250601477,79.05457209709314
253.71576691228114,110.77092830253123,63.05543250601477,79.05457209709314
236.93112069931567,106.29502264574045,63.05543250601477,79.05457209709314
223.0157054165792,117.15726351611714,61.7928763023475,77.47166581189836
219.24805867322522,123.41572541534835,60.55560020705578,75.92045399093561
225.15843897313823,74.52076111606797,60.55560020705578,75.92045399093561
242.95852365760274,72.0569933029255,59.343098037620656,74.40030201731545
268.7594157941849,72.0569933029255,59.34309803762065,74.40030201731545
299.29924730279237,72.0569933029255,59.34309803762065,74.40030201731545
328.25943235405805,72.58354212203943,59.34309803762065,74.40030201731545
346.6886410230453,75.21628621760904,59.34309803762065,74.40030201731545
356.1665197670959,76.7959326749508,59.34309803762065,74.40030201731545
358.2727150435516,83.64106732343178,59.34309803762065,74.40030201731545
350.3744827568428,89.95965315279884,59.34309803762065,74.40030201731545
335.631115821653,96.27823898216589,59.34309803762065,74.40030201731545
316.6753583335518,102.59682481153295,59.34309803762065,74.40030201731545
291.9275638351975,108.38886182178608,59.34309803762065,74.40030201731545
264.0204764221596,109.96850827912785,59.34309803762065,74.40030201731545
234.0071937326661,114.1808988320392,59.34309803762065,74.40030201731545
219.26382679747627,113.12780119381135,59.34309803762065,74.40030201731545
223.47621735038763,123.13222875697586,59.34309803762065,74.40030201731545
214.59245075175042,132.3018668809288,58.15487374679391,72.91058798105506
214.14265550564926,133.03180965913216,56.990441219659985,71.45070242464836
211.6142865362731,137.077200010134,56.990441219659985,71.45070242464836
165.66285607220135,101.38401401657634,55.849324074761284,70.02004809373058
179.53821993329493,91.47303983008092,55.849324074761284,70.02004809373058
203.7067581438084,73.8609901386968,57.06711858621145,71.54683524241437
231.94677037252328,52.826784810202476,58.311467106983784,73.10691398487522
257.2991352288268,40.40929998262525,58.311467106983784,73.10691398487522
283.5679449184436,39.612251852905146,59.58294864725157,74.70101024431543
305.1227759682414,39.855178095736704,60.88215484250489,76.32986577269273
315.9268720796743,44.17681654030986,60.88215484250489,76.32986577269273
300.8011375236683,50.65927420716959,60.88215484250489,76.32986577269273
288.9166318010921,66.8654183743189,60.88215484250489,76.32986577269273
292.15786063452197,78.74992409689507,60.88215484250489,76.32986577269273
308.3640048016713,86.31279137489808,60.88215484250489,76.32986577269273
329.3084293313666,83.85999059659636,62.209690228845716,77.9942384958663
354.1477080424376,79.99610279709643,62.209690228845716,77.9942384958663
373.34088986357443,70.86601104153826,63.566172524285705,79.69490286626866
385.6203192502376,60.97281765339754,64.95223291617775,81.43265022326764
382.1624086248964,51.7517226524876,64.95223291617775,81.43265022326764
370.0597214362021,44.835901401805145,64.95223291617775,81.43265022326764
351.0412129968253,47.717493589589495,64.95223291617775,81.43265022326764
318.19106205608364,60.39649921584066,64.95223291617775,81.43265022326764
291.68041392846754,65.5833651538525,64.95223291617775,81.43265022326764
266.32240267596524,69.61759421675059,64.95223291617775,81.43265022326764
247.30389423658846,71.92286796697807,64.95223291617775,81.43265022326764
231.74329642255293,76.53341546743304,64.95223291617775,81.43265022326764
216.1826986085174,79.4150076552174,64.95223291617775,81.43265022326764
201.77473766959562,79.99132609277426,64.95223291617775,81.43265022326764
187.36677673067385,78.26237078010365,64.95223291617775,81.43265022326764
175.84040797953642,73.65182327964868,64.95223291617775,81.43265022326764
164.314039228399,66.73600202896623,64.95223291617775,81.43265022326764
147.02448610169287,59.82018077828377,64.95223291617775,81.43265022326764
131.46388828765734,59.82018077828377,64.95223291617775,81.43265022326764
126.2770223496455,57.514907028056285,64.95223291617775,81.43265022326764
123.39543016186116,56.36227015294254,64.95223291617775,81.43265022326764
132.6165251627711,48.293812027146345,64.95223291617775,81.43265022326764
132.6165251627711,50.59908577737383,64.95223291617775,81.43265022326764
135.94261250630058,53.74549537121275,66.368516354915,83.20828916138599
141.24257805609076,58.45657585991514,66.368516354915,83.20828916138599
146.99673097849708,62.260477976035524,67.81568185403393,85.02264590655001
157.69015880413502,65.54559847795309,69.29440279686114,86.87656470054233
170.60193170746368,71.0792154365225,69.29440279686114,86.87656470054233
177.44413441303,75.02320993292486,67.9069239603271,85.13703899503697
179.25174027470754,78.03588636905405,67.9069239603271,85.13703899503699
179.85427556193338,80.44602751795742,67.9069239603271,85.13703899503699
175.11130668073685,82.50344572109908,66.54722655265499,83.43234373765702
176.8827189282602,84.27485796862246,66.54722655265499,83.43234373765702
180.42554342330695,86.04627021614583,66.54722655265499,83.43234373765702
179.8350726741325,86.63674096532029,66.54722655265499,83.43234373765702
185.73978016587708,87.22721171449474,66.54722655265499,83.43234373765702
206.2711959986672,99.30794706873297,67.99828882763563,85.25158599285663
224.37157491447334,99.30794706873297,67.99828882763563,85.25158599285663
243.6786457579999,99.30794706873297,67.99828882763563,85.25158599285663
270.90663156908244,98.95474955449936,66.63676202516861,83.54459716588303
290.41838296004585,98.95474955449936,66.63676202516861,83.54459716588303
312.29519512567146,97.77221916716823,66.63676202516861,83.54459716588303
333.65660940899755,92.69597216219405,65.30249701510543,81.87178730252023
348.14226731427567,90.95769321356069,65.30249701510543,81.87178730252023
363.786777851976,88.63998794871618,65.30249701510543,81.87178730252023
370.73989364650953,87.48113531629393,65.30249701510543,81.87178730252023
374.21645154377626,87.48113531629393,65.30249701510543,81.87178730252023
371.89874627893175,88.63998794871618,65.30249701510543,81.87178730252023
367.26333574924274,95.01367742703856,65.30249701510543,81.87178730252023
364.94563048439824,99.64908795672754,65.30249701510543,81.87178730252023
363.786777851976,99.64908795672754,65.30249701510543,81.87178730252023
363.786777851976,97.33138269188304,65.30249701510543,81.87178730252023
366.1044831168205,88.63998794871618,65.30249701510543,81.87178730252023
365.5250568006094,79.94859320554932,65.30249701510543,81.87178730252023
351.6188252115424,70.0983458299602,65.30249701510543,81.87178730252023
337.1331673062643,61.986377403004454,65.30249701510543,81.87178730252023
322.64750940098617,61.40695108679333,65.30249701510543,81.87178730252023
301.2087357011746,67.78064056511569,65.30249701510543,81.87178730252023
273.9756988392518,72.41605109480469,65.30249701510543,81.87178730252023
243.84553039627335,72.41605109480469,65.30249701510543,81.87178730252023
223.565609328884,74.73375635964918,65.30249701510543,81.87178730252023
207.92109879118365,78.78974057312705,65.30249701510543,81.87178730252023
214.29478826950603,66.62178793269344,65.30249701510543,81.87178730252023
202.78061016874844,69.75915082937055,63.99494793575339,80.23247203885498
188.09003303062943,72.83369444417252,62.71357985518488,78.62598071396312
175.36296957313039,77.51604149348108,61.45786855239121,77.05165609553524
142.09887113406145,97.69262579258847,61.45786855239121,77.05165609553524
129.0113569940999,98.7832519709186,61.45786855239121,77.05165609553524
120.83166065662395,98.23793888175354,61.45786855239121,77.05165609553524
109.3800857841576,98.23793888175354,61.45786855239121,77.05165609553524
105.0175810708371,95.51137343592822,61.45786855239121,77.05165609553524
107.19883342749735,93.87543416843303,61.45786855239121,77.05165609553524
115.799111531411,91.94475230952133,62.7979573761761,78.73176745669838
131.83056603334649,90.5291755737504,64.16726683676362,80.44851364609168
151.6277071995043,88.51337872078801,65.56643409013924,82.20269348614471
165.45707462194324,85.87185919864253,66.99611018547472,83.99512321761009
195.25603479927662,66.50134961844869,65.6546499627068,82.31329249055776
211.56746152640812,63.58859484574663,65.6546499627068,82.31329249055776
230.65839415956367,82.4979066287423,67.08624960514362,84.10813383331437
250.30175893700113,80.11689271632565,67.08624960514362,84.10813383331437
269.3498702363344,69.99758358855485,67.08624960514362,84.10813383331437
289.58848849187603,58.68776750457571,67.08624960514362,84.10813383331437
311.01761370362595,48.568458376804905,67.08624960514362,84.10813383331437
323.51793674381344,40.234909683346594,67.08624960514362,84.10813383331437
327.6847110905426,36.66338881472161,67.08624960514362,84.10813383331437
322.32742978760507,37.258642292825776,67.08624960514362,84.10813383331437
313.3986276160426,45.59219098628409,67.08624960514362,84.10813383331437
305.0650789225843,49.163711854909074,67.08624960514362,84.10813383331437
305.5241780424725,36.93690684181223,68.54906527778378,85.9421116915498
310.99827486422055,29.63811107948152,68.54906527778378,85.9421116915498
304.7768218582815,29.309360186958628,70.04377764616586,87.81607943698404
279.7748450597271,42.02484638809885,71.57108221774051,89.73090904910748
267.1553860009348,53.71898801280605,70.13801752742111,87.93423092990105
254.08642057729793,63.053963315403806,70.13801752742111,87.93423092990105
239.15046009314153,64.92095837592336,70.13801752742111,87.93423092990105
222.34750454846557,66.16562174960306,70.13801752742111,87.93423092990105
200.42354745981794,64.58458711004997,71.66737699960653,89.85163683532754
178.65744011612372,64.2408812687242,73.23008415508295,91.81085177652186
155.2658114014081,66.83995112591481,73.23008415508295,91.81085177652186
143.5699970440503,68.78925351880778,73.23008415508295,91.81085177652186
146.81883436553858,70.08878844740309,73.23008415508295,91.81085177652186
154.61604393711042,71.3883233759984,73.23008415508295,91.81085177652186
162.26462998047919,71.68689049310018,74.82686614008452,93.81278739950892
179.37509245651688,73.3198391539037,76.45846595626907,95.85837522875521
209.2252539216392,73.3198391539037,76.45846595626907,95.85837522875521
232.96970054162284,69.24936259047794,76.45846595626907,95.85837522875521
250.60843231646783,60.429996703055444,76.45846595626907,95.85837522875521
249.25160679532593,55.00269461848776,76.45846595626907,95.85837522875521
235.6833515839067,53.64586909734583,76.45846595626907,95.85837522875521
217.36620704849076,57.7163456607716,76.45846595626907,95.85837522875521
198.37064975250382,57.03793290020064,76.45846595626907,95.85837522875521
202.52817583734966,50.53507658895358,74.92754139228703,93.93900711868817
219.14889911598894,41.89230048406117,74.92754139228703,93.93900711868815
240.4234249126472,33.91435331031431,74.92754139228703,93.93900711868815
244.49770503213028,42.16793989553404,73.42727046477663,92.05807043345125
246.53585474617068,62.63508998563288,71.95703939729779,90.21479566228375
249.72821370403648,81.15077194125439,71.95703939729779,90.21479566228375
247.17432653774387,97.75103852215642,71.95703939729779,90.21479566228375
255.47445982819488,98.38951031372957,71.95703939729779,90.21479566228375
266.3284802849385,95.83562314743696,71.95703939729779,90.21479566228375
277.8209725332553,88.1739616485591,71.95703939729779,90.21479566228375
288.0365211984258,82.4277155244007,71.95703939729779,90.21479566228375
293.86469187814515,74.39229392236555,70.51624670302958,88.4084287023057
275.7197486232053,71.26385543013453,70.51624670302958,88.4084287023057
259.45186846360406,68.13541693790353,70.51624670302958,88.4084287023057
255.69774227292683,59.3757891596567,70.51624670302958,88.4084287023057
259.45186846360406,46.23634749228646,70.51624670302958,88.4084287023057
245.68673909778758,38.10240741248584,70.51624670302958,88.4084287023057
228.79317123974013,43.73359669850165,70.51624670302958,88.4084287023057
223.16198195372434,55.62166296897947,70.51624670302958,88.4084287023057
220.03354346149334,68.1354169379035,70.51624670302958,88.4084287023057
223.78766965217054,78.77210781148892,70.51624670302958,88.4084287023057
240.05554981177178,73.7666062239193,70.51624670302958,88.4084287023057
247.56380219312618,63.75560304878008,70.51624670302958,88.4084287023057
244.43536370089518,55.62166296897946,70.51624670302958,88.4084287023057
238.80417441487938,47.48772288917883,70.51624670302958,88.4084287023057
223.16198195372434,49.36478598451743,70.51624670302958,88.4084287023057
206.2684140956769,63.75560304878007,70.51624670302958,88.4084287023057
192.50328472986047,79.3977955099351,70.51624670302958,88.4084287023057
201.7454845253199,94.07611507716325,72.05385346238914,90.33617449015948
213.74653376216264,100.76319475931412,73.62498773713654,92.30595477491741
222.23906231592917,110.56226616750628,73.62498773713654,92.30595477491741
252.28954796771848,100.76319475931412,73.62498773713654,92.30595477491741
277.7671336290181,78.55196623407856,73.62498773713654,92.30595477491741
301.93817643589205,58.30055199048144,73.62498773713654,92.30595477491741
321.53631925227637,46.541666300650846,73.62498773713654,92.30595477491741
330.5326942316644,39.65585778380202,75.2303805947448,94.31868611878448
337.87537034917943,45.66350187995069,75.2303805947448,94.31868611878448
318.5174060393671,59.013822093614394,75.2303805947448,94.31868611878448
289.1467015693069,78.37178640342678,75.2303805947448,94.31868611878448
275.7963813556432,84.37943049957546,75.2303805947448,94.31868611878448
261.11102912061307,81.70936645684272,75.2303805947448,94.31868611878448
246.42567688558296,79.70681842479316,75.2303805947448,94.31868611878448
231.82597597176516,71.30586376596321,73.72404593095379,92.43014713731516
248.17973513202782,62.80190900262662,73.72404593095379,92.43014713731516
261.91689282664845,66.07266083467917,73.72404593095379,92.43014713731516
255.3753891625434,77.19321706365778,73.72404593095379,92.43014713731516
248.83388549843835,86.35132219340491,73.72404593095379,92.43014713731516
233.7884270709967,87.00547255981542,73.72404593095379,92.43014713731516
217.43466791073405,87.00547255981542,73.72404593095379,92.43014713731516
200.2771323397091,96.46415874321895,75.33159875247824,94.44558649564432
211.64017229726062,129.21645038557327,75.33159875247824,94.44558649564432
211.64017229726062,132.55852096132372,75.33159875247824,94.44558649564432
210.30334406696045,133.8953491916239,75.33159875247824,94.44558649564432
202.28237468515943,143.25314680372512,75.33159875247824,94.44558649564432
210.30334406696045,131.8901068461736,75.33159875247824,94.44558649564432
257.0923321274666,67.05393767661505,75.33159875247824,94.44558649564432
272.4658567759186,72.40125059781576,75.33159875247824,94.44558649564432
291.84986611527114,80.42221997961684,75.33159875247824,94.44558649564432
303.9670867481201,84.04141639133633,73.8232374018834,92.554506593406
303.9670867481201,89.28166029669976,73.8232374018834,92.554506593406
283.74519087485186,96.75857262389039,72.34507790551235,90.70129170243335
260.7186229450192,107.29534926312951,70.89651553294146,88.88518365323999
237.4433360556936,114.21502914914524,70.89651553294146,88.88518365323999
223.05563160337456,115.73396305501763,69.47695766223826,87.10543945713448
220.58976708180964,115.11749692462641,69.47695766223826,87.10543945713448
220.58976708180964,108.33636949032288,69.47695766223826,87.10543945713448
218.74036869063596,99.70584366484564,69.47695766223826,87.10543945713448
222.43916547298332,92.92471623054212,69.47695766223826,87.10543945713448
237.23435260237287,84.29419040506488,69.47695766223826,87.10543945713448
266.2082607307607,74.4307323188052,69.47695766223826,87.10543945713448
292.09983820719236,61.48494358058936,69.47695766223826,87.10543945713448
302.5797624238433,49.15562097276475,69.47695766223826,87.10543945713448
295.87773592151086,47.561810678639134,68.08582353751365,85.36133100225587
291.0447546761638,51.790669268317814,68.08582353751365,85.36133100225587
291.6488773318322,59.6442637920068,68.08582353751365,85.36133100225587
300.10659451118954,66.28961300435901,68.08582353751365,85.36133100225587
310.3766796575521,68.70610362703255,68.08582353751365,85.36133100225587
323.6673780822565,65.08136769302224,68.08582353751365,85.36133100225587
330.3127272946087,53.60303723532296,68.08582353751365,85.36133100225587
329.1044819832719,37.291725532276615,68.08582353751365,85.36133100225587
329.1044819832719,33.66698959826631,68.08582353751365,85.36133100225587
328.5003593276035,37.89584818794499,68.08582353751365,85.36133100225587
333.3333405729506,46.35356536730235,68.08582353751365,85.36133100225587
335.14570853995576,53.60303723532296,68.08582353751365,85.36133100225587
331.5209726059455,60.24838644767517,68.08582353751365,85.36133100225587
321.85501011525133,62.66487707034871,68.08582353751365,85.36133100225587
321.25088745958294,62.06075441468033,68.08582353751365,85.36133100225587
320.04264214824616,57.83189582500165,68.08582353751365,85.36133100225587
321.25088745958294,48.165933334307525,68.08582353751365,85.36133100225587
327.2921140162668,33.666989598266326,68.08582353751365,85.36133100225587
330.3127272946087,17.355677895219983,68.08582353751365,85.36133100225587
329.1044819832719,1.6484888478420174,68.08582353751365,85.36133100225587
320.04264214824616,1.0,68.08582353751365,85.36133100225587
312.1890476245572,1.0,68.08582353751365,85.36133100225587
303.12720778953144,1.0,68.08582353751365,85.36133100225587
297.0859812328476,6.481470093189081,68.08582353751365,85.36133100225587
292.2529999875005,9.502083371531,68.08582353751365,85.36133100225587
294.0653679545057,19.77216851789352,68.08582353751365,85.36133100225587
292.8571226431689,34.27111225393472,68.08582353751365,85.36133100225587
290.4406320204954,48.770055989975916,68.08582353751365,85.36133100225587
280.17054687413287,77.16382080638992,68.08582353751365,85.36133100225587
271.7128296947755,86.82978329708406,68.08582353751365,85.36133100225587
254.8749124334849,95.5379709440532,66.72254403132862,83.65214475569555
240.66628042211255,96.12999727786038,66.72254403132862,83.65214475569555
227.04967474454736,93.76189194263165,66.72254403132862,83.65214475569555
214.4817055321022,86.33758476255369,68.17742910393174,85.47617977209349
210.24715725599128,72.4240689981892,68.17742910393174,85.47617977209349
183.629996663294,73.02900446620507,68.17742910393174,85.47617977209349
193.30896415154754,62.14016604191982,68.17742910393174,85.47617977209349
201.85568209599745,59.366296163085764,66.81231538344393,83.76469391357145
212.5264937784631,59.366296163085764,66.81231538344393,83.76469391357145
217.26907674844784,63.5160562618224,66.81231538344393,83.76469391357145
213.1193166497112,68.25863923180714,66.81231538344393,83.76469391357145
201.85568209599748,72.40839933054377,66.81231538344393,83.76469391357145
190.45644914506383,76.2377377251358,68.26915792037993,85.59118306435687
189.85069977110817,79.26648459491408,68.26915792037993,85.59118306435687
209.84042911164482,64.72849961997832,68.26915792037993,85.59118306435687
230.4359078261371,47.161767775264295,68.26915792037993,85.59118306435687
238.3883755149153,27.4231833430118,66.90220751775928,83.87739449987725
242.61988840407417,19.952233342639367,65.56262750405429,82.19792104985905
235.0573406434408,23.442640001393222,65.56262750405429,82.19792104985905
200.15327405590222,29.841718875775285,65.56262750405429,82.19792104985905
198.275008623288,42.907182676544615,66.9922205967802,83.99024671835123
176.7399552452017,58.635215566121715,68.452985966893,85.82165404804488
177.20840751069716,66.20287159785947,69.9456033259011,87.6929952145625
184.6559003551285,70.54724242377776,69.9456033259011,87.6929952145625
196.3058064889201,72.69429156196405,71.47076720642238,89.60514097521605
219.76961988545798,104.40214750323142,71.47076720642238,89.60514097521605
270.5835603162491,95.1527135372713,70.03971111924511,87.81098110472516
284.9568685732036,96.65329069789489,68.63730900633865,86.05274561988719
278.94485391711737,102.38693360846214,67.26298713041284,84.32971520827871
267.0084206621023,110.7424368869727,67.26298713041284,84.32971520827871
250.2974141050812,123.87251346748927,67.26298713041284,84.32971520827871
238.36098085006614,139.38987669900888,67.26298713041284,84.32971520827871
235.37687253631236,140.5835200245104,67.26298713041284,84.32971520827871
239.55462417556765,131.63119508324905,67.26298713041284,84.32971520827871
262.23384736009626,105.37104192221592,67.26298713041284,84.32971520827871
280.1384972426189,78.51406709843202,67.26298713041284,84.32971520827871
296.7129907452014,53.124974205592885,68.7296565647915,86.16852464839523
298.54249682252254,29.951230559525612,68.7296565647915,86.16852464839525
280.3256861637561,24.715551293504987,67.35348561768839,84.44317599829583
279.1304368596932,18.739304773190653,67.35348561768839,84.44317599829583
267.77556847109594,27.703674553662154,67.35348561768839,84.44317599829583
261.79932195078163,27.703674553662154,67.35348561768839,84.44317599829583
237.29671121749288,39.65616759429082,67.35348561768839,84.44317599829583
241.4800837817129,46.827663418668024,67.35348561768839,84.44317599829583
236.6990865654614,64.75640297961101,67.35348561768839,84.44317599829583
230.12521539311564,88.66138906086834,67.35348561768839,84.44317599829583
224.14896887280133,107.7853779258742,67.35348561768839,84.44317599829583
236.6990865654614,104.79725466571705,67.35348561768839,84.44317599829583
254.03020147437297,92.24713697305697,67.35348561768839,84.44317599829583
267.77556847109594,86.86851510477408,67.35348561768839,84.44317599829583
274.9470642954731,82.68514254055404,67.35348561768839,84.44317599829583
263.5921959068759,76.7088960202397,67.35348561768839,84.44317599829583
235.96476518851452,63.83576125328962,68.8221283715821,86.28445945093867
195.05082273139297,70.55297568654838,68.8221283715821,86.28445945093867
181.61639386487545,77.88084597737613,68.8221283715821,86.28445945093867
169.40327671349587,90.0939631287557,68.8221283715821,86.28445945093867
165.12868571051303,92.53658655903162,68.8221283715821,86.28445945093867
168.79262085592688,94.97920998930753,68.8221283715821,86.28445945093867
214.05950971151208,129.4291171594249,67.4441058654826,84.55678944329155
206.27993632956697,131.22440332448915,67.4441058654826,84.55678944329155
215.33315364366703,124.88979713705623,66.09367544454885,82.86371249764328
215.91960005288826,121.95756509095008,66.09367544454885,82.86371249764328
208.88224314223353,114.92020818029536,66.09367544454885,82.86371249764328
189.529511637933,100.25904794976466,66.09367544454885,82.86371249764328
177.80058345350847,89.11656617456134,66.09367544454885,82.86371249764328
166.65810167830514,76.80119158091557,66.09367544454885,82.86371249764328
153.75628067543812,60.38069212272118,66.09367544454885,82.86371249764328
