139,90,45,59
139.0,89.59055118110236,45.0,59.0
138.59055118110237,88.77165354330708,45.0,59.0
138.18110236220474,87.95275590551181,45.0,59.0
136.13385826771656,86.72440944881889,45.0,59.0
135.31496062992127,85.49606299212597,45.0,59.0
134.08661417322836,81.4015748031496,45.0,59.0
133.26771653543307,80.17322834645668,45.0,59.0
132.85826771653544,80.17322834645668,45.0,59.0
132.03937007874015,80.99212598425196,45.0,59.0
129.99212598425197,84.6771653543307,45.0,59.0
129.58267716535434,85.08661417322834,45.0,59.0
125.07874015748033,84.6771653543307,45.0,59.0
118.93700787401576,84.26771653543305,45.0,59.0
118.93700787401576,83.44881889763778,45.0,59.0
118.93700787401576,82.22047244094486,45.0,59.0
120.57480314960631,82.22047244094486,45.0,59.0
121.3937007874016,87.13385826771652,45.0,59.0
125.48818897637798,89.99999999999999,45.0,59.0
127.94488188976382,92.04724409448818,45.0,59.0
133.26771653543312,91.2283464566929,45.0,59.0
134.49606299212604,89.59055118110236,45.0,59.0
139.81889763779535,87.95275590551181,45.0,59.0
140.22834645669298,85.49606299212599,45.0,59.0
140.22834645669298,83.03937007874016,45.0,59.0
139.81889763779535,82.62992125984252,45.0,59.0
139.40944881889772,86.31496062992126,45.0,59.0
140.228346456693,86.31496062992126,45.0,59.0
141.0472440944883,89.59055118110236,45.0,59.0
142.2755905511812,89.59055118110236,45.0,59.0
142.2755905511812,90.0,45.0,59.0
143.0944881889765,90.0,45.0,59.0
143.01332450787413,88.94730368110235,45.981225,60.286495
142.09363735191792,83.68788481503414,46.983845611125005,61.601042023475
145.94113337046673,81.977886584568,46.983845611125005,61.601042023475
151.07112806186515,81.55038702695146,46.983845611125005,61.601042023475
153.97888314602213,87.29127503053856,48.00832836467559,62.94425274479687
157.8236842007299,87.47866768592914,49.05514996466734,64.31675217589716
160.41328292817695,92.57995322378551,50.12479750964691,65.7191789570926
162.14719056086227,97.79247229279484,51.21776871934476,67.15218565425201
166.7150467039727,104.05069722493539,52.33457216627008,68.61643906244298
164.7159137801971,104.73116174878994,53.475727512355604,70.11262051619954
152.94182377651816,106.39960040023716,54.64176575076252,71.64142620655528
148.3686685566861,101.64110638228578,55.833229452957895,73.20356750498922
144.71183345860794,93.73074008830571,57.05067302117964,74.79977129443552
144.08983849599454,90.31975439445287,58.29466294640646,76.43078030751067
143.45428093322133,88.95605268122931,59.565778071952856,78.09735347211594
141.72090337209053,91.35648128210354,60.86460986281179,79.80026626457543
137.29051357280275,93.01787745683646,60.86460986281179,79.80026626457543
136.1829161229808,99.66346215576814,60.86460986281179,79.80026626457543
135.07531867315885,100.2172608806791,60.86460986281179,79.80026626457543
133.9677212233369,100.77105960559007,60.86460986281179,79.80026626457543
133.41392249842593,101.32485833050103,60.86460986281179,79.80026626457543
134.02326722664384,102.12377697416451,59.645920406375964,78.20242897724846
135.16312110861065,102.90669890430635,58.4516327163291,76.6365851169648
138.4075252546794,103.14210104513452,57.28125819715595,75.10209408071556
140.02338393563645,102.33040113844342,56.13431803646817,73.59832809225826
144.6714390439175,95.91661092136934,55.01034300911722,72.124671945287
145.22217390586138,89.63124374899982,53.90887328522943,70.68052275174524
149.19544745994872,88.86733197763418,52.829458242084876,69.26528969517793
157.41535618518927,88.59940396270198,51.77165627976287,67.87839378902241
165.89449359163862,87.6572775842076,51.77165627976287,67.87839378902241
179.55532607980703,88.1283407734548,51.77165627976287,67.87839378902241
188.03446348625639,91.89684628743228,51.77165627976287,67.87839378902241
191.80296900023387,93.78109904442104,51.77165627976287,67.87839378902241
187.5634002970092,92.83897266592666,51.77165627976287,67.87839378902241
180.02638926905422,91.4257830981851,51.77165627976287,67.87839378902241
174.37363099808798,89.54153034119636,51.77165627976287,67.87839378902241
169.6629991056161,87.6572775842076,51.77165627976287,67.87839378902241
168.2970571682693,86.92365109110776,50.735034640478915,66.519267639739
173.83663050434262,86.00038886842887,50.735034640478915,66.519267639739
176.9765406798903,83.89026921896831,51.84131207081456,67.96972027062351
181.6000075299824,81.73413841055124,52.971711880518676,69.45180002112446
186.3242890747408,79.53099316985664,54.12676005807339,70.96619652058507
197.15911208549073,77.5610253497203,54.12676005807339,70.96619652058507
201.49391463429848,75.30984052705236,55.306994061139676,72.51361443571643
204.91677606845576,74.51926084566696,56.512963066642826,74.09477379848722
206.87166193084866,73.71144257432894,57.74522822631097,75.71041034116324
212.54708537857465,78.14016882430388,59.004362927785685,77.3612758386523
206.5350643760679,81.05484566945356,60.29095306142605,79.04813845831411
198.74621395418728,83.48449794274029,61.60559729293044,80.77178311739765
186.86374157455717,82.60388357730285,62.94890734190279,82.53301184827251
171.28559111641735,82.84959433838435,64.32150826649297,84.33264417162408
159.46452706811584,83.68591539126523,65.72403875424385,86.17151747778635
146.78769071732762,85.73650042653117,67.15715141928014,88.05048741638949
137.01083157807284,86.34755412273458,67.15715141928014,88.05048741638949
128.4560798312249,86.34755412273458,67.15715141928014,88.05048741638949
126.62291874261464,85.73650042653117,67.15715141928014,88.05048741638949
119.90132808437698,83.9033393379209,67.15715141928014,88.05048741638949
118.06816699576672,82.68123194551407,67.15715141928014,88.05048741638949
108.96365022873296,82.34064010779701,65.81246667483808,86.2874563070099
106.56837585106605,81.14300291896356,65.81246667483808,86.2874563070099
98.1849155292319,79.3465471357134,65.81246667483808,86.2874563070099
95.78964115156501,77.55009135246323,65.81246667483808,86.2874563070099
91.6579724861508,77.81513776482994,64.49470649499892,84.55972629344302
89.89748705951565,77.81513776482994,64.49470649499892,84.55972629344302
79.33457449970481,83.68342252028042,64.49470649499892,84.55972629344302
70.53214736652912,85.44390794691556,64.49470649499892,84.55972629344302
61.72972023335342,87.20439337355069,64.49470649499892,84.55972629344302
54.74663741358345,89.22461819967683,63.203331770367654,82.86659054337092
54.1715589792774,94.97540254273738,63.203331770367654,82.86659054337092
51.7572493517328,94.07194953933829,64.58148041962052,84.67349655016912
48.702677683193485,93.14879674320008,65.98967960017035,86.51980214244556
44.98107004893894,92.20551460034207,67.42858456385206,88.40636642816158
44.24592990573154,90.6281407612566,68.89886485026685,90.33406724812764
45.3754639541235,87.7625696706619,70.40120459832691,92.30380158447306
49.73248194485796,85.47508569292026,71.93630286459343,94.3164859780225
58.766274484133575,84.44680020454487,73.50487394855588,96.37305695477329
60.64013060226108,84.73371445427128,75.10764772500414,98.47447146167211
63.23824032307064,89.12724988937066,76.74536998364786,100.62170731189387
67.98788856605358,90.82340404501758,78.4188027761413,102.81576363982971
78.54927820916282,97.55119624719292,80.12872477067506,105.05766136599621
85.69555765153709,100.05120639605312,81.87593161429963,107.34844367208176
90.91040263974443,100.7961842515113,81.87593161429963,107.34844367208176
98.21250670535966,99.62581784437644,83.66123630314944,109.6891764863515
99.73495090055258,99.62581784437644,83.66123630314944,109.6891764863515
102.01861719334195,98.86459574677998,83.66123630314944,109.6891764863515
102.77983929093841,96.5809294539906,83.66123630314944,109.6891764863515
102.77983929093841,90.49115267321893,83.66123630314944,109.6891764863515
104.37863405042201,81.69341622782807,81.98609097937518,107.49287483962524
105.94541621143864,77.54771756192157,80.34448701812147,105.3405496459815
111.13604401803312,72.02294113861196,78.7357528221342,103.23132036679817
112.64071110829562,68.75800447505247,77.15923024152205,101.16432409444002
113.41318907680635,61.34607407213755,75.61427430450058,99.13871519923408
111.34917738975436,59.970066280769565,75.61427430450058,99.13871519923408
103.85014131703295,54.77055632747371,74.10025295352754,97.15366498351389
99.87239823681668,53.04629605443867,72.6165467867216,95.20836134259054
94.65284536509856,52.678016539955635,71.16254880445854,93.30200843251231
91.4802981457763,53.612107583973504,69.73766416104144,91.43382634447657
89.00580812969008,55.79656221770548,68.34130992134308,89.60305078576094
88.44634929568055,57.31544941882456,66.97291482232114,87.8089327670433
86.61821723753845,57.92482677153859,66.97291482232114,87.8089327670433
85.46058307090263,60.02267871249714,65.63191903930856,86.05073829598234
84.86340725462196,60.61985452877781,65.63191903930856,86.05073829598234
86.654934703464,61.217030345058475,65.63191903930856,86.05073829598234
87.73091015497994,63.26474125218989,67.06302303396068,87.92707464452624
88.22015001626154,64.13670802574197,68.52533225121618,89.84432450715013
87.47305258139266,70.63921130575709,70.01952712095395,91.80338000302854
86.70966468695646,72.82381525299026,71.54630290982635,93.80515270399457
87.88260106767682,73.10308454109811,73.1063700447751,95.85057405870518
96.39814633853422,72.72325847672812,74.70045444360142,97.94059582605524
101.15597055856412,72.04356930243813,74.70045444360142,97.94059582605524
106.59348395288401,69.32481260527818,74.70045444360142,97.94059582605524
116.78882156723381,67.28574508240823,74.70045444360142,97.94059582605524
122.2263349615537,66.60605590811824,74.70045444360142,97.94059582605524
122.2263349615537,66.60605590811824,74.70045444360142,97.94059582605524
122.9060241358437,66.60605590811824,74.70045444360142,97.94059582605524
123.65388612351254,68.94596441830848,73.20473046826373,95.97953550283472
125.6521254853759,76.27284207847416,73.20473046826373,95.97953550283472
127.05109285203032,77.89981891426484,71.7389553095305,94.05774140582892
129.72753455638838,87.327133668541,70.30252930353939,92.17442730908503
132.3503859840123,90.80862818859431,68.89486479347173,90.32882272921856
136.73844036455887,95.82354748064755,68.89486479347173,90.32882272921856
139.2459000105855,98.95787203818081,68.89486479347173,90.32882272921856
144.2608193026387,102.71906150722073,68.89486479347173,90.32882272921856
146.76827894866534,105.85338606475399,68.89486479347173,90.32882272921856
150.5294684177053,105.85338606475399,68.89486479347173,90.32882272921856
151.15633332921192,105.22652115324733,68.89486479347173,90.32882272921856
149.77834215429445,99.85365678289546,70.39711732029338,92.29844270882917
144.654072547078,99.85365678289546,70.39711732029338,92.29844270882917
141.4514040425677,99.21312308199339,70.39711732029338,92.29844270882917
133.76499963174302,106.25899379191603,70.39711732029338,92.29844270882917
131.84339852903685,108.1805948946222,70.39711732029338,92.29844270882917
130.56233112723274,110.74272969823042,70.39711732029338,92.29844270882917
129.28126372542863,113.9453982027407,70.39711732029338,92.29844270882917
129.28126372542863,115.86699930544688,70.39711732029338,92.29844270882917
133.12446593084098,115.86699930544688,70.39711732029338,92.29844270882917
132.48393222993892,112.02379710003453,70.39711732029338,92.29844270882917
132.54817774995925,105.90197025754348,68.98755887844857,90.45035497396597
131.92046942770565,106.52967857979708,68.98755887844857,90.45035497396597
130.66505278319846,107.15738690205067,68.98755887844857,90.45035497396597
120.68467876188657,101.78584545646935,67.60622396444988,88.63927142005659
119.45439927067,101.78584545646935,67.60622396444988,88.63927142005659
119.45439927067,101.78584545646935,67.60622396444988,88.63927142005659
118.22411977945342,103.01612494768592,67.60622396444988,88.63927142005659
113.30300181458708,104.8615441845108,67.60622396444988,88.63927142005659
111.4575825777622,106.70696342133569,67.60622396444988,88.63927142005659
108.4435823564287,108.82465306558915,66.25254745981735,86.86445111398282
102.41535406612162,110.63312155268129,66.25254745981735,86.86445111398282
104.88710850241544,104.87171201118574,64.92597556141394,85.12516795829835
109.61312877075285,107.8254746788966,64.92597556141394,85.12516795829835
115.99430372470063,108.0789026023156,66.34168645853057,86.98132224562904
120.88391933481682,109.55334812550635,65.01332973380306,85.23969898431965
121.35820622170996,109.80711702164574,66.43094538864864,87.09835062067273
123.05172702873341,110.06641934856543,67.87947215284812,88.99753015595651
127.99273497546741,110.6840453419072,67.87947215284812,88.99753015595651
131.76043881283402,114.04554616791452,66.52032441153237,87.21553645067586
157.78658848635746,116.46658334684693,66.52032441153237,87.21553645067586
165.71566681553003,120.97129557635986,65.18839082678171,85.46922352844722
172.24020916949664,118.598734720372,65.18839082678171,85.46922352844722
176.27461445048334,114.1080652268713,66.60982368875969,87.33287994748501
175.06246717775701,101.38051886324479,66.60982368875969,87.33287994748501
164.15314172322002,91.07726704507093,66.60982368875969,87.33287994748501
156.880258086862,86.83475159052875,66.60982368875969,87.33287994748501
154.4559635414093,84.4104570450761,66.60982368875969,87.33287994748501
149.60737445050398,80.77401522689709,66.60982368875969,87.33287994748501
144.15271172323548,75.92542613599173,66.60982368875969,87.33287994748501
141.12234354141964,82.59223613598658,66.60982368875969,87.33287994748501
133.30417544479323,82.25442010626067,65.27609806384379,85.58421746148417
132.76980919173894,83.70518290261734,63.969077569553505,83.87056836897025
131.0820508308036,84.54485128796416,62.688227490210885,82.1912315982766
131.13926109633107,87.07888174311388,61.43302381672691,80.54552011526428
131.19532584318102,89.00320277042445,60.202953032223945,78.93276064224928
130.64754744288783,90.64653797130407,60.202953032223945,78.93276064224928
130.64754744288783,91.19431637159727,60.202953032223945,78.93276064224928
132.29088264376745,91.74209477189046,60.202953032223945,78.93276064224928
135.46896875038604,91.42930874928153,61.515678423091586,80.65388948805352
139.94675041687879,99.26542666564386,61.515678423091586,80.65388948805352
149.4620364581759,102.06404020720184,61.515678423091586,80.65388948805352
160.0967679160962,107.66126729031778,61.515678423091586,80.65388948805352
170.62054739832035,103.9833247186163,62.8570277911071,82.41254754834053
181.94572535412073,97.93747476127353,64.22762528209219,84.20955314763209
195.27104383607085,90.0066000247874,65.62810865136821,86.04574245401622
203.51265057276217,83.09707485684058,67.0591295605113,87.92196986822606
204.0018620302778,81.52834377157768,68.52135388057825,89.83910842120272
200.76094242153528,83.04273844007506,70.01546200194426,91.79805018032705
195.66445384886532,88.77628808432877,70.01546200194426,91.79805018032705
192.47914849094656,88.77628808432877,70.01546200194426,91.79805018032705
190.5679652761953,98.33220415808495,70.01546200194426,91.79805018032705
189.29384313302785,106.61399808867364,70.01546200194426,91.79805018032705
190.63186249155024,107.53303228710432,68.61354542806694,89.95998178346568
193.8160064219311,107.18505425295979,67.23969936924325,88.15871695078573
198.16000395314103,98.27877672671315,65.89336177076176,86.39351876610999
201.81746716148257,90.15038385877271,64.57398183190826,84.66366506850207
204.22659755996244,83.94739482325437,63.28101978062748,82.96844815682283
206.01170473760854,81.3233198105224,62.01394665269673,81.3071745002025
209.45383793875502,78.75178653851827,60.77224407532111,79.67916445431001
208.40338304499136,78.44357617142606,59.555404055061814,78.08375198330337
205.20641559984543,79.225309969404,58.36292877001074,76.52028438734752
202.5512342384801,79.225309969404,58.36292877001074,76.52028438734752
199.9493158067839,79.46035487301069,57.194330366126366,74.988122035588
200.00151225511104,80.21109683856899,56.04913075764759,73.48663810447138
200.00151225511104,79.1911301546153,56.04913075764759,73.48663810447138
197.5027468663218,78.39689002026785,54.926861431503866,72.01521832130517
196.05355808412992,78.61809685691344,53.82706325564166,70.5732607129525
196.05355808412992,78.12833180191897,53.82706325564166,70.5732607129525
198.50238335910223,76.65903663693558,53.82706325564166,70.5732607129525
199.97167852408563,75.18974147195219,53.82706325564166,70.5732607129525
200.36435907692993,72.95102133204583,55.000762369930925,72.11211066279843
202.36613660500444,77.95546515223202,55.000762369930925,72.11211066279843
201.76649079326626,76.66881848371226,56.20005399340727,73.68451523580075
201.15376970460312,74.84275991281686,57.425496170733524,75.29120609051739
201.05019493441768,72.45437743296715,58.677659114736365,76.93293083932113
202.54606159771544,70.01391627314432,59.95712547173319,78.61045339627253
207.89333717721289,69.70240745407808,61.26449059264433,80.32455433257826
207.2254010685266,71.613854924192,62.60036281001693,82.07603123980013
205.51662476085158,74.46181543698367,62.60036281001693,82.07603123980013
203.80784845317658,78.44896015489202,62.60036281001693,82.07603123980013
196.85983486949866,80.97167883965011,63.96536372108935,83.86569910098397
192.78575046101633,82.71771501471397,63.965363721089346,83.86569910098397
184.05556958569707,83.2997270730686,63.965363721089346,83.86569910098397
176.489412827087,87.37381148155092,63.965363721089346,83.86569910098397
169.5052681268316,87.95582353990554,63.965363721089346,83.86569910098397
161.41547511006985,88.21343111832638,62.68458800397424,82.18645982743305
155.71189054977822,87.64307266229721,62.68458800397424,82.18645982743305
150.57866444551576,84.22092192612224,62.68458800397424,82.18645982743305
144.36192837326988,82.76229607103093,61.429457203766106,80.54084388938239
140.44936102030908,81.08548149119059,61.429457203766106,80.54084388938239
132.6802878062902,81.89181441176359,60.19945783340052,78.92817804823639
128.35325399768647,87.06397494674196,58.994086687342396,77.34780254562685
124.11286020028255,92.13257353455305,57.81285063571934,75.79907083349885
119.37857951830237,92.13257353455305,57.81285063571934,75.79907083349885
117.27445477075564,92.13257353455305,57.81285063571934,75.79907083349885
115.69636121009559,91.60654234766636,57.81285063571934,75.79907083349885
114.64429883632222,90.554479973893,57.81285063571934,75.79907083349885
109.91001815434204,90.554479973893,57.81285063571934,75.79907083349885
103.59764391170181,91.60654234766636,57.81285063571934,75.79907083349885
96.65496506500565,90.78014297790413,59.0734598438312,77.45186957302329
85.26089073072328,89.93572396988425,60.36155663572594,79.14070758906306
70.43190988793074,86.09117338101211,60.36155663572594,79.14070758906306
65.9292674278376,86.32678484191439,61.67774037816794,80.86637071804257
