692,439,24,79
690.0511811023622,438.6102362204724,24.0,79.0
685.3740157480315,438.22047244094483,24.0,79.0
684.5944881889764,438.22047244094483,24.0,79.0
681.4763779527559,437.83070866141725,24.0,79.0
678.3582677165355,437.44094488188966,24.0,79.0
674.7009054033535,438.23185167711466,23.519449035812674,77.41818640955005
672.4091480662025,437.467932564731,23.519449035812674,77.41818640955005
668.2075929480923,436.32205389615547,23.519449035812674,77.41818640955005
667.0617142795168,434.7942156713881,23.519449035812674,77.41818640955005
663.6240782737902,434.0302965590044,23.519449035812674,77.41818640955005
661.3323209366392,432.502458334237,23.519449035812674,77.41818640955005
658.6586040432964,432.1204987780452,23.519449035812674,77.41818640955005
657.130765818529,431.3565796656615,23.519449035812674,77.41818640955005
654.839008481378,429.82874144089413,23.519449035812674,77.41818640955005
652.1652915880351,429.82874144089413,23.519449035812674,77.41818640955005
650.2554938070758,429.4467818847023,23.519449035812674,77.41818640955005
646.0539386889656,429.0648223285105,23.519449035812674,77.41818640955005
644.5261004641982,428.6828627723187,23.519449035812674,77.41818640955005
639.9425857898962,429.0648223285105,23.519449035812674,77.41818640955005
636.8869093403614,429.0648223285105,23.519449035812674,77.41818640955005
633.4492733346349,429.0648223285105,23.519449035812674,77.41818640955005
630.3935968851001,428.3009032161268,23.519449035812674,77.41818640955005
627.3379204355654,426.77306499135943,23.519449035812674,77.41818640955005
625.0461630984144,424.86326721040024,23.519449035812674,77.41818640955005
622.3724462050715,424.09934809801655,23.519449035812674,77.41818640955005
618.934810199345,423.33542898563286,23.519449035812674,77.41818640955005
617.7889315307694,422.18955031705735,23.519449035812674,77.41818640955005
615.1152146374266,422.18955031705735,23.519449035812674,77.41818640955005
613.5873764126592,421.80759076086554,23.519449035812674,77.41818640955005
610.1497404069327,421.80759076086554,23.519449035812674,77.41818640955005
608.6219021821653,421.4256312046737,23.519449035812674,77.41818640955005
604.0383875078633,421.0436716484819,23.519449035812674,77.41818640955005
602.5105492830959,420.6617120922901,23.519449035812674,77.41818640955005
597.9270346087939,420.2797525360983,23.519449035812674,77.41818640955005
596.3991963840265,419.5158334237146,23.519449035812674,77.41818640955005
593.7254794906836,417.6060356427554,23.519449035812674,77.41818640955005
592.1976412659162,416.4601569741799,23.519449035812674,77.41818640955005
590.6698030411488,415.6962378617962,23.519449035812674,77.41818640955005
587.6141265916141,415.6962378617962,23.519449035812674,77.41818640955005
585.7043288106548,414.1683996370288,23.519449035812674,77.41818640955005
583.4125714735038,414.55035919322063,23.519449035812674,77.41818640955005
581.1208141363528,413.78644008083694,23.519449035812674,77.41818640955005
579.5929759115854,413.78644008083694,23.519449035812674,77.41818640955005
575.773380349667,414.16839963702876,23.519449035812674,77.41818640955005
573.0996634563242,414.5503591932206,23.519449035812674,77.41818640955005
570.0439870067894,413.40448052464507,23.519449035812674,77.41818640955005
566.224391444871,413.02252096845325,23.519449035812674,77.41818640955005
565.4604723324874,412.25860185606956,23.519449035812674,77.41818640955005
560.7304625584792,411.88779369009285,23.048520122841236,75.8680454043524
559.9818393655129,410.7648589006434,23.048520122841232,75.8680454043524
557.3616581901308,409.64192411119393,23.048520122841232,75.8680454043524
555.490100207715,408.8933009182276,23.048520122841232,75.8680454043524
552.4956074358498,408.51898932174447,23.048520122841232,75.8680454043524
549.7318644258205,408.5299174281546,22.587020599169467,74.3489428055995
548.9982308827373,408.8967341996962,22.587020599169463,74.3489428055995
546.7973302534875,408.5299174281546,22.587020599169463,74.3489428055995
542.2548416927598,408.9074434931034,22.134761660542384,72.8602571326187
541.1764256472904,408.1884994627905,22.134761660542384,72.8602571326187
537.5817054957259,408.54797147794693,22.134761660542384,72.8602571326187
536.365419123809,408.5584663396344,21.69155828312445,71.40137934861801
532.8426758986953,407.85391769461165,21.69155828312445,71.40137934861801
531.7858529311612,406.44482040456614,21.69155828312445,71.40137934861801
530.0244813186043,405.03572311452064,21.69155828312445,71.40137934861801
528.2631097060474,404.68344879200924,21.69155828312445,71.40137934861801
524.7403664809337,403.6266258244751,21.69155828312445,71.40137934861801
523.6835435133996,402.9220771794524,21.69155828312445,71.40137934861801
521.5698975783314,402.9220771794524,21.69155828312445,71.40137934861801
518.7517029982404,402.9220771794524,21.69155828312445,71.40137934861801
517.6948800307063,402.569802856941,21.69155828312445,71.40137934861801
514.1721368055926,402.9220771794524,21.69155828312445,71.40137934861801
510.2971192579675,403.2743515019638,21.69155828312445,71.40137934861801
508.5357476454106,402.9220771794524,21.69155828312445,71.40137934861801
506.069827387831,402.9220771794524,21.69155828312445,71.40137934861801
504.3084557752741,401.8652542119183,21.69155828312445,71.40137934861801
501.8425355176945,399.75160827685005,21.69155828312445,71.40137934861801
500.433438227649,397.9902366642932,21.69155828312445,71.40137934861801
497.61524364755803,397.2856880192705,21.69155828312445,71.40137934861801
495.5015977124898,396.9334136967591,21.69155828312445,71.40137934861801
493.38795177742156,396.5811393742477,21.69155828312445,71.40137934861801
491.6265801648647,396.2288650517363,21.69155828312445,71.40137934861801
490.5697571973306,396.2288650517363,21.69155828312445,71.40137934861801
488.103836939751,396.93341369675903,21.69155828312445,71.40137934861801
487.04701397221686,396.2288650517363,21.69155828312445,71.40137934861801
484.0937096372745,395.88687545274973,21.257229147804402,69.97171261152286
482.36760589249707,395.19643395483877,21.257229147804402,69.97171261152286
479.2606191518977,394.5059924569278,21.257229147804402,69.97171261152286
476.84407390920927,393.81555095901683,21.257229147804402,69.97171261152286
474.77274941547637,393.12510946110586,21.257229147804402,69.97171261152286
473.0466456706989,391.74422646528393,21.257229147804402,69.97171261152286
471.665762674877,391.74422646528393,21.257229147804402,69.97171261152286
468.9039966832331,392.08944721423944,21.257229147804402,69.97171261152286
466.8326721895002,391.3990057163285,21.257229147804402,69.97171261152286
465.10656844472277,391.3990057163285,21.257229147804402,69.97171261152286
464.4161269468118,390.363343469462,21.257229147804402,69.97171261152286
460.96391945725696,390.0181227205065,21.257229147804402,69.97171261152286
460.273477959346,389.67290197155097,21.257229147804402,69.97171261152286
458.2021534656131,389.67290197155097,21.257229147804402,69.97171261152286
455.0951667250137,389.67290197155097,21.257229147804402,69.97171261152286
453.0238422312808,389.67290197155097,21.257229147804402,69.97171261152286
450.6072969885924,389.32768122259546,21.257229147804402,69.97171261152286
448.5359724948595,387.9467982267735,21.257229147804402,69.97171261152286
446.80986875008205,386.5659152309516,21.257229147804402,69.97171261152286
445.4289857542601,385.18503223512965,21.257229147804402,69.97171261152286
442.66721976261624,384.83981148617414,21.257229147804402,69.97171261152286
441.2863367667943,384.83981148617414,21.257229147804402,69.97171261152286
439.42782856395576,384.5046695301682,20.83159656601572,68.57067202980178
438.0745949287618,384.16636112136973,20.83159656601572,68.57067202980178
436.0447444759709,384.16636112136973,20.83159656601572,68.57067202980178
434.01489402318,384.16636112136973,20.83159656601572,68.57067202980178
431.6467351615906,384.5046695301682,20.83159656601572,68.57067202980178
429.4871313794879,384.85285492468006,20.414486407042375,67.19768442318119
428.8240624312276,384.18978597641984,20.414486407042375,67.19768442318119
425.71309688005755,384.1994651956745,20.005728026780154,65.85218808815137
425.3882007063943,382.89988050102147,20.005728026780154,65.85218808815137
423.11392749075145,382.25008815369495,20.005728026780154,65.85218808815137
421.8143427960984,381.9251919800317,20.005728026780154,65.85218808815137
420.51475810144535,381.6002958063684,20.005728026780154,65.85218808815137
418.2404848858025,380.9505034590419,20.005728026780154,65.85218808815137
416.29110784382294,381.27539963270516,20.005728026780154,65.85218808815137
414.66662697550663,380.62560728537863,20.005728026780154,65.85218808815137
413.3670422808536,379.9758149380521,20.005728026780154,65.85218808815137
411.74256141253727,379.65091876438885,20.005728026780154,65.85218808815137
409.1433920232312,380.62560728537863,20.005728026780154,65.85218808815137
405.5695341129353,380.3007111117154,20.005728026780154,65.85218808815137
403.945053244619,379.65091876438885,20.005728026780154,65.85218808815137
402.32057237630266,379.9758149380521,20.005728026780154,65.85218808815137
400.0462991606598,379.0011264170623,20.005728026780154,65.85218808815137
398.7467144660068,377.376645548746,20.005728026780154,65.85218808815137
397.44712977135373,376.07706085409296,20.005728026780154,65.85218808815137
395.49775272937416,375.42726850676644,20.005728026780154,65.85218808815137
393.87327186105784,375.1023723331032,20.005728026780154,65.85218808815137
392.44907790716945,374.7869615721052,19.605154197924378,64.53363256816776
391.1755147407688,374.46857078050505,19.605154197924378,64.53363256816776
389.2651699911679,374.1501799889049,19.605154197924378,64.53363256816776
387.86949261135163,375.75142943356246,19.21260104155547,63.24147842845343
386.309414278745,376.0634451000838,19.21260104155547,63.24147842845343
383.06958848774093,375.7605387970912,18.82790796009439,61.97519703531071
382.1522839168505,376.37207517768485,18.82790796009439,61.97519703531071
380.31767477506963,375.4547706067944,18.82790796009439,61.97519703531071
378.7888338235856,374.84323422620076,18.82790796009439,61.97519703531071
376.64845649150794,373.9259296553103,18.82790796009439,61.97519703531071
375.1196155400239,373.9259296553103,18.82790796009439,61.97519703531071
374.5080791594303,373.9259296553103,18.82790796009439,61.97519703531071
372.97923820794625,373.9259296553103,18.82790796009439,61.97519703531071
370.5330926855718,373.9259296553103,18.82790796009439,61.97519703531071
370.22732449527496,373.3143932747167,18.82790796009439,61.97519703531071
367.47541078260366,373.00862508441986,18.82790796009439,61.97519703531071
366.86387440201,373.00862508441986,18.82790796009439,61.97519703531071
363.50042430874515,373.3143932747167,18.82790796009439,61.97519703531071
362.27735154755794,372.3970887038262,18.82790796009439,61.97519703531071
359.2196696445898,372.0913205135294,18.82790796009439,61.97519703531071
357.385060502809,371.17401594263896,18.82790796009439,61.97519703531071
356.46775593191853,370.2567113717485,18.82790796009439,61.97519703531071
354.9389149804345,369.0336386105613,18.82790796009439,61.97519703531071
353.10430583865366,367.50479765907727,18.82790796009439,61.97519703531071
351.2696966968728,367.8105658493741,18.82790796009439,61.97519703531071
349.7408557453888,367.50479765907727,18.82790796009439,61.97519703531071
347.6004784133111,366.89326127848364,18.82790796009439,61.97519703531071
346.3774056521239,366.5874930881868,18.82790796009439,61.97519703531071
345.7658692715303,366.28172489789,18.82790796009439,61.97519703531071
343.6254919394526,365.67018851729637,18.82790796009439,61.97519703531071
341.17934641707814,366.8932612784836,18.82790796009439,61.97519703531071
339.8390006598411,367.2079564359163,18.45091757160049,60.73427033985161
337.02726355275786,367.51635046579366,18.081475645384923,59.518190666058715
336.4399715288428,367.2227044538361,18.081475645384923,59.518190666058715
334.9717414690552,366.6354124299211,18.081475645384923,59.518190666058715
333.50351140926756,366.04812040600603,18.081475645384923,59.518190666058715
331.44798932556483,365.16718237013345,18.081475645384923,59.518190666058715
331.44798932556483,364.5798903462184,18.081475645384923,59.518190666058715
330.2734052777347,364.5798903462184,18.081475645384923,59.518190666058715
327.3369451581594,366.04812040600603,18.081475645384923,59.518190666058715
327.04329914620183,364.8735363581759,18.081475645384923,59.518190666058715
325.28142307445665,363.9925983223033,18.081475645384923,59.518190666058715
324.9877770624991,363.40530629838827,18.081475645384923,59.518190666058715
322.34496295488134,362.8180142744732,18.081475645384923,59.518190666058715
320.58308688313616,362.8180142744732,18.081475645384923,59.518190666058715
317.64662676356085,362.2307222505582,18.081475645384923,59.518190666058715
315.5911046798581,362.52436826251574,18.081475645384923,59.518190666058715
314.1228746200705,361.9370762386007,18.081475645384923,59.518190666058715
313.2419365841979,361.0561382027281,18.081475645384923,59.518190666058715
311.4800605124527,359.5879081429405,18.081475645384923,59.518190666058715
308.7246226961132,359.89012721246746,17.71943103891328,58.326460503089564
309.0123890466468,359.02682816086684,17.71943103891328,58.326460503089564
307.86132364451265,358.7390618103333,17.71943103891328,58.326460503089564
306.13472554131147,358.4512954597997,17.71943103891328,58.326460503089564
304.4081274381103,357.5879964081991,17.71943103891328,58.326460503089564
301.530463932775,359.60236086193385,17.71943103891328,58.326460503089564
300.0916321801073,359.8901272124674,17.71943103891328,58.326460503089564
299.51609947904024,358.4512954597997,17.71943103891328,58.326460503089564
297.213968674772,357.87576275873266,17.71943103891328,58.326460503089564
294.225936520374,358.17193050887397,17.364635635971588,57.15859230173982
294.225936520374,358.17193050887397,17.364635635971588,57.15859230173982
292.14374685679286,357.8981592703036,17.01694428607043,56.014108274981844
290.7619575815952,357.06908570518505,17.01694428607043,56.014108274981844
290.20924187151616,356.516369995106,17.01694428607043,56.014108274981844
287.7220211761604,356.2400121400665,17.01694428607043,56.014108274981844
287.16930546608137,356.516369995106,17.01694428607043,56.014108274981844
284.40572691568605,355.96365428502696,17.01694428607043,56.014108274981844
283.5766533505675,356.2400121400665,17.01694428607043,56.014108274981844
282.1948640753698,356.7927278501455,17.01694428607043,56.014108274981844
279.9840012350536,356.2400121400665,17.01694428607043,56.014108274981844
279.43128552497456,356.7927278501455,17.01694428607043,56.014108274981844
276.1149912645002,356.7927278501455,17.01694428607043,56.014108274981844
273.62777056914445,356.516369995106,17.01694428607043,56.014108274981844
273.0750548590654,356.2400121400665,17.01694428607043,56.014108274981844
270.8641920187492,355.4109385749479,17.01694428607043,56.014108274981844
270.8641920187492,354.02914929975026,17.01694428607043,56.014108274981844
268.9296870334725,353.2000757346317,17.01694428607043,56.014108274981844
267.82425561331434,352.64736002455265,17.01694428607043,56.014108274981844
266.4424663381167,352.0946443144736,17.01694428607043,56.014108274981844
263.95524564276093,352.37100216951313,17.01694428607043,56.014108274981844
263.5728947031859,352.93178620575554,16.67621474506238,54.89254020249702
261.94794858137374,353.2026105593909,16.67621474506238,54.89254020249702
259.5105293986555,353.74425926666163,16.67621474506238,54.89254020249702
258.96888069138475,353.47343491302627,16.67621474506238,54.89254020249702
255.44816409412502,353.74425926666163,16.67621474506238,54.89254020249702
255.17733974048966,352.6609618521202,16.67621474506238,54.89254020249702
252.636049768193,352.39804427290164,16.342307616948435,53.79342923912195
251.83984482032002,351.60183932502866,16.342307616948435,53.79342923912195
250.77823822315605,351.33643767573767,16.342307616948435,53.79342923912195
249.1858283274101,350.8056343771557,16.342307616948435,53.79342923912195
248.3896233795371,349.7440277799917,16.342307616948435,53.79342923912195
244.9394019387542,350.2748310785737,16.342307616948435,53.79342923912195
244.40859864017222,351.0710360264467,16.342307616948435,53.79342923912195
241.75458214726228,352.39804427290164,16.342307616948435,53.79342923912195
241.75458214726228,350.8056343771557,16.342307616948435,53.79342923912195
239.10056565435235,350.8056343771557,16.342307616948435,53.79342923912195
237.77355740789739,349.7440277799917,16.342307616948435,53.79342923912195
234.85413926569646,350.0094294292827,16.342307616948435,53.79342923912195
234.05793431782348,350.2748310785737,16.342307616948435,53.79342923912195
232.20012277278653,350.5402327278647,16.342307616948435,53.79342923912195
231.13851617562256,348.94782283211873,16.342307616948435,53.79342923912195
229.2807046305856,347.88621623495476,16.342307616948435,53.79342923912195
228.74990133200362,346.5592079884998,16.342307616948435,53.79342923912195
226.36128648838468,346.8246096377908,16.342307616948435,53.79342923912195
224.50347494334773,346.2938063392088,16.342307616948435,53.79342923912195
223.17646669689276,346.2938063392088,16.342307616948435,53.79342923912195
222.38026174901978,345.7630030406268,16.342307616948435,53.79342923912195
219.99164690540084,345.4976013913358,16.342307616948435,53.79342923912195
219.09365096828625,346.56695644591366,16.015086296849667,52.71632572713016
217.27303830363454,346.04678139887034,16.015086296849667,52.71632572713017
215.45242563898282,346.04678139887034,16.015086296849667,52.71632572713017
214.15198802137445,345.526606351827,16.015086296849667,52.71632572713017
212.33137535672273,345.2665188283053,16.015086296849667,52.71632572713017
211.55111278615772,344.4862562577403,16.015086296849667,52.71632572713017
210.25067516854935,343.966081210697,16.015086296849667,52.71632572713017
208.69015002741932,343.18581864013197,16.015086296849667,52.71632572713017
207.9098874568543,343.7059936871753,16.015086296849667,52.71632572713017
206.34936231572428,343.18581864013197,16.015086296849667,52.71632572713017
204.00857460402923,343.966081210697,16.015086296849667,52.71632572713017
202.70813698642087,343.44590616365366,16.015086296849667,52.71632572713017
202.18796193937752,343.18581864013197,16.015086296849667,52.71632572713017
200.00750891854696,344.2337620446042,15.694416915120735,51.66078901227243
199.75262911628369,344.99840145139405,15.694416915120735,51.66078901227243
197.96847050044073,344.4886418468675,15.694416915120735,51.66078901227243
196.69407148912433,343.72400244007764,15.694416915120735,51.66078901227243
194.40015326875482,344.4886418468675,15.694416915120735,51.66078901227243
193.12575425743842,342.70448323102454,15.694416915120735,51.66078901227243
193.12575425743842,341.68496402197144,15.694416915120735,51.66078901227243
191.851355246122,340.41056501065503,15.694416915120735,51.66078901227243
189.81231682801578,339.6459256038652,15.694416915120735,51.66078901227243
188.79279761896265,339.3910458016019,15.694416915120735,51.66078901227243
187.77327840990952,339.3910458016019,15.694416915120735,51.66078901227243
186.401123912599,340.67288608277767,15.380168282582435,50.62638726350053
185.15224213768457,339.923557017829,15.380168282582435,50.62638726350053
182.65447858785572,341.4222151477263,15.380168282582435,50.62638726350053
182.65447858785572,340.1733333728119,15.380168282582435,50.62638726350053
180.56046961587555,341.4295074213605,15.072211836850837,49.61269729630069
179.33659414683993,340.6951821399391,15.072211836850837,49.61269729630069
178.8470439592257,340.20563195232484,15.072211836850837,49.61269729630069
176.8888432087687,339.47130667090346,15.072211836850837,49.61269729630069
175.66496773973307,339.71608176471057,15.072211836850837,49.61269729630069
173.70676698927608,339.47130667090346,15.072211836850837,49.61269729630069
172.72766661404756,338.7369813894821,15.072211836850837,49.61269729630069
170.27991567597633,339.71608176471057,15.072211836850837,49.61269729630069
170.0351405821692,340.45040704613194,15.072211836850837,49.61269729630069
169.05604020694068,339.2265315770963,15.072211836850837,49.61269729630069
167.34261455029082,338.9817564832892,15.072211836850837,49.61269729630069
166.3635141750623,340.20563195232484,15.072211836850837,49.61269729630069
164.16053833079818,339.47130667090346,15.072211836850837,49.61269729630069
162.44711267414831,340.20563195232484,15.072211836850837,49.61269729630069
161.4680122989198,339.71608176471057,15.072211836850837,49.61269729630069
158.5307111732343,340.45040704613194,15.072211836850837,49.61269729630069
158.04116098562005,338.9817564832892,15.072211836850837,49.61269729630069
157.06206061039154,337.75788101425354,15.072211836850837,49.61269729630069
156.08296023516303,337.02355573283216,15.072211836850837,49.61269729630069
154.8590847661274,336.5340055452179,15.072211836850837,49.61269729630069
153.39043420328466,336.2892304514108,15.072211836850837,49.61269729630069
152.41133382805614,336.0444553576037,15.072211836850837,49.61269729630069
151.18745835902052,336.77878063902506,15.072211836850837,49.61269729630069
149.9635828899849,336.0444553576037,15.072211836850837,49.61269729630069
147.66672707546854,336.5411518059718,14.770421589741073,48.619304399564385
146.85510494180483,336.54815497745506,14.474674075724264,47.64580216592572
146.05973388309474,337.73037285706795,14.18484830141649,46.69179232549596
143.52572801035154,337.2696445165692,14.18484830141649,46.69179232549596
142.8346354996034,336.80891617607045,14.18484830141649,46.69179232549596
141.68281464835647,336.3481878355717,14.18484830141649,46.69179232549596
140.53099379710957,336.1178236653223,14.18484830141649,46.69179232549596
139.37917294586268,336.3481878355717,14.18484830141649,46.69179232549596
137.53625958386763,335.88745949507296,14.18484830141649,46.69179232549596
137.30589541361826,335.1963669843248,14.18484830141649,46.69179232549596
134.77188954087507,335.4267311545742,14.18484830141649,46.69179232549596
134.5415253706257,335.6570953248236,14.18484830141649,46.69179232549596
132.92897617888002,335.6570953248236,14.18484830141649,46.69179232549596
130.85569864663557,335.19636698432487,14.18484830141649,46.69179232549596
130.6253344763862,335.42673115457427,14.18484830141649,46.69179232549596
128.55205694414175,335.887459495073,14.18484830141649,46.69179232549596
127.16987192264546,335.42673115457427,14.18484830141649,46.69179232549596
125.32695856065041,335.19636698432487,14.18484830141649,46.69179232549596
124.40550187965289,334.7356386438261,14.18484830141649,46.69179232549596
123.94477353915411,332.6623611115817,14.18484830141649,46.69179232549596
122.10186017715907,331.7409044305841,14.18484830141649,46.69179232549596
121.87149600690968,330.8194477495866,14.18484830141649,46.69179232549596
122.10186017715907,330.58908357933717,14.18484830141649,46.69179232549596
120.4893109854134,332.4319969413322,14.18484830141649,46.69179232549596
119.33749013416649,331.0498119198359,14.18484830141649,46.69179232549596
118.41603345316896,329.897991068589,14.18484830141649,46.69179232549596
117.72494094242082,328.055077706594,14.18484830141649,46.69179232549596
117.26421260192205,329.2068985578409,14.18484830141649,46.69179232549596
115.421299239927,329.6676268983396,14.18484830141649,46.69179232549596
114.73020672917885,328.0550777065939,14.18484830141649,46.69179232549596
113.11765753743317,329.4372627280902,14.18484830141649,46.69179232549596
111.73547251593688,330.5890835793371,14.18484830141649,46.69179232549596
111.27474417543812,329.4372627280902,14.18484830141649,46.69179232549596
109.89255915394182,328.74617021734207,14.18484830141649,46.69179232549596
109.89255915394182,328.74617021734207,14.18484830141649,46.69179232549596
108.28000996219615,328.0550777065939,14.18484830141649,46.69179232549596
106.20673242995171,328.2854418768433,14.18484830141649,46.69179232549596
105.28527574895419,328.97653438759147,14.18484830141649,46.69179232549596
104.82454740845543,328.74617021734207,14.18484830141649,46.69179232549596
104.36381906795667,328.2854418768433,14.18484830141649,46.69179232549596
102.751269876211,329.4372627280902,14.18484830141649,46.69179232549596
102.06017736546285,328.74617021734207,14.18484830141649,46.69179232549596
100.21726400346779,327.8247135363445,14.18484830141649,46.69179232549596
98.83507898197149,329.2068985578408,14.18484830141649,46.69179232549596
98.83507898197149,328.51580604709267,14.18484830141649,46.69179232549596
97.68325813072458,327.8247135363445,14.18484830141649,46.69179232549596
96.30107310922828,326.90325685534697,14.18484830141649,46.69179232549596
95.37961642823076,325.9818001743494,14.18484830141649,46.69179232549596
94.45815974723324,325.7514360041,14.18484830141649,46.69179232549596
93.30633889598633,325.29070766360127,14.18484830141649,46.69179232549596
92.15451804473942,325.7514360041,14.18484830141649,46.69179232549596
91.00269719349251,325.06034349335187,14.18484830141649,46.69179232549596
90.54196885299375,324.3692509826037,14.18484830141649,46.69179232549596
90.54196885299375,326.21216434459876,14.18484830141649,46.69179232549596
89.39014800174684,325.5210718338506,14.18484830141649,46.69179232549596
88.46869132074931,326.21216434459876,14.18484830141649,46.69179232549596
87.3168704695024,324.59961515285306,14.18484830141649,46.69179232549596
86.1650496182555,323.6781584718555,14.18484830141649,46.69179232549596
85.01322876700858,324.13888681235426,14.18484830141649,46.69179232549596
83.86140791576167,323.6781584718555,14.18484830141649,46.69179232549596
83.63104374551229,322.98706596110736,14.18484830141649,46.69179232549596
82.47922289426538,323.4477943016061,14.18484830141649,46.69179232549596
81.32740204301847,323.2174301313567,14.18484830141649,46.69179232549596
80.17558119177156,322.9870659611073,14.18484830141649,46.69179232549596
79.02376034052465,322.9870659611073,14.18484830141649,46.69179232549596
78.10230365952712,323.67815847185545,14.18484830141649,46.69179232549596
76.72011863803083,322.9870659611073,14.18484830141649,46.69179232549596
76.72011863803083,323.44779430160605,14.18484830141649,46.69179232549596
75.56829778678392,323.44779430160605,14.18484830141649,46.69179232549596
74.6468411057864,322.7567017908579,14.18484830141649,46.69179232549596
73.2646560842901,322.06560928010975,14.18484830141649,46.69179232549596
72.11283523304319,320.45306008836405,14.18484830141649,46.69179232549596
70.73065021154689,322.5263376206085,14.18484830141649,46.69179232549596
70.5002860412975,320.9137884288628,14.18484830141649,46.69179232549596
69.1181010198012,319.07087506686776,14.18484830141649,46.69179232549596
68.65737267930244,318.1494183858702,14.18484830141649,46.69179232549596
67.73591599830492,319.5316034073665,14.18484830141649,46.69179232549596
66.4957422794773,319.5383289381522,13.900825696079128,45.75688458292714
67.1729970747095,320.8928385286166,13.900825696079128,45.75688458292714
66.04423908265584,318.86107414292,13.900825696079128,45.75688458292714
65.36698428742363,316.8293097572234,13.900825696079128,45.75688458292714
64.68972949219143,317.05506135563417,13.900825696079128,45.75688458292714
63.33521990172703,317.05506135563417,13.900825696079128,45.75688458292714
62.88371670490557,317.05506135563417,13.900825696079128,45.75688458292714
61.303455516030425,318.18381934768786,13.900825696079128,45.75688458292714
60.626200720798224,319.9898321349737,13.900825696079128,45.75688458292714
58.82018793351236,318.86107414292,13.900825696079128,45.75688458292714
58.368684736690895,317.2808129540449,13.900825696079128,45.75688458292714
58.368684736690895,318.86107414292,13.900825696079128,45.75688458292714
56.78842354781576,318.1838193476878,13.900825696079128,45.75688458292714
55.65966555576209,317.95806774927706,13.900825696079128,45.75688458292714
54.305155965297686,317.5065645524556,13.900825696079128,45.75688458292714
54.305155965297686,318.86107414292,13.900825696079128,45.75688458292714
53.40214957165475,317.95806774927706,13.900825696079128,45.75688458292714
52.27339157960108,318.1838193476878,13.900825696079128,45.75688458292714
51.37038518595815,318.6353225445093,13.900825696079128,45.75688458292714
50.24162719390448,317.95806774927706,13.900825696079128,45.75688458292714
49.79012399708301,317.0550613556341,13.900825696079128,45.75688458292714
47.984111209797135,318.1838193476878,13.900825696079128,45.75688458292714
47.984111209797135,317.0550613556341,13.900825696079128,45.75688458292714
46.17809842251126,316.15205496199115,13.900825696079128,45.75688458292714
46.17809842251126,315.2490485683482,13.900825696079128,45.75688458292714
45.04934043045759,316.15205496199115,13.900825696079128,45.75688458292714
44.14633403681466,315.9263033635804,13.900825696079128,45.75688458292714
43.31752548943095,314.97593573259354,14.203933200382133,46.75461345125787
42.16415492936055,314.5145875085654,14.203933200382135,46.75461345125787
41.24145848130423,315.43728395662174,14.203933200382135,46.75461345125787
40.922312627998906,314.5213220881666,13.919528458936465,45.81844784399921
41.37442329644861,315.87765409351573,13.919528458936465,45.81844784399921
39.792035956874635,314.7473774223915,13.919528458936465,45.81844784399921
39.11386995420007,313.39104541704233,13.919528458936465,45.81844784399921
38.20964861730065,312.0347134116932,13.919528458936465,45.81844784399921
37.07937194617638,313.843156085492,13.919528458936465,45.81844784399921
35.63633966539355,313.8497558188965,13.64081834135418,44.901027040290856
36.07939774144147,312.96363966680065,13.64081834135418,44.901027040290856
35.63633966539355,311.19140736260897,13.64081834135418,44.901027040290856
34.528694475273745,313.1851687048246,13.64081834135418,44.901027040290856
34.307165437249786,312.29905255272877,13.64081834135418,44.901027040290856
32.75646217108206,312.96363966680065,13.64081834135418,44.901027040290856
31.342323663377712,312.5270491779801,13.367688824427432,44.001975713740315
