130,132,31,115
129.4488188976378,132.0,31.0,115.0
128.8976377952756,132.0,31.0,115.0
128.34645669291342,132.0,31.0,115.0
127.79527559055123,131.4488188976378,31.0,115.0
127.24409448818903,130.8976377952756,31.0,115.0
127.79527559055123,129.244094488189,31.0,115.0
127.24409448818903,128.1417322834646,31.0,115.0
127.24409448818903,127.03937007874018,31.0,115.0
127.24409448818903,127.03937007874018,31.0,115.0
126.69291338582684,126.48818897637798,31.0,115.0
126.14173228346465,127.03937007874018,31.0,115.0
126.14173228346465,127.03937007874018,31.0,115.0
125.59055118110246,127.59055118110237,31.0,115.0
125.03937007874026,127.03937007874018,31.0,115.0
124.48818897637807,125.93700787401576,31.0,115.0
123.93700787401588,124.28346456692915,31.0,115.0
122.83464566929146,123.73228346456696,31.0,115.0
122.28346456692927,122.62992125984255,31.0,115.0
122.83464566929146,121.52755905511813,31.0,115.0
122.28346456692927,120.97637795275594,31.0,115.0
122.28346456692927,120.42519685039375,31.0,115.0
122.28346456692927,120.42519685039375,31.0,115.0
122.28346456692927,120.42519685039375,31.0,115.0
122.28346456692927,120.97637795275594,31.0,115.0
122.28346456692927,120.42519685039375,31.0,115.0
122.28346456692927,120.42519685039375,31.0,115.0
122.28346456692927,119.87401574803155,31.0,115.0
122.28346456692927,117.11811023622053,31.0,115.0
122.28346456692927,116.01574803149612,31.0,115.0
122.28346456692927,115.46456692913392,31.0,115.0
122.28346456692927,116.01574803149612,31.0,115.0
122.28346456692927,116.01574803149612,31.0,115.0
122.28346456692927,115.46456692913392,31.0,115.0
122.28346456692927,116.01574803149612,31.0,115.0
121.73228346456708,116.01574803149612,31.0,115.0
121.18110236220488,115.46456692913392,31.0,115.0
120.07874015748047,114.91338582677173,31.0,115.0
119.52755905511827,113.25984251968512,31.0,115.0
118.97637795275608,113.25984251968512,31.0,115.0
118.97637795275608,112.15748031496071,31.0,115.0
119.52755905511827,111.0551181102363,31.0,115.0
118.97637795275608,110.5039370078741,31.0,115.0
119.52755905511827,109.9527559055119,31.0,115.0
118.97637795275608,109.9527559055119,31.0,115.0
119.28673378379374,111.10407592387737,30.379288337924702,112.69735996326907
120.36702343766964,111.64422075081534,30.379288337924706,112.69735996326907
120.36702343766964,111.64422075081534,30.379288337924706,112.69735996326907
120.36702343766964,111.64422075081534,30.379288337924706,112.69735996326907
120.9071682646076,110.56393109693941,30.379288337924706,112.69735996326907
120.9071682646076,109.48364144306349,30.379288337924706,112.69735996326907
120.9071682646076,107.86320696224963,30.379288337924706,112.69735996326907
120.9071682646076,107.32306213531167,30.379288337924706,112.69735996326907
120.36702343766964,106.78291730837371,30.379288337924706,112.69735996326907
120.9071682646076,106.24277248143575,30.379288337924706,112.69735996326907
120.36702343766964,106.78291730837371,30.379288337924706,112.69735996326907
120.36702343766964,106.24277248143575,30.379288337924706,112.69735996326907
119.82687861073168,106.78291730837371,30.379288337924706,112.69735996326907
118.74658895685576,105.70262765449779,30.379288337924706,112.69735996326907
118.74658895685576,104.62233800062187,30.379288337924706,112.69735996326907
118.74658895685576,104.62233800062187,30.379288337924706,112.69735996326907
118.2064441299178,104.0821931736839,30.379288337924706,112.69735996326907
118.2064441299178,102.46175869287005,30.379288337924706,112.69735996326907
118.2064441299178,101.92161386593209,30.379288337924706,112.69735996326907
118.2064441299178,101.92161386593209,30.379288337924706,112.69735996326907
118.2064441299178,101.38146903899413,30.379288337924706,112.69735996326907
118.2064441299178,101.38146903899413,30.379288337924706,112.69735996326907
117.97044089260723,102.50973622632152,29.77100515866993,110.44082558861427
118.79782219869213,103.6154121684518,29.174901607260566,108.22947370435374
118.79782219869213,102.57795059237446,29.174901607260566,108.22947370435374
118.27909141065345,102.05921980433578,29.174901607260566,108.22947370435374
118.79782219869213,100.50302744021977,29.174901607260566,108.22947370435374
118.27909141065345,99.98429665218109,29.174901607260566,108.22947370435374
118.27909141065345,98.42810428806507,29.174901607260566,108.22947370435374
118.79782219869213,98.42810428806507,29.174901607260566,108.22947370435374
118.79782219869213,98.42810428806507,29.174901607260566,108.22947370435374
118.79782219869213,98.42810428806507,29.174901607260566,108.22947370435374
118.27909141065345,98.42810428806507,29.174901607260566,108.22947370435374
118.27909141065345,98.94683507610375,29.174901607260566,108.22947370435374
117.76036062261477,97.90937350002642,29.174901607260566,108.22947370435374
117.24162983457609,97.39064271198774,29.174901607260566,108.22947370435374
116.7228990465374,96.87191192394906,29.174901607260566,108.22947370435374
116.49625215636203,96.91798738833242,28.590733811533923,106.06239962343231
116.49625215636203,96.40964312447483,28.590733811533923,106.06239962343231
116.49625215636203,95.90129886061723,28.590733811533923,106.06239962343231
116.49625215636203,95.90129886061723,28.590733811533923,106.06239962343231
116.49625215636203,95.39295459675964,28.590733811533923,106.06239962343231
116.49625215636203,94.37626606904445,28.590733811533923,106.06239962343231
116.49625215636203,93.86792180518685,28.590733811533923,106.06239962343231
117.00459642021963,94.88461033290204,28.590733811533923,106.06239962343231
116.78248767094445,95.94645175796583,28.018262782369092,103.93871677330473
117.28065337954638,95.94645175796583,28.018262782369092,103.93871677330473
117.77881908814831,95.94645175796583,28.018262782369092,103.93871677330473
117.28065337954638,94.95012034076194,28.018262782369092,103.93871677330473
117.77881908814831,94.45195463216001,28.018262782369092,103.93871677330473
117.77881908814831,93.95378892355808,28.018262782369092,103.93871677330473
117.77881908814831,93.95378892355808,28.018262782369092,103.93871677330473
117.77881908814831,93.95378892355808,28.018262782369092,103.93871677330473
117.77881908814831,93.95378892355808,28.018262782369092,103.93871677330473
117.77881908814831,93.95378892355808,28.018262782369092,103.93871677330473
117.77881908814831,93.95378892355808,28.018262782369092,103.93871677330473
117.28065337954638,92.95745750635419,28.018262782369092,103.93871677330473
117.06299190417198,93.9980377263918,27.457254315914035,101.85755633322952
116.5748009460531,93.50984676827292,27.457254315914035,101.85755633322952
116.5748009460531,93.02165581015404,27.457254315914035,101.85755633322952
116.5748009460531,91.55708293579744,27.457254315914035,101.85755633322952
116.5748009460531,91.55708293579744,27.457254315914035,101.85755633322952
117.06299190417198,91.55708293579744,27.457254315914035,101.85755633322952
117.06299190417198,91.55708293579744,27.457254315914035,101.85755633322952
116.84968865512496,92.08863670488061,26.90747889777032,99.81806687882542
117.11907229946192,93.08796312742092,26.36871160909642,97.8194140337448
117.85189871679759,94.06728008013249,25.84073203459105,95.86078012832166
117.3924495823243,93.14838181118589,25.84073203459105,95.86078012832166
117.3924495823243,93.14838181118589,25.84073203459105,95.86078012832166
117.3924495823243,92.6889326767126,25.84073203459105,95.86078012832166
117.3924495823243,90.85113613881941,25.84073203459105,95.86078012832166
117.85189871679759,89.93223786987281,25.84073203459105,95.86078012832166
117.3924495823243,89.93223786987281,25.84073203459105,95.86078012832166
117.3924495823243,89.93223786987281,25.84073203459105,95.86078012832166
117.3924495823243,90.3916870043461,25.84073203459105,95.86078012832166
116.93300044785101,90.85113613881938,25.84073203459105,95.86078012832166
116.01410217890442,90.3916870043461,25.84073203459105,95.86078012832166
116.01410217890442,90.3916870043461,25.84073203459105,95.86078012832166
115.09520390995783,90.3916870043461,25.84073203459105,95.86078012832166
114.63575477548453,89.93223786987281,25.84073203459105,95.86078012832166
113.71685650653794,88.55389046645291,25.84073203459105,95.86078012832166
113.71685650653794,88.55389046645291,25.84073203459105,95.86078012832166
113.71685650653794,87.6349921975063,25.84073203459105,95.86078012832166
113.25740737206463,85.79719565961312,25.84073203459105,95.86078012832166
113.71685650653794,85.33774652513983,25.84073203459105,95.86078012832166
113.25740737206463,85.33774652513983,25.84073203459105,95.86078012832166
113.71685650653794,85.79719565961312,25.84073203459105,95.86078012832166
113.25740737206463,85.79719565961312,25.84073203459105,95.86078012832166
113.25740737206463,85.79719565961312,25.84073203459105,95.86078012832166
113.25740737206463,85.79719565961312,25.84073203459105,95.86078012832166
113.25740737206463,85.33774652513983,25.84073203459105,95.86078012832166
113.05666216872734,85.37855638782686,25.323324172319005,93.9413638650544
113.05666216872734,84.92830678354382,25.323324172319005,93.9413638650544
113.05666216872734,84.02780757497773,25.323324172319005,93.9413638650544
112.6064125644443,83.57755797069468,25.323324172319005,93.9413638650544
112.15616296016125,83.12730836641164,25.323324172319005,93.9413638650544
112.15616296016125,82.6770587621286,25.323324172319005,93.9413638650544
112.15616296016125,83.12730836641164,25.323324172319005,93.9413638650544
111.70591335587821,83.12730836641164,25.323324172319005,93.9413638650544
110.80541414731215,83.12730836641164,25.323324172319005,93.9413638650544
110.3551645430291,82.6770587621286,25.323324172319005,93.9413638650544
109.45466533446302,82.6770587621286,25.323324172319005,93.9413638650544
108.55416612589696,82.6770587621286,25.323324172319005,93.9413638650544
108.10391652161391,81.77655955356252,25.323324172319005,93.9413638650544
108.10391652161391,81.32630994927948,25.323324172319005,93.9413638650544
108.55416612589696,80.4258107407134,25.323324172319005,93.9413638650544
107.90719083081913,81.36630267784724,24.816276345342494,92.06037999078671
109.23089365848536,81.80753695373599,24.816276345342494,92.06037999078671
108.34842510670788,81.80753695373599,24.816276345342494,92.06037999078671
108.34842510670788,81.80753695373599,24.816276345342494,92.06037999078671
108.34842510670788,81.80753695373599,24.816276345342494,92.06037999078671
108.34842510670788,81.80753695373599,24.816276345342494,92.06037999078671
107.90719083081913,81.80753695373599,24.816276345342494,92.06037999078671
108.34842510670788,80.92506840195851,24.816276345342494,92.06037999078671
107.71440417004068,79.64055753018198,24.31938111512193,90.21705897545237
107.71440417004068,79.64055753018198,24.31938111512193,90.21705897545237
107.71440417004068,79.64055753018198,24.31938111512193,90.21705897545237
107.71440417004068,79.20815806915618,24.31938111512193,90.21705897545237
107.71440417004068,79.20815806915618,24.31938111512193,90.21705897545237
107.28200470901488,78.77575860813039,24.31938111512193,90.21705897545237
106.41720578696331,79.20815806915618,24.31938111512193,90.21705897545237
105.98480632593751,79.20815806915618,24.31938111512193,90.21705897545237
105.12000740388594,78.34335914710461,24.31938111512193,90.21705897545237
104.25520848183436,77.91095968607881,24.31938111512193,90.21705897545237
103.82280902080856,77.47856022505302,24.31938111512193,90.21705897545237
104.25520848183436,76.18136184197564,24.31938111512193,90.21705897545237
103.39040955978278,75.74896238094985,24.31938111512193,90.21705897545237
103.82280902080858,76.18136184197564,24.31938111512193,90.21705897545237
104.25520848183437,75.74896238094985,24.31938111512193,90.21705897545237
104.49868144107002,77.08456798107562,23.832435196650643,88.41064669725243
104.92242298634956,77.08456798107562,23.832435196650643,88.41064669725243
104.7372793517509,77.96968926263374,23.355239375288875,86.64040413413619
105.1525363383575,77.55443227602713,23.355239375288875,86.64040413413619
104.97109982676383,78.42183081236544,22.887598425263,84.90560706145956
104.56415751287803,78.42183081236544,22.887598425263,84.90560706145956
103.75027288510641,76.79406155682223,22.887598425263,84.90560706145956
103.75027288510641,75.98017692905061,22.887598425263,84.90560706145956
103.75027288510641,75.166292301279,22.887598425263,84.90560706145956
104.15721519899222,74.7593499873932,22.887598425263,84.90560706145956
104.97109982676383,73.94546535962158,22.887598425263,84.90560706145956
105.37804214064964,73.53852304573577,22.887598425263,84.90560706145956
106.19192676842125,73.13158073184997,22.887598425263,84.90560706145956
106.82800778004024,73.5746690708453,22.429321029796647,83.20554575569727
106.82800778004024,74.37225732184137,22.429321029796647,83.20554575569727
104.83403715255007,72.3782866943512,22.429321029796647,83.20554575569727
80.10880137167187,94.71075772224118,22.429321029796647,83.20554575569727
81.30518374816597,97.90111072622547,22.429321029796647,83.20554575569727
83.92249916463203,100.32929775402246,21.980219702840984,81.53952470408757
85.87654460430545,102.6741522816306,21.980219702840984,81.53952470408757
88.22139913191359,103.84657954543465,21.980219702840984,81.53952470408757
89.93580522627681,102.95759487734833,22.45949839346143,83.3174940402602
90.33513590637392,103.75625623754254,22.45949839346143,83.3174940402602
93.52978134715076,104.15558691763965,22.45949839346143,83.3174940402602
93.13045066705365,104.15558691763965,22.45949839346143,83.3174940402602
95.12710406753916,102.55826419725125,22.45949839346143,83.3174940402602
96.7244267879276,100.96094147686284,22.45949839346143,83.3174940402602
99.12041086851022,102.55826419725125,22.45949839346143,83.3174940402602
98.4762155071784,102.04922589857443,22.949227755930856,85.13423199780807
98.63404963714598,100.71301184864168,23.449635667148925,86.99058392652027
100.30179106127646,101.96381791673954,23.449635667148925,86.99058392652027
101.1356617733417,101.54688256070693,23.449635667148925,86.99058392652027
103.63727390953741,102.79768862880479,23.449635667148925,86.99058392652027
104.88807997763527,102.79768862880479,23.449635667148925,86.99058392652027
106.97275675779836,104.8823654089679,23.449635667148925,86.99058392652027
107.38969211383099,104.8823654089679,23.449635667148925,86.99058392652027
106.97275675779836,105.71623612103315,23.449635667148925,86.99058392652027
108.64049818192885,105.71623612103315,23.449635667148925,86.99058392652027
108.22356282589622,104.8823654089679,23.449635667148925,86.99058392652027
109.47436889399408,105.29930076500051,23.449635667148925,86.99058392652027
109.47436889399408,106.55010683309837,23.449635667148925,86.99058392652027
109.05743353796146,106.55010683309837,23.449635667148925,86.99058392652027
111.37687583957643,107.83794654290406,22.98010462424518,85.24877521897412
111.78546291696966,109.88088192987024,22.98010462424518,85.24877521897412
113.01122414914937,110.28946900726348,22.98010462424518,85.24877521897412
112.1940499943629,111.51523023944318,22.98010462424518,85.24877521897412
113.01122414914937,112.33240439422966,22.98010462424518,85.24877521897412
112.60263707175613,114.78392685858907,22.98010462424518,85.24877521897412
114.6455724587223,116.41827516816201,22.98010462424518,85.24877521897412
113.82839830393583,114.37533978119583,22.98010462424518,85.24877521897412
114.6455724587223,112.33240439422966,22.98010462424518,85.24877521897412
113.98644479066323,108.95145715804537,23.481185805576846,87.10762476262386
115.23893374651061,106.86397556496641,23.481185805576843,87.10762476262386
116.0739263837422,107.69896820219799,23.481185805576843,87.10762476262386
115.65643006512641,104.77649397188745,23.481185805576843,87.10762476262386
114.63902249426094,106.48356271469709,23.01102303561302,85.36347255146774
115.45729610995457,107.30183633039073,23.01102303561302,85.36347255146774
116.91508089405129,109.79299812513187,22.550274314500495,83.65424342475997
118.518859610856,111.39677684193657,22.550274314500495,83.65424342475997
116.73989779952765,111.83333481557142,22.098751145145414,81.97923811908788
118.13988871332035,113.04698477012923,21.656268804723105,80.33777137235995
120.06513486055253,113.8170832290221,21.656268804723105,80.33777137235995
120.45018408999896,115.74232937625428,21.656268804723105,80.33777137235995
120.06513486055253,113.8170832290221,21.656268804723105,80.33777137235995
120.83523331944541,114.20213245846853,21.656268804723105,80.33777137235995
120.45018408999898,111.50678785234348,21.656268804723105,80.33777137235995
119.89689689891465,111.15594002845519,21.222646269106036,78.72917164345793
119.73202755872165,114.20817186349406,20.797706138804976,77.15278083750238
119.73202755872165,115.31752372764164,20.797706138804976,77.15278083750238
120.47159546815337,116.7966595465051,20.797706138804976,77.15278083750238
120.1018115134375,118.27579536536855,20.797706138804976,77.15278083750238
120.24484847697505,120.39290881001456,21.251200121161617,78.83509722366412
122.88977813391415,129.0833919685287,21.251200121161617,78.83509722366412
122.28023983074476,129.35743360259303,21.714582539803544,80.55409651862612
121.89415378101495,130.90177780151225,21.714582539803544,80.55409651862612
123.82458402966398,129.35743360259303,21.714582539803544,80.55409651862612
122.81566869406414,127.32093441610931,22.18806901208396,82.31057859321477
123.7572772397924,124.84552470882014,22.671879856892453,84.10536075943982
124.16038406986162,121.62067006826646,22.671879856892453,84.10536075943982
124.16038406986162,122.02377689833568,22.671879856892453,84.10536075943982
126.17591822020766,121.21756323819727,22.671879856892453,84.10536075943982
125.92873805006789,121.10681820265589,23.16624019717199,85.9392781507994
126.91185783981481,122.22934809511112,23.671380064671325,87.81318411087759
128.337292535883,122.1137208139539,24.187534506981482,89.72795059041528
129.79380883549894,121.99557227993105,24.714943696906214,91.68446855303928
130.40321931743574,120.55654978373539,25.253853044217255,93.6836483898383
130.12788918462115,120.88220702263018,25.804513309846413,95.72642034297871
130.76416580677935,120.29735488910025,26.367180722567614,97.81373493855736
130.0078882080855,122.9814159308612,26.9421170982232,99.9465634288926
128.7560881762821,125.24497112356775,27.529589961549956,102.1258982444596
129.24556526475263,126.22392530050882,27.529589961549956,102.1258982444596
128.26661108781155,126.22392530050882,27.529589961549956,102.1258982444596
126.98751555631469,125.59997478336913,28.129872670661552,104.35275345568004
130.18188057421523,120.46106779774149,28.74324454424533,106.62816524478114
128.3353396202461,120.83172195648578,29.3699909915326,108.95319238794359
130.10393123037457,119.12166029224781,30.010403645102965,111.3289167479627
132.77186145028466,115.3865579843737,30.010403645102965,111.3289167479627
134.37261958223073,116.45373007233772,30.010403645102965,111.3289167479627
133.3054474942667,114.31938589640964,30.010403645102965,111.3289167479627
132.7718614502847,115.38655798437367,30.010403645102965,111.3289167479627
134.90620562621277,114.31938589640964,30.010403645102965,111.3289167479627
134.90620562621277,113.78579985242763,30.010403645102965,111.3289167479627
134.37261958223075,114.31938589640964,30.010403645102965,111.3289167479627
132.7718614502847,119.12166029224781,30.010403645102965,111.3289167479627
130.84391489259787,123.24375721722333,30.664780496584434,113.75644377765201
128.87392946022072,125.82007380263482,31.333426035312456,116.2369030342237
128.316820031094,128.04851151914167,31.333426035312456,116.2369030342237
131.65947660585428,134.73382466866224,31.333426035312456,116.2369030342237
130.3018422370692,140.35440334807691,30.706038198122386,113.90949654142182
133.0316144924268,138.17058554379082,30.706038198122386,113.90949654142182
131.1552095269424,137.67312465709864,30.091212520519026,111.6286916083771
134.90036932756578,137.13810182843815,30.091212520519026,111.6286916083771
132.76027801292383,135.5330333424567,30.091212520519026,111.6286916083771
132.5265127090613,129.69530480702403,29.488697470923142,109.39355513406979
134.09944297802087,129.69530480702403,29.488697470923142,109.39355513406979
134.62375306767404,131.2682350759836,29.488697470923142,109.39355513406979
139.54535344002926,128.50264157217484,30.13169851927662,111.77888160376818
137.70404560489777,138.7293388429137,29.52837282027494,109.5407378816652
137.70404560489777,137.15429228658712,29.52837282027494,109.5407378816652
139.27909216122436,133.4791836551584,29.52837282027494,109.5407378816652
139.04969930973354,136.67591046373605,28.93712748570552,107.34740841471414
143.68022771105294,146.96597357777915,28.93712748570552,107.34740841471412
147.5714532283444,151.6422019305422,28.357720630952713,105.19799588901822
147.5714532283444,155.1716108990885,28.357720630952713,105.19799588901822
146.0588493846817,159.2052211488557,28.357720630952713,105.19799588901822
147.5714532283444,157.1884160239721,28.357720630952713,105.19799588901822
144.8301482491723,162.27521373946936,27.78991521464608,103.09162095755812
144.33604256844455,160.79289669728607,27.78991521464608,103.09162095755812
142.63783798201436,162.31910191657192,27.233478941684318,101.02742188044192
139.2483524139612,161.83488969256433,27.233478941684318,101.02742188044192
141.18520130999156,120.19263842791116,27.233478941684318,101.02742188044192
140.21677686197637,115.8347284118428,27.233478941684318,101.02742188044192
139.2483524139612,112.92945506779722,27.233478941684318,101.02742188044192
137.7957157419384,111.47681839577444,27.233478941684318,101.02742188044192
138.7641401899536,109.53996949974407,27.233478941684318,101.02742188044192
137.31150351793082,110.02418172375167,27.233478941684318,101.02742188044192
136.82729129392322,107.6031206037137,27.233478941684318,101.02742188044192
137.9830149617843,106.50166913666219,27.827304950007743,103.23032481454496
137.4882444902322,105.51212819355801,27.827304950007743,103.23032481454496
139.46732637644055,102.54350536424552,27.827304950007743,103.23032481454496
138.47778543333635,104.52258725045384,27.827304950007743,103.23032481454496
139.46732637644055,102.04873489269345,27.827304950007743,103.23032481454496
138.97255590488845,103.03827583579762,27.827304950007743,103.23032481454496
140.4568673195447,101.0591939495893,27.827304950007743,103.23032481454496
141.94117873420095,101.55396442114137,27.827304950007743,103.23032481454496
140.9516377910968,102.54350536424555,27.827304950007743,103.23032481454496
142.9307196773051,100.56442347803723,27.827304950007743,103.23032481454496
142.43594920575305,101.5539644211414,27.827304950007743,103.23032481454496
144.41503109196134,101.5539644211414,27.827304950007743,103.23032481454496
144.41503109196134,102.54350536424558,27.827304950007743,103.23032481454496
144.41503109196134,102.0487348926935,27.827304950007743,103.23032481454496
143.7040826118668,97.14497740329773,27.270120023988536,101.1633484760866
143.9770968300133,97.18804467601075,26.72409158769554,99.13775911564484
146.3528733237124,100.0389764684497,26.72409158769554,99.13775911564484
146.1452656912121,97.23024961458097,26.188996255216473,97.15272804354508
146.1452656912121,99.55845603808257,26.188996255216473,97.15272804354508
146.8730975467779,100.99673976309029,25.66461511348553,95.20744316293029
145.9604620080713,99.17146868567704,25.66461511348553,95.20744316293029
145.50414423871797,100.99673976309029,25.66461511348553,95.20744316293029
145.50414423871797,103.73464637921015,25.66461511348553,95.20744316293029
145.2243357724432,102.24032946077298,26.224232046035084,97.28344146109798
145.40469386087534,100.24716118361525,26.79605142579888,99.40470690215722
145.1125499102056,97.73409712495389,27.380339327138422,101.57222653615875
146.57302013085558,97.73409712495389,27.380339327138422,101.57222653615875
145.1125499102056,96.76045031118723,27.380339327138422,101.57222653615875
145.3008591675748,95.65305911137676,27.977367626166675,103.7870089357797
144.80342057630438,95.15562052010634,27.977367626166675,103.7870089357797
144.80342057630438,93.66330474629507,27.977367626166675,103.7870089357797
144.80342057630438,92.1709889724838,27.977367626166675,103.7870089357797
144.30598198503395,92.1709889724838,27.977367626166675,103.7870089357797
143.80854339376353,93.16586615502464,27.977367626166675,103.7870089357797
144.30598198503395,92.66842756375422,27.977367626166675,103.7870089357797
143.3111048024931,92.1709889724838,27.977367626166675,103.7870089357797
142.81366621122268,94.16074333756549,27.977367626166675,103.7870089357797
142.31622761995226,94.16074333756549,27.977367626166675,103.7870089357797
141.3213504374114,92.66842756375422,27.977367626166675,103.7870089357797
140.32647325487056,91.67355038121337,27.977367626166675,103.7870089357797
139.33159607232972,91.67355038121337,27.977367626166675,103.7870089357797
139.33159607232972,92.66842756375422,27.977367626166675,103.7870089357797
138.8341574810593,93.16586615502464,27.977367626166675,103.7870089357797
137.83928029851845,92.1709889724838,27.977367626166675,103.7870089357797
137.34184170724802,92.1709889724838,27.977367626166675,103.7870089357797
136.8444031159776,92.1709889724838,27.977367626166675,103.7870089357797
134.35721015962548,90.1812346074021,27.977367626166675,103.7870089357797
132.3674557945438,89.18635742486126,27.977367626166675,103.7870089357797
129.88026283819167,89.18635742486126,27.977367626166675,103.7870089357797
128.3879470643804,90.1812346074021,27.977367626166675,103.7870089357797
127.89050847310996,90.1812346074021,27.977367626166675,103.7870089357797
125.90075410802827,89.68379601613168,27.977367626166675,103.7870089357797
123.41356115167615,88.68891883359083,27.977367626166675,103.7870089357797
120.92636819532403,88.19148024232041,27.977367626166675,103.7870089357797
118.43917523897191,86.69916446850914,27.977367626166675,103.7870089357797
115.45454369134934,87.19660305977956,27.977367626166675,103.7870089357797
112.46991214372679,86.20172587723872,27.977367626166675,103.7870089357797
109.98271918737466,87.69404165104999,27.977367626166675,103.7870089357797
107.27818245200581,82.76383995610087,27.41717800165927,101.70888613518771
105.11527693879081,87.19444507360754,26.868205029826232,99.67237349774257
104.42883211191517,84.37057176308238,26.330224120115155,97.67663786494342
100.01091337089957,86.75291627874189,25.80301517894058,95.72086276058613
97.71702073370648,89.96436597081221,25.80301517894058,95.72086276058613
96.79946367882924,86.75291627874189,25.80301517894058,95.72086276058613
93.84634031640849,84.95855246603605,25.286362519641408,93.80424805673435
93.6499017643245,85.44807924642971,24.780054774241243,91.9260096463789
87.72972317702607,85.04662374309393,24.283884806975557,90.08537912265136
83.22338907628703,85.08497490137978,23.797649629550303,88.2816034644609
75.84542371214224,83.00694287278085,23.321150318097278,86.51394472842549
72.34704496767691,84.28772624546534,22.854191931792307,84.78167974697158
69.7314108003139,85.13651620271176,22.39658343310293,83.08409983247873
65.17708911367285,83.9772506259537,21.948137609632948,81.42051048734815
63.05539041666372,85.57286764404273,21.508670997531894,79.79023111987651
62.12344920665268,85.98926088588564,21.078003806438062,78.19259476581874
60.460632900840594,86.0225490466044,20.655959845924396,76.62694781552611
100.3319092605914,37.57636220231009,20.242366453417162,75.09264974654765
96.21564533118007,40.487610616961504,19.837054423557877,73.58907286158578
96.41424357346918,41.929753098020825,19.439857938979657,72.11560203169884
96.26322392628643,42.99737825698533,19.0506145024696,70.6716344446454
96.7926693455716,43.02746459358403,18.66916487048948,69.25657935826754
96.64763687152842,44.05276375858591,18.295352988027567,67.86985785881205
97.15609242987594,43.43107326910179,17.929025924754892,66.51090262409085
97.33558848602345,43.459388298456304,17.57003381245987,65.1791576913835
97.82388632636275,44.11192802915448,17.218229783735637,63.87407822998715
98.30240700011933,44.75140198498775,16.87346991189509,62.5951303183206
98.30240700011933,45.05141288004303,16.87346991189509,62.5951303183206
98.17132448496712,45.9780935715129,16.535613152088963,61.341790725491414
98.46532827481883,45.684089781661186,16.535613152088963,61.341790725491414
98.33687041921013,46.886219375491976,16.204521283602922,60.113546697236735
98.33687041921013,47.17433634014837,16.204521283602922,60.113546697236735
98.21098466970018,46.91181092172246,15.880058853310029,58.90989574615019
98.36996753622746,47.501586071743034,15.56209312025546,57.73034544610905
98.36996753622746,47.22489150267577,15.56209312025546,57.73034544610904
98.09327296716019,46.11811322640664,15.56209312025546,57.73034544610904
98.64666210529475,46.94819693360848,15.56209312025546,57.73034544610904
98.36996753622748,46.94819693360848,15.56209312025546,57.73034544610904
97.81657839809291,47.22489150267575,15.56209312025546,57.73034544610904
97.81657839809291,46.67150236454119,15.56209312025546,57.73034544610904
97.53988382902564,46.948196933608465,15.56209312025546,57.73034544610904
97.26318925995837,46.948196933608465,15.56209312025546,57.73034544610904
96.7098001218238,46.948196933608465,15.56209312025546,57.73034544610904
96.7098001218238,46.11811322640663,15.56209312025546,57.73034544610904
96.43310555275653,45.564724088272065,15.56209312025546,57.73034544610904
95.87971641462197,45.0113349501375,15.56209312025546,57.73034544610904
96.15641098368924,45.0113349501375,15.56209312025546,57.73034544610904
96.7098001218238,45.0113349501375,15.56209312025546,57.73034544610904
96.7098001218238,45.0113349501375,15.56209312025546,57.73034544610904
96.7098001218238,45.28802951920478,15.56209312025546,57.73034544610904
96.7098001218238,45.28802951920478,15.56209312025546,57.73034544610904
96.43310555275653,45.28802951920478,15.56209312025546,57.73034544610904
96.15641098368926,45.28802951920478,15.56209312025546,57.73034544610904
96.43310555275653,45.0113349501375,15.56209312025546,57.73034544610904
95.6030218455547,45.28802951920478,15.56209312025546,57.73034544610904
95.6030218455547,43.351167535733815,15.56209312025546,57.73034544610904
95.48212683593975,43.65243907431227,15.250494001350804,56.57441323081758
95.90596115318996,44.489986917181646,14.945134018155713,55.44162619638418
95.10878611031146,44.224261902888806,14.945134018155713,55.44162619638418
95.37451112460431,44.75571193147449,14.945134018155713,55.44162619638418
95.37451112460431,44.75571193147449,14.945134018155713,55.44162619638418
94.5773360817258,44.489986917181646,14.945134018155713,55.44162619638418
93.7801610388473,44.224261902888806,14.945134018155713,55.44162619638418
93.7801610388473,44.75571193147449,14.945134018155713,55.44162619638418
93.51443602455444,44.489986917181646,14.945134018155713,55.44162619638418
93.51443602455444,44.224261902888806,14.945134018155713,55.44162619638418
93.24871101026162,44.224261902888806,14.945134018155713,55.44162619638418
92.98298599596876,44.224261902888806,14.945134018155713,55.44162619638418
92.45153596738308,43.16136184571746,14.945134018155713,55.44162619638418
92.71726098167593,43.16136184571746,14.945134018155713,55.44162619638418
92.45153596738308,43.16136184571746,14.945134018155713,55.44162619638418
92.18581095309025,43.16136184571746,14.945134018155713,55.44162619638418
91.9200859387974,43.16136184571746,14.945134018155713,55.44162619638418
91.65436092450457,44.224261902888806,14.945134018155713,55.44162619638418
91.38863591021172,43.958536888595965,14.945134018155713,55.44162619638418
92.18581095309023,44.224261902888806,14.945134018155713,55.44162619638418
91.22569658657878,42.822634530404216,15.271012665421598,56.65053085559634
90.51616607453504,41.66196382129209,15.603997096591115,57.88579568090261
90.34604349618945,39.643665817597864,15.944242253282283,59.14799545572469
90.91302188467294,39.36017662335611,15.944242253282283,59.1479954557247
90.62953269043119,39.36017662335611,15.944242253282283,59.1479954557247
90.62953269043119,38.50970904063087,15.944242253282283,59.1479954557247
90.62953269043119,39.36017662335611,15.944242253282283,59.1479954557247
90.34604349618944,38.79319823487262,15.944242253282283,59.1479954557247
90.34604349618944,39.07668742911437,15.944242253282283,59.1479954557247
90.06255430194769,39.360176623356125,15.944242253282283,59.1479954557247
89.77906510770593,38.793198234872634,15.944242253282283,59.1479954557247
89.21208671922244,39.360176623356125,15.944242253282283,59.1479954557247
89.21208671922244,38.793198234872634,15.944242253282283,59.1479954557247
89.4955759134642,39.076687429114386,15.944242253282283,59.1479954557247
89.77906510770595,37.3757522636639,15.944242253282283,59.1479954557247
88.9285975249807,37.94273065214739,15.944242253282283,59.1479954557247
88.75476542381429,36.730891243207864,16.291906455615102,60.43771749663677
89.62377745218086,37.31023259545225,16.291906455615102,60.437717496636765
89.62377745218086,37.59990327157443,16.291906455615102,60.437717496636765
89.04443609993648,37.59990327157443,16.291906455615102,60.437717496636765
89.33410677605866,37.59990327157443,16.291906455615102,60.437717496636765
89.91344812830305,37.88957394769662,16.291906455615102,60.437717496636765
89.91344812830305,38.1792446238188,16.291906455615102,60.437717496636765
90.20311880442523,36.730891243207864,16.291906455615102,60.437717496636765
90.78246015666961,36.730891243207864,16.291906455615102,60.437717496636765
90.78246015666961,35.282537862596925,16.291906455615102,60.437717496636765
90.78246015666961,35.282537862596925,16.291906455615102,60.437717496636765
90.78246015666961,35.282537862596925,16.291906455615102,60.437717496636765
90.78246015666961,35.86187921484131,16.291906455615102,60.437717496636765
91.0721308327918,37.02056191933006,16.291906455615102,60.437717496636765
91.0721308327918,36.73089124320788,16.291906455615102,60.437717496636765
91.0721308327918,35.572208538719124,16.291906455615102,60.437717496636765
90.78246015666961,35.572208538719124,16.291906455615102,60.437717496636765
90.49278948054743,34.41352583423037,16.291906455615102,60.437717496636765
90.20311880442524,34.12385515810818,16.291906455615102,60.437717496636765
90.49278948054743,34.41352583423037,16.291906455615102,60.437717496636765
90.20311880442524,33.254843129741616,16.291906455615102,60.437717496636765
91.07213083279181,34.70319651035256,16.291906455615102,60.437717496636765
91.6514721850362,33.83418448198599,16.291906455615102,60.437717496636765
92.10424893106871,35.308267414858605,15.965694315794453,59.22757568762468
92.54795974785675,37.036705461462105,15.646013907570488,58.0416644958261
93.10433311515669,37.036705461462105,15.646013907570488,58.0416644958261
92.98278616211027,37.33960164940602,15.33273444636335,56.87949875263832
93.13628950214836,37.09119983267246,15.025727766287178,55.74060300396864
93.55387722543443,37.38208770279567,14.724868267716111,54.62451131572113
93.55387722543443,36.0730442957089,14.724868267716111,54.62451131572113
93.55387722543443,36.33485297712626,14.724868267716111,54.62451131572113
93.81568590685178,35.287618251456834,14.724868267716111,54.62451131572113
94.07749458826913,35.287618251456834,14.724868267716111,54.62451131572113
94.60111195110385,35.287618251456834,14.724868267716111,54.62451131572113
94.60111195110385,36.0730442957089,14.724868267716111,54.62451131572113
94.60111195110385,36.85847033996096,14.724868267716111,54.62451131572113
93.81568590685178,36.334852977126246,14.724868267716111,54.62451131572113
94.07749458826913,36.0730442957089,14.724868267716111,54.62451131572113
94.74852965201181,37.40534245623245,14.43003286590018,53.530767083178155
